0 -0.006 -0.8
1e-08 -0.006 -0.8
2e-08 -0.004 -0.6
3e-08 0 -0.4
4e-08 0.002 -0.4
5e-08 0.002 -0.4
6e-08 0.006 0.2
7e-08 0.006 0.2
8e-08 0.008 0.2
9e-08 0.012 0.4
1e-07 0.014 0.6
1.1e-07 0.014 0.6
1.2e-07 0.016 0.6
1.3e-07 0.02 1
1.4e-07 0.02 1
1.5e-07 0.022 1.2
1.6e-07 0.024 1
1.7e-07 0.028 1.4
1.8e-07 0.03 1.2
1.9e-07 0.032 1.6
2e-07 0.032 1.6
2.1e-07 0.034 1.6
2.2e-07 0.036 1.8
2.3e-07 0.04 1.8
2.4e-07 0.042 2
2.5e-07 0.044 2.2
2.6e-07 0.044 2.2
2.7e-07 0.046 2.4
2.8e-07 0.048 2.6
2.9e-07 0.05 2.6
3e-07 0.052 2.8
3.1e-07 0.054 2.8
3.2e-07 0.054 3
3.3e-07 0.056 3
3.4e-07 0.06 3.2
3.5e-07 0.06 3.2
3.6e-07 0.062 3.2
3.7e-07 0.064 3.4
3.8e-07 0.068 3.6
3.9e-07 0.068 3.6
4e-07 0.07 3.8
4.1e-07 0.072 3.8
4.2e-07 0.072 4
4.3e-07 0.076 4
4.4e-07 0.076 4.2
4.5e-07 0.08 4.4
4.6e-07 0.08 4.4
4.7e-07 0.084 4.6
4.8e-07 0.084 4.8
4.9e-07 0.084 4.8
5e-07 0.088 4.8
5.1e-07 0.088 4.8
5.2e-07 0.09 5
5.3e-07 0.092 5.2
5.4e-07 0.092 5.2
5.5e-07 0.094 5.2
5.6e-07 0.096 5.4
5.7e-07 0.098 5.4
5.8e-07 0.1 5.4
5.9e-07 0.1 5.6
6e-07 0.102 5.8
6.1e-07 0.104 5.8
6.2e-07 0.104 5.8
6.3e-07 0.108 6.2
6.4e-07 0.108 6.2
6.5e-07 0.11 6.2
6.6e-07 0.112 6.2
6.7e-07 0.112 6.4
6.8e-07 0.114 6.2
6.9e-07 0.116 6.4
7e-07 0.116 6.6
7.1e-07 0.118 6.6
7.2e-07 0.118 6.6
7.3e-07 0.118 6.6
7.4e-07 0.12 6.8
7.5e-07 0.122 6.8
7.6e-07 0.124 6.8
7.7e-07 0.124 7
7.8e-07 0.126 7
7.9e-07 0.126 7
8e-07 0.126 7.4
8.1e-07 0.128 7.4
8.2e-07 0.13 7.4
8.3e-07 0.132 7.4
8.4e-07 0.132 7.4
8.5e-07 0.132 7.6
8.6e-07 0.134 7.6
8.7e-07 0.134 7.6
8.8e-07 0.136 7.8
8.9e-07 0.136 7.8
9e-07 0.138 7.8
9.1e-07 0.14 8
9.2e-07 0.14 7.8
9.3e-07 0.14 8
9.4e-07 0.14 8
9.5e-07 0.142 8.2
9.6e-07 0.14 8.2
9.7e-07 0.142 8.2
9.8e-07 0.144 8.2
9.9e-07 0.144 8.4
1e-06 0.144 8.4
1.01e-06 0.144 8.6
1.02e-06 0.148 8.4
1.03e-06 0.148 8.6
1.04e-06 0.148 8.8
1.05e-06 0.148 8.6
1.06e-06 0.148 8.6
1.07e-06 0.148 8.4
1.08e-06 0.15 8.6
1.09e-06 0.15 8.6
1.1e-06 0.15 8.6
1.11e-06 0.152 8.8
1.12e-06 0.15 8.6
1.13e-06 0.152 8.8
1.14e-06 0.152 8.8
1.15e-06 0.152 8.8
1.16e-06 0.152 8.8
1.17e-06 0.152 9
1.18e-06 0.152 9
1.19e-06 0.154 9
1.2e-06 0.154 9
1.21e-06 0.154 8.8
1.22e-06 0.152 9
1.23e-06 0.152 9
1.24e-06 0.152 9
1.25e-06 0.156 9
1.26e-06 0.152 9
1.27e-06 0.152 9
1.28e-06 0.152 8.8
1.29e-06 0.154 9
1.3e-06 0.152 9
1.31e-06 0.152 9
1.32e-06 0.152 9
1.33e-06 0.152 8.8
1.34e-06 0.152 9
1.35e-06 0.152 9
1.36e-06 0.152 9
1.37e-06 0.152 8.8
1.38e-06 0.152 9
1.39e-06 0.152 9
1.4e-06 0.15 8.8
1.41e-06 0.15 9
1.42e-06 0.15 8.8
1.43e-06 0.15 8.6
1.44e-06 0.15 8.6
1.45e-06 0.148 8.6
1.46e-06 0.148 8.8
1.47e-06 0.148 8.6
1.48e-06 0.148 8.6
1.49e-06 0.148 8.6
1.5e-06 0.148 8.6
1.51e-06 0.148 8.6
1.52e-06 0.148 8.6
1.53e-06 0.144 8.4
1.54e-06 0.144 8.4
1.55e-06 0.142 8.4
1.56e-06 0.142 8.4
1.57e-06 0.142 8.4
1.58e-06 0.142 8.2
1.59e-06 0.14 8.2
1.6e-06 0.14 8
1.61e-06 0.14 8.2
1.62e-06 0.138 8.2
1.63e-06 0.136 8
1.64e-06 0.136 8
1.65e-06 0.136 7.8
1.66e-06 0.134 7.8
1.67e-06 0.132 7.8
1.68e-06 0.134 7.6
1.69e-06 0.132 7.8
1.7e-06 0.128 7.6
1.71e-06 0.128 7.6
1.72e-06 0.128 7.6
1.73e-06 0.128 7.4
1.74e-06 0.126 7.4
1.75e-06 0.124 7.4
1.76e-06 0.124 7.4
1.77e-06 0.124 7.2
1.78e-06 0.12 7
1.79e-06 0.12 7
1.8e-06 0.12 7
1.81e-06 0.118 6.8
1.82e-06 0.116 7
1.83e-06 0.116 6.6
1.84e-06 0.116 6.6
1.85e-06 0.112 6.6
1.86e-06 0.112 6.6
1.87e-06 0.11 6.6
1.88e-06 0.108 6.4
1.89e-06 0.108 6.4
1.9e-06 0.104 6.2
1.91e-06 0.104 6.2
1.92e-06 0.104 6.2
1.93e-06 0.1 6
1.94e-06 0.102 5.8
1.95e-06 0.1 5.8
1.96e-06 0.096 5.6
1.97e-06 0.096 5.4
1.98e-06 0.094 5.4
1.99e-06 0.094 5.4
2e-06 0.092 5.4
2.01e-06 0.088 5.2
2.02e-06 0.088 5.2
2.03e-06 0.086 5
2.04e-06 0.084 5
2.05e-06 0.084 4.8
2.06e-06 0.08 4.8
2.07e-06 0.08 4.6
2.08e-06 0.078 4.6
2.09e-06 0.076 4.6
2.1e-06 0.076 4.4
2.11e-06 0.072 4.2
2.12e-06 0.072 4
2.13e-06 0.07 4
2.14e-06 0.068 3.8
2.15e-06 0.064 3.8
2.16e-06 0.064 3.6
2.17e-06 0.062 3.4
2.18e-06 0.06 3.4
2.19e-06 0.058 3.4
2.2e-06 0.056 3.4
2.21e-06 0.054 3.2
2.22e-06 0.052 3
2.23e-06 0.05 3
2.24e-06 0.05 2.8
2.25e-06 0.046 2.8
2.26e-06 0.046 2.6
2.27e-06 0.044 2.6
2.28e-06 0.04 2.4
2.29e-06 0.04 2.2
2.3e-06 0.038 2.2
2.31e-06 0.036 2
2.32e-06 0.036 2
2.33e-06 0.032 1.8
2.34e-06 0.028 1.6
2.35e-06 0.028 1.6
2.36e-06 0.028 1.4
2.37e-06 0.024 1.4
2.38e-06 0.022 1.2
2.39e-06 0.02 1.2
2.4e-06 0.018 1
2.41e-06 0.016 1
2.42e-06 0.014 0.6
2.43e-06 0.014 0.8
2.44e-06 0.012 0.6
2.45e-06 0.008 0.6
2.46e-06 0.008 0.4
2.47e-06 0.004 0.2
2.48e-06 0.004 0.2
2.49e-06 0 0
2.5e-06 -0.004 -0.4
2.51e-06 -0.004 -0.4
2.52e-06 -0.006 -0.6
2.53e-06 -0.01 -0.6
2.54e-06 -0.01 -0.8
2.55e-06 -0.012 -0.8
2.56e-06 -0.014 -1
2.57e-06 -0.016 -1.2
2.58e-06 -0.018 -1.2
2.59e-06 -0.022 -1.4
2.6e-06 -0.022 -1.4
2.61e-06 -0.024 -1.4
2.62e-06 -0.026 -1.4
2.63e-06 -0.028 -1.6
2.64e-06 -0.03 -1.8
2.65e-06 -0.034 -2
2.66e-06 -0.036 -2.2
2.67e-06 -0.036 -2.2
2.68e-06 -0.038 -2.2
2.69e-06 -0.04 -2.4
2.7e-06 -0.042 -2.6
2.71e-06 -0.044 -2.8
2.72e-06 -0.046 -2.8
2.73e-06 -0.046 -2.8
2.74e-06 -0.05 -3
2.75e-06 -0.052 -3.2
2.76e-06 -0.054 -3.2
2.77e-06 -0.054 -3.2
2.78e-06 -0.056 -3.4
2.79e-06 -0.058 -3.6
2.8e-06 -0.06 -3.6
2.81e-06 -0.062 -3.8
2.82e-06 -0.064 -3.8
2.83e-06 -0.066 -4
2.84e-06 -0.07 -4
2.85e-06 -0.07 -4.2
2.86e-06 -0.07 -4.2
2.87e-06 -0.074 -4.4
2.88e-06 -0.076 -4.6
2.89e-06 -0.078 -4.6
2.9e-06 -0.078 -4.6
2.91e-06 -0.078 -4.8
2.92e-06 -0.082 -5
2.93e-06 -0.084 -5
2.94e-06 -0.086 -5
2.95e-06 -0.086 -5.2
2.96e-06 -0.088 -5.2
2.97e-06 -0.09 -5.4
2.98e-06 -0.092 -5.4
2.99e-06 -0.094 -5.6
3e-06 -0.094 -5.6
3.01e-06 -0.098 -5.6
3.02e-06 -0.1 -6
3.03e-06 -0.1 -6
3.04e-06 -0.102 -6
3.05e-06 -0.104 -6.2
3.06e-06 -0.104 -6.4
3.07e-06 -0.106 -6.4
3.08e-06 -0.108 -6.4
3.09e-06 -0.11 -6.4
3.1e-06 -0.11 -6.6
3.11e-06 -0.114 -6.6
3.12e-06 -0.114 -6.8
3.13e-06 -0.114 -6.8
3.14e-06 -0.116 -6.8
3.15e-06 -0.118 -6.8
3.16e-06 -0.118 -7
3.17e-06 -0.12 -7.2
3.18e-06 -0.122 -7.2
3.19e-06 -0.124 -7.2
3.2e-06 -0.124 -7.6
3.21e-06 -0.126 -7.4
3.22e-06 -0.126 -7.6
3.23e-06 -0.126 -7.8
3.24e-06 -0.13 -7.8
3.25e-06 -0.13 -7.8
3.26e-06 -0.132 -8
3.27e-06 -0.134 -7.8
3.28e-06 -0.134 -8
3.29e-06 -0.134 -8
3.3e-06 -0.138 -8
3.31e-06 -0.138 -8
3.32e-06 -0.138 -8.2
3.33e-06 -0.14 -8.2
3.34e-06 -0.14 -8.2
3.35e-06 -0.14 -8.2
3.36e-06 -0.142 -8.4
3.37e-06 -0.142 -8.6
3.38e-06 -0.142 -8.6
3.39e-06 -0.146 -8.6
3.4e-06 -0.146 -8.8
3.41e-06 -0.146 -8.8
3.42e-06 -0.148 -8.8
3.43e-06 -0.148 -8.8
3.44e-06 -0.148 -8.8
3.45e-06 -0.15 -8.8
3.46e-06 -0.15 -8.8
3.47e-06 -0.15 -8.8
3.48e-06 -0.15 -9.2
3.49e-06 -0.154 -9.2
3.5e-06 -0.154 -9
3.51e-06 -0.154 -9.2
3.52e-06 -0.154 -9.2
3.53e-06 -0.154 -9.4
3.54e-06 -0.156 -9.2
3.55e-06 -0.154 -9.4
3.56e-06 -0.156 -9.4
3.57e-06 -0.156 -9.4
3.58e-06 -0.156 -9.4
3.59e-06 -0.158 -9.4
3.6e-06 -0.158 -9.4
3.61e-06 -0.158 -9.4
3.62e-06 -0.158 -9.6
3.63e-06 -0.16 -9.6
3.64e-06 -0.158 -9.4
3.65e-06 -0.158 -9.6
3.66e-06 -0.16 -9.6
3.67e-06 -0.162 -9.6
3.68e-06 -0.16 -9.6
3.69e-06 -0.16 -9.6
3.7e-06 -0.162 -9.6
3.71e-06 -0.162 -9.6
3.72e-06 -0.162 -9.6
3.73e-06 -0.162 -9.6
3.74e-06 -0.16 -9.6
3.75e-06 -0.162 -9.6
3.76e-06 -0.162 -9.8
3.77e-06 -0.16 -9.6
3.78e-06 -0.162 -9.6
3.79e-06 -0.162 -9.6
3.8e-06 -0.162 -9.6
3.81e-06 -0.162 -9.6
3.82e-06 -0.16 -9.6
3.83e-06 -0.162 -9.6
3.84e-06 -0.162 -9.6
3.85e-06 -0.16 -9.6
3.86e-06 -0.162 -9.6
3.87e-06 -0.158 -9.4
3.88e-06 -0.158 -9.4
3.89e-06 -0.16 -9.6
3.9e-06 -0.158 -9.6
3.91e-06 -0.156 -9.4
3.92e-06 -0.158 -9.6
3.93e-06 -0.156 -9.4
3.94e-06 -0.158 -9.6
3.95e-06 -0.156 -9.4
3.96e-06 -0.156 -9.4
3.97e-06 -0.156 -9.4
3.98e-06 -0.154 -9.2
3.99e-06 -0.154 -9.2
4e-06 -0.154 -9.4
4.01e-06 -0.152 -9.2
4.02e-06 -0.152 -9.2
4.03e-06 -0.15 -9
4.04e-06 -0.15 -9.2
4.05e-06 -0.15 -8.8
4.06e-06 -0.15 -9
4.07e-06 -0.15 -9.2
4.08e-06 -0.148 -8.8
4.09e-06 -0.148 -8.8
4.1e-06 -0.146 -8.8
4.11e-06 -0.146 -8.8
4.12e-06 -0.146 -8.6
4.13e-06 -0.144 -8.8
4.14e-06 -0.144 -8.6
4.15e-06 -0.142 -8.6
4.16e-06 -0.142 -8.4
4.17e-06 -0.14 -8.4
4.18e-06 -0.14 -8.4
4.19e-06 -0.138 -8.4
4.2e-06 -0.138 -8.2
4.21e-06 -0.136 -8.2
4.22e-06 -0.136 -8
4.23e-06 -0.134 -8
4.24e-06 -0.132 -8
4.25e-06 -0.132 -7.8
4.26e-06 -0.13 -8
4.27e-06 -0.132 -8
4.28e-06 -0.128 -7.8
4.29e-06 -0.126 -7.8
4.3e-06 -0.126 -7.6
4.31e-06 -0.126 -7.6
4.32e-06 -0.124 -7.4
4.33e-06 -0.122 -7.4
4.34e-06 -0.122 -7.2
4.35e-06 -0.118 -7.2
4.36e-06 -0.118 -7
4.37e-06 -0.116 -7.2
4.38e-06 -0.116 -7
4.39e-06 -0.114 -7
4.4e-06 -0.114 -6.8
4.41e-06 -0.112 -6.6
4.42e-06 -0.11 -6.6
4.43e-06 -0.108 -6.4
4.44e-06 -0.108 -6.4
4.45e-06 -0.106 -6.4
4.46e-06 -0.104 -6.2
4.47e-06 -0.102 -6.4
4.48e-06 -0.102 -6.2
4.49e-06 -0.1 -6
4.5e-06 -0.098 -6
4.51e-06 -0.098 -5.8
4.52e-06 -0.094 -5.6
4.53e-06 -0.092 -5.6
4.54e-06 -0.092 -5.4
4.55e-06 -0.09 -5.4
4.56e-06 -0.086 -5.4
4.57e-06 -0.086 -5.2
4.58e-06 -0.084 -5.2
4.59e-06 -0.084 -4.8
4.6e-06 -0.08 -5
4.61e-06 -0.078 -4.8
4.62e-06 -0.078 -4.8
4.63e-06 -0.076 -4.6
4.64e-06 -0.074 -4.6
4.65e-06 -0.074 -4.6
4.66e-06 -0.07 -4.2
4.67e-06 -0.068 -4.4
4.68e-06 -0.068 -4.2
4.69e-06 -0.064 -4
4.7e-06 -0.064 -4
4.71e-06 -0.062 -3.8
4.72e-06 -0.06 -3.6
4.73e-06 -0.06 -3.6
4.74e-06 -0.056 -3.4
4.75e-06 -0.054 -3.2
4.76e-06 -0.052 -3.2
4.77e-06 -0.05 -3
4.78e-06 -0.05 -3
4.79e-06 -0.046 -2.8
4.8e-06 -0.046 -3
4.81e-06 -0.044 -2.8
4.82e-06 -0.042 -2.6
4.83e-06 -0.038 -2.6
4.84e-06 -0.038 -2.4
4.85e-06 -0.036 -2.4
4.86e-06 -0.032 -2.2
4.87e-06 -0.032 -2.2
4.88e-06 -0.028 -2
4.89e-06 -0.026 -1.6
4.9e-06 -0.026 -1.6
4.91e-06 -0.022 -1.6
4.92e-06 -0.022 -1.4
4.93e-06 -0.02 -1.4
4.94e-06 -0.018 -1.2
4.95e-06 -0.014 -1.2
4.96e-06 -0.014 -1
4.97e-06 -0.012 -0.8
4.98e-06 -0.01 -1
4.99e-06 -0.006 -0.6
5e-06 -0.006 -0.6
5.01e-06 -0.004 -0.6
5.02e-06 0 -0.4
5.03e-06 0.004 -0.4
5.04e-06 0.004 0
5.05e-06 0.008 0
5.06e-06 0.008 0.2
5.07e-06 0.01 0.4
5.08e-06 0.012 0.2
5.09e-06 0.014 0.6
5.1e-06 0.016 0.6
5.11e-06 0.016 0.8
5.12e-06 0.02 1
5.13e-06 0.022 1
5.14e-06 0.022 1.2
5.15e-06 0.024 1.2
5.16e-06 0.028 1.4
5.17e-06 0.028 1.4
5.18e-06 0.03 1.4
5.19e-06 0.032 1.6
5.2e-06 0.032 1.8
5.21e-06 0.036 2
5.22e-06 0.04 2
5.23e-06 0.04 2
5.24e-06 0.042 2.2
5.25e-06 0.044 2.4
5.26e-06 0.046 2.6
5.27e-06 0.048 2.6
5.28e-06 0.052 2.6
5.29e-06 0.052 2.8
5.3e-06 0.054 3
5.31e-06 0.054 2.8
5.32e-06 0.058 3.2
5.33e-06 0.06 3.2
5.34e-06 0.06 3.2
5.35e-06 0.062 3.4
5.36e-06 0.064 3.4
5.37e-06 0.066 3.6
5.38e-06 0.068 3.6
5.39e-06 0.07 3.8
5.4e-06 0.072 3.8
5.41e-06 0.074 3.8
5.42e-06 0.076 4
5.43e-06 0.076 4.2
5.44e-06 0.078 4.4
5.45e-06 0.08 4.4
5.46e-06 0.084 4.6
5.47e-06 0.084 4.6
5.48e-06 0.086 5
5.49e-06 0.086 4.8
5.5e-06 0.088 5
5.51e-06 0.09 5
5.52e-06 0.092 5.2
5.53e-06 0.094 5
5.54e-06 0.094 5.2
5.55e-06 0.096 5.4
5.56e-06 0.098 5.4
5.57e-06 0.1 5.4
5.58e-06 0.1 5.8
5.59e-06 0.102 5.8
5.6e-06 0.104 5.8
5.61e-06 0.104 6
5.62e-06 0.108 6
5.63e-06 0.108 6.2
5.64e-06 0.11 6.2
5.65e-06 0.11 6.2
5.66e-06 0.112 6.4
5.67e-06 0.112 6.6
5.68e-06 0.116 6.6
5.69e-06 0.116 6.4
5.7e-06 0.116 6.6
5.71e-06 0.118 6.6
5.72e-06 0.12 6.8
5.73e-06 0.12 6.8
5.74e-06 0.12 7
5.75e-06 0.124 7
5.76e-06 0.124 7
5.77e-06 0.126 7.2
5.78e-06 0.126 7.4
5.79e-06 0.128 7.4
5.8e-06 0.128 7.4
5.81e-06 0.128 7.4
5.82e-06 0.128 7.6
5.83e-06 0.132 7.6
5.84e-06 0.132 7.6
5.85e-06 0.134 7.8
5.86e-06 0.134 7.8
5.87e-06 0.136 7.8
5.88e-06 0.136 7.8
5.89e-06 0.138 7.6
5.9e-06 0.136 8
5.91e-06 0.14 8
5.92e-06 0.14 8
5.93e-06 0.14 8.2
5.94e-06 0.14 8
5.95e-06 0.142 8.2
5.96e-06 0.142 8.4
5.97e-06 0.144 8.2
5.98e-06 0.144 8.4
5.99e-06 0.148 8.4
6e-06 0.146 8.4
6.01e-06 0.144 8.4
6.02e-06 0.148 8.4
6.03e-06 0.148 8.6
6.04e-06 0.148 8.6
6.05e-06 0.148 8.6
6.06e-06 0.148 8.6
6.07e-06 0.15 8.6
6.08e-06 0.15 8.8
6.09e-06 0.15 8.6
6.1e-06 0.15 8.6
6.11e-06 0.15 8.6
6.12e-06 0.15 8.6
6.13e-06 0.152 8.8
6.14e-06 0.152 8.8
6.15e-06 0.152 8.8
6.16e-06 0.152 9
6.17e-06 0.154 8.8
6.18e-06 0.154 9
6.19e-06 0.152 9
6.2e-06 0.152 9
6.21e-06 0.152 9
6.22e-06 0.152 9
6.23e-06 0.152 9
6.24e-06 0.154 9
6.25e-06 0.152 9
6.26e-06 0.154 9
6.27e-06 0.152 9
6.28e-06 0.152 8.8
6.29e-06 0.152 9
6.3e-06 0.154 8.8
6.31e-06 0.152 9
6.32e-06 0.152 8.8
6.33e-06 0.15 8.8
6.34e-06 0.152 9
6.35e-06 0.152 9
6.36e-06 0.15 8.8
6.37e-06 0.15 8.8
6.38e-06 0.152 9
6.39e-06 0.15 8.8
6.4e-06 0.15 8.8
6.41e-06 0.15 8.6
6.42e-06 0.15 8.8
6.43e-06 0.148 8.6
6.44e-06 0.148 8.6
6.45e-06 0.148 8.8
6.46e-06 0.148 8.6
6.47e-06 0.148 8.4
6.48e-06 0.148 8.6
6.49e-06 0.148 8.8
6.5e-06 0.148 8.4
6.51e-06 0.144 8.4
6.52e-06 0.144 8.6
6.53e-06 0.144 8.4
6.54e-06 0.142 8.4
6.55e-06 0.142 8.4
6.56e-06 0.142 8.4
6.57e-06 0.14 8.2
6.58e-06 0.14 8.2
6.59e-06 0.14 8.2
6.6e-06 0.14 8.2
6.61e-06 0.138 8
6.62e-06 0.136 8
6.63e-06 0.136 7.8
6.64e-06 0.134 8
6.65e-06 0.136 7.8
6.66e-06 0.132 7.8
6.67e-06 0.132 7.8
6.68e-06 0.132 7.6
6.69e-06 0.132 7.6
6.7e-06 0.128 7.6
6.71e-06 0.128 7.6
6.72e-06 0.126 7.6
6.73e-06 0.126 7.4
6.74e-06 0.124 7.2
6.75e-06 0.124 7.4
6.76e-06 0.124 7.2
6.77e-06 0.122 6.8
6.78e-06 0.12 7
6.79e-06 0.118 7
6.8e-06 0.118 6.8
6.81e-06 0.116 6.8
6.82e-06 0.116 6.6
6.83e-06 0.116 6.6
6.84e-06 0.112 6.6
6.85e-06 0.112 6.6
6.86e-06 0.11 6.2
6.87e-06 0.108 6.6
6.88e-06 0.108 6.2
6.89e-06 0.104 6.2
6.9e-06 0.104 6.2
6.91e-06 0.102 6
6.92e-06 0.102 6
6.93e-06 0.1 5.8
6.94e-06 0.098 5.8
6.95e-06 0.096 5.8
6.96e-06 0.094 5.6
6.97e-06 0.092 5.4
6.98e-06 0.092 5.4
6.99e-06 0.092 5.2
7e-06 0.088 5.2
7.01e-06 0.086 5
7.02e-06 0.088 5
7.03e-06 0.084 5
7.04e-06 0.082 5
7.05e-06 0.08 5
7.06e-06 0.08 4.6
7.07e-06 0.078 4.4
7.08e-06 0.076 4.4
7.09e-06 0.074 4.2
7.1e-06 0.074 4.2
7.11e-06 0.072 3.8
7.12e-06 0.068 4
7.13e-06 0.068 3.8
7.14e-06 0.066 3.6
7.15e-06 0.062 3.6
7.16e-06 0.06 3.6
7.17e-06 0.06 3.4
7.18e-06 0.06 3.2
7.19e-06 0.056 3.4
7.2e-06 0.054 3.2
7.21e-06 0.052 3
7.22e-06 0.052 3
7.23e-06 0.048 2.8
7.24e-06 0.048 2.6
7.25e-06 0.046 2.6
7.26e-06 0.044 2.4
7.27e-06 0.042 2.6
7.28e-06 0.04 2.2
7.29e-06 0.038 2.2
7.3e-06 0.036 2
7.31e-06 0.032 1.8
7.32e-06 0.032 1.8
7.33e-06 0.03 1.8
7.34e-06 0.028 1.4
7.35e-06 0.028 1.6
7.36e-06 0.024 1.2
7.37e-06 0.02 1.4
7.38e-06 0.02 1.2
7.39e-06 0.018 1
7.4e-06 0.016 0.8
7.41e-06 0.014 0.6
7.42e-06 0.012 0.8
7.43e-06 0.012 0.6
7.44e-06 0.008 0.4
7.45e-06 0.006 0.2
7.46e-06 0.004 0.4
7.47e-06 0.004 0.2
7.48e-06 0 0
7.49e-06 -0.004 0
7.5e-06 -0.006 -0.4
7.51e-06 -0.008 -0.6
7.52e-06 -0.01 -0.8
7.53e-06 -0.01 -0.8
7.54e-06 -0.012 -0.8
7.55e-06 -0.016 -1.2
7.56e-06 -0.018 -1.2
7.57e-06 -0.018 -1.2
7.58e-06 -0.02 -1.4
7.59e-06 -0.022 -1.6
7.6e-06 -0.024 -1.6
7.61e-06 -0.026 -1.6
7.62e-06 -0.028 -1.8
7.63e-06 -0.03 -1.8
7.64e-06 -0.034 -2
7.65e-06 -0.034 -2.2
7.66e-06 -0.038 -2.2
7.67e-06 -0.038 -2.4
7.68e-06 -0.04 -2.4
7.69e-06 -0.044 -2.6
7.7e-06 -0.044 -2.8
7.71e-06 -0.046 -2.8
7.72e-06 -0.048 -2.8
7.73e-06 -0.05 -3
7.74e-06 -0.052 -3.2
7.75e-06 -0.054 -3.2
7.76e-06 -0.054 -3.2
7.77e-06 -0.058 -3.4
7.78e-06 -0.058 -3.6
7.79e-06 -0.06 -3.6
7.8e-06 -0.062 -3.6
7.81e-06 -0.066 -3.8
7.82e-06 -0.068 -4
7.83e-06 -0.068 -4
7.84e-06 -0.07 -4
7.85e-06 -0.072 -4.4
7.86e-06 -0.074 -4.4
7.87e-06 -0.076 -4.4
7.88e-06 -0.078 -4.6
7.89e-06 -0.08 -4.8
7.9e-06 -0.078 -4.8
7.91e-06 -0.084 -4.8
7.92e-06 -0.084 -5
7.93e-06 -0.086 -5
7.94e-06 -0.086 -5
7.95e-06 -0.09 -5.4
7.96e-06 -0.092 -5.4
7.97e-06 -0.092 -5.4
7.98e-06 -0.094 -5.6
7.99e-06 -0.096 -5.6
8e-06 -0.098 -5.8
8.01e-06 -0.1 -5.8
8.02e-06 -0.1 -6
8.03e-06 -0.102 -6.2
8.04e-06 -0.104 -6.2
8.05e-06 -0.106 -6.2
8.06e-06 -0.108 -6.4
8.07e-06 -0.11 -6.4
8.08e-06 -0.11 -6.4
8.09e-06 -0.11 -6.6
8.1e-06 -0.114 -6.8
8.11e-06 -0.114 -6.8
8.12e-06 -0.116 -6.8
8.13e-06 -0.116 -7
8.14e-06 -0.118 -7
8.15e-06 -0.118 -7.2
8.16e-06 -0.12 -7.2
8.17e-06 -0.124 -7.2
8.18e-06 -0.124 -7.4
8.19e-06 -0.126 -7.4
8.2e-06 -0.126 -7.6
8.21e-06 -0.126 -7.6
8.22e-06 -0.128 -7.8
8.23e-06 -0.13 -7.6
8.24e-06 -0.13 -7.8
8.25e-06 -0.132 -7.8
8.26e-06 -0.134 -7.8
8.27e-06 -0.134 -7.8
8.28e-06 -0.134 -8
8.29e-06 -0.134 -8
8.3e-06 -0.138 -8.2
8.31e-06 -0.138 -8.2
8.32e-06 -0.14 -8
8.33e-06 -0.142 -8.4
8.34e-06 -0.142 -8.4
8.35e-06 -0.142 -8.6
8.36e-06 -0.142 -8.6
8.37e-06 -0.146 -8.6
8.38e-06 -0.146 -8.6
8.39e-06 -0.146 -8.6
8.4e-06 -0.146 -8.8
8.41e-06 -0.148 -9
8.42e-06 -0.148 -8.8
8.43e-06 -0.15 -9
8.44e-06 -0.15 -9
8.45e-06 -0.15 -9
8.46e-06 -0.15 -9.2
8.47e-06 -0.152 -8.8
8.48e-06 -0.154 -9
8.49e-06 -0.154 -9.2
8.5e-06 -0.152 -9.2
8.51e-06 -0.154 -9
8.52e-06 -0.156 -9.2
8.53e-06 -0.156 -9.4
8.54e-06 -0.156 -9.2
8.55e-06 -0.156 -9.2
8.56e-06 -0.158 -9.4
8.57e-06 -0.158 -9.4
8.58e-06 -0.158 -9.4
8.59e-06 -0.158 -9.4
8.6e-06 -0.158 -9.6
8.61e-06 -0.158 -9.6
8.62e-06 -0.162 -9.6
8.63e-06 -0.162 -9.6
8.64e-06 -0.158 -9.4
8.65e-06 -0.16 -9.6
8.66e-06 -0.16 -9.6
8.67e-06 -0.162 -9.6
8.68e-06 -0.162 -9.6
8.69e-06 -0.162 -9.6
8.7e-06 -0.162 -9.8
8.71e-06 -0.162 -9.6
8.72e-06 -0.162 -9.6
8.73e-06 -0.162 -9.8
8.74e-06 -0.162 -9.6
8.75e-06 -0.162 -9.6
8.76e-06 -0.164 -9.8
8.77e-06 -0.162 -9.6
8.78e-06 -0.162 -9.6
8.79e-06 -0.162 -9.6
8.8e-06 -0.162 -9.6
8.81e-06 -0.162 -9.6
8.82e-06 -0.162 -9.6
8.83e-06 -0.16 -9.6
8.84e-06 -0.16 -9.6
8.85e-06 -0.16 -9.4
8.86e-06 -0.158 -9.4
8.87e-06 -0.16 -9.4
8.88e-06 -0.158 -9.4
8.89e-06 -0.158 -9.6
8.9e-06 -0.158 -9.6
8.91e-06 -0.158 -9.4
8.92e-06 -0.158 -9.4
8.93e-06 -0.158 -9.4
8.94e-06 -0.156 -9.4
8.95e-06 -0.154 -9.4
8.96e-06 -0.156 -9.4
8.97e-06 -0.154 -9.4
8.98e-06 -0.154 -9.2
8.99e-06 -0.154 -9.2
9e-06 -0.154 -9.2
9.01e-06 -0.154 -9.2
9.02e-06 -0.152 -9
9.03e-06 -0.152 -8.8
9.04e-06 -0.15 -9
9.05e-06 -0.15 -9
9.06e-06 -0.15 -8.8
9.07e-06 -0.148 -8.8
9.08e-06 -0.148 -8.8
9.09e-06 -0.146 -9
9.1e-06 -0.146 -8.8
9.11e-06 -0.146 -8.6
9.12e-06 -0.142 -8.8
9.13e-06 -0.142 -8.6
9.14e-06 -0.142 -8.6
9.15e-06 -0.142 -8.4
9.16e-06 -0.14 -8.4
9.17e-06 -0.14 -8.4
9.18e-06 -0.14 -8.4
9.19e-06 -0.138 -8.2
9.2e-06 -0.138 -8.2
9.21e-06 -0.134 -8
9.22e-06 -0.134 -7.8
9.23e-06 -0.134 -8
9.24e-06 -0.132 -7.8
9.25e-06 -0.13 -7.8
9.26e-06 -0.13 -7.8
9.27e-06 -0.13 -7.8
9.28e-06 -0.13 -7.6
9.29e-06 -0.126 -7.6
9.3e-06 -0.124 -7.6
9.31e-06 -0.124 -7.2
9.32e-06 -0.122 -7.4
9.33e-06 -0.12 -7.2
9.34e-06 -0.118 -7.4
9.35e-06 -0.118 -7
9.36e-06 -0.118 -7
9.37e-06 -0.114 -7
9.38e-06 -0.114 -6.8
9.39e-06 -0.112 -6.6
9.4e-06 -0.11 -6.6
9.41e-06 -0.11 -6.6
9.42e-06 -0.108 -6.4
9.43e-06 -0.108 -6.2
9.44e-06 -0.106 -6.4
9.45e-06 -0.104 -6.2
9.46e-06 -0.102 -6
9.47e-06 -0.1 -6.2
9.48e-06 -0.098 -6
9.49e-06 -0.098 -6
9.5e-06 -0.094 -6
9.51e-06 -0.094 -5.6
9.52e-06 -0.094 -5.6
9.53e-06 -0.092 -5.4
9.54e-06 -0.09 -5.4
9.55e-06 -0.086 -5.2
9.56e-06 -0.086 -5
9.57e-06 -0.084 -5
9.58e-06 -0.082 -4.8
9.59e-06 -0.082 -4.8
9.6e-06 -0.08 -4.8
9.61e-06 -0.078 -4.8
9.62e-06 -0.076 -4.6
9.63e-06 -0.076 -4.4
9.64e-06 -0.072 -4.6
9.65e-06 -0.07 -4.6
9.66e-06 -0.07 -4.2
9.67e-06 -0.068 -4.2
9.68e-06 -0.066 -4
9.69e-06 -0.062 -3.8
9.7e-06 -0.06 -3.8
9.71e-06 -0.06 -3.8
9.72e-06 -0.058 -3.6
9.73e-06 -0.058 -3.4
9.74e-06 -0.054 -3.2
9.75e-06 -0.054 -3.2
9.76e-06 -0.05 -3
9.77e-06 -0.048 -3
9.78e-06 -0.046 -3
9.79e-06 -0.046 -2.8
9.8e-06 -0.042 -2.8
9.81e-06 -0.038 -2.6
9.82e-06 -0.038 -2.4
9.83e-06 -0.036 -2.4
9.84e-06 -0.034 -2.4
9.85e-06 -0.032 -2
9.86e-06 -0.03 -2
9.87e-06 -0.028 -2
9.88e-06 -0.026 -1.8
9.89e-06 -0.024 -1.6
9.9e-06 -0.022 -1.6
9.91e-06 -0.02 -1.4
9.92e-06 -0.02 -1.2
9.93e-06 -0.018 -1.2
9.94e-06 -0.014 -1.2
9.95e-06 -0.014 -1
9.96e-06 -0.01 -0.8
9.97e-06 -0.008 -0.8
9.98e-06 -0.006 -0.8
9.99e-06 -0.006 -0.6
1e-05 -0.004 -0.6
1.001e-05 0 -0.4
1.002e-05 0 -0.4
1.003e-05 0.004 0
1.004e-05 0.006 0.2
1.005e-05 0.008 0.2
1.006e-05 0.008 0.4
1.007e-05 0.012 0.6
1.008e-05 0.014 0.4
1.009e-05 0.016 0.6
1.01e-05 0.018 0.8
1.011e-05 0.02 1
1.012e-05 0.022 1
1.013e-05 0.024 1.2
1.014e-05 0.024 1.4
1.015e-05 0.028 1.4
1.016e-05 0.03 1.4
1.017e-05 0.03 1.4
1.018e-05 0.032 1.8
1.019e-05 0.036 1.8
1.02e-05 0.038 1.8
1.021e-05 0.04 2
1.022e-05 0.04 2
1.023e-05 0.044 2.2
1.024e-05 0.046 2.2
1.025e-05 0.046 2.6
1.026e-05 0.048 2.6
1.027e-05 0.052 2.6
1.028e-05 0.052 2.8
1.029e-05 0.054 2.8
1.03e-05 0.056 3
1.031e-05 0.06 3.2
1.032e-05 0.06 3.2
1.033e-05 0.06 3.4
1.034e-05 0.064 3.4
1.035e-05 0.064 3.4
1.036e-05 0.066 3.4
1.037e-05 0.07 3.6
1.038e-05 0.07 3.8
1.039e-05 0.072 3.8
1.04e-05 0.076 4
1.041e-05 0.076 4.2
1.042e-05 0.076 4.2
1.043e-05 0.08 4.4
1.044e-05 0.08 4.4
1.045e-05 0.082 4.6
1.046e-05 0.084 4.6
1.047e-05 0.086 5
1.048e-05 0.088 5
1.049e-05 0.088 5
1.05e-05 0.092 5
1.051e-05 0.092 5
1.052e-05 0.092 5.2
1.053e-05 0.094 5.2
1.054e-05 0.096 5.2
1.055e-05 0.096 5.4
1.056e-05 0.1 5.6
1.057e-05 0.102 5.8
1.058e-05 0.102 5.8
1.059e-05 0.104 5.8
1.06e-05 0.104 6
1.061e-05 0.108 6
1.062e-05 0.108 6
1.063e-05 0.108 6.2
1.064e-05 0.11 6.4
1.065e-05 0.112 6.4
1.066e-05 0.114 6.6
1.067e-05 0.116 6.6
1.068e-05 0.116 6.6
1.069e-05 0.118 6.4
1.07e-05 0.118 6.8
1.071e-05 0.12 6.8
1.072e-05 0.12 6.8
1.073e-05 0.122 6.8
1.074e-05 0.124 6.8
1.075e-05 0.124 7
1.076e-05 0.124 7
1.077e-05 0.126 7.4
1.078e-05 0.128 7.4
1.079e-05 0.128 7.4
1.08e-05 0.13 7.6
1.081e-05 0.132 7.6
1.082e-05 0.132 7.6
1.083e-05 0.132 7.6
1.084e-05 0.132 7.8
1.085e-05 0.134 7.8
1.086e-05 0.134 7.8
1.087e-05 0.136 7.8
1.088e-05 0.138 8
1.089e-05 0.14 7.8
1.09e-05 0.138 8
1.091e-05 0.14 8.2
1.092e-05 0.14 8
1.093e-05 0.14 8.2
1.094e-05 0.142 8.2
1.095e-05 0.142 8.2
1.096e-05 0.142 8.2
1.097e-05 0.144 8.2
1.098e-05 0.144 8.4
1.099e-05 0.148 8.4
1.1e-05 0.146 8.4
1.101e-05 0.148 8.6
1.102e-05 0.148 8.4
1.103e-05 0.148 8.6
1.104e-05 0.148 8.6
1.105e-05 0.15 8.6
1.106e-05 0.148 8.6
1.107e-05 0.15 8.6
1.108e-05 0.15 8.6
1.109e-05 0.15 8.6
1.11e-05 0.152 8.6
1.111e-05 0.15 8.8
1.112e-05 0.15 8.8
1.113e-05 0.152 8.8
1.114e-05 0.152 9
1.115e-05 0.152 9
1.116e-05 0.152 9
1.117e-05 0.152 9
1.118e-05 0.154 9
1.119e-05 0.152 9.2
1.12e-05 0.152 9
1.121e-05 0.154 9
1.122e-05 0.152 9
1.123e-05 0.152 9
1.124e-05 0.152 9
1.125e-05 0.152 9
1.126e-05 0.152 9
1.127e-05 0.152 9
1.128e-05 0.152 8.8
1.129e-05 0.152 9
1.13e-05 0.152 8.8
1.131e-05 0.152 9
1.132e-05 0.152 9
1.133e-05 0.152 8.8
1.134e-05 0.152 9
1.135e-05 0.15 9
1.136e-05 0.152 9
1.137e-05 0.152 9
1.138e-05 0.15 9
1.139e-05 0.15 8.8
1.14e-05 0.15 8.6
1.141e-05 0.15 8.6
1.142e-05 0.15 8.6
1.143e-05 0.148 8.6
1.144e-05 0.148 8.6
1.145e-05 0.148 8.6
1.146e-05 0.148 8.6
1.147e-05 0.146 8.6
1.148e-05 0.148 8.6
1.149e-05 0.146 8.6
1.15e-05 0.146 8.6
1.151e-05 0.144 8.6
1.152e-05 0.144 8.6
1.153e-05 0.142 8.4
1.154e-05 0.142 8.4
1.155e-05 0.142 8.2
1.156e-05 0.142 8.2
1.157e-05 0.14 8.2
1.158e-05 0.14 8.2
1.159e-05 0.138 8.2
1.16e-05 0.136 8
1.161e-05 0.136 8.2
1.162e-05 0.136 8
1.163e-05 0.134 7.8
1.164e-05 0.134 7.8
1.165e-05 0.132 7.6
1.166e-05 0.132 7.8
1.167e-05 0.132 7.6
1.168e-05 0.132 7.6
1.169e-05 0.128 7.6
1.17e-05 0.128 7.6
1.171e-05 0.126 7.4
1.172e-05 0.126 7.4
1.173e-05 0.124 7.2
1.174e-05 0.124 7.4
1.175e-05 0.124 7.2
1.176e-05 0.12 7
1.177e-05 0.118 7
1.178e-05 0.118 7
1.179e-05 0.118 6.8
1.18e-05 0.116 6.6
1.181e-05 0.116 6.6
1.182e-05 0.114 6.6
1.183e-05 0.112 6.6
1.184e-05 0.112 6.6
1.185e-05 0.108 6.2
1.186e-05 0.108 6.4
1.187e-05 0.108 6.2
1.188e-05 0.106 6.2
1.189e-05 0.104 6.2
1.19e-05 0.102 6
1.191e-05 0.102 6
1.192e-05 0.1 5.8
1.193e-05 0.1 5.6
1.194e-05 0.096 5.6
1.195e-05 0.094 5.6
1.196e-05 0.092 5.4
1.197e-05 0.092 5.2
1.198e-05 0.088 5.2
1.199e-05 0.088 5.2
1.2e-05 0.086 5.2
1.201e-05 0.084 5
1.202e-05 0.084 5
1.203e-05 0.082 4.8
1.204e-05 0.08 4.8
1.205e-05 0.08 4.6
1.206e-05 0.078 4.4
1.207e-05 0.076 4.4
1.208e-05 0.074 4.2
1.209e-05 0.072 4.2
1.21e-05 0.07 4
1.211e-05 0.068 3.8
1.212e-05 0.066 3.8
1.213e-05 0.064 3.8
1.214e-05 0.064 3.4
1.215e-05 0.062 3.4
1.216e-05 0.06 3.4
1.217e-05 0.058 3.4
1.218e-05 0.056 3
1.219e-05 0.054 3.2
1.22e-05 0.052 3
1.221e-05 0.05 2.8
1.222e-05 0.048 2.8
1.223e-05 0.046 2.6
1.224e-05 0.044 2.6
1.225e-05 0.044 2.4
1.226e-05 0.04 2.4
1.227e-05 0.038 2.2
1.228e-05 0.038 2.2
1.229e-05 0.036 2
1.23e-05 0.034 2
1.231e-05 0.032 1.8
1.232e-05 0.028 1.6
1.233e-05 0.028 1.6
1.234e-05 0.026 1.4
1.235e-05 0.024 1.2
1.236e-05 0.022 1.2
1.237e-05 0.02 1.2
1.238e-05 0.02 1
1.239e-05 0.016 1
1.24e-05 0.014 1
1.241e-05 0.012 0.6
1.242e-05 0.01 0.6
1.243e-05 0.008 0.6
1.244e-05 0.006 0.2
1.245e-05 0.004 0.2
1.246e-05 0.004 0
1.247e-05 0 0
1.248e-05 -0.004 -0.4
1.249e-05 -0.006 -0.6
1.25e-05 -0.006 -0.6
1.251e-05 -0.01 -0.6
1.252e-05 -0.012 -0.8
1.253e-05 -0.014 -1
1.254e-05 -0.016 -1.2
1.255e-05 -0.018 -1.2
1.256e-05 -0.02 -1.2
1.257e-05 -0.022 -1.4
1.258e-05 -0.022 -1.4
1.259e-05 -0.026 -1.6
1.26e-05 -0.026 -1.6
1.261e-05 -0.03 -1.6
1.262e-05 -0.03 -1.8
1.263e-05 -0.034 -2
1.264e-05 -0.034 -2
1.265e-05 -0.038 -2.2
1.266e-05 -0.038 -2.4
1.267e-05 -0.042 -2.4
1.268e-05 -0.042 -2.6
1.269e-05 -0.046 -2.6
1.27e-05 -0.046 -3
1.271e-05 -0.048 -2.8
1.272e-05 -0.05 -3
1.273e-05 -0.052 -3.2
1.274e-05 -0.054 -3.2
1.275e-05 -0.056 -3.2
1.276e-05 -0.058 -3.2
1.277e-05 -0.06 -3.6
1.278e-05 -0.062 -3.6
1.279e-05 -0.062 -3.6
1.28e-05 -0.066 -3.8
1.281e-05 -0.066 -3.8
1.282e-05 -0.068 -4
1.283e-05 -0.07 -4.2
1.284e-05 -0.072 -4.4
1.285e-05 -0.074 -4.4
1.286e-05 -0.076 -4.4
1.287e-05 -0.078 -4.6
1.288e-05 -0.078 -4.8
1.289e-05 -0.082 -5
1.29e-05 -0.084 -5
1.291e-05 -0.086 -5
1.292e-05 -0.086 -5.2
1.293e-05 -0.086 -5.2
1.294e-05 -0.09 -5.2
1.295e-05 -0.092 -5.4
1.296e-05 -0.092 -5.4
1.297e-05 -0.094 -5.6
1.298e-05 -0.096 -5.6
1.299e-05 -0.098 -5.8
1.3e-05 -0.1 -6
1.301e-05 -0.1 -6
1.302e-05 -0.102 -6.2
1.303e-05 -0.106 -6.2
1.304e-05 -0.106 -6.2
1.305e-05 -0.108 -6.4
1.306e-05 -0.108 -6.4
1.307e-05 -0.11 -6.4
1.308e-05 -0.11 -6.6
1.309e-05 -0.114 -6.6
1.31e-05 -0.114 -6.8
1.311e-05 -0.116 -6.8
1.312e-05 -0.116 -6.8
1.313e-05 -0.118 -7
1.314e-05 -0.118 -7
1.315e-05 -0.122 -7.2
1.316e-05 -0.122 -7.2
1.317e-05 -0.124 -7.2
1.318e-05 -0.124 -7.6
1.319e-05 -0.126 -7.6
1.32e-05 -0.126 -7.6
1.321e-05 -0.128 -7.6
1.322e-05 -0.13 -7.8
1.323e-05 -0.13 -7.8
1.324e-05 -0.132 -7.8
1.325e-05 -0.134 -8
1.326e-05 -0.134 -8
1.327e-05 -0.134 -8
1.328e-05 -0.138 -8
1.329e-05 -0.138 -8.2
1.33e-05 -0.14 -8
1.331e-05 -0.14 -8.2
1.332e-05 -0.14 -8.4
1.333e-05 -0.142 -8.4
1.334e-05 -0.142 -8.4
1.335e-05 -0.142 -8.6
1.336e-05 -0.146 -8.6
1.337e-05 -0.146 -8.6
1.338e-05 -0.146 -8.6
1.339e-05 -0.146 -8.8
1.34e-05 -0.148 -8.8
1.341e-05 -0.148 -8.8
1.342e-05 -0.148 -9
1.343e-05 -0.15 -8.8
1.344e-05 -0.15 -9
1.345e-05 -0.15 -9
1.346e-05 -0.152 -9
1.347e-05 -0.152 -9
1.348e-05 -0.154 -9.2
1.349e-05 -0.154 -9.2
1.35e-05 -0.156 -9.2
1.351e-05 -0.156 -9.2
1.352e-05 -0.154 -9.4
1.353e-05 -0.156 -9.4
1.354e-05 -0.156 -9.4
1.355e-05 -0.158 -9.4
1.356e-05 -0.158 -9.6
1.357e-05 -0.158 -9.6
1.358e-05 -0.158 -9.4
1.359e-05 -0.158 -9.4
1.36e-05 -0.158 -9.6
1.361e-05 -0.16 -9.4
1.362e-05 -0.16 -9.4
1.363e-05 -0.16 -9.6
1.364e-05 -0.158 -9.6
1.365e-05 -0.162 -9.4
1.366e-05 -0.162 -9.6
1.367e-05 -0.162 -9.6
1.368e-05 -0.162 -9.6
1.369e-05 -0.162 -9.6
1.37e-05 -0.162 -9.6
1.371e-05 -0.162 -9.6
1.372e-05 -0.162 -9.6
1.373e-05 -0.162 -9.8
1.374e-05 -0.162 -9.6
1.375e-05 -0.162 -9.6
1.376e-05 -0.162 -9.8
1.377e-05 -0.162 -9.6
1.378e-05 -0.162 -9.6
1.379e-05 -0.16 -9.6
1.38e-05 -0.162 -9.6
1.381e-05 -0.16 -9.6
1.382e-05 -0.162 -9.6
1.383e-05 -0.158 -9.6
1.384e-05 -0.158 -9.6
1.385e-05 -0.158 -9.4
1.386e-05 -0.158 -9.6
1.387e-05 -0.158 -9.4
1.388e-05 -0.158 -9.4
1.389e-05 -0.158 -9.6
1.39e-05 -0.158 -9.4
1.391e-05 -0.158 -9.4
1.392e-05 -0.156 -9.4
1.393e-05 -0.156 -9.6
1.394e-05 -0.156 -9.4
1.395e-05 -0.154 -9.2
1.396e-05 -0.154 -9.4
1.397e-05 -0.154 -9.4
1.398e-05 -0.154 -9.2
1.399e-05 -0.154 -9.2
1.4e-05 -0.154 -9.2
1.401e-05 -0.15 -8.8
1.402e-05 -0.15 -9
1.403e-05 -0.15 -9
1.404e-05 -0.15 -9
1.405e-05 -0.148 -8.8
1.406e-05 -0.148 -8.8
1.407e-05 -0.148 -8.8
1.408e-05 -0.148 -8.8
1.409e-05 -0.146 -8.8
1.41e-05 -0.146 -8.6
1.411e-05 -0.144 -8.6
1.412e-05 -0.142 -8.6
1.413e-05 -0.142 -8.6
1.414e-05 -0.142 -8.4
1.415e-05 -0.14 -8.4
1.416e-05 -0.14 -8.4
1.417e-05 -0.138 -8.4
1.418e-05 -0.138 -8
1.419e-05 -0.134 -8
1.42e-05 -0.134 -8
1.421e-05 -0.134 -8
1.422e-05 -0.132 -8
1.423e-05 -0.132 -7.8
1.424e-05 -0.132 -7.8
1.425e-05 -0.13 -7.8
1.426e-05 -0.128 -7.8
1.427e-05 -0.128 -7.8
1.428e-05 -0.126 -7.6
1.429e-05 -0.124 -7.6
1.43e-05 -0.122 -7.4
1.431e-05 -0.124 -7.4
1.432e-05 -0.122 -7.2
1.433e-05 -0.118 -7.2
1.434e-05 -0.118 -7.2
1.435e-05 -0.116 -7
1.436e-05 -0.116 -6.8
1.437e-05 -0.114 -6.8
1.438e-05 -0.112 -6.6
1.439e-05 -0.11 -6.4
1.44e-05 -0.11 -6.4
1.441e-05 -0.108 -6.4
1.442e-05 -0.106 -6.4
1.443e-05 -0.104 -6.2
1.444e-05 -0.102 -6.4
1.445e-05 -0.102 -6.2
1.446e-05 -0.102 -6
1.447e-05 -0.098 -6
1.448e-05 -0.098 -6
1.449e-05 -0.096 -6
1.45e-05 -0.094 -5.6
1.451e-05 -0.092 -5.6
1.452e-05 -0.09 -5.6
1.453e-05 -0.088 -5.4
1.454e-05 -0.086 -5.4
1.455e-05 -0.086 -5.2
1.456e-05 -0.084 -5
1.457e-05 -0.082 -5
1.458e-05 -0.082 -4.8
1.459e-05 -0.078 -4.8
1.46e-05 -0.076 -4.6
1.461e-05 -0.076 -4.6
1.462e-05 -0.074 -4.6
1.463e-05 -0.072 -4.4
1.464e-05 -0.07 -4.4
1.465e-05 -0.068 -4.4
1.466e-05 -0.068 -4
1.467e-05 -0.064 -4
1.468e-05 -0.062 -4
1.469e-05 -0.062 -3.8
1.47e-05 -0.058 -3.6
1.471e-05 -0.056 -3.6
1.472e-05 -0.054 -3.4
1.473e-05 -0.052 -3.4
1.474e-05 -0.052 -3.2
1.475e-05 -0.05 -3.2
1.476e-05 -0.046 -3
1.477e-05 -0.046 -3
1.478e-05 -0.044 -2.8
1.479e-05 -0.042 -2.8
1.48e-05 -0.042 -2.8
1.481e-05 -0.038 -2.4
1.482e-05 -0.036 -2.4
1.483e-05 -0.034 -2.2
1.484e-05 -0.034 -2.2
1.485e-05 -0.03 -2.2
1.486e-05 -0.03 -2
1.487e-05 -0.026 -2
1.488e-05 -0.024 -1.8
1.489e-05 -0.022 -1.4
1.49e-05 -0.022 -1.4
1.491e-05 -0.02 -1.4
1.492e-05 -0.018 -1.2
1.493e-05 -0.014 -1
1.494e-05 -0.012 -1
1.495e-05 -0.012 -0.8
1.496e-05 -0.01 -0.6
1.497e-05 -0.006 -0.8
1.498e-05 -0.004 -0.6
1.499e-05 -0.004 -0.4
1.5e-05 0 -0.4
1.501e-05 0 -0.4
1.502e-05 0.004 0
1.503e-05 0.006 0.2
1.504e-05 0.008 0.4
1.505e-05 0.012 0.2
1.506e-05 0.012 0.4
1.507e-05 0.014 0.6
1.508e-05 0.016 0.6
1.509e-05 0.02 0.8
1.51e-05 0.02 1
1.511e-05 0.022 1
1.512e-05 0.022 1.2
1.513e-05 0.024 1.2
1.514e-05 0.028 1.4
1.515e-05 0.03 1.4
1.516e-05 0.03 1.6
1.517e-05 0.032 1.8
1.518e-05 0.036 1.8
1.519e-05 0.038 1.8
1.52e-05 0.04 2
1.521e-05 0.04 2
1.522e-05 0.044 2.2
1.523e-05 0.044 2.4
1.524e-05 0.048 2.6
1.525e-05 0.048 2.6
1.526e-05 0.052 2.6
1.527e-05 0.052 2.8
1.528e-05 0.054 2.8
1.529e-05 0.056 3
1.53e-05 0.06 3.2
1.531e-05 0.06 3.2
1.532e-05 0.062 3.2
1.533e-05 0.064 3.4
1.534e-05 0.064 3.4
1.535e-05 0.068 3.6
1.536e-05 0.068 3.6
1.537e-05 0.07 3.8
1.538e-05 0.072 3.8
1.539e-05 0.074 4
1.54e-05 0.076 4.2
1.541e-05 0.078 4.2
1.542e-05 0.078 4.4
1.543e-05 0.08 4.6
1.544e-05 0.082 4.6
1.545e-05 0.084 4.8
1.546e-05 0.084 4.6
1.547e-05 0.088 5
1.548e-05 0.088 5.2
1.549e-05 0.09 5
1.55e-05 0.092 5.2
1.551e-05 0.094 5.2
1.552e-05 0.094 5.4
1.553e-05 0.096 5.4
1.554e-05 0.098 5.4
1.555e-05 0.1 5.6
1.556e-05 0.1 5.8
1.557e-05 0.102 5.8
1.558e-05 0.104 6
1.559e-05 0.106 6
1.56e-05 0.108 6
1.561e-05 0.108 6.2
1.562e-05 0.11 6.2
1.563e-05 0.11 6.6
1.564e-05 0.112 6.6
1.565e-05 0.116 6.4
1.566e-05 0.116 6.6
1.567e-05 0.116 6.6
1.568e-05 0.116 6.8
1.569e-05 0.118 6.6
1.57e-05 0.118 6.8
1.571e-05 0.12 6.8
1.572e-05 0.124 6.8
1.573e-05 0.124 6.8
1.574e-05 0.124 7
1.575e-05 0.126 7.2
1.576e-05 0.126 7
1.577e-05 0.128 7.4
1.578e-05 0.128 7.4
1.579e-05 0.132 7.4
1.58e-05 0.132 7.6
1.581e-05 0.132 7.6
1.582e-05 0.134 7.6
1.583e-05 0.134 7.6
1.584e-05 0.136 7.8
1.585e-05 0.136 7.8
1.586e-05 0.136 7.8
1.587e-05 0.138 7.8
1.588e-05 0.14 8
1.589e-05 0.138 7.8
1.59e-05 0.14 8.2
1.591e-05 0.14 8
1.592e-05 0.142 8.2
1.593e-05 0.144 8.2
1.594e-05 0.142 8.2
1.595e-05 0.144 8.2
1.596e-05 0.144 8.4
1.597e-05 0.144 8.4
1.598e-05 0.146 8.4
1.599e-05 0.148 8.4
1.6e-05 0.148 8.6
1.601e-05 0.148 8.6
1.602e-05 0.148 8.4
1.603e-05 0.148 8.6
1.604e-05 0.15 8.6
1.605e-05 0.148 8.6
1.606e-05 0.15 8.6
1.607e-05 0.15 8.6
1.608e-05 0.15 8.6
1.609e-05 0.15 8.6
1.61e-05 0.152 8.8
1.611e-05 0.15 8.8
1.612e-05 0.152 8.8
1.613e-05 0.152 9
1.614e-05 0.152 9
1.615e-05 0.152 9
1.616e-05 0.152 9
1.617e-05 0.152 9
1.618e-05 0.152 9
1.619e-05 0.152 9
1.62e-05 0.152 9
1.621e-05 0.154 9
1.622e-05 0.154 9
1.623e-05 0.154 9
1.624e-05 0.154 9
1.625e-05 0.152 9
1.626e-05 0.154 9
1.627e-05 0.152 8.8
1.628e-05 0.154 9
1.629e-05 0.152 8.8
1.63e-05 0.152 9
1.631e-05 0.152 9
1.632e-05 0.152 8.8
1.633e-05 0.152 9
1.634e-05 0.152 9
1.635e-05 0.15 8.8
1.636e-05 0.152 8.8
1.637e-05 0.15 9
1.638e-05 0.15 8.8
1.639e-05 0.15 8.8
1.64e-05 0.15 8.6
1.641e-05 0.148 8.8
1.642e-05 0.148 8.8
1.643e-05 0.148 8.6
1.644e-05 0.148 8.6
1.645e-05 0.148 8.6
1.646e-05 0.148 8.6
1.647e-05 0.146 8.6
1.648e-05 0.144 8.4
1.649e-05 0.144 8.4
1.65e-05 0.144 8.4
1.651e-05 0.144 8.4
1.652e-05 0.142 8.4
1.653e-05 0.142 8.2
1.654e-05 0.14 8.4
1.655e-05 0.14 8.2
1.656e-05 0.14 8.2
1.657e-05 0.138 8
1.658e-05 0.14 8.2
1.659e-05 0.138 8.2
1.66e-05 0.136 7.8
1.661e-05 0.134 8
1.662e-05 0.134 7.8
1.663e-05 0.134 7.8
1.664e-05 0.132 7.8
1.665e-05 0.132 7.6
1.666e-05 0.13 7.6
1.667e-05 0.128 7.6
1.668e-05 0.128 7.4
1.669e-05 0.126 7.4
1.67e-05 0.126 7.4
1.671e-05 0.126 7.4
1.672e-05 0.124 7.4
1.673e-05 0.124 7.2
1.674e-05 0.122 7.2
1.675e-05 0.12 7
1.676e-05 0.118 7
1.677e-05 0.118 7
1.678e-05 0.116 6.6
1.679e-05 0.116 6.8
1.68e-05 0.114 6.6
1.681e-05 0.112 6.6
1.682e-05 0.112 6.4
1.683e-05 0.11 6.4
1.684e-05 0.11 6.2
1.685e-05 0.108 6.2
1.686e-05 0.106 6.2
1.687e-05 0.104 6.2
1.688e-05 0.104 6
1.689e-05 0.102 6.2
1.69e-05 0.1 6
1.691e-05 0.098 5.8
1.692e-05 0.096 5.8
1.693e-05 0.094 5.6
1.694e-05 0.094 5.4
1.695e-05 0.094 5.4
1.696e-05 0.092 5.2
1.697e-05 0.092 5.2
1.698e-05 0.088 5.2
1.699e-05 0.086 5
1.7e-05 0.084 5
1.701e-05 0.084 5
1.702e-05 0.082 5
1.703e-05 0.08 4.6
1.704e-05 0.078 4.6
1.705e-05 0.078 4.4
1.706e-05 0.076 4.4
1.707e-05 0.072 4.2
1.708e-05 0.072 4.2
1.709e-05 0.072 4.2
1.71e-05 0.068 4
1.711e-05 0.068 3.8
1.712e-05 0.064 3.8
1.713e-05 0.064 3.6
1.714e-05 0.06 3.4
1.715e-05 0.06 3.4
1.716e-05 0.058 3.4
1.717e-05 0.056 3
1.718e-05 0.054 3
1.719e-05 0.052 3
1.72e-05 0.048 2.8
1.721e-05 0.048 2.8
1.722e-05 0.046 2.6
1.723e-05 0.044 2.6
1.724e-05 0.042 2.4
1.725e-05 0.04 2.4
1.726e-05 0.04 2.2
1.727e-05 0.036 2.2
1.728e-05 0.036 2
1.729e-05 0.032 1.8
1.73e-05 0.03 1.8
1.731e-05 0.028 1.4
1.732e-05 0.028 1.6
1.733e-05 0.024 1.4
1.734e-05 0.022 1.2
1.735e-05 0.02 1.2
1.736e-05 0.02 1
1.737e-05 0.016 1
1.738e-05 0.014 1
1.739e-05 0.012 0.8
1.74e-05 0.012 0.6
1.741e-05 0.008 0.4
1.742e-05 0.006 0.4
1.743e-05 0.006 0.4
1.744e-05 0.002 0.2
1.745e-05 0.002 0.2
1.746e-05 0 0
1.747e-05 -0.004 -0.4
1.748e-05 -0.006 -0.6
1.749e-05 -0.01 -0.8
1.75e-05 -0.012 -0.6
1.751e-05 -0.012 -1
1.752e-05 -0.014 -1
1.753e-05 -0.016 -1.2
1.754e-05 -0.018 -1.2
1.755e-05 -0.02 -1.2
1.756e-05 -0.022 -1.4
1.757e-05 -0.022 -1.6
1.758e-05 -0.026 -1.6
1.759e-05 -0.026 -1.6
1.76e-05 -0.03 -1.6
1.761e-05 -0.03 -1.8
1.762e-05 -0.034 -2
1.763e-05 -0.036 -2.2
1.764e-05 -0.038 -2.2
1.765e-05 -0.038 -2.4
1.766e-05 -0.042 -2.4
1.767e-05 -0.042 -2.6
1.768e-05 -0.044 -2.6
1.769e-05 -0.046 -2.8
1.77e-05 -0.048 -3
1.771e-05 -0.05 -3
1.772e-05 -0.052 -3
1.773e-05 -0.054 -3
1.774e-05 -0.056 -3.2
1.775e-05 -0.058 -3.6
1.776e-05 -0.06 -3.4
1.777e-05 -0.062 -3.6
1.778e-05 -0.062 -3.8
1.779e-05 -0.066 -3.8
1.78e-05 -0.066 -4
1.781e-05 -0.068 -4
1.782e-05 -0.07 -4.2
1.783e-05 -0.07 -4.2
1.784e-05 -0.074 -4.4
1.785e-05 -0.076 -4.6
1.786e-05 -0.078 -4.6
1.787e-05 -0.08 -4.8
1.788e-05 -0.082 -4.8
1.789e-05 -0.084 -5
1.79e-05 -0.084 -5
1.791e-05 -0.086 -5.2
1.792e-05 -0.09 -5.2
1.793e-05 -0.09 -5.4
1.794e-05 -0.092 -5.4
1.795e-05 -0.092 -5.6
1.796e-05 -0.094 -5.6
1.797e-05 -0.096 -5.8
1.798e-05 -0.098 -5.8
1.799e-05 -0.1 -6
1.8e-05 -0.1 -6
1.801e-05 -0.102 -6
1.802e-05 -0.104 -6.2
1.803e-05 -0.106 -6.4
1.804e-05 -0.106 -6.2
1.805e-05 -0.11 -6.6
1.806e-05 -0.11 -6.4
1.807e-05 -0.11 -6.6
1.808e-05 -0.112 -6.8
1.809e-05 -0.114 -6.8
1.81e-05 -0.116 -7
1.811e-05 -0.116 -6.8
1.812e-05 -0.118 -7
1.813e-05 -0.118 -7.2
1.814e-05 -0.12 -7.2
1.815e-05 -0.122 -7.2
1.816e-05 -0.124 -7.4
1.817e-05 -0.126 -7.4
1.818e-05 -0.126 -7.6
1.819e-05 -0.126 -7.6
1.82e-05 -0.128 -7.8
1.821e-05 -0.13 -7.8
1.822e-05 -0.132 -7.8
1.823e-05 -0.132 -8
1.824e-05 -0.134 -7.8
1.825e-05 -0.134 -8
1.826e-05 -0.134 -8
1.827e-05 -0.138 -8
1.828e-05 -0.138 -8.2
1.829e-05 -0.14 -8.2
1.83e-05 -0.14 -8.2
1.831e-05 -0.14 -8.4
1.832e-05 -0.142 -8.2
1.833e-05 -0.142 -8.4
1.834e-05 -0.142 -8.4
1.835e-05 -0.144 -8.6
1.836e-05 -0.146 -8.6
1.837e-05 -0.146 -8.6
1.838e-05 -0.146 -8.8
1.839e-05 -0.148 -8.8
1.84e-05 -0.148 -8.8
1.841e-05 -0.15 -9
1.842e-05 -0.15 -9
1.843e-05 -0.15 -9
1.844e-05 -0.15 -9.2
1.845e-05 -0.152 -9
1.846e-05 -0.152 -9.2
1.847e-05 -0.154 -9
1.848e-05 -0.154 -9.2
1.849e-05 -0.154 -9.2
1.85e-05 -0.156 -9.2
1.851e-05 -0.156 -9.4
1.852e-05 -0.158 -9.4
1.853e-05 -0.156 -9.4
1.854e-05 -0.158 -9.4
1.855e-05 -0.158 -9.4
1.856e-05 -0.158 -9.6
1.857e-05 -0.158 -9.6
1.858e-05 -0.16 -9.6
1.859e-05 -0.158 -9.6
1.86e-05 -0.158 -9.6
1.861e-05 -0.158 -9.6
1.862e-05 -0.158 -9.6
1.863e-05 -0.16 -9.6
1.864e-05 -0.162 -9.6
1.865e-05 -0.16 -9.6
1.866e-05 -0.162 -9.6
1.867e-05 -0.162 -9.6
1.868e-05 -0.162 -9.6
1.869e-05 -0.162 -9.6
1.87e-05 -0.16 -9.6
1.871e-05 -0.162 -9.6
1.872e-05 -0.162 -9.6
1.873e-05 -0.158 -9.6
1.874e-05 -0.162 -9.6
1.875e-05 -0.162 -9.6
1.876e-05 -0.162 -10
1.877e-05 -0.16 -9.6
1.878e-05 -0.162 -9.6
1.879e-05 -0.162 -9.6
1.88e-05 -0.16 -9.6
1.881e-05 -0.16 -9.6
1.882e-05 -0.162 -9.6
1.883e-05 -0.158 -9.6
1.884e-05 -0.16 -9.6
1.885e-05 -0.158 -9.4
1.886e-05 -0.158 -9.6
1.887e-05 -0.158 -9.4
1.888e-05 -0.158 -9.4
1.889e-05 -0.158 -9.4
1.89e-05 -0.158 -9.4
1.891e-05 -0.158 -9.6
1.892e-05 -0.156 -9.4
1.893e-05 -0.156 -9.4
1.894e-05 -0.156 -9.4
1.895e-05 -0.156 -9.2
1.896e-05 -0.154 -9.4
1.897e-05 -0.154 -9.4
1.898e-05 -0.152 -9.2
1.899e-05 -0.152 -9.2
1.9e-05 -0.15 -9
1.901e-05 -0.15 -9
1.902e-05 -0.15 -9
1.903e-05 -0.15 -8.8
1.904e-05 -0.15 -8.8
1.905e-05 -0.148 -8.8
1.906e-05 -0.148 -8.8
1.907e-05 -0.146 -8.8
1.908e-05 -0.148 -8.6
1.909e-05 -0.144 -8.8
1.91e-05 -0.142 -8.6
1.911e-05 -0.142 -8.6
1.912e-05 -0.142 -8.6
1.913e-05 -0.142 -8.4
1.914e-05 -0.14 -8.4
1.915e-05 -0.14 -8.4
1.916e-05 -0.138 -8.4
1.917e-05 -0.136 -8
1.918e-05 -0.134 -8
1.919e-05 -0.134 -8
1.92e-05 -0.134 -8
1.921e-05 -0.134 -7.8
1.922e-05 -0.132 -7.8
1.923e-05 -0.13 -7.8
1.924e-05 -0.13 -7.8
1.925e-05 -0.126 -7.8
1.926e-05 -0.126 -7.6
1.927e-05 -0.126 -7.6
1.928e-05 -0.126 -7.6
1.929e-05 -0.122 -7.4
1.93e-05 -0.122 -7.2
1.931e-05 -0.122 -7.4
1.932e-05 -0.116 -7.2
1.933e-05 -0.118 -7
1.934e-05 -0.116 -7
1.935e-05 -0.114 -6.8
1.936e-05 -0.114 -6.8
1.937e-05 -0.11 -6.8
1.938e-05 -0.11 -6.6
1.939e-05 -0.11 -6.6
1.94e-05 -0.108 -6.4
1.941e-05 -0.106 -6.4
1.942e-05 -0.106 -6.4
1.943e-05 -0.102 -6.2
1.944e-05 -0.102 -6.2
1.945e-05 -0.102 -6
1.946e-05 -0.098 -6
1.947e-05 -0.098 -6
1.948e-05 -0.094 -5.8
1.949e-05 -0.094 -5.6
1.95e-05 -0.092 -5.6
1.951e-05 -0.09 -5.4
1.952e-05 -0.09 -5.4
1.953e-05 -0.086 -5.2
1.954e-05 -0.084 -5
1.955e-05 -0.084 -5.2
1.956e-05 -0.082 -5
1.957e-05 -0.08 -5
1.958e-05 -0.078 -4.8
1.959e-05 -0.076 -4.6
1.96e-05 -0.076 -4.6
1.961e-05 -0.074 -4.4
1.962e-05 -0.07 -4.4
1.963e-05 -0.07 -4.4
1.964e-05 -0.068 -4
1.965e-05 -0.066 -4.2
1.966e-05 -0.062 -4
1.967e-05 -0.062 -4
1.968e-05 -0.06 -3.8
1.969e-05 -0.06 -3.8
1.97e-05 -0.056 -3.6
1.971e-05 -0.054 -3.4
1.972e-05 -0.052 -3.2
1.973e-05 -0.05 -3.2
1.974e-05 -0.048 -3
1.975e-05 -0.046 -3
1.976e-05 -0.046 -2.8
1.977e-05 -0.042 -2.8
1.978e-05 -0.042 -2.8
1.979e-05 -0.038 -2.6
1.98e-05 -0.038 -2.6
1.981e-05 -0.036 -2.4
1.982e-05 -0.036 -2.2
1.983e-05 -0.03 -2.2
1.984e-05 -0.03 -2
1.985e-05 -0.028 -2
1.986e-05 -0.024 -1.8
1.987e-05 -0.024 -1.6
1.988e-05 -0.022 -1.6
1.989e-05 -0.022 -1.2
1.99e-05 -0.018 -1.4
1.991e-05 -0.014 -1.2
1.992e-05 -0.014 -1
1.993e-05 -0.012 -0.8
1.994e-05 -0.01 -0.8
1.995e-05 -0.008 -0.8
1.996e-05 -0.006 -0.8
1.997e-05 -0.004 -0.6
1.998e-05 -0.004 -0.6
1.999e-05 0 -0.4
2e-05 0.004 0
2.001e-05 0.004 0
2.002e-05 0.008 0.2
2.003e-05 0.01 0.2
2.004e-05 0.012 0.4
2.005e-05 0.012 0.4
2.006e-05 0.016 0.6
2.007e-05 0.016 0.8
2.008e-05 0.02 0.8
2.009e-05 0.02 1
2.01e-05 0.022 1.2
2.011e-05 0.024 1.2
2.012e-05 0.028 1.2
2.013e-05 0.028 1.2
2.014e-05 0.03 1.6
2.015e-05 0.032 1.6
2.016e-05 0.034 1.8
2.017e-05 0.036 1.8
2.018e-05 0.038 1.8
2.019e-05 0.04 2
2.02e-05 0.042 2.2
2.021e-05 0.044 2.2
2.022e-05 0.046 2.4
2.023e-05 0.048 2.4
2.024e-05 0.05 2.6
2.025e-05 0.052 2.6
2.026e-05 0.052 2.8
2.027e-05 0.054 3
2.028e-05 0.058 3
2.029e-05 0.06 3
2.03e-05 0.06 3.4
2.031e-05 0.062 3.4
2.032e-05 0.064 3.4
2.033e-05 0.066 3.6
2.034e-05 0.068 3.4
2.035e-05 0.07 3.8
2.036e-05 0.07 3.6
2.037e-05 0.072 3.8
2.038e-05 0.076 4
2.039e-05 0.076 4.2
2.04e-05 0.076 4.2
2.041e-05 0.08 4.4
2.042e-05 0.08 4.4
2.043e-05 0.084 4.6
2.044e-05 0.084 4.6
2.045e-05 0.086 4.8
2.046e-05 0.088 5
2.047e-05 0.088 5
2.048e-05 0.092 5.2
2.049e-05 0.092 5
2.05e-05 0.094 5.2
2.051e-05 0.094 5.2
2.052e-05 0.096 5.4
2.053e-05 0.098 5.4
2.054e-05 0.1 5.6
2.055e-05 0.102 5.6
2.056e-05 0.104 5.8
2.057e-05 0.104 5.8
2.058e-05 0.108 5.8
2.059e-05 0.108 6.2
2.06e-05 0.108 6.2
2.061e-05 0.11 6.2
2.062e-05 0.11 6.4
2.063e-05 0.112 6.4
2.064e-05 0.114 6.4
2.065e-05 0.116 6.6
2.066e-05 0.116 6.6
2.067e-05 0.118 6.8
2.068e-05 0.118 6.8
2.069e-05 0.12 6.8
2.07e-05 0.12 6.8
2.071e-05 0.124 7
2.072e-05 0.124 7
2.073e-05 0.124 7
2.074e-05 0.126 7.2
2.075e-05 0.128 7.4
2.076e-05 0.128 7.2
2.077e-05 0.128 7.4
2.078e-05 0.132 7.6
2.079e-05 0.132 7.6
2.08e-05 0.132 7.6
2.081e-05 0.134 7.6
2.082e-05 0.134 7.8
2.083e-05 0.134 7.6
2.084e-05 0.136 7.6
2.085e-05 0.138 7.8
2.086e-05 0.138 8
2.087e-05 0.14 8
2.088e-05 0.14 8
2.089e-05 0.14 7.8
2.09e-05 0.14 8.2
2.091e-05 0.142 8
2.092e-05 0.142 8.2
2.093e-05 0.142 8.2
2.094e-05 0.144 8.2
2.095e-05 0.144 8.4
2.096e-05 0.144 8.4
2.097e-05 0.148 8.4
2.098e-05 0.148 8.6
2.099e-05 0.148 8.4
2.1e-05 0.148 8.6
2.101e-05 0.148 8.6
2.102e-05 0.148 8.6
2.103e-05 0.148 8.6
2.104e-05 0.148 8.6
2.105e-05 0.15 8.6
2.106e-05 0.15 8.8
2.107e-05 0.15 8.6
2.108e-05 0.15 8.8
2.109e-05 0.152 8.6
2.11e-05 0.15 8.8
2.111e-05 0.152 8.8
2.112e-05 0.152 8.8
2.113e-05 0.152 9
2.114e-05 0.152 9
2.115e-05 0.152 9
2.116e-05 0.154 9
2.117e-05 0.154 9
2.118e-05 0.152 9
2.119e-05 0.152 9
2.12e-05 0.156 9
2.121e-05 0.152 9
2.122e-05 0.154 9
2.123e-05 0.152 9
2.124e-05 0.152 9
2.125e-05 0.152 9
2.126e-05 0.154 9
2.127e-05 0.152 9
2.128e-05 0.152 9
2.129e-05 0.152 9
2.13e-05 0.152 9
2.131e-05 0.152 9
2.132e-05 0.152 8.8
2.133e-05 0.152 8.8
2.134e-05 0.15 9
2.135e-05 0.15 9
2.136e-05 0.15 8.8
2.137e-05 0.15 8.8
2.138e-05 0.15 8.8
2.139e-05 0.15 8.8
2.14e-05 0.148 8.6
2.141e-05 0.148 8.6
2.142e-05 0.148 8.6
2.143e-05 0.148 8.8
2.144e-05 0.148 8.6
2.145e-05 0.148 8.6
2.146e-05 0.146 8.6
2.147e-05 0.144 8.4
2.148e-05 0.144 8.4
2.149e-05 0.144 8.4
2.15e-05 0.144 8.4
2.151e-05 0.142 8.4
2.152e-05 0.142 8.4
2.153e-05 0.14 8.4
2.154e-05 0.14 8.2
2.155e-05 0.14 8.2
2.156e-05 0.14 8.2
2.157e-05 0.136 8.2
2.158e-05 0.138 8
2.159e-05 0.136 8
2.16e-05 0.134 7.8
2.161e-05 0.134 8
2.162e-05 0.134 8
2.163e-05 0.132 7.8
2.164e-05 0.132 7.8
2.165e-05 0.128 7.6
2.166e-05 0.13 7.6
2.167e-05 0.128 7.6
2.168e-05 0.126 7.4
2.169e-05 0.126 7.4
2.17e-05 0.124 7.4
2.171e-05 0.124 7.4
2.172e-05 0.124 7.2
2.173e-05 0.12 7
2.174e-05 0.12 7
2.175e-05 0.118 7
2.176e-05 0.118 7
2.177e-05 0.116 6.8
2.178e-05 0.116 6.8
2.179e-05 0.114 6.6
2.18e-05 0.112 6.6
2.181e-05 0.112 6.6
2.182e-05 0.11 6.6
2.183e-05 0.108 6.2
2.184e-05 0.108 6.2
2.185e-05 0.104 6.2
2.186e-05 0.104 6.2
2.187e-05 0.102 6
2.188e-05 0.102 6
2.189e-05 0.102 6
2.19e-05 0.098 5.8
2.191e-05 0.1 5.6
2.192e-05 0.094 5.6
2.193e-05 0.092 5.6
2.194e-05 0.092 5.4
2.195e-05 0.092 5.2
2.196e-05 0.088 5.2
2.197e-05 0.086 5.2
2.198e-05 0.086 5
2.199e-05 0.084 5.2
2.2e-05 0.084 4.8
2.201e-05 0.08 4.8
2.202e-05 0.08 4.8
2.203e-05 0.078 4.6
2.204e-05 0.076 4.4
2.205e-05 0.076 4.6
2.206e-05 0.072 4.4
2.207e-05 0.07 4.2
2.208e-05 0.07 4
2.209e-05 0.068 4
2.21e-05 0.066 3.8
2.211e-05 0.064 3.6
2.212e-05 0.062 3.6
2.213e-05 0.06 3.4
2.214e-05 0.06 3.4
2.215e-05 0.056 3.2
2.216e-05 0.054 3.2
2.217e-05 0.052 3
2.218e-05 0.052 2.8
2.219e-05 0.048 2.8
2.22e-05 0.046 2.8
2.221e-05 0.046 2.6
2.222e-05 0.044 2.6
2.223e-05 0.04 2.4
2.224e-05 0.04 2.4
2.225e-05 0.038 2.2
2.226e-05 0.036 2
2.227e-05 0.036 2.2
2.228e-05 0.032 1.8
2.229e-05 0.03 1.8
2.23e-05 0.028 1.8
2.231e-05 0.028 1.4
2.232e-05 0.024 1.4
2.233e-05 0.022 1.2
2.234e-05 0.02 1
2.235e-05 0.02 1.2
2.236e-05 0.018 0.8
2.237e-05 0.014 0.8
2.238e-05 0.012 0.6
2.239e-05 0.01 0.6
2.24e-05 0.008 0.6
2.241e-05 0.008 0.4
2.242e-05 0.006 0.4
2.243e-05 0.004 0.2
2.244e-05 0 0
2.245e-05 0 -0.4
2.246e-05 -0.006 -0.4
2.247e-05 -0.006 -0.6
2.248e-05 -0.006 -0.6
2.249e-05 -0.012 -0.8
2.25e-05 -0.014 -0.8
2.251e-05 -0.014 -1.2
2.252e-05 -0.018 -1
2.253e-05 -0.018 -1.2
2.254e-05 -0.02 -1.4
2.255e-05 -0.022 -1.4
2.256e-05 -0.022 -1.6
2.257e-05 -0.026 -1.6
2.258e-05 -0.028 -1.6
2.259e-05 -0.03 -1.8
2.26e-05 -0.032 -1.8
2.261e-05 -0.034 -2
2.262e-05 -0.036 -2
2.263e-05 -0.036 -2.4
2.264e-05 -0.04 -2.4
2.265e-05 -0.042 -2.6
2.266e-05 -0.044 -2.6
2.267e-05 -0.046 -2.8
2.268e-05 -0.046 -2.8
2.269e-05 -0.05 -3
2.27e-05 -0.052 -3
2.271e-05 -0.054 -3.2
2.272e-05 -0.054 -3.2
2.273e-05 -0.058 -3.2
2.274e-05 -0.058 -3.6
2.275e-05 -0.06 -3.6
2.276e-05 -0.062 -3.4
2.277e-05 -0.064 -3.8
2.278e-05 -0.066 -3.8
2.279e-05 -0.068 -4
2.28e-05 -0.07 -4
2.281e-05 -0.072 -4.2
2.282e-05 -0.074 -4.4
2.283e-05 -0.074 -4.6
2.284e-05 -0.076 -4.6
2.285e-05 -0.078 -4.8
2.286e-05 -0.08 -4.8
2.287e-05 -0.082 -4.8
2.288e-05 -0.084 -5
2.289e-05 -0.086 -5.2
2.29e-05 -0.086 -5
2.291e-05 -0.09 -5.2
2.292e-05 -0.09 -5.4
2.293e-05 -0.092 -5.4
2.294e-05 -0.094 -5.4
2.295e-05 -0.096 -5.4
2.296e-05 -0.098 -5.6
2.297e-05 -0.098 -5.8
2.298e-05 -0.1 -5.8
2.299e-05 -0.102 -6.2
2.3e-05 -0.102 -6
2.301e-05 -0.102 -6.2
2.302e-05 -0.106 -6.4
2.303e-05 -0.108 -6.4
2.304e-05 -0.11 -6.4
2.305e-05 -0.11 -6.6
2.306e-05 -0.11 -6.4
2.307e-05 -0.114 -6.6
2.308e-05 -0.114 -6.8
2.309e-05 -0.116 -7
2.31e-05 -0.116 -7.2
2.311e-05 -0.118 -7
2.312e-05 -0.12 -7.2
2.313e-05 -0.122 -7.2
2.314e-05 -0.122 -7.2
2.315e-05 -0.124 -7.2
2.316e-05 -0.126 -7.4
2.317e-05 -0.128 -7.6
2.318e-05 -0.126 -7.6
2.319e-05 -0.13 -7.6
2.32e-05 -0.13 -7.8
2.321e-05 -0.132 -7.8
2.322e-05 -0.134 -8
2.323e-05 -0.134 -8
2.324e-05 -0.134 -8
2.325e-05 -0.136 -8
2.326e-05 -0.138 -8.2
2.327e-05 -0.138 -8.2
2.328e-05 -0.14 -8.2
2.329e-05 -0.14 -8.2
2.33e-05 -0.142 -8.4
2.331e-05 -0.142 -8.4
2.332e-05 -0.142 -8.4
2.333e-05 -0.142 -8.6
2.334e-05 -0.146 -8.4
2.335e-05 -0.146 -8.8
2.336e-05 -0.146 -8.6
2.337e-05 -0.148 -8.8
2.338e-05 -0.148 -9
2.339e-05 -0.15 -9
2.34e-05 -0.15 -9
2.341e-05 -0.15 -8.8
2.342e-05 -0.152 -9.2
2.343e-05 -0.15 -9.2
2.344e-05 -0.152 -9
2.345e-05 -0.154 -9.2
2.346e-05 -0.154 -9.2
2.347e-05 -0.154 -9.2
2.348e-05 -0.154 -9.4
2.349e-05 -0.154 -9.4
2.35e-05 -0.156 -9.2
2.351e-05 -0.154 -9.2
2.352e-05 -0.156 -9.4
2.353e-05 -0.158 -9.4
2.354e-05 -0.158 -9.4
2.355e-05 -0.156 -9.6
2.356e-05 -0.158 -9.6
2.357e-05 -0.16 -9.6
2.358e-05 -0.158 -9.4
2.359e-05 -0.158 -9.6
2.36e-05 -0.162 -9.6
2.361e-05 -0.16 -9.6
2.362e-05 -0.158 -9.6
2.363e-05 -0.16 -9.6
2.364e-05 -0.158 -9.6
2.365e-05 -0.162 -9.4
2.366e-05 -0.162 -9.6
2.367e-05 -0.162 -9.6
2.368e-05 -0.162 -9.6
2.369e-05 -0.162 -9.6
2.37e-05 -0.162 -9.8
2.371e-05 -0.162 -9.8
2.372e-05 -0.162 -9.6
2.373e-05 -0.162 -10
2.374e-05 -0.162 -9.8
2.375e-05 -0.162 -9.6
2.376e-05 -0.162 -9.6
2.377e-05 -0.158 -9.6
2.378e-05 -0.162 -9.8
2.379e-05 -0.16 -9.6
2.38e-05 -0.16 -9.6
2.381e-05 -0.162 -9.6
2.382e-05 -0.16 -9.6
2.383e-05 -0.158 -9.6
2.384e-05 -0.158 -9.6
2.385e-05 -0.158 -9.4
2.386e-05 -0.158 -9.4
2.387e-05 -0.158 -9.4
2.388e-05 -0.158 -9.4
2.389e-05 -0.158 -9.6
2.39e-05 -0.156 -9.4
2.391e-05 -0.156 -9.4
2.392e-05 -0.156 -9.4
2.393e-05 -0.156 -9.4
2.394e-05 -0.154 -9.4
2.395e-05 -0.154 -9.2
2.396e-05 -0.154 -9.2
2.397e-05 -0.15 -9.2
2.398e-05 -0.152 -9.2
2.399e-05 -0.15 -9
2.4e-05 -0.15 -9
2.401e-05 -0.15 -9
2.402e-05 -0.148 -8.8
2.403e-05 -0.15 -8.8
2.404e-05 -0.148 -8.8
2.405e-05 -0.146 -8.8
2.406e-05 -0.148 -8.8
2.407e-05 -0.146 -8.6
2.408e-05 -0.146 -8.6
2.409e-05 -0.144 -8.8
2.41e-05 -0.142 -8.6
2.411e-05 -0.142 -8.4
2.412e-05 -0.142 -8.6
2.413e-05 -0.14 -8.6
2.414e-05 -0.14 -8.4
2.415e-05 -0.138 -8.4
2.416e-05 -0.136 -8
2.417e-05 -0.138 -8.2
2.418e-05 -0.134 -8.2
2.419e-05 -0.134 -8
2.42e-05 -0.132 -8
2.421e-05 -0.132 -7.8
2.422e-05 -0.132 -7.8
2.423e-05 -0.13 -7.8
2.424e-05 -0.13 -7.8
2.425e-05 -0.126 -7.8
2.426e-05 -0.126 -7.6
2.427e-05 -0.124 -7.6
2.428e-05 -0.122 -7.6
2.429e-05 -0.122 -7.4
2.43e-05 -0.12 -7.4
2.431e-05 -0.118 -7.2
2.432e-05 -0.118 -7
2.433e-05 -0.116 -7
2.434e-05 -0.114 -7
2.435e-05 -0.114 -6.8
2.436e-05 -0.112 -6.6
2.437e-05 -0.11 -6.6
2.438e-05 -0.108 -6.4
2.439e-05 -0.108 -6.4
2.44e-05 -0.106 -6.4
2.441e-05 -0.106 -6.4
2.442e-05 -0.102 -6.2
2.443e-05 -0.102 -6.2
2.444e-05 -0.1 -6.2
2.445e-05 -0.098 -6
2.446e-05 -0.098 -5.8
2.447e-05 -0.094 -6
2.448e-05 -0.094 -5.6
2.449e-05 -0.092 -5.6
2.45e-05 -0.09 -5.4
2.451e-05 -0.088 -5.4
2.452e-05 -0.086 -5.4
2.453e-05 -0.084 -5.2
2.454e-05 -0.084 -5.2
2.455e-05 -0.082 -5
2.456e-05 -0.08 -4.8
2.457e-05 -0.078 -4.8
2.458e-05 -0.076 -4.6
2.459e-05 -0.074 -4.6
2.46e-05 -0.072 -4.6
2.461e-05 -0.07 -4.4
2.462e-05 -0.07 -4.4
2.463e-05 -0.07 -4.2
2.464e-05 -0.066 -4
2.465e-05 -0.066 -4.2
2.466e-05 -0.062 -3.8
2.467e-05 -0.06 -3.8
2.468e-05 -0.058 -3.8
2.469e-05 -0.058 -3.6
2.47e-05 -0.054 -3.4
2.471e-05 -0.052 -3.2
2.472e-05 -0.05 -3.2
2.473e-05 -0.05 -3
2.474e-05 -0.046 -2.8
2.475e-05 -0.046 -2.8
2.476e-05 -0.044 -2.8
2.477e-05 -0.042 -2.6
2.478e-05 -0.038 -2.6
2.479e-05 -0.038 -2.4
2.48e-05 -0.038 -2.4
2.481e-05 -0.034 -2.4
2.482e-05 -0.032 -2.2
2.483e-05 -0.028 -2
2.484e-05 -0.028 -1.8
2.485e-05 -0.026 -1.8
2.486e-05 -0.022 -1.6
2.487e-05 -0.022 -1.6
2.488e-05 -0.02 -1.4
2.489e-05 -0.018 -1.2
2.49e-05 -0.018 -1.2
2.491e-05 -0.014 -1.2
2.492e-05 -0.012 -0.8
2.493e-05 -0.01 -0.8
2.494e-05 -0.008 -0.8
2.495e-05 -0.006 -0.8
2.496e-05 -0.004 -0.6
2.497e-05 -0.004 -0.6
2.498e-05 0.002 -0.6
2.499e-05 0.004 -0.4
2.5e-05 0.006 0
2.501e-05 0.008 0.2
2.502e-05 0.01 0.2
2.503e-05 0.012 0.4
2.504e-05 0.014 0.4
2.505e-05 0.016 0.6
2.506e-05 0.016 0.8
2.507e-05 0.02 1
2.508e-05 0.02 1
2.509e-05 0.022 1.2
2.51e-05 0.024 1.2
2.511e-05 0.028 1.2
2.512e-05 0.03 1.4
2.513e-05 0.03 1.4
2.514e-05 0.032 1.6
2.515e-05 0.032 1.6
2.516e-05 0.038 1.8
2.517e-05 0.038 2
2.518e-05 0.04 2
2.519e-05 0.044 2
2.52e-05 0.044 2.2
2.521e-05 0.046 2.2
2.522e-05 0.048 2.6
2.523e-05 0.05 2.6
2.524e-05 0.052 2.8
2.525e-05 0.052 2.8
2.526e-05 0.054 3
2.527e-05 0.056 3
2.528e-05 0.06 3
2.529e-05 0.06 3.2
2.53e-05 0.064 3.4
2.531e-05 0.064 3.4
2.532e-05 0.066 3.6
2.533e-05 0.068 3.8
2.534e-05 0.072 3.6
2.535e-05 0.072 3.8
2.536e-05 0.074 3.8
2.537e-05 0.076 4
2.538e-05 0.076 4.2
2.539e-05 0.078 4.2
2.54e-05 0.078 4.4
2.541e-05 0.08 4.6
2.542e-05 0.084 4.6
2.543e-05 0.084 4.6
2.544e-05 0.088 4.8
2.545e-05 0.088 5
2.546e-05 0.088 5
2.547e-05 0.092 5.2
2.548e-05 0.092 5.2
2.549e-05 0.094 5.2
2.55e-05 0.096 5.4
2.551e-05 0.096 5.4
2.552e-05 0.1 5.4
2.553e-05 0.1 5.6
2.554e-05 0.102 5.8
2.555e-05 0.104 5.8
2.556e-05 0.104 5.8
2.557e-05 0.106 6
2.558e-05 0.108 5.8
2.559e-05 0.108 6.2
2.56e-05 0.11 6.2
2.561e-05 0.112 6.2
2.562e-05 0.112 6.2
2.563e-05 0.114 6.6
2.564e-05 0.116 6.6
2.565e-05 0.116 6.6
2.566e-05 0.116 6.6
2.567e-05 0.12 6.8
2.568e-05 0.122 6.8
2.569e-05 0.12 6.6
2.57e-05 0.124 7
2.571e-05 0.124 7
2.572e-05 0.126 7
2.573e-05 0.126 7
2.574e-05 0.128 7.2
2.575e-05 0.128 7.4
2.576e-05 0.128 7.4
2.577e-05 0.13 7.4
2.578e-05 0.132 7.6
2.579e-05 0.132 7.6
2.58e-05 0.132 7.6
2.581e-05 0.134 7.8
2.582e-05 0.136 7.8
2.583e-05 0.136 7.8
2.584e-05 0.138 7.8
2.585e-05 0.138 8
2.586e-05 0.14 8
2.587e-05 0.14 8
2.588e-05 0.14 8.2
2.589e-05 0.142 8
2.59e-05 0.142 8.2
2.591e-05 0.142 8.2
2.592e-05 0.144 8.2
2.593e-05 0.144 8.4
2.594e-05 0.144 8.2
2.595e-05 0.144 8.4
2.596e-05 0.146 8.4
2.597e-05 0.148 8.4
2.598e-05 0.148 8.6
2.599e-05 0.148 8.4
2.6e-05 0.148 8.6
2.601e-05 0.148 8.6
2.602e-05 0.148 8.6
2.603e-05 0.15 8.6
2.604e-05 0.148 8.6
2.605e-05 0.15 8.6
2.606e-05 0.15 8.8
2.607e-05 0.15 8.6
2.608e-05 0.152 8.8
2.609e-05 0.152 8.8
2.61e-05 0.152 8.6
2.611e-05 0.152 8.8
2.612e-05 0.152 9
2.613e-05 0.152 9
2.614e-05 0.152 9
2.615e-05 0.152 9
2.616e-05 0.152 9
2.617e-05 0.152 9
2.618e-05 0.152 9
2.619e-05 0.152 9
2.62e-05 0.152 9
2.621e-05 0.154 8.8
2.622e-05 0.152 9
2.623e-05 0.152 9
2.624e-05 0.152 9
2.625e-05 0.152 9
2.626e-05 0.154 8.8
2.627e-05 0.154 9
2.628e-05 0.152 9
2.629e-05 0.152 9
2.63e-05 0.152 9
2.631e-05 0.15 9
2.632e-05 0.152 9
2.633e-05 0.152 8.6
2.634e-05 0.15 9
2.635e-05 0.15 8.8
2.636e-05 0.148 8.8
2.637e-05 0.148 8.8
2.638e-05 0.15 8.8
2.639e-05 0.148 8.6
2.64e-05 0.148 8.4
2.641e-05 0.148 8.6
2.642e-05 0.148 8.4
2.643e-05 0.148 8.6
2.644e-05 0.146 8.4
2.645e-05 0.146 8.4
2.646e-05 0.146 8.4
2.647e-05 0.144 8.4
2.648e-05 0.144 8.4
2.649e-05 0.142 8.4
2.65e-05 0.142 8.4
2.651e-05 0.142 8.2
2.652e-05 0.14 8.2
2.653e-05 0.14 8.4
2.654e-05 0.14 8.2
2.655e-05 0.14 8.2
2.656e-05 0.14 8.2
2.657e-05 0.136 7.8
2.658e-05 0.136 7.8
2.659e-05 0.136 7.8
2.66e-05 0.134 7.8
2.661e-05 0.132 7.8
2.662e-05 0.132 7.6
2.663e-05 0.132 7.6
2.664e-05 0.128 7.6
2.665e-05 0.132 7.4
2.666e-05 0.128 7.6
2.667e-05 0.126 7.4
2.668e-05 0.126 7.4
2.669e-05 0.124 7.4
2.67e-05 0.124 7.2
2.671e-05 0.124 7.2
2.672e-05 0.12 7
2.673e-05 0.12 7
2.674e-05 0.118 7
2.675e-05 0.116 6.8
2.676e-05 0.116 6.8
2.677e-05 0.116 6.6
2.678e-05 0.116 6.6
2.679e-05 0.112 6.6
2.68e-05 0.112 6.4
2.681e-05 0.11 6.4
2.682e-05 0.108 6.6
2.683e-05 0.108 6.2
2.684e-05 0.108 6.2
2.685e-05 0.104 6
2.686e-05 0.104 6
2.687e-05 0.102 6
2.688e-05 0.1 5.8
2.689e-05 0.1 5.8
2.69e-05 0.098 5.8
2.691e-05 0.094 5.6
2.692e-05 0.094 5.6
2.693e-05 0.092 5.4
2.694e-05 0.092 5.2
2.695e-05 0.088 5.2
2.696e-05 0.086 5
2.697e-05 0.086 5
2.698e-05 0.084 5
2.699e-05 0.084 4.8
2.7e-05 0.08 4.6
2.701e-05 0.08 4.6
2.702e-05 0.078 4.6
2.703e-05 0.076 4.4
2.704e-05 0.076 4.2
2.705e-05 0.072 4.2
2.706e-05 0.072 4.2
2.707e-05 0.07 4
2.708e-05 0.068 3.8
2.709e-05 0.064 3.8
2.71e-05 0.064 3.6
2.711e-05 0.062 3.4
2.712e-05 0.06 3.4
2.713e-05 0.06 3.4
2.714e-05 0.056 3.2
2.715e-05 0.056 3
2.716e-05 0.054 3
2.717e-05 0.048 3
2.718e-05 0.048 2.8
2.719e-05 0.048 2.6
2.72e-05 0.046 2.8
2.721e-05 0.044 2.4
2.722e-05 0.04 2.4
2.723e-05 0.04 2.2
2.724e-05 0.038 2.2
2.725e-05 0.036 2
2.726e-05 0.032 2
2.727e-05 0.032 1.8
2.728e-05 0.03 1.8
2.729e-05 0.028 1.6
2.73e-05 0.028 1.6
2.731e-05 0.024 1.2
2.732e-05 0.022 1.4
2.733e-05 0.02 1.2
2.734e-05 0.018 1
2.735e-05 0.016 0.8
2.736e-05 0.014 0.6
2.737e-05 0.012 0.6
2.738e-05 0.012 0.6
2.739e-05 0.008 0.4
2.74e-05 0.008 0.4
2.741e-05 0.004 0.2
2.742e-05 0.002 0.2
2.743e-05 0 0.2
2.744e-05 0 -0.4
2.745e-05 -0.006 -0.4
2.746e-05 -0.006 -0.6
2.747e-05 -0.01 -0.6
2.748e-05 -0.012 -0.8
2.749e-05 -0.014 -1
2.75e-05 -0.014 -0.8
2.751e-05 -0.018 -1.4
2.752e-05 -0.018 -1.2
2.753e-05 -0.02 -1.4
2.754e-05 -0.022 -1.4
2.755e-05 -0.022 -1.6
2.756e-05 -0.028 -1.6
2.757e-05 -0.028 -1.6
2.758e-05 -0.03 -1.8
2.759e-05 -0.03 -1.8
2.76e-05 -0.036 -2
2.761e-05 -0.036 -2.2
2.762e-05 -0.038 -2.2
2.763e-05 -0.042 -2.4
2.764e-05 -0.042 -2.6
2.765e-05 -0.046 -2.6
2.766e-05 -0.046 -2.8
2.767e-05 -0.046 -3
2.768e-05 -0.05 -3
2.769e-05 -0.05 -3
2.77e-05 -0.054 -3.2
2.771e-05 -0.054 -3.2
2.772e-05 -0.056 -3.4
2.773e-05 -0.06 -3.4
2.774e-05 -0.06 -3.6
2.775e-05 -0.062 -3.8
2.776e-05 -0.062 -3.8
2.777e-05 -0.066 -4
2.778e-05 -0.066 -4
2.779e-05 -0.07 -4
2.78e-05 -0.07 -4.2
2.781e-05 -0.074 -4.4
2.782e-05 -0.076 -4.4
2.783e-05 -0.076 -4.6
2.784e-05 -0.078 -4.6
2.785e-05 -0.082 -5
2.786e-05 -0.082 -4.8
2.787e-05 -0.084 -4.8
2.788e-05 -0.084 -5
2.789e-05 -0.086 -5.2
2.79e-05 -0.09 -5.4
2.791e-05 -0.09 -5.2
2.792e-05 -0.092 -5.4
2.793e-05 -0.094 -5.6
2.794e-05 -0.094 -5.6
2.795e-05 -0.098 -5.8
2.796e-05 -0.1 -5.8
2.797e-05 -0.1 -6
2.798e-05 -0.102 -6
2.799e-05 -0.102 -6.2
2.8e-05 -0.104 -6.2
2.801e-05 -0.106 -6.4
2.802e-05 -0.108 -6.6
2.803e-05 -0.108 -6.6
2.804e-05 -0.11 -6.6
2.805e-05 -0.11 -6.8
2.806e-05 -0.114 -6.8
2.807e-05 -0.114 -7
2.808e-05 -0.116 -6.8
2.809e-05 -0.118 -7
2.81e-05 -0.118 -7
2.811e-05 -0.122 -7.2
2.812e-05 -0.12 -7.2
2.813e-05 -0.122 -7.2
2.814e-05 -0.124 -7.2
2.815e-05 -0.126 -7.6
2.816e-05 -0.126 -7.6
2.817e-05 -0.13 -7.6
2.818e-05 -0.128 -7.8
2.819e-05 -0.132 -7.8
2.82e-05 -0.132 -8
2.821e-05 -0.132 -7.8
2.822e-05 -0.134 -8
2.823e-05 -0.134 -8
2.824e-05 -0.138 -8.2
2.825e-05 -0.138 -8.4
2.826e-05 -0.138 -8.2
2.827e-05 -0.14 -8.2
2.828e-05 -0.14 -8.4
2.829e-05 -0.142 -8.4
2.83e-05 -0.142 -8.4
2.831e-05 -0.142 -8.4
2.832e-05 -0.144 -8.6
2.833e-05 -0.144 -8.6
2.834e-05 -0.146 -8.6
2.835e-05 -0.146 -8.8
2.836e-05 -0.148 -8.8
2.837e-05 -0.148 -8.8
2.838e-05 -0.148 -8.8
2.839e-05 -0.15 -9
2.84e-05 -0.15 -9
2.841e-05 -0.15 -8.8
2.842e-05 -0.15 -9
2.843e-05 -0.15 -9.2
2.844e-05 -0.154 -9.2
2.845e-05 -0.154 -9.2
2.846e-05 -0.154 -9.2
2.847e-05 -0.156 -9.2
2.848e-05 -0.154 -9.2
2.849e-05 -0.156 -9.4
2.85e-05 -0.156 -9.4
2.851e-05 -0.158 -9.4
2.852e-05 -0.158 -9.4
2.853e-05 -0.158 -9.6
2.854e-05 -0.158 -9.4
2.855e-05 -0.158 -9.6
2.856e-05 -0.158 -9.6
2.857e-05 -0.158 -9.6
2.858e-05 -0.158 -9.6
2.859e-05 -0.16 -9.6
2.86e-05 -0.16 -9.6
2.861e-05 -0.162 -9.6
2.862e-05 -0.16 -9.6
2.863e-05 -0.162 -9.6
2.864e-05 -0.162 -9.6
2.865e-05 -0.162 -9.6
2.866e-05 -0.162 -9.6
2.867e-05 -0.162 -9.8
2.868e-05 -0.162 -9.6
2.869e-05 -0.162 -9.6
2.87e-05 -0.162 -9.8
2.871e-05 -0.162 -9.6
2.872e-05 -0.16 -9.6
2.873e-05 -0.162 -9.8
2.874e-05 -0.162 -9.6
2.875e-05 -0.162 -9.6
2.876e-05 -0.16 -9.8
2.877e-05 -0.162 -9.6
2.878e-05 -0.16 -9.6
2.879e-05 -0.16 -9.6
2.88e-05 -0.16 -9.6
2.881e-05 -0.158 -9.4
2.882e-05 -0.158 -9.6
2.883e-05 -0.16 -9.6
2.884e-05 -0.158 -9.6
2.885e-05 -0.158 -9.4
2.886e-05 -0.158 -9.6
2.887e-05 -0.158 -9.4
2.888e-05 -0.158 -9.2
2.889e-05 -0.156 -9.4
2.89e-05 -0.156 -9.4
2.891e-05 -0.156 -9.4
2.892e-05 -0.156 -9.4
2.893e-05 -0.154 -9.4
2.894e-05 -0.154 -9.4
2.895e-05 -0.152 -9
2.896e-05 -0.154 -9.2
2.897e-05 -0.15 -9.2
2.898e-05 -0.15 -9.2
2.899e-05 -0.15 -9
2.9e-05 -0.15 -9
2.901e-05 -0.148 -9
2.902e-05 -0.148 -8.8
2.903e-05 -0.148 -8.6
2.904e-05 -0.148 -8.6
2.905e-05 -0.146 -8.8
2.906e-05 -0.146 -8.6
2.907e-05 -0.144 -8.6
2.908e-05 -0.144 -8.8
2.909e-05 -0.142 -8.6
2.91e-05 -0.142 -8.6
2.911e-05 -0.142 -8.4
2.912e-05 -0.14 -8.4
2.913e-05 -0.14 -8.4
2.914e-05 -0.138 -8.4
2.915e-05 -0.136 -8.2
2.916e-05 -0.134 -8
2.917e-05 -0.134 -8
2.918e-05 -0.134 -7.8
2.919e-05 -0.132 -7.8
2.92e-05 -0.13 -8
2.921e-05 -0.132 -7.8
2.922e-05 -0.128 -7.8
2.923e-05 -0.126 -7.6
2.924e-05 -0.126 -7.8
2.925e-05 -0.126 -7.6
2.926e-05 -0.124 -7.6
2.927e-05 -0.122 -7.4
2.928e-05 -0.122 -7.4
2.929e-05 -0.12 -7.2
2.93e-05 -0.118 -7.2
2.931e-05 -0.118 -7.2
2.932e-05 -0.114 -6.8
2.933e-05 -0.114 -7
2.934e-05 -0.114 -6.8
2.935e-05 -0.11 -6.6
2.936e-05 -0.11 -6.4
2.937e-05 -0.108 -6.6
2.938e-05 -0.108 -6.4
2.939e-05 -0.106 -6.4
2.94e-05 -0.102 -6.2
2.941e-05 -0.102 -6.2
2.942e-05 -0.1 -6.2
2.943e-05 -0.1 -6
2.944e-05 -0.098 -6.2
2.945e-05 -0.096 -5.6
2.946e-05 -0.094 -5.8
2.947e-05 -0.094 -5.6
2.948e-05 -0.092 -5.6
2.949e-05 -0.09 -5.4
2.95e-05 -0.088 -5.4
2.951e-05 -0.086 -5.4
2.952e-05 -0.084 -5.2
2.953e-05 -0.082 -5
2.954e-05 -0.082 -5
2.955e-05 -0.078 -4.8
2.956e-05 -0.078 -4.6
2.957e-05 -0.076 -4.8
2.958e-05 -0.074 -4.4
2.959e-05 -0.074 -4.4
2.96e-05 -0.07 -4.4
2.961e-05 -0.068 -4.4
2.962e-05 -0.068 -4.2
2.963e-05 -0.066 -4
2.964e-05 -0.062 -4
2.965e-05 -0.062 -3.8
2.966e-05 -0.06 -3.8
2.967e-05 -0.058 -3.8
2.968e-05 -0.054 -3.6
2.969e-05 -0.054 -3.4
2.97e-05 -0.054 -3.2
2.971e-05 -0.05 -3.2
2.972e-05 -0.05 -3
2.973e-05 -0.046 -2.8
2.974e-05 -0.044 -3
2.975e-05 -0.044 -2.8
2.976e-05 -0.042 -2.6
2.977e-05 -0.038 -2.6
2.978e-05 -0.036 -2.4
2.979e-05 -0.036 -2.2
2.98e-05 -0.034 -2.4
2.981e-05 -0.03 -2.2
2.982e-05 -0.028 -2
2.983e-05 -0.028 -1.8
2.984e-05 -0.026 -1.8
2.985e-05 -0.022 -1.6
2.986e-05 -0.022 -1.6
2.987e-05 -0.02 -1.4
2.988e-05 -0.018 -1.4
2.989e-05 -0.014 -1.2
2.99e-05 -0.014 -1
2.991e-05 -0.012 -1
2.992e-05 -0.01 -0.8
2.993e-05 -0.008 -0.8
2.994e-05 -0.006 -0.6
2.995e-05 -0.004 -0.6
2.996e-05 0 -0.4
2.997e-05 0.002 -0.4
2.998e-05 0.004 -0.4
2.999e-05 0.004 0
3e-05 0.006 0.2
3.001e-05 0.012 0.4
3.002e-05 0.012 0.4
3.003e-05 0.014 0.4
3.004e-05 0.016 0.6
3.005e-05 0.016 0.6
3.006e-05 0.02 0.8
3.007e-05 0.022 1
3.008e-05 0.024 1
3.009e-05 0.024 1.2
3.01e-05 0.028 1.2
3.011e-05 0.028 1.6
3.012e-05 0.03 1.6
3.013e-05 0.032 1.6
3.014e-05 0.036 1.8
3.015e-05 0.038 1.8
3.016e-05 0.038 2
3.017e-05 0.04 2
3.018e-05 0.044 2
3.019e-05 0.044 2.4
3.02e-05 0.046 2.4
3.021e-05 0.048 2.6
3.022e-05 0.052 2.6
3.023e-05 0.052 2.8
3.024e-05 0.054 2.8
3.025e-05 0.056 3
3.026e-05 0.058 3
3.027e-05 0.06 3.2
3.028e-05 0.062 3.4
3.029e-05 0.064 3.4
3.03e-05 0.064 3.4
3.031e-05 0.066 3.6
3.032e-05 0.068 3.8
3.033e-05 0.07 3.6
3.034e-05 0.072 4
3.035e-05 0.074 3.8
3.036e-05 0.076 4
3.037e-05 0.078 4.2
3.038e-05 0.078 4.2
3.039e-05 0.08 4.4
3.04e-05 0.082 4.6
3.041e-05 0.084 4.8
3.042e-05 0.084 4.8
3.043e-05 0.086 4.8
3.044e-05 0.088 5
3.045e-05 0.09 5
3.046e-05 0.092 5.2
3.047e-05 0.092 5.2
3.048e-05 0.094 5.2
3.049e-05 0.096 5.4
3.05e-05 0.096 5.4
3.051e-05 0.1 5.6
3.052e-05 0.102 5.6
3.053e-05 0.104 5.8
3.054e-05 0.104 5.8
3.055e-05 0.104 6
3.056e-05 0.108 6
3.057e-05 0.108 6
3.058e-05 0.108 6.2
3.059e-05 0.11 6.2
3.06e-05 0.112 6.4
3.061e-05 0.112 6.4
3.062e-05 0.116 6.6
3.063e-05 0.116 6.6
3.064e-05 0.116 6.6
3.065e-05 0.116 6.6
3.066e-05 0.118 6.6
3.067e-05 0.12 6.8
3.068e-05 0.122 6.8
3.069e-05 0.124 6.8
3.07e-05 0.124 7
3.071e-05 0.124 7.2
3.072e-05 0.126 7.2
3.073e-05 0.128 7.2
3.074e-05 0.128 7.4
3.075e-05 0.128 7.4
3.076e-05 0.132 7.4
3.077e-05 0.132 7.6
3.078e-05 0.134 7.6
3.079e-05 0.134 7.8
3.08e-05 0.134 7.6
3.081e-05 0.136 7.8
3.082e-05 0.136 7.8
3.083e-05 0.136 7.8
3.084e-05 0.138 7.8
3.085e-05 0.14 8
3.086e-05 0.14 8
3.087e-05 0.14 8
3.088e-05 0.142 8.2
3.089e-05 0.142 8
3.09e-05 0.144 8.2
3.091e-05 0.142 8.2
3.092e-05 0.144 8.2
3.093e-05 0.144 8.4
3.094e-05 0.146 8.4
3.095e-05 0.146 8.4
3.096e-05 0.148 8.4
3.097e-05 0.148 8.4
3.098e-05 0.148 8.6
3.099e-05 0.148 8.6
3.1e-05 0.148 8.6
3.101e-05 0.148 8.4
3.102e-05 0.15 8.6
3.103e-05 0.15 8.6
3.104e-05 0.15 8.6
3.105e-05 0.15 8.6
3.106e-05 0.152 8.8
3.107e-05 0.15 8.6
3.108e-05 0.15 9
3.109e-05 0.152 8.8
3.11e-05 0.152 8.8
3.111e-05 0.152 9
3.112e-05 0.152 8.8
3.113e-05 0.152 9
3.114e-05 0.152 9
3.115e-05 0.154 9
3.116e-05 0.152 9
3.117e-05 0.154 9
3.118e-05 0.154 9
3.119e-05 0.156 9
3.12e-05 0.152 9
3.121e-05 0.152 9
3.122e-05 0.152 8.8
3.123e-05 0.152 9
3.124e-05 0.152 8.8
3.125e-05 0.152 8.8
3.126e-05 0.152 8.8
3.127e-05 0.152 9
3.128e-05 0.152 9
3.129e-05 0.152 8.8
3.13e-05 0.15 9
3.131e-05 0.152 9
3.132e-05 0.15 8.8
3.133e-05 0.152 9
3.134e-05 0.15 8.8
3.135e-05 0.15 9
3.136e-05 0.15 8.6
3.137e-05 0.148 8.8
3.138e-05 0.148 8.8
3.139e-05 0.148 8.6
3.14e-05 0.148 8.6
3.141e-05 0.148 8.6
3.142e-05 0.148 8.6
3.143e-05 0.148 8.4
3.144e-05 0.148 8.4
3.145e-05 0.144 8.4
3.146e-05 0.144 8.4
3.147e-05 0.144 8.4
3.148e-05 0.142 8.4
3.149e-05 0.142 8.4
3.15e-05 0.142 8.2
3.151e-05 0.14 8.4
3.152e-05 0.14 8.2
3.153e-05 0.14 8.2
3.154e-05 0.136 8.2
3.155e-05 0.138 8
3.156e-05 0.138 8.2
3.157e-05 0.136 7.8
3.158e-05 0.134 7.8
3.159e-05 0.134 7.8
3.16e-05 0.132 7.8
3.161e-05 0.132 7.8
3.162e-05 0.132 7.6
3.163e-05 0.132 7.6
3.164e-05 0.128 7.6
3.165e-05 0.128 7.4
3.166e-05 0.126 7.4
3.167e-05 0.124 7.4
3.168e-05 0.124 7.2
3.169e-05 0.124 7.4
3.17e-05 0.124 7.2
3.171e-05 0.12 7.2
3.172e-05 0.12 7
3.173e-05 0.118 6.8
3.174e-05 0.118 7
3.175e-05 0.116 6.8
3.176e-05 0.116 6.6
3.177e-05 0.114 6.6
3.178e-05 0.112 6.6
3.179e-05 0.11 6.6
3.18e-05 0.11 6.4
3.181e-05 0.108 6.4
3.182e-05 0.106 6.2
3.183e-05 0.104 6.2
3.184e-05 0.104 6
3.185e-05 0.104 6
3.186e-05 0.102 6
3.187e-05 0.1 6
3.188e-05 0.098 5.8
3.189e-05 0.096 5.8
3.19e-05 0.094 5.8
3.191e-05 0.094 5.4
3.192e-05 0.092 5.4
3.193e-05 0.092 5.2
3.194e-05 0.088 5.2
3.195e-05 0.086 5
3.196e-05 0.086 5
3.197e-05 0.084 4.8
3.198e-05 0.084 4.8
3.199e-05 0.08 4.6
3.2e-05 0.078 4.6
3.201e-05 0.078 4.4
3.202e-05 0.076 4.4
3.203e-05 0.074 4.4
3.204e-05 0.072 4.2
3.205e-05 0.07 4.2
3.206e-05 0.07 4
3.207e-05 0.068 4
3.208e-05 0.064 3.6
3.209e-05 0.062 3.8
3.21e-05 0.06 3.6
3.211e-05 0.06 3.4
3.212e-05 0.06 3.4
3.213e-05 0.056 3.4
3.214e-05 0.054 3
3.215e-05 0.052 3
3.216e-05 0.052 2.8
3.217e-05 0.05 2.8
3.218e-05 0.046 2.6
3.219e-05 0.044 2.6
3.22e-05 0.044 2.6
3.221e-05 0.042 2.4
3.222e-05 0.038 2.2
3.223e-05 0.038 2.2
3.224e-05 0.036 2
3.225e-05 0.032 2
3.226e-05 0.032 1.8
3.227e-05 0.03 1.8
3.228e-05 0.028 1.6
3.229e-05 0.026 1.6
3.23e-05 0.024 1.4
3.231e-05 0.022 1.2
3.232e-05 0.02 1.2
3.233e-05 0.018 1
3.234e-05 0.016 0.8
3.235e-05 0.014 1
3.236e-05 0.012 0.6
3.237e-05 0.012 0.6
3.238e-05 0.008 0.4
3.239e-05 0.006 0.4
3.24e-05 0.004 0.2
3.241e-05 0.002 0.2
3.242e-05 0 0
3.243e-05 -0.004 0
3.244e-05 -0.004 -0.6
3.245e-05 -0.006 -0.6
3.246e-05 -0.01 -0.6
3.247e-05 -0.01 -0.8
3.248e-05 -0.012 -0.8
3.249e-05 -0.014 -1
3.25e-05 -0.018 -1
3.251e-05 -0.02 -1.2
3.252e-05 -0.022 -1.4
3.253e-05 -0.022 -1.4
3.254e-05 -0.024 -1.6
3.255e-05 -0.026 -1.4
3.256e-05 -0.028 -1.6
3.257e-05 -0.03 -1.8
3.258e-05 -0.032 -1.8
3.259e-05 -0.036 -2
3.26e-05 -0.036 -2.2
3.261e-05 -0.038 -2.2
3.262e-05 -0.04 -2.4
3.263e-05 -0.042 -2.4
3.264e-05 -0.046 -2.6
3.265e-05 -0.046 -2.8
3.266e-05 -0.048 -2.8
3.267e-05 -0.05 -3.2
3.268e-05 -0.052 -3.2
3.269e-05 -0.054 -3.2
3.27e-05 -0.054 -3.2
3.271e-05 -0.056 -3.4
3.272e-05 -0.058 -3.4
3.273e-05 -0.062 -3.4
3.274e-05 -0.062 -3.6
3.275e-05 -0.066 -3.8
3.276e-05 -0.066 -3.8
3.277e-05 -0.068 -4
3.278e-05 -0.07 -4
3.279e-05 -0.07 -4.2
3.28e-05 -0.074 -4.2
3.281e-05 -0.076 -4.6
3.282e-05 -0.076 -4.6
3.283e-05 -0.078 -4.6
3.284e-05 -0.082 -4.8
3.285e-05 -0.082 -4.8
3.286e-05 -0.084 -5
3.287e-05 -0.086 -5
3.288e-05 -0.088 -5.2
3.289e-05 -0.09 -5.4
3.29e-05 -0.09 -5.4
3.291e-05 -0.092 -5.6
3.292e-05 -0.094 -5.6
3.293e-05 -0.094 -5.6
3.294e-05 -0.098 -5.8
3.295e-05 -0.098 -5.8
3.296e-05 -0.1 -6
3.297e-05 -0.102 -6
3.298e-05 -0.102 -6
3.299e-05 -0.106 -6.4
3.3e-05 -0.106 -6.4
3.301e-05 -0.108 -6.4
3.302e-05 -0.11 -6.6
3.303e-05 -0.11 -6.4
3.304e-05 -0.11 -6.8
3.305e-05 -0.114 -6.8
3.306e-05 -0.116 -6.8
3.307e-05 -0.118 -6.8
3.308e-05 -0.116 -7
3.309e-05 -0.118 -7.2
3.31e-05 -0.12 -7.2
3.311e-05 -0.122 -7.2
3.312e-05 -0.124 -7.2
3.313e-05 -0.126 -7.2
3.314e-05 -0.126 -7.2
3.315e-05 -0.126 -7.6
3.316e-05 -0.128 -7.6
3.317e-05 -0.13 -7.6
3.318e-05 -0.13 -7.8
3.319e-05 -0.132 -7.8
3.32e-05 -0.134 -8
3.321e-05 -0.134 -8
3.322e-05 -0.134 -8.2
3.323e-05 -0.134 -8.2
3.324e-05 -0.138 -8.2
3.325e-05 -0.138 -8.2
3.326e-05 -0.138 -8.4
3.327e-05 -0.14 -8.4
3.328e-05 -0.142 -8.4
3.329e-05 -0.142 -8.4
3.33e-05 -0.142 -8.6
3.331e-05 -0.142 -8.4
3.332e-05 -0.146 -8.6
3.333e-05 -0.146 -8.6
3.334e-05 -0.146 -8.6
3.335e-05 -0.148 -8.8
3.336e-05 -0.148 -8.8
3.337e-05 -0.15 -8.8
3.338e-05 -0.148 -9
3.339e-05 -0.15 -9
3.34e-05 -0.15 -9
3.341e-05 -0.15 -9
3.342e-05 -0.15 -9.2
3.343e-05 -0.154 -9
3.344e-05 -0.154 -9
3.345e-05 -0.154 -9.2
3.346e-05 -0.154 -9.2
3.347e-05 -0.154 -9
3.348e-05 -0.156 -9.2
3.349e-05 -0.156 -9.4
3.35e-05 -0.156 -9.4
3.351e-05 -0.156 -9.2
3.352e-05 -0.158 -9.4
3.353e-05 -0.158 -9.6
3.354e-05 -0.158 -9.6
3.355e-05 -0.158 -9.6
3.356e-05 -0.16 -9.6
3.357e-05 -0.158 -9.4
3.358e-05 -0.16 -9.6
3.359e-05 -0.158 -9.6
3.36e-05 -0.16 -9.6
3.361e-05 -0.158 -9.6
3.362e-05 -0.162 -9.6
3.363e-05 -0.162 -9.8
3.364e-05 -0.162 -9.6
3.365e-05 -0.16 -9.6
3.366e-05 -0.16 -9.6
3.367e-05 -0.162 -9.6
3.368e-05 -0.162 -9.6
3.369e-05 -0.162 -9.6
3.37e-05 -0.162 -10
3.371e-05 -0.162 -9.6
3.372e-05 -0.162 -9.6
3.373e-05 -0.162 -9.8
3.374e-05 -0.162 -9.6
3.375e-05 -0.162 -9.6
3.376e-05 -0.162 -9.6
3.377e-05 -0.162 -9.6
3.378e-05 -0.16 -9.6
3.379e-05 -0.16 -9.6
3.38e-05 -0.16 -9.4
3.381e-05 -0.158 -9.6
3.382e-05 -0.158 -9.4
3.383e-05 -0.158 -9.4
3.384e-05 -0.158 -9.4
3.385e-05 -0.158 -9.4
3.386e-05 -0.156 -9.4
3.387e-05 -0.156 -9.4
3.388e-05 -0.156 -9.4
3.389e-05 -0.156 -9.2
3.39e-05 -0.154 -9.4
3.391e-05 -0.154 -9.2
3.392e-05 -0.154 -9.2
3.393e-05 -0.154 -9.4
3.394e-05 -0.152 -9.2
3.395e-05 -0.152 -9.2
3.396e-05 -0.15 -9.2
3.397e-05 -0.15 -9.2
3.398e-05 -0.15 -9
3.399e-05 -0.15 -8.8
3.4e-05 -0.15 -8.8
3.401e-05 -0.148 -8.8
3.402e-05 -0.148 -8.8
3.403e-05 -0.146 -8.6
3.404e-05 -0.146 -8.6
3.405e-05 -0.146 -8.8
3.406e-05 -0.144 -8.8
3.407e-05 -0.142 -8.6
3.408e-05 -0.142 -8.6
3.409e-05 -0.142 -8.6
3.41e-05 -0.14 -8.4
3.411e-05 -0.14 -8.4
3.412e-05 -0.138 -8.4
3.413e-05 -0.138 -8.2
3.414e-05 -0.138 -8.2
3.415e-05 -0.134 -8
3.416e-05 -0.134 -8
3.417e-05 -0.134 -8
3.418e-05 -0.132 -7.8
3.419e-05 -0.132 -7.8
3.42e-05 -0.13 -7.8
3.421e-05 -0.13 -7.6
3.422e-05 -0.126 -7.6
3.423e-05 -0.126 -7.6
3.424e-05 -0.124 -7.6
3.425e-05 -0.122 -7.4
3.426e-05 -0.122 -7.4
3.427e-05 -0.122 -7.4
3.428e-05 -0.118 -7.2
3.429e-05 -0.118 -7.2
3.43e-05 -0.116 -7
3.431e-05 -0.114 -7.2
3.432e-05 -0.114 -7
3.433e-05 -0.112 -6.8
3.434e-05 -0.11 -6.8
3.435e-05 -0.11 -6.4
3.436e-05 -0.108 -6.4
3.437e-05 -0.106 -6.4
3.438e-05 -0.106 -6.4
3.439e-05 -0.104 -6.2
3.44e-05 -0.102 -6
3.441e-05 -0.102 -6.2
3.442e-05 -0.1 -6
3.443e-05 -0.098 -5.8
3.444e-05 -0.094 -5.8
3.445e-05 -0.094 -5.8
3.446e-05 -0.092 -5.6
3.447e-05 -0.09 -5.6
3.448e-05 -0.09 -5.6
3.449e-05 -0.088 -5.4
3.45e-05 -0.086 -5.2
3.451e-05 -0.086 -5.2
3.452e-05 -0.082 -5.2
3.453e-05 -0.082 -4.8
3.454e-05 -0.078 -5
3.455e-05 -0.078 -4.6
3.456e-05 -0.076 -4.6
3.457e-05 -0.074 -4.6
3.458e-05 -0.072 -4.4
3.459e-05 -0.07 -4.4
3.46e-05 -0.068 -4.2
3.461e-05 -0.068 -4
3.462e-05 -0.066 -4
3.463e-05 -0.062 -4
3.464e-05 -0.06 -4
3.465e-05 -0.06 -3.8
3.466e-05 -0.058 -3.6
3.467e-05 -0.054 -3.4
3.468e-05 -0.054 -3.2
3.469e-05 -0.052 -3.2
3.47e-05 -0.05 -3.2
3.471e-05 -0.048 -3
3.472e-05 -0.046 -3
3.473e-05 -0.044 -2.8
3.474e-05 -0.042 -2.8
3.475e-05 -0.04 -2.6
3.476e-05 -0.038 -2.4
3.477e-05 -0.038 -2.4
3.478e-05 -0.036 -2.2
3.479e-05 -0.034 -2.2
3.48e-05 -0.03 -2.2
3.481e-05 -0.028 -1.8
3.482e-05 -0.026 -2
3.483e-05 -0.024 -1.8
3.484e-05 -0.022 -1.6
3.485e-05 -0.022 -1.4
3.486e-05 -0.02 -1.4
3.487e-05 -0.014 -1.4
3.488e-05 -0.014 -1.4
3.489e-05 -0.014 -1
3.49e-05 -0.012 -0.8
3.491e-05 -0.01 -0.8
3.492e-05 -0.006 -0.8
3.493e-05 -0.006 -0.6
3.494e-05 -0.004 -0.6
3.495e-05 0 -0.4
3.496e-05 0.002 -0.4
3.497e-05 0.004 0
3.498e-05 0.006 -0.4
3.499e-05 0.008 0.2
3.5e-05 0.012 0.2
3.501e-05 0.012 0.4
3.502e-05 0.014 0.4
3.503e-05 0.014 0.6
3.504e-05 0.02 0.8
3.505e-05 0.02 1
3.506e-05 0.022 1
3.507e-05 0.024 1
3.508e-05 0.026 1.2
3.509e-05 0.028 1.2
3.51e-05 0.03 1.4
3.511e-05 0.03 1.6
3.512e-05 0.032 1.6
3.513e-05 0.036 1.8
3.514e-05 0.036 1.8
3.515e-05 0.04 2
3.516e-05 0.04 2
3.517e-05 0.044 2
3.518e-05 0.046 2.2
3.519e-05 0.048 2.4
3.52e-05 0.048 2.6
3.521e-05 0.05 2.6
3.522e-05 0.052 2.8
3.523e-05 0.054 2.8
3.524e-05 0.056 3
3.525e-05 0.06 3
3.526e-05 0.06 3.2
3.527e-05 0.062 3.4
3.528e-05 0.064 3.4
3.529e-05 0.064 3.6
3.53e-05 0.068 3.6
3.531e-05 0.068 3.8
3.532e-05 0.07 3.8
3.533e-05 0.072 3.6
3.534e-05 0.074 4
3.535e-05 0.076 4.2
3.536e-05 0.078 4.2
3.537e-05 0.08 4.4
3.538e-05 0.08 4.2
3.539e-05 0.084 4.4
3.54e-05 0.084 4.6
3.541e-05 0.086 4.6
3.542e-05 0.086 5
3.543e-05 0.088 5
3.544e-05 0.092 5
3.545e-05 0.092 5.2
3.546e-05 0.094 5.2
3.547e-05 0.094 5.2
3.548e-05 0.096 5.4
3.549e-05 0.1 5.4
3.55e-05 0.1 5.4
3.551e-05 0.1 5.6
3.552e-05 0.102 5.6
3.553e-05 0.104 5.8
3.554e-05 0.104 5.8
3.555e-05 0.108 6
3.556e-05 0.108 6
3.557e-05 0.11 6.2
3.558e-05 0.11 6.2
3.559e-05 0.112 6.4
3.56e-05 0.116 6.6
3.561e-05 0.116 6.6
3.562e-05 0.116 6.6
3.563e-05 0.118 6.6
3.564e-05 0.12 6.8
3.565e-05 0.12 6.8
3.566e-05 0.122 6.8
3.567e-05 0.124 7
3.568e-05 0.124 7
3.569e-05 0.124 7
3.57e-05 0.126 7.2
3.571e-05 0.126 7.2
3.572e-05 0.128 7.2
3.573e-05 0.128 7.2
3.574e-05 0.132 7.4
3.575e-05 0.132 7.6
3.576e-05 0.132 7.4
3.577e-05 0.134 7.6
3.578e-05 0.134 7.8
3.579e-05 0.134 7.8
3.58e-05 0.134 7.8
3.581e-05 0.136 7.8
3.582e-05 0.138 7.8
3.583e-05 0.14 8
3.584e-05 0.14 8
3.585e-05 0.14 8
3.586e-05 0.142 8
3.587e-05 0.142 8
3.588e-05 0.142 8
3.589e-05 0.144 8.2
3.59e-05 0.144 8.2
3.591e-05 0.144 8.2
3.592e-05 0.146 8.4
3.593e-05 0.146 8.2
3.594e-05 0.144 8.4
3.595e-05 0.148 8.6
3.596e-05 0.148 8.6
3.597e-05 0.148 8.6
3.598e-05 0.148 8.8
3.599e-05 0.148 8.6
3.6e-05 0.148 8.6
3.601e-05 0.15 8.6
3.602e-05 0.15 8.6
3.603e-05 0.152 8.6
3.604e-05 0.15 8.6
3.605e-05 0.152 8.8
3.606e-05 0.152 8.8
3.607e-05 0.152 8.8
3.608e-05 0.152 8.8
3.609e-05 0.152 8.8
3.61e-05 0.152 8.8
3.611e-05 0.152 8.8
3.612e-05 0.152 9
3.613e-05 0.152 9
3.614e-05 0.154 9
3.615e-05 0.154 9
3.616e-05 0.152 9
3.617e-05 0.154 9
3.618e-05 0.156 9
3.619e-05 0.152 9
3.62e-05 0.152 9
3.621e-05 0.152 9
3.622e-05 0.152 8.8
3.623e-05 0.156 9
3.624e-05 0.152 8.8
3.625e-05 0.152 8.8
3.626e-05 0.152 9
3.627e-05 0.152 9
3.628e-05 0.152 9
3.629e-05 0.152 8.8
3.63e-05 0.152 9
3.631e-05 0.15 9
3.632e-05 0.15 8.8
3.633e-05 0.15 8.8
3.634e-05 0.15 9
3.635e-05 0.15 8.8
3.636e-05 0.15 8.8
3.637e-05 0.148 8.6
3.638e-05 0.148 8.8
3.639e-05 0.148 8.6
3.64e-05 0.148 8.4
3.641e-05 0.148 8.4
3.642e-05 0.148 8.6
3.643e-05 0.146 8.4
3.644e-05 0.146 8.4
3.645e-05 0.144 8.4
3.646e-05 0.144 8.6
3.647e-05 0.144 8.4
3.648e-05 0.142 8.2
3.649e-05 0.14 8.4
3.65e-05 0.14 8.2
3.651e-05 0.14 8.4
3.652e-05 0.14 8.2
3.653e-05 0.14 8.2
3.654e-05 0.138 8.2
3.655e-05 0.136 8
3.656e-05 0.136 8
3.657e-05 0.134 7.8
3.658e-05 0.134 7.8
3.659e-05 0.132 7.8
3.66e-05 0.134 7.6
3.661e-05 0.132 7.6
3.662e-05 0.13 7.6
3.663e-05 0.128 7.6
3.664e-05 0.128 7.4
3.665e-05 0.126 7.4
3.666e-05 0.124 7.4
3.667e-05 0.124 7.2
3.668e-05 0.124 7.2
3.669e-05 0.124 7.4
3.67e-05 0.12 7
3.671e-05 0.12 7
3.672e-05 0.12 7
3.673e-05 0.118 6.8
3.674e-05 0.116 6.8
3.675e-05 0.116 6.8
3.676e-05 0.112 6.8
3.677e-05 0.112 6.6
3.678e-05 0.11 6.6
3.679e-05 0.11 6.4
3.68e-05 0.108 6.2
3.681e-05 0.108 6.2
3.682e-05 0.104 6.2
3.683e-05 0.104 6
3.684e-05 0.102 6
3.685e-05 0.102 6
3.686e-05 0.1 6
3.687e-05 0.098 5.8
3.688e-05 0.096 5.6
3.689e-05 0.094 5.6
3.69e-05 0.094 5.6
3.691e-05 0.092 5.2
3.692e-05 0.092 5.2
3.693e-05 0.088 5
3.694e-05 0.088 5
3.695e-05 0.086 5
3.696e-05 0.084 5
3.697e-05 0.084 4.8
3.698e-05 0.082 4.8
3.699e-05 0.08 4.6
3.7e-05 0.078 4.4
3.701e-05 0.076 4.4
3.702e-05 0.074 4.4
3.703e-05 0.072 4.2
3.704e-05 0.07 4
3.705e-05 0.068 3.8
3.706e-05 0.068 3.8
3.707e-05 0.066 3.8
3.708e-05 0.062 3.8
3.709e-05 0.06 3.6
3.71e-05 0.06 3.4
3.711e-05 0.06 3.2
3.712e-05 0.056 3.4
3.713e-05 0.054 3.2
3.714e-05 0.052 3
3.715e-05 0.052 2.8
3.716e-05 0.05 2.8
3.717e-05 0.046 2.6
3.718e-05 0.046 2.4
3.719e-05 0.044 2.6
3.72e-05 0.04 2.4
3.721e-05 0.04 2.2
3.722e-05 0.036 2.2
3.723e-05 0.036 2
3.724e-05 0.032 2
3.725e-05 0.032 1.8
3.726e-05 0.03 1.6
3.727e-05 0.028 1.6
3.728e-05 0.026 1.4
3.729e-05 0.022 1.4
3.73e-05 0.022 1.2
3.731e-05 0.02 1
3.732e-05 0.018 1
3.733e-05 0.016 0.8
3.734e-05 0.014 0.6
3.735e-05 0.012 0.6
3.736e-05 0.01 0.4
3.737e-05 0.008 0.6
3.738e-05 0.006 0.4
3.739e-05 0.004 0.2
3.74e-05 0.004 0.2
3.741e-05 0 0
3.742e-05 -0.004 -0.4
3.743e-05 -0.006 -0.4
3.744e-05 -0.006 -0.6
3.745e-05 -0.01 -0.6
3.746e-05 -0.012 -0.8
3.747e-05 -0.014 -1
3.748e-05 -0.014 -1
3.749e-05 -0.018 -1.2
3.75e-05 -0.018 -1.2
3.751e-05 -0.022 -1.4
3.752e-05 -0.022 -1.4
3.753e-05 -0.024 -1.6
3.754e-05 -0.026 -1.8
3.755e-05 -0.03 -1.8
3.756e-05 -0.03 -1.8
3.757e-05 -0.032 -1.8
3.758e-05 -0.036 -2
3.759e-05 -0.038 -2.2
3.76e-05 -0.038 -2.2
3.761e-05 -0.04 -2.4
3.762e-05 -0.042 -2.4
3.763e-05 -0.044 -2.6
3.764e-05 -0.046 -2.8
3.765e-05 -0.048 -3
3.766e-05 -0.05 -3
3.767e-05 -0.052 -3.2
3.768e-05 -0.054 -3.2
3.769e-05 -0.054 -3.2
3.77e-05 -0.058 -3.4
3.771e-05 -0.06 -3.6
3.772e-05 -0.06 -3.6
3.773e-05 -0.062 -3.6
3.774e-05 -0.062 -3.8
3.775e-05 -0.068 -4
3.776e-05 -0.068 -4
3.777e-05 -0.07 -4
3.778e-05 -0.07 -4.2
3.779e-05 -0.074 -4.4
3.78e-05 -0.076 -4.4
3.781e-05 -0.076 -4.6
3.782e-05 -0.078 -4.8
3.783e-05 -0.082 -4.8
3.784e-05 -0.082 -4.8
3.785e-05 -0.084 -5
3.786e-05 -0.086 -5.2
3.787e-05 -0.086 -5.2
3.788e-05 -0.09 -5.2
3.789e-05 -0.09 -5.4
3.79e-05 -0.092 -5.4
3.791e-05 -0.094 -5.6
3.792e-05 -0.094 -5.8
3.793e-05 -0.098 -6
3.794e-05 -0.098 -5.8
3.795e-05 -0.102 -5.8
3.796e-05 -0.102 -6
3.797e-05 -0.104 -6.2
3.798e-05 -0.106 -6.2
3.799e-05 -0.106 -6.4
3.8e-05 -0.108 -6.4
3.801e-05 -0.11 -6.4
3.802e-05 -0.11 -6.6
3.803e-05 -0.112 -6.6
3.804e-05 -0.114 -6.8
3.805e-05 -0.116 -7
3.806e-05 -0.116 -7
3.807e-05 -0.118 -7
3.808e-05 -0.118 -7.2
3.809e-05 -0.122 -7.2
3.81e-05 -0.122 -7.2
3.811e-05 -0.124 -7.2
3.812e-05 -0.124 -7.4
3.813e-05 -0.126 -7.4
3.814e-05 -0.128 -7.4
3.815e-05 -0.13 -7.6
3.816e-05 -0.13 -7.8
3.817e-05 -0.132 -7.8
3.818e-05 -0.132 -7.8
3.819e-05 -0.134 -8
3.82e-05 -0.134 -8
3.821e-05 -0.134 -8
3.822e-05 -0.136 -8.2
3.823e-05 -0.138 -8.2
3.824e-05 -0.138 -8.2
3.825e-05 -0.14 -8.4
3.826e-05 -0.14 -8.4
3.827e-05 -0.142 -8.4
3.828e-05 -0.142 -8.6
3.829e-05 -0.142 -8.4
3.83e-05 -0.144 -8.6
3.831e-05 -0.146 -8.6
3.832e-05 -0.146 -8.6
3.833e-05 -0.148 -8.6
3.834e-05 -0.148 -8.8
3.835e-05 -0.148 -8.8
3.836e-05 -0.15 -8.8
3.837e-05 -0.148 -8.8
3.838e-05 -0.15 -9
3.839e-05 -0.15 -9.2
3.84e-05 -0.15 -9
3.841e-05 -0.154 -9.2
3.842e-05 -0.154 -9.2
3.843e-05 -0.152 -9.2
3.844e-05 -0.154 -9.2
3.845e-05 -0.154 -9.2
3.846e-05 -0.156 -9.4
3.847e-05 -0.156 -9.4
3.848e-05 -0.156 -9.2
3.849e-05 -0.158 -9.4
3.85e-05 -0.156 -9.4
3.851e-05 -0.158 -9.4
3.852e-05 -0.158 -9.4
3.853e-05 -0.158 -9.6
3.854e-05 -0.158 -9.4
3.855e-05 -0.16 -9.6
3.856e-05 -0.158 -9.6
3.857e-05 -0.16 -9.6
3.858e-05 -0.158 -9.4
3.859e-05 -0.16 -9.6
3.86e-05 -0.162 -9.6
3.861e-05 -0.162 -9.6
3.862e-05 -0.162 -9.6
3.863e-05 -0.16 -9.6
3.864e-05 -0.162 -9.6
3.865e-05 -0.162 -9.6
3.866e-05 -0.16 -9.6
3.867e-05 -0.16 -9.6
3.868e-05 -0.162 -9.6
3.869e-05 -0.162 -9.6
3.87e-05 -0.162 -9.6
3.871e-05 -0.16 -9.6
3.872e-05 -0.16 -9.6
3.873e-05 -0.162 -9.8
3.874e-05 -0.16 -9.6
3.875e-05 -0.162 -9.6
3.876e-05 -0.162 -9.6
3.877e-05 -0.158 -9.6
3.878e-05 -0.16 -9.6
3.879e-05 -0.158 -9.6
3.88e-05 -0.158 -9.4
3.881e-05 -0.158 -9.6
3.882e-05 -0.158 -9.4
3.883e-05 -0.158 -9.6
3.884e-05 -0.158 -9.4
3.885e-05 -0.156 -9.4
3.886e-05 -0.158 -9.2
3.887e-05 -0.156 -9.4
3.888e-05 -0.156 -9.2
3.889e-05 -0.154 -9.4
3.89e-05 -0.154 -9.4
3.891e-05 -0.154 -9.4
3.892e-05 -0.154 -9.2
3.893e-05 -0.154 -9.2
3.894e-05 -0.154 -9.4
3.895e-05 -0.152 -9
3.896e-05 -0.15 -9.2
3.897e-05 -0.15 -9
3.898e-05 -0.148 -9
3.899e-05 -0.148 -8.8
3.9e-05 -0.148 -8.8
3.901e-05 -0.148 -8.8
3.902e-05 -0.146 -8.6
3.903e-05 -0.146 -8.6
3.904e-05 -0.146 -8.6
3.905e-05 -0.142 -8.6
3.906e-05 -0.142 -8.6
3.907e-05 -0.142 -8.6
3.908e-05 -0.142 -8.6
3.909e-05 -0.14 -8.6
3.91e-05 -0.14 -8.4
3.911e-05 -0.14 -8.4
3.912e-05 -0.138 -8.2
3.913e-05 -0.136 -8.4
3.914e-05 -0.134 -8
3.915e-05 -0.134 -8
3.916e-05 -0.132 -8
3.917e-05 -0.132 -7.8
3.918e-05 -0.13 -7.8
3.919e-05 -0.13 -7.8
3.92e-05 -0.126 -7.8
3.921e-05 -0.126 -7.6
3.922e-05 -0.126 -7.6
3.923e-05 -0.124 -7.6
3.924e-05 -0.124 -7.6
3.925e-05 -0.122 -7.4
3.926e-05 -0.12 -7.2
3.927e-05 -0.118 -7.2
3.928e-05 -0.118 -7.2
3.929e-05 -0.118 -7.2
3.93e-05 -0.114 -7
3.931e-05 -0.114 -7
3.932e-05 -0.11 -6.8
3.933e-05 -0.11 -6.6
3.934e-05 -0.108 -6.6
3.935e-05 -0.108 -6.4
3.936e-05 -0.106 -6.4
3.937e-05 -0.106 -6.4
3.938e-05 -0.102 -6.2
3.939e-05 -0.102 -6.2
3.94e-05 -0.102 -6
3.941e-05 -0.098 -6
3.942e-05 -0.098 -6
3.943e-05 -0.094 -5.8
3.944e-05 -0.094 -5.8
3.945e-05 -0.092 -5.6
3.946e-05 -0.09 -5.6
3.947e-05 -0.09 -5.6
3.948e-05 -0.088 -5.4
3.949e-05 -0.086 -5.2
3.95e-05 -0.084 -5.2
3.951e-05 -0.082 -5
3.952e-05 -0.082 -5
3.953e-05 -0.078 -4.8
3.954e-05 -0.076 -4.8
3.955e-05 -0.074 -4.6
3.956e-05 -0.074 -4.4
3.957e-05 -0.07 -4.6
3.958e-05 -0.07 -4.2
3.959e-05 -0.068 -4.2
3.96e-05 -0.066 -4.2
3.961e-05 -0.066 -4
3.962e-05 -0.062 -4
3.963e-05 -0.06 -3.8
3.964e-05 -0.06 -3.8
3.965e-05 -0.058 -3.6
3.966e-05 -0.054 -3.4
3.967e-05 -0.054 -3.4
3.968e-05 -0.052 -3.2
3.969e-05 -0.05 -3.2
3.97e-05 -0.046 -3
3.971e-05 -0.046 -3
3.972e-05 -0.044 -2.8
3.973e-05 -0.042 -2.6
3.974e-05 -0.04 -2.4
3.975e-05 -0.038 -2.6
3.976e-05 -0.036 -2.2
3.977e-05 -0.036 -2.4
3.978e-05 -0.034 -2.2
3.979e-05 -0.03 -2
3.98e-05 -0.028 -2
3.981e-05 -0.026 -1.8
3.982e-05 -0.024 -1.6
3.983e-05 -0.022 -1.6
3.984e-05 -0.02 -1.6
3.985e-05 -0.018 -1.4
3.986e-05 -0.018 -1.2
3.987e-05 -0.014 -1.2
3.988e-05 -0.014 -1.2
3.989e-05 -0.012 -0.8
3.99e-05 -0.008 -0.8
3.991e-05 -0.006 -0.8
3.992e-05 -0.006 -0.6
3.993e-05 0 -0.6
3.994e-05 0 -0.4
3.995e-05 0.004 -0.4
3.996e-05 0.006 0
3.997e-05 0.006 0.2
3.998e-05 0.008 0
3.999e-05 0.012 0.2
