0 0.004 0.008 0.08 0.08
1e-06 0.008 0.008 0.04 0
2e-06 0.008 0 0.08 0
3e-06 0.008 0.008 0.08 0.08
4e-06 0.008 0.008 0.08 0.08
5e-06 0.004 0.008 0.08 0.08
6e-06 0.008 0.008 0.08 0
7e-06 0.012 0.008 0.08 0.08
8e-06 0.008 0.016 0.04 0.08
9e-06 0.008 0.008 0.04 0.08
1e-05 0.008 0.008 0.08 0.08
1.1e-05 0.008 0.008 0.04 0.08
1.2e-05 0.008 0.008 0.08 0.08
1.3e-05 0.012 0.008 0.08 0.08
1.4e-05 0.008 0.008 0.04 0.16
1.5e-05 0.004 0.008 0.08 0.08
1.6e-05 0.008 0.008 0.08 0.08
1.7e-05 0.008 0 0.04 0.16
1.8e-05 0.004 0.008 0.08 0.16
1.9e-05 0.008 0.008 0.08 0.08
2e-05 0.008 0.008 0.08 0
2.1e-05 0.012 0.008 0.08 0.08
2.2e-05 0.008 0.008 0.08 0.16
2.3e-05 0.004 0.008 0.12 0.08
2.4e-05 0.008 0.008 0.08 0.08
2.5e-05 0.008 0.008 0.08 0
2.6e-05 0.008 0.008 0.08 0.16
2.7e-05 0.008 0.008 0.04 0.08
2.8e-05 0.008 0.008 0.08 0.08
2.9e-05 0.008 0 0.08 0
3e-05 0.004 0 0.08 0.08
3.1e-05 0.004 0.008 0.04 0
3.2e-05 0.008 0.008 0.08 0.08
3.3e-05 0.008 0.008 0.08 0.08
3.4e-05 0.008 0.008 0.08 0.08
3.5e-05 0.012 0.008 0.08 0.08
3.6e-05 0.004 0 0.08 0.08
3.7e-05 0.004 0 0.08 0.08
3.8e-05 0.004 0 0.08 0.08
3.9e-05 0.008 0.008 0.08 0.16
4e-05 0.008 0 0.08 0
4.1e-05 0.008 0.008 0.08 0.16
4.2e-05 0.008 0.008 0.04 0.08
4.3e-05 0.008 0.008 0.08 0.08
4.4e-05 0.012 0.008 0.08 0.08
4.5e-05 0.004 0 0.08 0.08
4.6e-05 0.008 0.008 0.08 0
4.7e-05 0 0.008 0.04 0.08
4.8e-05 0.008 0.008 0.08 0.08
4.9e-05 0.004 0.008 0.08 0.08
5e-05 0.008 0.008 0.08 0.16
5.1e-05 0.012 0.008 0.12 0.08
5.2e-05 0.004 0.008 0.08 0.08
5.3e-05 0.008 0.008 0.08 0.08
5.4e-05 0.008 0.008 0.04 0.08
5.5e-05 0.008 0.008 0.04 0
5.6e-05 0.008 0.008 0.08 0.08
5.7e-05 0.008 0.016 0.08 0
5.8e-05 0.008 0.008 0.08 0.08
5.9e-05 0.008 0.008 0.08 0.16
6e-05 0.008 0.008 0.08 0.08
6.1e-05 0.004 0.008 0.04 0.08
6.2e-05 0.008 0 0.08 0.08
6.3e-05 0.008 0.016 0.08 0.08
6.4e-05 0.008 0.008 0.08 0.08
6.5e-05 0.008 0 0.08 0.08
6.6e-05 0.008 0.008 0.04 0.08
6.7e-05 0.008 0.008 0.08 0.08
6.8e-05 0.008 0 0.08 0.08
6.9e-05 0.004 0.008 0.08 0.08
7e-05 0.004 0.008 0.08 0.16
7.1e-05 0.004 0.008 0.04 0.08
7.2e-05 0.008 0.008 0.08 0
7.3e-05 0.008 0.008 0.04 0
7.4e-05 0.004 0.008 0.04 0.08
7.5e-05 0.008 0.008 0.04 0.08
7.6e-05 0.004 0.008 0.08 0.08
7.7e-05 0.008 0.008 0.04 0
7.8e-05 0.008 0.008 0.08 0.08
7.9e-05 0.004 0.008 0.08 0.08
8e-05 0.008 0.008 0.08 0.16
8.1e-05 0.008 0 0.08 0.08
8.2e-05 0.004 0.008 0.08 0.08
8.3e-05 0.008 0.008 0.08 0.08
8.4e-05 0.008 0.008 0.04 0.08
8.5e-05 0.008 0.008 0.04 0.08
8.6e-05 0.008 0.008 0.04 0
8.7e-05 0.012 0.008 0.04 0.08
8.8e-05 0.008 0.008 0.08 0.08
8.9e-05 0.008 0.016 0.08 0.08
9e-05 0.008 0.008 0.04 0.08
9.1e-05 0.008 0.008 0.04 0.08
9.2e-05 0.008 0.008 0.08 0
9.3e-05 0.004 0.008 0.08 0.08
9.4e-05 0.008 0.008 0.08 0.08
9.5e-05 0.004 0.008 0.08 0.08
9.6e-05 0.008 0.008 0.08 0.08
9.7e-05 0.004 0 0.08 0
9.8e-05 0.004 0.008 0.08 0.08
9.9e-05 0.004 0.016 0.08 0.08
0.0001 0.008 0.008 0.04 0.08
0.000101 0.008 0.008 0.04 0.08
0.000102 0.004 0.008 0.08 0.08
0.000103 0.008 0.008 0.08 0.08
0.000104 0.008 0.008 0.04 0
0.000105 0.004 0.008 0.08 0
0.000106 0.008 0.008 0.08 0
0.000107 0.004 0.008 0.08 0.08
0.000108 0.008 0.008 0.08 0
0.000109 0.004 0.008 0.04 0.08
0.00011 0.008 0.008 0.08 0.08
0.000111 0.008 0.016 0.08 0
0.000112 0.004 0 0.08 0.08
0.000113 0.008 0 0.08 0.08
0.000114 0.004 0.008 0.04 0.16
0.000115 0.008 0.008 0.04 0.08
0.000116 0.004 0.008 0.04 0.08
0.000117 0.008 0.008 0.04 0.08
0.000118 0.008 0.008 0.08 0.08
0.000119 0.008 0.008 0.04 0.08
0.00012 0.008 0.008 0.12 0.08
0.000121 0.008 0.016 0.08 0.08
0.000122 0.008 0.008 0.08 0.08
0.000123 0.008 0.008 0.08 0.08
0.000124 0.008 0.008 0.04 0.08
0.000125 0.004 0.008 0.08 0.08
0.000126 0.008 0.008 0.08 0.08
0.000127 0.008 0.008 0.08 0.08
0.000128 0.008 0.056 0.16 0.16
0.000129 0.004 0.016 0.08 0.08
0.00013 0.008 0.016 0.08 0.08
0.000131 0.008 0.008 0.08 0
0.000132 0.004 0.008 0.04 0.08
0.000133 0.008 0.008 0.04 0
0.000134 0.008 0.008 0.04 0.08
0.000135 0.008 0.008 0 0
0.000136 0.008 0.008 0.04 0.16
0.000137 0.004 0.008 0 0.08
0.000138 0.008 0.008 0.04 0.08
0.000139 0.008 0.008 0 0.16
0.00014 0.004 -0.056 0.04 0
0.000141 0.008 0.488 0 0.08
0.000142 0.008 0.512 0.04 0.08
0.000143 0.008 0.544 0.04 0.08
0.000144 0.008 0.528 0.04 0.08
0.000145 0.008 0.504 0 0.08
0.000146 0.008 0.512 0.08 0.16
0.000147 0.008 0.536 0.04 0.08
0.000148 0.004 0.536 0.04 0.08
0.000149 0.004 0.512 0.08 0.08
0.00015 0.004 0.512 0.04 0.08
0.000151 0.008 0.536 0.04 0.08
0.000152 0.008 0.552 0.08 0.08
0.000153 0.004 0.064 0.24 0.16
0.000154 0.008 0.016 0.04 0.08
0.000155 0.004 0.016 0.08 0.08
0.000156 0.008 0.016 0.08 0.08
0.000157 0.008 0.008 0.12 0.08
0.000158 0.004 0.008 0.16 0.08
0.000159 0.008 0.016 0.16 0.08
0.00016 0.008 0.016 0.12 0.08
0.000161 0.008 0.008 0.12 0.16
0.000162 0.008 0.016 0.12 0.08
0.000163 0.008 0.008 0.2 0.08
0.000164 0.004 0.008 0.16 0.08
0.000165 0.008 0.128 0.2 0.16
0.000166 0.008 0.472 0.16 0.08
0.000167 0.004 0.512 0.12 0.16
0.000168 0.008 0.544 0.16 0.08
0.000169 0.008 0.52 0.16 0.16
0.00017 0.008 0.496 0.2 0.08
0.000171 0.008 0.504 0.16 0.08
0.000172 0.004 0.536 0.12 0.16
0.000173 0.008 0.52 0.12 0.08
0.000174 0.008 0.504 0.08 0.08
0.000175 0.012 0.52 0.12 0.08
0.000176 0.008 0.544 0.08 0.08
0.000177 0.008 0.544 0.08 0.08
0.000178 0.012 0.056 0.12 0.08
0.000179 0.012 0.016 0 0.08
0.00018 0.004 0.016 0.04 0.08
0.000181 0.008 0.008 0.08 0.08
0.000182 0.012 0.008 0.04 0.08
0.000183 0.004 0.008 0.04 0.08
0.000184 0.008 0.008 0.04 0
0.000185 0.008 0.016 0.04 0.08
0.000186 0.004 0.008 0.04 0.08
0.000187 0.008 0.008 0 0.08
0.000188 0.008 0.008 0.04 0.08
0.000189 0.008 0.008 0.04 0.08
0.00019 0.012 0.28 0 0.08
0.000191 0.004 0.48 0 0.08
0.000192 0.008 0.52 0.04 0.08
0.000193 0.008 0.544 0 0
0.000194 0.008 0.52 0.04 0.08
0.000195 0.012 0.488 0.04 0.08
0.000196 0.004 0.504 0.04 0.08
0.000197 0.008 0.544 0.04 0.08
0.000198 0.004 0.52 0.04 0.16
0.000199 0.008 0.496 0.08 0.08
0.0002 0.008 0.52 0.04 0.08
0.000201 0.008 0.552 0.08 0.08
0.000202 0.008 0.536 0.08 0.16
0.000203 0.008 0.04 -0.04 0.08
0.000204 0.008 0.016 0.04 0.08
0.000205 0.008 0.016 0.08 0.08
0.000206 0.008 0.008 0.04 0.08
0.000207 0.008 0.008 0.08 0
0.000208 0.008 0.016 0.08 0.16
0.000209 0.008 0.008 0.08 0.08
0.00021 0.008 0.016 0.12 0.08
0.000211 0.004 0.008 0.08 0.08
0.000212 0.004 0.016 0.12 0.08
0.000213 0.008 0.008 0.12 0.08
0.000214 0.008 0.008 0.12 0.08
0.000215 0.008 0.376 0.12 0.08
0.000216 0.008 0.48 0.12 0.08
0.000217 0.008 0.536 0.16 0.08
0.000218 0.012 0.544 0.12 0
0.000219 0.008 0.512 0.16 0.08
0.00022 0.008 0.48 0.12 0.08
0.000221 0.004 0.504 0.12 0.08
0.000222 0.008 0.536 0.16 0.08
0.000223 0.008 0.512 0.08 0.08
0.000224 0.008 0.488 0.08 0.08
0.000225 0.008 0.512 0.12 0.08
0.000226 0.008 0.544 0.12 0.08
0.000227 0.012 0.52 0.08 0.08
0.000228 0.008 0.016 0 0.08
0.000229 0.004 0.008 0.04 0.08
0.00023 0.008 0.008 0.04 0
0.000231 0.008 0.008 0.08 0.16
0.000232 0.008 0.008 0.04 0
0.000233 0.008 0.016 0.04 0.16
0.000234 0.008 0.008 0.04 0
0.000235 0.008 0.008 0.08 0.08
0.000236 0.008 0.008 0.04 0
0.000237 0.008 0.016 0.04 0.08
0.000238 0.008 0.016 0.04 0.08
0.000239 0.008 0.008 0.08 0.08
0.00024 0.008 0.432 0.04 0.08
0.000241 0.004 0.488 0.04 0
0.000242 0.012 0.544 0.04 0.08
0.000243 0.008 0.544 0.04 0.08
0.000244 0.008 0.496 0.08 0.08
0.000245 0.008 0.472 0.04 0.08
0.000246 0.012 0.504 0.04 0.08
0.000247 0.008 0.52 0.04 0.08
0.000248 0.008 0.504 0.04 0.16
0.000249 0.004 0.48 0.04 0.08
0.00025 0.008 0.504 0.04 0.08
0.000251 0.008 0.536 0.04 0.08
0.000252 0.008 0.52 0.04 0.08
0.000253 0.008 0.008 0 0.08
0.000254 0.008 0.008 0.04 0.08
0.000255 0.004 0.008 0.04 0.08
0.000256 0.008 0 0.08 0
0.000257 0.008 0.008 0.08 0.08
0.000258 0.008 0.016 0.08 0.08
0.000259 0.012 0.016 0.08 0.08
0.00026 0.008 0.008 0.08 0
0.000261 0.008 0 0.12 0.16
0.000262 0.008 0.016 0.08 0.08
0.000263 0.004 0.008 0.08 0
0.000264 0.008 0 0.12 0.08
0.000265 0.008 0.464 0.08 0.08
0.000266 0.004 0.496 0.08 0.08
0.000267 0.008 0.544 0.08 0.08
0.000268 0.008 0.536 0.08 0
0.000269 0.012 0.488 0.08 0.08
0.00027 0.008 0.472 0.12 0.08
0.000271 0.004 0.504 0.08 0.08
0.000272 0.008 0.528 0.08 0.16
0.000273 0.008 0.504 0.08 0
0.000274 0.008 0.48 0.04 0.08
0.000275 0.008 0.52 0.08 0.08
0.000276 0.012 0.536 0.08 0.08
0.000277 0.008 0.152 0.44 0.24
0.000278 0.008 0.008 0 0.08
0.000279 0.008 0.008 0.04 0.08
0.00028 0.012 0.008 0.04 0.08
0.000281 0.008 0 0.04 0.08
0.000282 0.008 0.016 0.08 0
0.000283 0.008 0.024 0.04 0.08
0.000284 0.008 0.016 0.04 0.08
0.000285 0.008 0.008 0.08 0
0.000286 0.008 0.008 0.04 0
0.000287 0.004 0.008 0.08 0.08
0.000288 0.004 0.008 0.04 0.16
0.000289 0.008 -0.08 0.12 0.16
0.00029 0.008 0.488 0.08 0.08
0.000291 0.008 0.52 0.04 0.08
0.000292 0.012 0.552 0.08 0
0.000293 0.008 0.536 0.04 0.08
0.000294 0.008 0.48 0.08 0.08
0.000295 0.004 0.48 0.08 0.08
0.000296 0.008 0.512 0.08 0.08
0.000297 0.012 0.52 0.08 0.08
0.000298 0.008 0.496 0.04 0
0.000299 0.008 0.48 0.04 0.08
0.0003 0.008 0.512 0.04 0.08
0.000301 0.008 0.536 0.04 0.08
0.000302 0.008 0.04 0.28 0.08
0.000303 0.008 0 0 0.16
0.000304 0.008 0.016 0.04 0.08
0.000305 0.008 0.008 0.04 0
0.000306 0.012 0.008 0.08 0.08
0.000307 0.008 0.008 0.04 0.08
0.000308 0.008 0.008 0.08 0.08
0.000309 0.004 0.016 0.04 0.08
0.00031 0.008 0.016 0.08 0.08
0.000311 0.008 0.008 0.04 0.08
0.000312 0.004 0.016 0.08 0.16
0.000313 0.008 0.008 0.08 0.08
0.000314 0.008 0.12 0.16 0
0.000315 0.008 0.488 0.04 0.08
0.000316 0.008 0.528 0.08 0.08
0.000317 0.008 0.56 0.08 0.16
0.000318 0.008 0.528 0.12 0.08
0.000319 0.008 0.48 0.12 0.16
0.00032 0.008 0.488 0.08 0.08
0.000321 0.008 0.52 0.12 0.08
0.000322 0.008 0.512 0.08 0.16
0.000323 0.008 0.48 0.08 0.16
0.000324 0.008 0.48 0.04 0
0.000325 0.008 0.512 0.08 0.08
0.000326 0.008 0 0.16 0
0.000327 0.008 0.008 0.04 0.08
0.000328 0.008 -0.008 0.04 0.08
0.000329 0.004 0.008 0.24 5.2
0.00033 0.008 0.016 0.04 5.2
0.000331 0.012 0.008 0.04 5.2
0.000332 0.008 0.008 0.12 5.12
0.000333 0.008 0.008 0.12 5.2
0.000334 0.004 0.024 0.12 5.2
0.000335 0.008 0.008 0.12 5.2
0.000336 0.008 0.016 0.12 5.2
0.000337 0.008 0.008 0.12 5.12
0.000338 0.004 0.008 0.12 5.2
0.000339 0.004 0.016 0.12 5.2
0.00034 0.008 0.008 0.08 5.2
0.000341 0.008 0 0.12 5.2
0.000342 0.008 0 0.12 5.2
0.000343 0.008 0.008 0.08 5.12
0.000344 0.008 0 0.08 5.12
0.000345 0.004 -0.016 0.08 5.12
0.000346 0.008 0 0.04 5.2
0.000347 0.008 0 0.04 5.12
0.000348 0.008 0 0.04 5.2
0.000349 0.008 -0.008 0.04 5.2
0.00035 0.004 -0.016 0.04 5.2
0.000351 0.004 0 0.04 5.12
0.000352 0.008 0 0.04 5.2
0.000353 0.004 0 0.04 5.2
0.000354 0.004 0 0 5.12
0.000355 0.004 0 0.04 5.2
0.000356 0.008 0 0.04 5.2
0.000357 0.008 0 0.04 5.2
0.000358 0.008 0 0 5.2
0.000359 0.008 0.008 0.04 5.2
0.00036 0.008 0.008 0 5.2
0.000361 0.008 0.016 -0.04 5.2
0.000362 0.008 0 0 5.12
0.000363 0.004 0.008 0 5.2
0.000364 0.008 0.008 0 5.2
0.000365 0.008 0.008 0 5.2
0.000366 0.008 0 0.04 5.2
0.000367 0.008 0 0 5.2
0.000368 0.012 0 0 5.2
0.000369 0.004 0 0.04 5.2
0.00037 0.008 0 0.04 5.12
0.000371 0.008 0 0.04 5.2
0.000372 0.008 0 0.08 5.2
0.000373 0.008 -0.008 0.08 5.2
0.000374 0.008 -0.008 0.04 5.2
0.000375 0.008 -0.008 0.04 5.12
0.000376 0.004 0 0.04 5.2
0.000377 0.004 0 0.08 5.2
0.000378 0.008 -0.008 0.04 5.2
0.000379 0.012 0 0.12 5.12
0.00038 0.008 0 0.12 5.12
0.000381 0.008 0.008 0.08 5.12
0.000382 0.008 0 0.08 5.2
0.000383 0.012 0.008 0.08 5.2
0.000384 0.008 0.008 0.12 5.2
0.000385 0.012 0.016 0.12 5.12
0.000386 0.004 0.016 0.12 5.2
0.000387 0.008 0.008 0.12 5.2
0.000388 0.008 0.008 0.08 5.2
0.000389 0.008 0.008 0.12 5.2
0.00039 0.008 0.016 0.12 5.12
0.000391 0.004 0.016 0.12 5.2
0.000392 0.008 0.008 0.12 5.2
0.000393 0.004 0 0.08 5.12
0.000394 0.008 0 0.08 5.2
0.000395 0.004 0 0.12 5.2
0.000396 0.008 0 0.08 5.2
0.000397 0.008 0 0.12 5.2
0.000398 0.012 0 0.08 5.12
0.000399 0.008 0 0.04 5.2
0.0004 0.008 -0.008 0.04 5.12
0.000401 0.004 -0.008 0.08 5.2
0.000402 0.008 0 0.04 5.2
0.000403 0.008 0 0.04 5.2
0.000404 0.008 0 0.08 5.12
0.000405 0.012 0.008 0.04 5.2
0.000406 0.004 0.008 0.08 5.12
0.000407 0.008 0.008 0.04 5.12
0.000408 0.008 0.008 0.04 5.12
0.000409 0.008 0.008 0.08 5.12
0.00041 0.008 0 0.04 5.2
0.000411 0.008 0.008 0.04 5.2
0.000412 0.008 0.008 0 5.2
0.000413 0.004 0.008 0.04 5.12
0.000414 0.004 0.008 0.04 5.2
0.000415 0.008 0.008 0.04 5.2
0.000416 0.004 0 0.04 5.2
0.000417 0.008 0.008 0.04 5.12
0.000418 0.008 0 0.08 5.12
0.000419 0.008 0 0.04 5.2
0.00042 0.008 0.008 0.08 5.12
0.000421 0.008 0 0.04 5.2
0.000422 0.012 0 0.04 5.28
0.000423 0.008 0 0.08 5.2
0.000424 0.004 0 0.08 5.2
0.000425 0.004 -0.008 0.08 5.2
0.000426 0.008 0 0.08 5.2
0.000427 0.008 0 0.08 5.2
0.000428 0.008 0 0.08 5.2
0.000429 0.004 0.008 0.08 5.12
0.00043 0.004 0 0.08 5.12
0.000431 0.008 0 0.08 5.2
0.000432 0.008 0 0.08 5.2
0.000433 0.004 0.008 0.08 5.12
0.000434 0.008 0.008 0.08 5.12
0.000435 0.004 0.008 0.12 5.2
0.000436 0.008 0.008 0.08 5.2
0.000437 0.008 0.008 0.08 5.2
0.000438 0.008 0.008 0.08 5.2
0.000439 0.004 0.008 0.08 5.12
0.00044 0.008 0.008 0.08 5.12
0.000441 0.004 0.008 0.08 5.12
0.000442 0.008 0.008 0.08 5.2
0.000443 0.004 0.008 0.08 5.2
0.000444 0.004 0 0.08 5.12
0.000445 0.008 0.008 0.08 5.04
0.000446 0.008 0 0.08 5.12
0.000447 0.008 0.008 0.08 5.2
0.000448 0.008 0.008 0.12 5.12
0.000449 0.008 0.008 0.08 5.12
0.00045 0.008 0 0.08 5.2
0.000451 0.004 0 0.04 5.2
0.000452 0.004 0.008 0.08 5.2
0.000453 0.008 0 0.08 5.12
0.000454 0.008 -0.008 0.08 5.12
0.000455 0.004 0 0.04 5.2
0.000456 0.008 0 0.08 5.2
0.000457 0.004 0.008 0.08 5.2
0.000458 0.008 0.008 0.04 5.12
0.000459 0.008 0.008 0.08 5.12
0.00046 0.008 0.008 0.04 5.12
0.000461 0.008 0.008 0.04 5.2
0.000462 0.008 0.016 0.04 5.12
0.000463 0.008 0.008 0.04 5.2
0.000464 0.008 0.008 0.04 5.2
0.000465 0.004 0.008 0.04 5.12
0.000466 0.004 0.008 0.04 5.2
0.000467 0.008 0.008 0.04 5.2
0.000468 0.008 0.008 0.04 5.12
0.000469 0.008 0 0.04 5.12
0.00047 0.008 0.008 0.04 5.12
0.000471 0.008 0 0.04 5.2
0.000472 0.008 0 0.08 5.2
0.000473 0.008 0 0.04 5.2
0.000474 0.004 0 0.08 5.2
0.000475 0.004 0 0.04 5.2
0.000476 0.008 0.008 0.08 5.2
0.000477 0.004 0 0.04 5.12
0.000478 0.008 0 0.08 5.2
0.000479 0.008 0 0.08 5.2
0.00048 0.008 0 0.08 5.28
0.000481 0.008 0.008 0.08 5.2
0.000482 0.004 0.008 0.08 5.2
0.000483 0.012 0 0.08 5.2
0.000484 0.008 0 0.08 5.12
0.000485 0.004 0.008 0.08 5.2
0.000486 0.004 0.008 0.08 5.2
0.000487 0.008 0.008 0.08 5.12
0.000488 0.008 0.008 0.08 5.12
0.000489 0.008 0.008 0.08 5.2
0.00049 0.008 0 0.08 5.2
0.000491 0.008 0.008 0.08 5.12
0.000492 0.008 0.008 0.04 5.12
0.000493 0.008 0.008 0.08 5.12
0.000494 0.004 0.008 0.04 5.2
0.000495 0.008 0.008 0.04 5.2
0.000496 0.008 0.008 0.08 5.12
0.000497 0.008 0.008 0.08 5.2
0.000498 0.004 0 0.08 5.2
0.000499 0.008 0.008 0.08 5.2
