#terjedesi                                       nyomas  ##
#ido(usec)  T1(C)   T2(C)   T3(C)  T4(C) para(%)  (hPa)
04467.3833 25.3125 25.1875 25.6875 26.93 26.15 1013.5864
04461.2583 25.3125 25.1875 25.6875 26.93 26.15 1013.5864
04445.3457 25.3125 25.1875 25.6875 26.93 26.15 1013.5864
04466.1831 25.3125 25.1875 25.6875 26.93 26.15 1013.5864
04465.9458 25.3125 25.1875 25.6875 26.93 26.15 1013.5864
04445.5835 25.3125 25.1875 25.6875 26.93 26.15 1013.5864
04466.0083 25.3125 25.1875 25.6875 26.93 26.15 1013.5864
04445.3208 25.3125 25.1875 25.6875 26.93 26.15 1013.5864
04467.3833 25.3750 25.1875 25.6875 26.95 26.14 1013.6113
04467.3706 25.3750 25.1875 25.6875 26.95 26.14 1013.6113
04445.7583 25.3750 25.1875 25.6875 26.95 26.14 1013.6113
04466.6582 25.3750 25.1875 25.6875 26.95 26.14 1013.6113
04445.7710 25.3750 25.1875 25.6875 26.95 26.14 1013.6113
04469.0459 25.3750 25.1875 25.6875 26.95 26.14 1013.6113
04445.7583 25.3750 25.1875 25.6875 26.95 26.14 1013.6113
04469.0957 25.3750 25.1875 25.6875 26.95 26.14 1013.6113
04467.9082 25.3125 25.1875 25.6875 26.95 26.14 1013.6113
04467.6709 25.3125 25.1875 25.6875 26.95 26.14 1013.6113
04467.6709 25.3125 25.1875 25.6875 26.94 26.14 1013.6030
04466.4209 25.3125 25.1875 25.6875 26.94 26.14 1013.6030
04445.5210 25.3125 25.1875 25.6875 26.94 26.14 1013.6030
04445.3335 25.3125 25.1875 25.6875 26.94 26.14 1013.6030
04466.1831 25.3125 25.1875 25.6875 26.94 26.14 1013.6030
04466.2085 25.3125 25.1875 25.6875 26.94 26.14 1013.6030
04468.8584 25.3125 25.1875 25.6875 26.94 26.14 1013.6030
04466.9458 25.3125 25.1875 25.6875 26.94 26.14 1013.6030
04467.6709 25.3125 25.1875 25.6875 26.94 26.14 1013.6030
04446.0332 25.3125 25.1875 25.6875 26.94 26.15 1013.7117
04466.6831 25.3125 25.1875 25.6875 26.94 26.15 1013.7117
04466.4834 25.3125 25.1875 25.6875 26.94 26.15 1013.7117
04466.2085 25.3125 25.1875 25.6875 26.94 26.15 1013.7117
04445.5210 25.3125 25.1875 25.6875 26.94 26.15 1013.7117
04445.9956 25.3125 25.1875 25.6875 26.94 26.15 1013.7117
04467.8960 25.3125 25.1875 25.6875 26.94 26.15 1013.7117
04467.1333 25.3125 25.1875 25.6875 26.94 26.15 1013.7117
04467.1460 25.3125 25.1875 25.6875 26.94 26.15 1013.7117
04468.8584 25.3125 25.1875 25.6875 26.94 26.15 1013.7117
04445.8208 25.3125 25.1875 25.6875 26.94 26.18 1013.6574
04465.9458 25.3125 25.1875 25.6875 26.94 26.18 1013.6574
04469.3081 25.3125 25.1875 25.6875 26.94 26.18 1013.6574
04469.5708 25.3125 25.1875 25.6875 26.94 26.18 1013.6574
04446.0083 25.3125 25.1875 25.6875 26.94 26.18 1013.6574
04467.6206 25.3125 25.1875 25.6875 26.94 26.18 1013.6574
04467.4209 25.3125 25.1875 25.6875 26.94 26.18 1013.6574
04466.7207 25.3125 25.1875 25.6875 26.94 26.18 1013.6574
04466.4209 25.3125 25.1875 25.6875 26.94 26.18 1013.6574
04469.0957 25.3125 25.1875 25.6875 26.94 26.19 1013.6030
04466.4331 25.3125 25.1875 25.6875 26.94 26.19 1013.6030
04445.5835 25.3125 25.1875 25.6875 26.94 26.19 1013.6030
04469.3081 25.3125 25.1875 25.6875 26.94 26.19 1013.6030
04466.9082 25.3125 25.1875 25.6875 26.94 26.19 1013.6030
04467.6709 25.3125 25.1875 25.6875 26.94 26.19 1013.6030
04467.3706 25.3125 25.1875 25.6875 26.94 26.19 1013.6030
04445.5581 25.3125 25.1875 25.6875 26.94 26.19 1013.6030
04466.4331 25.3125 25.1875 25.6875 26.94 26.19 1013.6030
04466.4834 25.3125 25.1875 25.6875 26.94 26.19 1013.6030
04465.9585 25.3125 25.1875 25.6875 26.95 26.18 1013.6738
04466.2334 25.3125 25.1875 25.6875 26.95 26.18 1013.6738
04467.4082 25.3125 25.1875 25.6875 26.95 26.18 1013.6738
04467.1333 25.3125 25.1875 25.6875 26.95 26.18 1013.6738
04467.1582 25.3125 25.1875 25.6875 26.95 26.18 1013.6738
04445.2832 25.3125 25.1875 25.6875 26.95 26.18 1013.6738
04445.5581 25.3125 25.1875 25.6875 26.95 26.18 1013.6738
04445.5459 25.3125 25.1875 25.6875 26.95 26.18 1013.6738
04445.3208 25.3125 25.1875 25.6875 26.95 26.18 1013.6738
04468.5708 25.3125 25.1875 25.6875 26.95 26.17 1013.6194
04469.0957 25.3125 25.1875 25.6875 26.95 26.17 1013.6194
04469.3208 25.3750 25.1875 25.6875 26.95 26.17 1013.6194
04467.1831 25.3750 25.1875 25.6875 26.95 26.17 1013.6194
04467.3706 25.3750 25.1875 25.6875 26.95 26.17 1013.6194
04469.2710 25.3750 25.1875 25.6875 26.95 26.17 1013.6194
04445.5210 25.3750 25.1875 25.6875 26.95 26.17 1013.6194
04469.0459 25.3750 25.1875 25.6875 26.95 26.17 1013.6194
#terjedesi                                       nyomas  ##
#ido(usec)  T1(C)   T2(C)   T3(C)  T4(C) para(%)  (hPa)
04445.3081 25.3750 25.1875 25.6875 26.95 26.17 1013.6194
04468.8584 25.3750 25.1875 25.6875 26.95 26.21 1013.6194
04466.9082 25.3125 25.1875 25.6875 26.95 26.21 1013.6194
04467.1958 25.3125 25.1875 25.6875 26.95 26.21 1013.6194
04467.4082 25.3125 25.1875 25.6875 26.95 26.21 1013.6194
04445.1084 25.3125 25.1875 25.6875 26.95 26.21 1013.6194
04445.2959 25.3125 25.1875 25.6875 26.95 26.21 1013.6194
04469.0957 25.3125 25.1875 25.6875 26.95 26.21 1013.6194
04468.8584 25.3125 25.1875 25.6875 26.95 26.21 1013.6194
04445.3208 25.3125 25.1875 25.6875 26.95 26.21 1013.6194
04469.0835 25.3125 25.1875 25.6875 26.95 26.21 1013.6194
04469.3081 25.3125 25.1875 25.6875 26.95 26.18 1013.7280
04467.4331 25.3125 25.1875 25.6875 26.95 26.18 1013.7280
04446.2456 25.3125 25.1875 25.6875 26.95 26.18 1013.7280
04445.0581 25.3125 25.1875 25.6875 26.95 26.18 1013.7280
04468.8457 25.3125 25.1875 25.6875 26.95 26.18 1013.7280
04468.6084 25.3125 25.1875 25.6875 26.95 26.18 1013.7280
04466.1831 25.3125 25.1875 25.6875 26.95 26.18 1013.7280
04469.0957 25.3125 25.1875 25.6875 26.95 26.18 1013.7280
04467.1958 25.3750 25.1875 25.7500 26.95 26.18 1013.7280
04467.1958 25.3750 25.1875 25.7500 26.96 26.17 1013.5733
04467.6460 25.3750 25.1875 25.7500 26.96 26.17 1013.5733
04445.7583 25.3750 25.1875 25.7500 26.96 26.17 1013.5733
04466.7207 25.3750 25.1875 25.7500 26.96 26.17 1013.5733
04445.8208 25.3750 25.1875 25.7500 26.96 26.17 1013.5733
04445.5210 25.3750 25.1875 25.7500 26.96 26.17 1013.5733
04466.2456 25.3750 25.1875 25.7500 26.96 26.17 1013.5733
04469.0459 25.3750 25.1875 25.7500 26.96 26.17 1013.5733
04445.1084 25.3125 25.1875 25.6875 26.96 26.17 1013.5733
04446.4834 25.3125 25.1875 25.6875 26.96 26.17 1013.5733
04466.8960 25.3125 25.1875 25.6875 26.96 26.15 1013.7363
04445.0581 25.3125 25.1875 25.6875 26.96 26.15 1013.7363
04468.8335 25.3125 25.1875 25.6875 26.96 26.15 1013.7363
04466.1958 25.3125 25.1875 25.6875 26.96 26.15 1013.7363
04465.9956 25.3125 25.1875 25.6875 26.96 26.15 1013.7363
04468.8584 25.3125 25.1875 25.6875 26.96 26.15 1013.7363
04445.8081 25.3125 25.1875 25.6875 26.96 26.15 1013.7363
04446.0581 25.3125 25.1875 25.6875 26.96 26.15 1013.7363
04466.9585 25.3125 25.1875 25.6875 26.96 26.15 1013.7363
04445.3457 25.3125 25.1875 25.6875 26.96 26.12 1013.6276
04445.3457 25.3125 25.1875 25.6875 26.96 26.12 1013.6276
04466.2456 25.3125 25.1875 25.6875 26.96 26.12 1013.6276
04445.3457 25.3125 25.1875 25.6875 26.96 26.12 1013.6276
04466.0083 25.3125 25.1875 25.6875 26.96 26.12 1013.6276
04444.8208 25.3125 25.1875 25.6875 26.96 26.12 1013.6276
04467.4331 25.3125 25.1875 25.6875 26.96 26.12 1013.6276
04467.1460 25.3125 25.1875 25.6875 26.96 26.12 1013.6276
04467.4331 25.3125 25.1875 25.6875 26.96 26.12 1013.6276
04466.2207 25.3125 25.1875 25.6875 26.96 26.12 1013.6276
04445.2959 25.3125 25.1875 25.6875 26.97 26.12 1013.5353
04445.5332 25.3125 25.1875 25.6875 26.97 26.12 1013.5353
04469.0835 25.3125 25.1875 25.6875 26.97 26.12 1013.5353
04466.2456 25.3125 25.1875 25.6875 26.97 26.12 1013.5353
04468.8335 25.3125 25.1875 25.6875 26.97 26.12 1013.5353
04467.1333 25.3125 25.1875 25.6875 26.97 26.12 1013.5353
04467.1333 25.3125 25.1875 25.6875 26.97 26.12 1013.5353
04466.9209 25.3125 25.1875 25.6875 26.97 26.12 1013.5353
04469.0957 25.3125 25.1875 25.6875 26.97 26.12 1013.5353
04445.3081 25.3125 25.1875 25.6875 26.97 26.12 1013.5353
04469.2832 25.3125 25.1875 25.6875 26.96 26.11 1013.6358
04465.9458 25.3125 25.1875 25.6875 26.96 26.11 1013.6358
04445.2959 25.3125 25.1875 25.6875 26.96 26.11 1013.6358
04445.3457 25.3125 25.1875 25.6875 26.96 26.11 1013.6358
04467.3833 25.3125 25.1875 25.6875 26.96 26.11 1013.6358
04467.4209 25.3125 25.1875 25.6875 26.96 26.11 1013.6358
04445.2959 25.3125 25.1875 25.6875 26.96 26.11 1013.6358
04466.0083 25.3125 25.1875 25.6875 26.96 26.11 1013.6358
04468.7959 25.3125 25.1875 25.6875 26.97 26.10 1013.5896
04469.0459 25.3125 25.1875 25.6875 26.97 26.10 1013.5896
04469.0332 25.3125 25.1875 25.6875 26.97 26.10 1013.5896
04445.3457 25.3125 25.1875 25.6875 26.97 26.10 1013.5896
04467.1958 25.3125 25.1875 25.6875 26.97 26.10 1013.5896
04467.1831 25.3125 25.1875 25.6875 26.97 26.10 1013.5896
#terjedesi                                       nyomas  ##
#ido(usec)  T1(C)   T2(C)   T3(C)  T4(C) para(%)  (hPa)
04467.3960 25.3125 25.1875 25.6875 26.97 26.10 1013.5896
04445.1084 25.3125 25.1875 25.6875 26.97 26.10 1013.5896
04466.2456 25.3125 25.1875 25.6875 26.97 26.10 1013.5896
04468.8081 25.3125 25.1875 25.6875 26.97 26.10 1013.5896
04445.3335 25.3125 25.1875 25.6875 26.97 26.10 1013.5896
04465.9956 25.3125 25.1875 25.6875 26.96 26.11 1013.6358
04468.7959 25.3125 25.1875 25.6875 26.96 26.11 1013.6358
04466.8960 25.3750 25.1875 25.6875 26.96 26.11 1013.6358
04466.9209 25.3750 25.1875 25.6875 26.96 26.11 1013.6358
04445.0835 25.3750 25.1875 25.6875 26.96 26.11 1013.6358
04469.0459 25.3750 25.1875 25.6875 26.96 26.11 1013.6358
04445.0581 25.3750 25.1875 25.6875 26.96 26.11 1013.6358
04468.6206 25.3750 25.1875 25.6875 26.96 26.11 1013.6358
04468.8335 25.3750 25.1875 25.6875 26.96 26.11 1013.6358
04444.8706 25.3750 25.1875 25.6875 26.97 26.10 1013.5896
04466.9082 25.3125 25.1875 25.7500 26.97 26.10 1013.5896
04466.6709 25.3125 25.1875 25.7500 26.97 26.10 1013.5896
04466.9458 25.3125 25.1875 25.7500 26.97 26.10 1013.5896
04445.0459 25.3125 25.1875 25.7500 26.97 26.10 1013.5896
04445.1084 25.3125 25.1875 25.7500 26.97 26.10 1013.5896
04445.0581 25.3125 25.1875 25.7500 26.97 26.10 1013.5896
04445.2959 25.3125 25.1875 25.7500 26.97 26.10 1013.5896
04468.8081 25.3125 25.1875 25.7500 26.97 26.10 1013.5896
04466.6958 25.3125 25.1875 25.7500 26.96 26.11 1013.6901
04467.6084 25.3125 25.1875 25.7500 26.96 26.11 1013.6901
04467.3833 25.3125 25.1875 25.7500 26.96 26.11 1013.6901
04466.1831 25.3125 25.1875 25.7500 26.96 26.11 1013.6901
04466.2207 25.3125 25.1875 25.7500 26.96 26.11 1013.6901
04468.8584 25.3125 25.1875 25.7500 26.96 26.11 1013.6901
04468.6206 25.3125 25.1875 25.7500 26.96 26.11 1013.6901
04466.0083 25.3125 25.1875 25.7500 26.96 26.11 1013.6901
04469.0957 25.3125 25.1875 25.7500 26.96 26.11 1013.6901
04466.4458 25.3125 25.1875 25.6875 26.96 26.11 1013.6901
04466.6958 25.3125 25.1875 25.6875 26.97 26.11 1013.7608
04466.9458 25.3125 25.1875 25.6875 26.97 26.11 1013.7608
04466.1958 25.3125 25.1875 25.6875 26.97 26.11 1013.7608
04445.7710 25.3125 25.1875 25.6875 26.97 26.11 1013.7608
04466.4585 25.3125 25.1875 25.6875 26.97 26.11 1013.7608
04469.0957 25.3125 25.1875 25.6875 26.97 26.11 1013.7608
04445.3208 25.3125 25.1875 25.6875 26.97 26.11 1013.7608
04467.1460 25.3125 25.1875 25.6875 26.97 26.11 1013.7608
04467.1460 25.3125 25.1875 25.6875 26.97 26.11 1013.7608
04467.1582 25.3125 25.1875 25.6875 26.97 26.11 1013.6250
04466.1958 25.3125 25.1875 25.6875 26.97 26.11 1013.6250
04445.5835 25.3125 25.1875 25.6875 26.97 26.11 1013.6250
04466.0083 25.3125 25.1875 25.6875 26.97 26.11 1013.6250
04445.3457 25.3125 25.1875 25.6875 26.97 26.11 1013.6250
04445.1084 25.3125 25.1875 25.6875 26.97 26.11 1013.6250
04466.0083 25.3125 25.1875 25.6875 26.97 26.11 1013.6250
04445.3457 25.3125 25.1875 25.6875 26.97 26.11 1013.6250
04467.1333 25.3125 25.1875 25.6875 26.97 26.11 1013.6250
04467.1709 25.3125 25.1875 25.6875 26.97 26.11 1013.6250
04466.4585 25.3125 25.1875 25.6875 26.98 26.12 1013.5059
04466.1958 25.3125 25.1875 25.6875 26.98 26.12 1013.5059
04445.5459 25.3125 25.1875 25.6875 26.98 26.12 1013.5059
04466.2085 25.3125 25.1875 25.6875 26.98 26.12 1013.5059
04445.0581 25.3125 25.1875 25.6875 26.98 26.12 1013.5059
04467.1958 25.3125 25.1875 25.7500 26.98 26.12 1013.5059
04466.9082 25.3125 25.1875 25.7500 26.98 26.12 1013.5059
04467.1958 25.3125 25.1875 25.7500 26.98 26.12 1013.5059
04445.5708 25.3125 25.1875 25.7500 26.98 26.12 1013.5059
04466.1831 25.3125 25.1875 25.7500 26.97 26.10 1013.4539
04466.4209 25.3125 25.1875 25.7500 26.97 26.10 1013.4539
04445.3208 25.3125 25.1875 25.7500 26.97 26.10 1013.4539
04469.0581 25.3125 25.1875 25.7500 26.97 26.10 1013.4539
04466.1831 25.3125 25.1875 25.7500 26.97 26.10 1013.4539
04445.7583 25.3750 25.1875 25.6875 26.97 26.10 1013.4539
04467.3833 25.3750 25.1875 25.6875 26.97 26.10 1013.4539
04467.1958 25.3750 25.1875 25.6875 26.97 26.10 1013.4539
04445.0459 25.3750 25.1875 25.6875 26.97 26.10 1013.4539
04469.0332 25.3750 25.1875 25.6875 26.97 26.10 1013.4539
04445.0835 25.3750 25.1875 25.6875 26.97 26.08 1013.5435
04445.3335 25.3750 25.1875 25.6875 26.97 26.08 1013.5435
#terjedesi                                       nyomas  ##
#ido(usec)  T1(C)   T2(C)   T3(C)  T4(C) para(%)  (hPa)
04445.3457 25.3750 25.1875 25.6875 26.97 26.08 1013.5435
04467.1831 25.3750 25.1875 25.6875 26.97 26.08 1013.5435
04467.3833 25.3750 25.1875 25.6875 26.97 26.08 1013.5435
04467.4331 25.3750 25.1875 25.6875 26.97 26.08 1013.5435
04466.1958 25.3750 25.1875 25.6875 26.97 26.08 1013.5435
04469.0957 25.3750 25.1875 25.6875 26.97 26.08 1013.5435
04445.2959 25.3750 25.1875 25.6875 26.97 26.08 1013.5435
04466.1831 25.3750 25.1875 25.6875 26.98 26.07 1013.5602
04465.9834 25.3750 25.1875 25.6875 26.98 26.07 1013.5602
04468.7959 25.3750 25.1875 25.6875 26.98 26.07 1013.5602
04465.9585 25.3125 25.1875 25.7500 26.98 26.07 1013.5602
04467.3706 25.3125 25.1875 25.7500 26.98 26.07 1013.5602
04467.1460 25.3125 25.1875 25.7500 26.98 26.07 1013.5602
04445.0581 25.3125 25.1875 25.7500 26.98 26.07 1013.5602
04445.2959 25.3125 25.1875 25.7500 26.98 26.07 1013.5602
04466.1958 25.3125 25.1875 25.7500 26.98 26.07 1013.5602
04465.9834 25.3125 25.1875 25.7500 26.97 26.09 1013.5896
04466.6582 25.3125 25.1875 25.7500 26.97 26.09 1013.5896
04466.9082 25.3125 25.1875 25.6875 26.97 26.09 1013.5896
04466.7207 25.3125 25.1875 25.6875 26.97 26.09 1013.5896
04466.9585 25.3125 25.1875 25.6875 26.97 26.09 1013.5896
04468.7959 25.3125 25.1875 25.6875 26.97 26.09 1013.5896
04445.2959 25.3125 25.1875 25.6875 26.97 26.09 1013.5896
04445.1084 25.3125 25.1875 25.6875 26.97 26.09 1013.5896
04466.4209 25.3125 25.1875 25.6875 26.97 26.09 1013.5896
04468.8081 25.3125 25.1875 25.6875 26.97 26.09 1013.5896
04469.0459 25.3125 25.1875 25.6875 26.98 26.09 1013.5519
04466.9458 25.3125 25.1875 25.6875 26.98 26.09 1013.5519
04467.4331 25.3125 25.1875 25.6875 26.98 26.09 1013.5519
04466.9082 25.3125 25.1875 25.6875 26.98 26.09 1013.5519
04445.0581 25.3125 25.1875 25.6875 26.98 26.09 1013.5519
04445.0708 25.3125 25.1875 25.6875 26.98 26.09 1013.5519
04444.8335 25.3125 25.1875 25.6875 26.98 26.09 1013.5519
04445.0957 25.3125 25.1875 25.6875 26.98 26.09 1013.5519
04445.3457 25.3125 25.1875 25.6875 26.98 26.09 1013.5519
04445.0459 25.3125 25.1875 25.7500 26.98 26.08 1013.6959
04466.9458 25.3125 25.1875 25.7500 26.98 26.08 1013.6959
04445.7832 25.3125 25.1875 25.7500 26.98 26.08 1013.6959
04466.8960 25.3125 25.1875 25.7500 26.98 26.08 1013.6959
04468.8584 25.3125 25.1875 25.7500 26.98 26.08 1013.6959
04465.9585 25.3125 25.1875 25.7500 26.98 26.08 1013.6959
04468.7959 25.3125 25.1875 25.7500 26.98 26.08 1013.6959
04468.6206 25.3125 25.1875 25.7500 26.98 26.08 1013.6959
04465.9585 25.3125 25.1875 25.7500 26.98 26.08 1013.6959
04465.7710 25.3125 25.1875 25.7500 26.98 26.08 1013.6959
04467.1333 25.3125 25.1875 25.7500 26.99 26.10 1013.6309
04466.6709 25.3125 25.1875 25.7500 26.99 26.10 1013.6309
04445.2959 25.3125 25.1875 25.7500 26.99 26.10 1013.6309
04466.2207 25.3125 25.1875 25.7500 26.99 26.10 1013.6309
04445.2959 25.3125 25.1875 25.7500 26.99 26.10 1013.6309
04445.0708 25.3125 25.1875 25.7500 26.99 26.10 1013.6309
04466.0083 25.3125 25.1875 25.7500 26.99 26.10 1013.6309
04445.5210 25.3125 25.1875 25.7500 26.99 26.10 1013.6309
04467.1958 25.3125 25.1875 25.7500 26.99 26.10 1013.6309
04467.1958 25.3125 25.1875 25.7500 26.98 26.10 1013.6959
04467.1958 25.3125 25.1875 25.7500 26.98 26.10 1013.6959
04445.7583 25.3125 25.1875 25.7500 26.98 26.10 1013.6959
04465.9834 25.3125 25.1875 25.7500 26.98 26.10 1013.6959
04466.4331 25.3125 25.1875 25.7500 26.98 26.10 1013.6959
04445.5332 25.3125 25.1875 25.7500 26.98 26.10 1013.6959
04465.7583 25.3125 25.1875 25.7500 26.98 26.10 1013.6959
04445.1084 25.3125 25.1875 25.6875 26.98 26.10 1013.6959
04467.3706 25.3125 25.1875 25.6875 26.98 26.10 1013.6959
04467.1460 25.3125 25.1875 25.6875 26.98 26.10 1013.6959
04445.0459 25.3125 25.1875 25.6875 26.99 26.14 1013.5494
04469.0459 25.3125 25.1875 25.6875 26.99 26.14 1013.5494
04466.2334 25.3125 25.1875 25.6875 26.99 26.14 1013.5494
04468.8208 25.3125 25.1875 25.6875 26.99 26.14 1013.5494
04465.7334 25.3125 25.1875 25.6875 26.99 26.14 1013.5494
04445.1084 25.3125 25.1875 25.6875 26.99 26.14 1013.5494
04467.1958 25.3125 25.1875 25.7500 26.99 26.14 1013.5494
04466.7207 25.3125 25.1875 25.7500 26.99 26.14 1013.5494
04467.1831 25.3125 25.1875 25.7500 26.99 26.14 1013.5494
#terjedesi                                       nyomas  ##
#ido(usec)  T1(C)   T2(C)   T3(C)  T4(C) para(%)  (hPa)
04468.5708 25.3125 25.1875 25.7500 26.99 26.14 1013.5494
04437.9707 25.3125 25.1875 25.7500 27.00 26.08 1013.5929
04465.9585 25.3125 25.1875 25.7500 27.00 26.08 1013.5929
04466.1958 25.3125 25.1875 25.7500 27.00 26.08 1013.5929
04466.2456 25.3125 25.1875 25.7500 27.00 26.08 1013.5929
04466.7085 25.3125 25.1875 25.6875 27.00 26.08 1013.5929
04466.9082 25.3125 25.1875 25.6875 27.00 26.08 1013.5929
04467.4082 25.3125 25.1875 25.6875 27.00 26.08 1013.5929
04445.7959 25.3125 25.1875 25.6875 27.00 26.08 1013.5929
04466.2334 25.3125 25.1875 25.6875 26.99 26.10 1013.5140
04466.0083 25.3125 25.1875 25.6875 26.99 26.10 1013.5140
04465.9585 25.3125 25.1875 25.6875 26.99 26.10 1013.5140
04466.1958 25.3125 25.1875 25.6875 26.99 26.10 1013.5140
04444.8584 25.3125 25.1875 25.6875 26.99 26.10 1013.5140
04445.2832 25.3750 25.1875 25.7500 26.99 26.10 1013.5140
04466.9585 25.3750 25.1875 25.7500 26.99 26.10 1013.5140
04467.4331 25.3750 25.1875 25.7500 26.99 26.10 1013.5140
04465.7085 25.3750 25.1875 25.7500 26.99 26.10 1013.5140
04465.9585 25.3750 25.1875 25.7500 26.99 26.10 1013.5140
04466.1958 25.3750 25.1875 25.7500 26.99 26.06 1013.6852
04445.5210 25.3750 25.1875 25.7500 26.99 26.06 1013.6852
04466.2207 25.3750 25.1875 25.7500 26.99 26.06 1013.6852
04467.1958 25.3125 25.1875 25.6875 26.99 26.06 1013.6852
04467.4209 25.3125 25.1875 25.6875 26.99 26.06 1013.6852
04443.6333 25.3125 25.1875 25.6875 26.99 26.06 1013.6852
04466.0083 25.3125 25.1875 25.6875 26.99 26.06 1013.6852
04445.5459 25.3125 25.1875 25.6875 26.99 26.06 1013.6852
04445.5210 25.3125 25.1875 25.6875 26.99 26.06 1013.6852
04466.1831 25.3125 25.1875 25.6875 26.99 26.06 1013.6852
04466.1958 25.3125 25.1875 25.6875 26.99 26.06 1013.6852
04466.1831 25.3125 25.1875 25.6875 26.99 26.06 1013.6852
04466.2456 25.3750 25.1875 25.6875 26.99 26.06 1013.6852
04467.3706 25.3750 25.1875 25.6875 26.99 26.06 1013.6852
04467.1460 25.3750 25.1875 25.6875 26.99 26.06 1013.6852
04445.0459 25.3750 25.1875 25.6875 26.99 26.06 1013.6852
04445.0581 25.3750 25.1875 25.6875 26.99 26.06 1013.6852
04445.0581 25.3750 25.1875 25.6875 26.99 26.06 1013.6852
04466.0083 25.3750 25.1875 25.6875 26.99 26.06 1013.6852
04445.3208 25.3750 25.1875 25.6875 27.00 26.05 1013.6934
04466.9585 25.3125 25.1875 25.6875 27.00 26.05 1013.6934
04467.1460 25.3125 25.1875 25.6875 27.00 26.05 1013.6934
04467.4331 25.3125 25.1875 25.6875 27.00 26.05 1013.6934
04466.2456 25.3125 25.1875 25.6875 27.00 26.05 1013.6934
04466.2456 25.3125 25.1875 25.6875 27.00 26.05 1013.6934
04445.5459 25.3125 25.1875 25.6875 27.00 26.05 1013.6934
04445.5332 25.3125 25.1875 25.6875 27.00 26.05 1013.6934
04445.5708 25.3125 25.1875 25.6875 27.00 26.05 1013.6934
04445.5210 25.3125 25.1875 25.6875 27.00 26.05 1013.6934
04466.7085 25.3125 25.1875 25.6875 27.01 26.04 1013.6635
04466.9585 25.3125 25.1875 25.6875 27.01 26.04 1013.6635
04467.1460 25.3125 25.1875 25.6875 27.01 26.04 1013.6635
04466.1958 25.3125 25.1875 25.6875 27.01 26.04 1013.6635
04445.5332 25.3125 25.1875 25.6875 27.01 26.04 1013.6635
04465.9956 25.3125 25.1875 25.6875 27.01 26.04 1013.6635
04466.4707 25.3125 25.1875 25.6875 27.01 26.04 1013.6635
04466.6958 25.3125 25.1875 25.6875 27.01 26.04 1013.6635
04467.1333 25.3125 25.1875 25.6875 27.01 26.04 1013.6635
04467.1958 25.3125 25.1875 25.6875 27.00 26.05 1013.5304
04467.1958 25.3125 25.1875 25.6875 27.00 26.05 1013.5304
04469.0459 25.3125 25.1875 25.6875 27.00 26.05 1013.5304
04445.0835 25.3125 25.1875 25.6875 27.00 26.05 1013.5304
04466.2456 25.3125 25.1875 25.6875 27.00 26.05 1013.5304
04465.9956 25.3125 25.1875 25.6875 27.00 26.05 1013.5304
04445.0835 25.3125 25.1875 25.6875 27.00 26.05 1013.5304
04445.0459 25.3125 25.1875 25.6875 27.00 26.05 1013.5304
04466.4209 25.3750 25.1875 25.6875 27.00 26.05 1013.5304
04467.6709 25.3750 25.1875 25.6875 27.00 26.05 1013.5304
04467.1958 25.3750 25.1875 25.6875 27.00 26.04 1013.5929
04466.4331 25.3750 25.1875 25.6875 27.00 26.04 1013.5929
04466.1831 25.3750 25.1875 25.6875 27.00 26.04 1013.5929
04466.4331 25.3750 25.1875 25.6875 27.00 26.04 1013.5929
04466.4331 25.3750 25.1875 25.6875 27.00 26.04 1013.5929
04445.5708 25.3750 25.1875 25.6875 27.00 26.04 1013.5929
#terjedesi                                       nyomas  ##
#ido(usec)  T1(C)   T2(C)   T3(C)  T4(C) para(%)  (hPa)
04467.3833 25.3125 25.1875 25.7500 27.00 26.04 1013.5929
04466.9585 25.3125 25.1875 25.7500 27.00 26.04 1013.5929
04467.3833 25.3125 25.1875 25.7500 27.00 26.04 1013.5929
04445.1084 25.3125 25.1875 25.7500 27.00 26.03 1013.7015
04468.8584 25.3125 25.1875 25.7500 27.00 26.03 1013.7015
04466.0083 25.3125 25.1875 25.7500 27.00 26.03 1013.7015
04466.0083 25.3125 25.1875 25.7500 27.00 26.03 1013.7015
04468.3584 25.3125 25.1875 25.7500 27.00 26.03 1013.7015
04468.5581 25.3125 25.1875 25.7500 27.00 26.03 1013.7015
04467.1333 25.3125 25.1875 25.6875 27.00 26.03 1013.7015
04466.9585 25.3125 25.1875 25.6875 27.00 26.03 1013.7015
04466.8960 25.3125 25.1875 25.6875 27.00 26.03 1013.7015
04444.8335 25.3125 25.1875 25.6875 27.00 26.02 1013.5304
04466.1958 25.3125 25.1875 25.6875 27.00 26.02 1013.5304
04468.8457 25.3125 25.1875 25.6875 27.00 26.02 1013.5304
04466.4209 25.3125 25.1875 25.6875 27.00 26.02 1013.5304
04445.3208 25.3125 25.1875 25.6875 27.00 26.02 1013.5304
04444.8335 25.3125 25.1875 25.6875 27.00 26.02 1013.5304
04467.4082 25.3125 25.1875 25.6875 27.00 26.02 1013.5304
04466.9585 25.3125 25.1875 25.6875 27.00 26.02 1013.5304
04467.1958 25.3125 25.1875 25.6875 27.00 26.02 1013.5304
04445.3208 25.3125 25.1875 25.6875 27.00 26.02 1013.5304
04445.1084 25.3125 25.1875 25.6875 27.00 26.00 1013.5929
04445.5459 25.3125 25.1875 25.6875 27.00 26.00 1013.5929
04466.2085 25.3125 25.1875 25.6875 27.00 26.00 1013.5929
04444.8584 25.3125 25.1875 25.6875 27.00 26.00 1013.5929
04465.7456 25.3125 25.1875 25.6875 27.00 26.00 1013.5929
04466.9209 25.3125 25.1875 25.6875 27.00 26.00 1013.5929
04466.8960 25.3125 25.1875 25.6875 27.00 26.00 1013.5929
04468.8584 25.3125 25.1875 25.6875 27.00 26.00 1013.5929
04465.9585 25.3125 25.1875 25.6875 27.00 26.00 1013.5929
04465.9585 25.3125 25.1875 25.6875 27.00 26.03 1013.5929
04445.0957 25.3125 25.1875 25.6875 27.00 26.03 1013.5929
04466.2207 25.3125 25.1875 25.6875 27.00 26.03 1013.5929
04445.1084 25.3125 25.1875 25.6875 27.00 26.03 1013.5929
04467.1958 25.3125 25.1875 25.7500 27.00 26.03 1013.5929
04467.1460 25.3125 25.1875 25.7500 27.00 26.03 1013.5929
04467.1831 25.3125 25.1875 25.7500 27.00 26.03 1013.5929
04445.5835 25.3125 25.1875 25.7500 27.00 26.03 1013.5929
04465.7710 25.3125 25.1875 25.7500 27.00 26.03 1013.5929
04466.2456 25.3125 25.1875 25.7500 27.00 26.03 1013.5929
04469.0459 25.3125 25.1875 25.7500 27.02 26.02 1013.7073
04469.0708 25.3125 25.1875 25.7500 27.02 26.02 1013.7073
04465.9834 25.3125 25.1875 25.7500 27.02 26.02 1013.7073
04467.1460 25.3125 25.1875 25.7500 27.02 26.02 1013.7073
04466.8960 25.3125 25.1875 25.7500 27.02 26.02 1013.7073
04468.8457 25.3125 25.1875 25.7500 27.02 26.02 1013.7073
04465.9585 25.3125 25.1875 25.7500 27.02 26.02 1013.7073
04466.0083 25.3125 25.1875 25.7500 27.02 26.02 1013.7073
04445.0581 25.3125 25.1875 25.7500 27.02 26.02 1013.7073
04468.8584 25.3125 25.1875 25.7500 27.02 26.03 1013.6177
04468.8584 25.3125 25.1875 25.7500 27.02 26.03 1013.6177
04466.9082 25.3125 25.1875 25.7500 27.02 26.03 1013.6177
04466.9585 25.3125 25.1875 25.7500 27.02 26.03 1013.6177
04466.9585 25.3125 25.1875 25.7500 27.02 26.03 1013.6177
04445.0835 25.3125 25.1875 25.7500 27.02 26.03 1013.6177
04466.2456 25.3125 25.1875 25.7500 27.02 26.03 1013.6177
04445.0581 25.3125 25.1875 25.7500 27.02 26.03 1013.6177
04468.5708 25.3125 25.1875 25.7500 27.02 26.03 1013.6177
04444.8208 25.3125 25.1875 25.7500 27.02 26.03 1013.6177
04466.4331 25.3125 25.1875 25.7500 27.01 26.01 1013.7179
04466.9585 25.3125 25.1875 25.7500 27.01 26.01 1013.7179
04467.4331 25.3125 25.1875 25.7500 27.01 26.01 1013.7179
04444.8706 25.3125 25.1875 25.7500 27.01 26.01 1013.7179
04465.7710 25.3125 25.1875 25.7500 27.01 26.01 1013.7179
04469.0957 25.3125 25.1875 25.7500 27.01 26.01 1013.7179
04444.8584 25.3125 25.1875 25.7500 27.01 26.01 1013.7179
04465.9956 25.3125 25.1875 25.7500 27.01 26.01 1013.7179
04465.9707 25.3125 25.1875 25.7500 27.01 26.01 1013.7179
04466.1831 25.3750 25.1875 25.6875 27.02 26.04 1013.5090
04466.6958 25.3750 25.1875 25.6875 27.02 26.04 1013.5090
04466.9082 25.3750 25.1875 25.6875 27.02 26.04 1013.5090
04465.5083 25.3750 25.1875 25.6875 27.02 26.04 1013.5090
#terjedesi                                       nyomas  ##
#ido(usec)  T1(C)   T2(C)   T3(C)  T4(C) para(%)  (hPa)
04445.2959 25.3750 25.1875 25.6875 27.02 26.04 1013.5090
04466.0083 25.3750 25.1875 25.6875 27.02 26.04 1013.5090
04466.4331 25.3750 25.1875 25.6875 27.02 26.04 1013.5090
04445.0581 25.3750 25.1875 25.6875 27.02 26.04 1013.5090
04466.4331 25.3125 25.1875 25.6875 27.02 26.04 1013.5090
04466.6582 25.3125 25.1875 25.6875 27.01 26.04 1013.5549
04466.9585 25.3125 25.1875 25.6875 27.01 26.04 1013.5549
04444.5957 25.3125 25.1875 25.6875 27.01 26.04 1013.5549
04444.8081 25.3125 25.1875 25.6875 27.01 26.04 1013.5549
04445.1084 25.3125 25.1875 25.6875 27.01 26.04 1013.5549
04466.0083 25.3125 25.1875 25.6875 27.01 26.04 1013.5549
04445.3457 25.3125 25.1875 25.6875 27.01 26.04 1013.5549
04466.0083 25.3125 25.1875 25.6875 27.01 26.04 1013.5549
04466.2085 25.3125 25.1875 25.6875 27.01 26.04 1013.5549
04467.1582 25.3125 25.1875 25.6875 27.01 26.04 1013.5549
04466.7207 25.3125 25.1875 25.6875 27.01 26.04 1013.5549
04444.8081 25.3125 25.1875 25.6875 27.01 26.05 1013.6092
04468.8081 25.3125 25.1875 25.6875 27.01 26.05 1013.6092
04465.7207 25.3125 25.1875 25.6875 27.01 26.05 1013.6092
04465.9956 25.3125 25.1875 25.6875 27.01 26.05 1013.6092
04444.8706 25.3125 25.1875 25.6875 27.01 26.05 1013.6092
04466.6958 25.3125 25.1875 25.6875 27.01 26.05 1013.6092
04466.6709 25.3125 25.1875 25.6875 27.01 26.05 1013.6092
04466.4834 25.3125 25.1875 25.6875 27.01 26.05 1013.6092
04465.9585 25.3125 25.1875 25.6875 27.02 26.02 1013.6177
04445.5835 25.3125 25.1875 25.6875 27.02 26.02 1013.6177
04465.7583 25.3125 25.1875 25.6875 27.02 26.02 1013.6177
04468.6084 25.3125 25.1875 25.6875 27.02 26.02 1013.6177
04445.3457 25.3125 25.1875 25.6875 27.02 26.02 1013.6177
04445.0581 25.3125 25.1875 25.6875 27.02 26.02 1013.6177
04469.0957 25.3125 25.1875 25.7500 27.02 26.02 1013.6177
04466.8960 25.3125 25.1875 25.7500 27.02 26.02 1013.6177
04467.1831 25.3125 25.1875 25.7500 27.02 26.02 1013.6177
04445.1084 25.3125 25.1875 25.7500 27.02 26.02 1013.6177
04445.5332 25.3125 25.1875 25.7500 27.01 25.99 1013.6907
04466.2207 25.3125 25.1875 25.7500 27.01 25.99 1013.6907
04466.4834 25.3125 25.1875 25.7500 27.01 25.99 1013.6907
04466.1831 25.3125 25.1875 25.7500 27.01 25.99 1013.6907
04467.3833 25.3125 25.1875 25.7500 27.01 25.99 1013.6907
04467.6084 25.3125 25.1875 25.7500 27.01 25.99 1013.6907
04443.8706 25.3125 25.1875 25.7500 27.01 25.99 1013.6907
04465.9458 25.3125 25.1875 25.7500 27.01 25.99 1013.6907
04466.6582 25.3125 25.1875 25.7500 27.01 25.99 1013.6907
04445.0835 25.3125 25.1875 25.7500 27.01 25.99 1013.6907
04466.7207 25.3125 25.1875 25.7500 27.02 26.02 1013.5090
04466.1958 25.3125 25.1875 25.7500 27.02 26.02 1013.5090
04445.5835 25.3125 25.1875 25.7500 27.02 26.02 1013.5090
04445.8208 25.3125 25.1875 25.7500 27.02 26.02 1013.5090
04467.6084 25.3125 25.1875 25.7500 27.02 26.02 1013.5090
04467.6709 25.3125 25.1875 25.7500 27.02 26.02 1013.5090
04445.5332 25.3125 25.1875 25.7500 27.02 26.02 1013.5090
04466.2456 25.3125 25.1875 25.7500 27.02 26.02 1013.5090
04466.0083 25.3125 25.1875 25.7500 27.02 26.02 1013.5090
04445.1084 25.3125 25.1875 25.7500 27.03 26.00 1013.5336
04466.2207 25.3125 25.1875 25.7500 27.03 26.00 1013.5336
04466.7207 25.3125 25.1875 25.7500 27.03 26.00 1013.5336
04467.1460 25.3125 25.1875 25.7500 27.03 26.00 1013.5336
04467.3833 25.3125 25.1875 25.7500 27.03 26.00 1013.5336
04466.2456 25.3125 25.1875 25.7500 27.03 26.00 1013.5336
04466.4834 25.3125 25.1875 25.7500 27.03 26.00 1013.5336
04465.9956 25.3125 25.1875 25.7500 27.03 26.00 1013.5336
04466.2456 25.3125 25.1875 25.7500 27.03 26.00 1013.5336
04466.1831 25.3125 25.1875 25.7500 27.03 26.00 1013.5336
04465.9834 25.3125 25.1875 25.7500 27.03 25.98 1013.5879
04467.1460 25.3125 25.1875 25.7500 27.03 25.98 1013.5879
04467.3833 25.3125 25.1875 25.7500 27.03 25.98 1013.5879
04467.1582 25.3125 25.1875 25.7500 27.03 25.98 1013.5879
04445.2959 25.3125 25.1875 25.7500 27.03 25.98 1013.5879
04466.1831 25.3125 25.1875 25.7500 27.03 25.98 1013.5879
04466.2207 25.3125 25.1875 25.7500 27.03 25.98 1013.5879
04465.9707 25.3125 25.1875 25.7500 27.03 25.98 1013.5879
04445.7710 25.3125 25.1875 25.7500 27.03 25.98 1013.5879
04466.2456 25.3125 25.1875 25.6875 27.02 25.98 1013.6259
#terjedesi                                       nyomas  ##
#ido(usec)  T1(C)   T2(C)   T3(C)  T4(C) para(%)  (hPa)
04467.1460 25.3125 25.1875 25.6875 27.02 25.98 1013.6259
04467.3833 25.3125 25.1875 25.6875 27.02 25.98 1013.6259
04467.1958 25.3125 25.1875 25.6875 27.02 25.98 1013.6259
04466.2456 25.3125 25.1875 25.6875 27.02 25.98 1013.6259
04445.5332 25.3125 25.1875 25.6875 27.02 25.98 1013.6259
04445.1084 25.3125 25.1875 25.6875 27.02 25.98 1013.6259
04466.1958 25.3125 25.1875 25.6875 27.02 25.98 1013.6259
04465.7085 25.3125 25.1875 25.6875 27.02 25.98 1013.6259
04466.0083 25.3125 25.1875 25.6875 27.02 25.98 1013.6259
04467.1460 25.3125 25.1875 25.6875 27.02 25.99 1013.5173
04467.1958 25.3125 25.1875 25.6875 27.02 25.99 1013.5173
04465.9585 25.3125 25.1875 25.6875 27.02 25.99 1013.5173
04466.2334 25.3125 25.1875 25.6875 27.02 25.99 1013.5173
04445.5835 25.3125 25.1875 25.6875 27.02 25.99 1013.5173
04445.2959 25.3125 25.1875 25.6875 27.02 25.99 1013.5173
04445.3335 25.3125 25.1875 25.6875 27.02 25.99 1013.5173
04465.9458 25.3125 25.1875 25.6875 27.02 25.99 1013.5173
04467.1958 25.3750 25.1875 25.7500 27.02 25.99 1013.5173
04467.3960 25.3750 25.1875 25.7500 27.03 26.00 1013.6884
04467.4331 25.3750 25.1875 25.7500 27.03 26.00 1013.6884
04445.5708 25.3750 25.1875 25.7500 27.03 26.00 1013.6884
04445.0581 25.3750 25.1875 25.7500 27.03 26.00 1013.6884
04445.1084 25.3750 25.1875 25.7500 27.03 26.00 1013.6884
04445.5332 25.3750 25.1875 25.7500 27.03 26.00 1013.6884
04466.4331 25.3750 25.1875 25.7500 27.03 26.00 1013.6884
04466.1958 25.3750 25.1875 25.7500 27.03 26.00 1013.6884
04466.9331 25.3125 25.1875 25.7500 27.03 26.00 1013.6884
04467.1460 25.3125 25.1875 25.7500 27.03 25.97 1013.6965
04445.2959 25.3125 25.1875 25.7500 27.03 25.97 1013.6965
04466.1958 25.3125 25.1875 25.7500 27.03 25.97 1013.6965
04466.2334 25.3125 25.1875 25.7500 27.03 25.97 1013.6965
04466.1958 25.3125 25.1875 25.7500 27.03 25.97 1013.6965
04466.2207 25.3125 25.1875 25.7500 27.03 25.97 1013.6965
04465.9585 25.3125 25.1875 25.7500 27.03 25.97 1013.6965
04467.3833 25.3125 25.1875 25.7500 27.03 25.97 1013.6965
04467.1333 25.3125 25.1875 25.7500 27.03 25.97 1013.6965
04466.9082 25.3125 25.1875 25.7500 27.03 25.97 1013.6965
04445.0459 25.3125 25.1875 25.7500 27.04 25.93 1013.6504
04465.7207 25.3125 25.1875 25.7500 27.04 25.93 1013.6504
04465.9585 25.3125 25.1875 25.7500 27.04 25.93 1013.6504
04469.0459 25.3125 25.1875 25.7500 27.04 25.93 1013.6504
04469.0332 25.3125 25.1875 25.7500 27.04 25.93 1013.6504
04466.4209 25.3125 25.1875 25.6875 27.04 25.93 1013.6504
04467.3833 25.3125 25.1875 25.6875 27.04 25.93 1013.6504
04466.9331 25.3125 25.1875 25.6875 27.04 25.93 1013.6504
04445.1084 25.3125 25.1875 25.6875 27.04 25.93 1013.6504
04468.8584 25.3125 25.1875 25.6875 27.03 25.95 1013.5879
04468.6206 25.3125 25.1875 25.6875 27.03 25.95 1013.5879
04465.9956 25.3125 25.1875 25.6875 27.03 25.95 1013.5879
04465.9956 25.3125 25.1875 25.6875 27.03 25.95 1013.5879
04465.9585 25.3125 25.1875 25.6875 27.03 25.95 1013.5879
04466.0083 25.3125 25.1875 25.7500 27.03 25.95 1013.5879
04466.9209 25.3125 25.1875 25.7500 27.03 25.95 1013.5879
04466.9585 25.3125 25.1875 25.7500 27.03 25.95 1013.5879
04465.9458 25.3125 25.1875 25.7500 27.03 25.95 1013.5879
04466.1958 25.3125 25.1875 25.7500 27.03 25.95 1013.5879
04465.9585 25.3125 25.1875 25.7500 27.03 25.95 1013.5336
04445.2959 25.3125 25.1875 25.7500 27.03 25.95 1013.5336
04466.0083 25.3125 25.1875 25.7500 27.03 25.95 1013.5336
04467.1831 25.3125 25.1875 25.7500 27.03 25.95 1013.5336
04467.1333 25.3125 25.1875 25.7500 27.03 25.95 1013.5336
04467.3833 25.3125 25.1875 25.7500 27.03 25.95 1013.5336
04466.4834 25.3125 25.1875 25.7500 27.03 25.95 1013.5336
04466.4834 25.3125 25.1875 25.7500 27.03 25.95 1013.5336
04466.4834 25.3125 25.1875 25.7500 27.03 25.95 1013.5336
04466.1831 25.3125 25.1875 25.7500 27.04 25.99 1013.5961
04466.1958 25.3125 25.1875 25.7500 27.04 25.99 1013.5961
04466.6709 25.3125 25.1875 25.7500 27.04 25.99 1013.5961
04445.7583 25.3125 25.1875 25.6875 27.04 25.99 1013.5961
04467.3833 25.3125 25.1875 25.6875 27.04 25.99 1013.5961
04467.4331 25.3125 25.1875 25.6875 27.04 25.99 1013.5961
04466.2085 25.3125 25.1875 25.6875 27.04 25.99 1013.5961
04466.2334 25.3125 25.1875 25.6875 27.04 25.99 1013.5961
#terjedesi                                       nyomas  ##
#ido(usec)  T1(C)   T2(C)   T3(C)  T4(C) para(%)  (hPa)
04445.0708 25.3125 25.1875 25.6875 27.04 25.99 1013.5961
04465.7456 25.3125 25.1875 25.6875 27.04 25.99 1013.5961
04466.0083 25.3125 25.1875 25.6875 27.05 25.94 1013.5853
04443.6206 25.3750 25.1875 25.6875 27.05 25.94 1013.5853
04467.1831 25.3750 25.1875 25.6875 27.05 25.94 1013.5853
04467.1460 25.3750 25.1875 25.6875 27.05 25.94 1013.5853
04465.7207 25.3750 25.1875 25.6875 27.05 25.94 1013.5853
04466.1831 25.3750 25.1875 25.6875 27.05 25.94 1013.5853
04469.0332 25.3750 25.1875 25.6875 27.05 25.94 1013.5853
04466.1958 25.3750 25.1875 25.6875 27.05 25.94 1013.5853
04466.2456 25.3750 25.1875 25.6875 27.05 25.94 1013.5853
04445.0459 25.3750 25.1875 25.6875 27.04 25.89 1013.5689
04466.0083 25.3125 25.1875 25.6875 27.04 25.89 1013.5689
04466.9082 25.3125 25.1875 25.6875 27.04 25.89 1013.5689
04466.7207 25.3125 25.1875 25.6875 27.04 25.89 1013.5689
04445.0581 25.3125 25.1875 25.6875 27.04 25.89 1013.5689
04465.9834 25.3125 25.1875 25.6875 27.04 25.89 1013.5689
04445.0835 25.3125 25.1875 25.6875 27.04 25.89 1013.5689
04466.0083 25.3125 25.1875 25.6875 27.04 25.89 1013.5689
04465.9956 25.3125 25.1875 25.6875 27.04 25.89 1013.5689
04466.9082 25.3125 25.1875 25.7500 27.04 25.66 1013.5499
04466.9331 25.3125 25.1875 25.7500 27.04 25.66 1013.5499
04467.1333 25.3125 25.1875 25.7500 27.04 25.66 1013.5499
04465.7583 25.3125 25.1875 25.7500 27.04 25.66 1013.5499
04445.2959 25.3125 25.1875 25.7500 27.04 25.66 1013.5499
04466.1958 25.3125 25.1875 25.7500 27.04 25.66 1013.5499
04445.2832 25.3125 25.1875 25.7500 27.04 25.66 1013.5499
04465.9707 25.3125 25.1875 25.7500 27.04 25.66 1013.5499
04445.1084 25.3125 25.1875 25.7500 27.04 25.66 1013.5499
04466.4331 25.3125 25.1875 25.6875 27.04 25.66 1013.5499
04467.1709 25.3125 25.1875 25.6875 27.05 25.57 1013.6206
04467.1460 25.3125 25.1875 25.6875 27.05 25.57 1013.6206
04466.0083 25.3125 25.1875 25.6875 27.05 25.57 1013.6206