#terjedesi                                       nyomas  ##
#ido(usec)  T1(C)   T2(C)   T3(C)  T4(C) para(%)  (hPa)
04460.2583 25.4375 25.1250 25.8750 27.24 26.28 1013.5987
04460.4956 25.4375 25.1250 25.8750 27.24 26.28 1013.5987
04460.2456 25.4375 25.1250 25.8750 27.24 26.28 1013.5987
04460.7832 25.4375 25.1250 25.8750 27.24 26.29 1013.4900
04461.2583 25.3750 25.1875 25.8750 27.24 26.29 1013.4900
04461.4956 25.3750 25.1875 25.8750 27.24 26.29 1013.4900
04461.9707 25.3750 25.1875 25.8750 27.24 26.29 1013.4900
04460.2710 25.3750 25.1875 25.8750 27.24 26.29 1013.4900
04460.5459 25.3750 25.1875 25.8750 27.24 26.29 1013.4900
04460.3081 25.3750 25.1875 25.8750 27.24 26.29 1013.4900
04439.6460 25.3750 25.1875 25.8750 27.24 26.29 1013.4900
04439.6460 25.3750 25.1875 25.8750 27.24 26.29 1013.4900
04460.5459 25.3750 25.1875 25.8750 27.24 26.29 1013.4900
04461.2456 25.4375 25.1875 25.8750 27.24 26.28 1013.6448
04461.4331 25.4375 25.1875 25.8750 27.24 26.28 1013.6448
04460.2710 25.4375 25.1875 25.8750 27.24 26.28 1013.6448
04460.2959 25.4375 25.1875 25.8750 27.24 26.28 1013.6448
04460.2959 25.4375 25.1875 25.8750 27.24 26.28 1013.6448
04460.4956 25.4375 25.1875 25.8750 27.24 26.28 1013.6448
04459.8335 25.4375 25.1875 25.8750 27.24 26.28 1013.6448
04460.0459 25.4375 25.1875 25.8750 27.24 26.28 1013.6448
04460.7832 25.4375 25.1875 25.8750 27.24 26.28 1013.6448
04461.2207 25.4375 25.1875 25.8750 27.23 26.28 1013.5742
04461.2583 25.4375 25.1875 25.8750 27.23 26.28 1013.5742
04439.3706 25.4375 25.1875 25.8750 27.23 26.28 1013.5742
04439.1333 25.4375 25.1875 25.8750 27.23 26.28 1013.5742
04439.1709 25.4375 25.1875 25.8750 27.23 26.28 1013.5742
04460.0083 25.4375 25.1875 25.8750 27.23 26.28 1013.5742
04459.5957 25.4375 25.1875 25.8750 27.23 26.28 1013.5742
04439.5835 25.4375 25.1875 25.8750 27.23 26.28 1013.5742
04461.1958 25.3750 25.1250 25.8750 27.23 26.28 1013.5742
04461.4458 25.3750 25.1250 25.8750 27.24 26.26 1013.5905
04460.2832 25.3750 25.1250 25.8750 27.24 26.26 1013.5905
04439.1206 25.3750 25.1250 25.8750 27.24 26.26 1013.5905
04439.5957 25.3750 25.1250 25.8750 27.24 26.26 1013.5905
04460.2456 25.3750 25.1250 25.8750 27.24 26.26 1013.5905
04439.3584 25.3750 25.1250 25.8750 27.24 26.26 1013.5905
04460.3081 25.3750 25.1250 25.8750 27.24 26.26 1013.5905
04461.2583 25.4375 25.1875 25.8750 27.24 26.26 1013.5905
04461.4834 25.4375 25.1875 25.8750 27.24 26.26 1013.5905
04461.4331 25.4375 25.1875 25.8750 27.24 26.26 1013.5905
04439.4082 25.4375 25.1875 25.8750 27.24 26.26 1013.6992
04460.4834 25.4375 25.1875 25.8750 27.24 26.26 1013.6992
04460.0210 25.4375 25.1875 25.8750 27.24 26.26 1013.6992
04460.4834 25.4375 25.1875 25.8750 27.24 26.26 1013.6992
04460.4956 25.4375 25.1875 25.8750 27.24 26.26 1013.6992
04460.7583 25.4375 25.1250 25.8750 27.24 26.26 1013.6992
04461.2085 25.4375 25.1250 25.8750 27.24 26.26 1013.6992
04460.7583 25.4375 25.1250 25.8750 27.24 26.26 1013.6992
04439.1084 25.4375 25.1250 25.8750 27.24 26.26 1013.6992
04460.2583 25.4375 25.1250 25.8750 27.23 26.27 1013.5552
04439.4082 25.4375 25.1250 25.8750 27.23 26.27 1013.5552
04460.2583 25.4375 25.1250 25.8750 27.23 26.27 1013.5552
04460.3081 25.4375 25.1250 25.8750 27.23 26.27 1013.5552
04460.4834 25.4375 25.1250 25.8750 27.23 26.27 1013.5552
04460.2832 25.4375 25.1875 25.8750 27.23 26.27 1013.5552
04461.2583 25.4375 25.1875 25.8750 27.23 26.27 1013.5552
04461.1958 25.4375 25.1875 25.8750 27.23 26.27 1013.5552
04460.4834 25.4375 25.1875 25.8750 27.23 26.27 1013.5552
04459.8335 25.4375 25.1875 25.8750 27.23 26.27 1013.5552
04460.0581 25.4375 25.1875 25.8750 27.24 26.27 1013.5987
04462.9209 25.4375 25.1875 25.8750 27.24 26.27 1013.5987
04460.2832 25.4375 25.1875 25.8750 27.24 26.27 1013.5987
04461.2085 25.4375 25.1875 25.8750 27.24 26.27 1013.5987
04461.4834 25.4375 25.1875 25.8750 27.24 26.27 1013.5987
04461.0083 25.4375 25.1875 25.8750 27.24 26.27 1013.5987
04439.1709 25.4375 25.1875 25.8750 27.24 26.27 1013.5987
04439.1333 25.4375 25.1875 25.8750 27.24 26.27 1013.5987
04460.0708 25.4375 25.1875 25.8750 27.24 26.27 1013.5987
04460.0708 25.4375 25.1875 25.8750 27.24 26.28 1013.6531
04439.3833 25.4375 25.1875 25.8750 27.24 26.28 1013.6531
04460.2456 25.4375 25.1875 25.8750 27.24 26.28 1013.6531
04463.1333 25.4375 25.1875 25.8750 27.24 26.28 1013.6531
#terjedesi                                       nyomas  ##
#ido(usec)  T1(C)   T2(C)   T3(C)  T4(C) para(%)  (hPa)
04461.4956 25.4375 25.1875 25.8750 27.24 26.28 1013.6531
04461.0210 25.4375 25.1875 25.8750 27.24 26.28 1013.6531
04438.9331 25.4375 25.1875 25.8750 27.24 26.28 1013.6531
04439.3833 25.4375 25.1875 25.8750 27.24 26.28 1013.6531
04460.2959 25.4375 25.1875 25.8750 27.24 26.28 1013.6531
04439.6333 25.4375 25.1875 25.8750 27.24 26.28 1013.6531
04439.5957 25.4375 25.1875 25.8750 27.24 26.27 1013.5362
04461.2583 25.3750 25.1875 25.8750 27.24 26.27 1013.5362
04461.2583 25.3750 25.1875 25.8750 27.24 26.27 1013.5362
04461.4834 25.3750 25.1875 25.8750 27.24 26.27 1013.5362
04460.5332 25.3750 25.1875 25.8750 27.24 26.27 1013.5362
04460.0083 25.3750 25.1875 25.8750 27.24 26.27 1013.5362
04460.5083 25.3750 25.1875 25.8750 27.24 26.27 1013.5362
04460.3081 25.3750 25.1875 25.8750 27.24 26.27 1013.5362
04460.5459 25.3750 25.1875 25.8750 27.24 26.27 1013.5362
04460.5459 25.3750 25.1875 25.8750 27.24 26.27 1013.5362
04460.5459 25.4375 25.1875 25.8750 27.24 26.26 1013.6177
04461.0210 25.4375 25.1875 25.8750 27.24 26.26 1013.6177
04461.7334 25.4375 25.1875 25.8750 27.24 26.26 1013.6177
04460.0459 25.4375 25.1875 25.8750 27.24 26.26 1013.6177
04460.7334 25.4375 25.1875 25.8750 27.24 26.26 1013.6177
04439.6333 25.4375 25.1875 25.8750 27.24 26.26 1013.6177
04460.2959 25.4375 25.1875 25.8750 27.24 26.26 1013.6177
04439.3960 25.4375 25.1875 25.8750 27.24 26.26 1013.6177
04461.2456 25.4375 25.1875 25.8750 27.24 26.27 1013.4546
04461.4707 25.4375 25.1875 25.8750 27.24 26.27 1013.4546
04461.2456 25.4375 25.1875 25.8750 27.24 26.27 1013.4546
04460.2832 25.4375 25.1875 25.8750 27.24 26.27 1013.4546
04460.2710 25.4375 25.1875 25.8750 27.24 26.27 1013.4546
04460.3081 25.4375 25.1875 25.8750 27.24 26.27 1013.4546
04460.0332 25.4375 25.1875 25.8750 27.24 26.27 1013.4546
04460.3081 25.4375 25.1875 25.8750 27.24 26.27 1013.4546
04460.0459 25.4375 25.1875 25.8750 27.24 26.27 1013.4546
04460.2959 25.4375 25.1875 25.8750 27.24 26.27 1013.4546
04460.9707 25.4375 25.1875 25.8750 27.24 26.27 1013.4546
04461.9331 25.4375 25.1875 25.8750 27.24 26.26 1013.5905
04460.2583 25.4375 25.1875 25.8750 27.24 26.26 1013.5905
04439.5835 25.4375 25.1875 25.8750 27.24 26.26 1013.5905
04460.2710 25.4375 25.1875 25.8750 27.24 26.26 1013.5905
04460.4834 25.4375 25.1875 25.8750 27.24 26.26 1013.5905
04460.4834 25.4375 25.1875 25.8750 27.24 26.26 1013.5905
04461.2583 25.3750 25.1875 25.8750 27.24 26.26 1013.5905
04461.7334 25.3750 25.1875 25.8750 27.24 26.26 1013.5905
04461.1958 25.3750 25.1875 25.8750 27.24 26.26 1013.5905
04460.3081 25.3750 25.1875 25.8750 27.24 26.26 1013.6721
04460.2583 25.3750 25.1875 25.8750 27.24 26.26 1013.6721
04460.0332 25.3750 25.1875 25.8750 27.24 26.26 1013.6721
04460.0083 25.3750 25.1875 25.8750 27.24 26.26 1013.6721
04460.4834 25.3750 25.1875 25.8750 27.24 26.26 1013.6721
04460.5459 25.3750 25.1875 25.8750 27.24 26.26 1013.6721
04461.4956 25.3750 25.1875 25.8750 27.24 26.26 1013.6721
04461.4458 25.3750 25.1875 25.8750 27.24 26.26 1013.6721
04461.4458 25.3750 25.1875 25.8750 27.24 26.26 1013.6721
04459.8208 25.3750 25.1875 25.8750 27.25 26.26 1013.6612
04459.8335 25.3750 25.1875 25.8750 27.25 26.26 1013.6612
04460.5459 25.3750 25.1875 25.8750 27.25 26.26 1013.6612
04460.3081 25.3750 25.1875 25.8750 27.25 26.26 1013.6612
04460.0210 25.3750 25.1875 25.8750 27.25 26.26 1013.6612
04460.5459 25.3750 25.1875 25.8750 27.25 26.26 1013.6612
04461.4707 25.3750 25.1875 25.8750 27.25 26.26 1013.6612
04461.4707 25.3750 25.1875 25.8750 27.25 26.26 1013.6612
04461.4331 25.3750 25.1875 25.8750 27.25 26.26 1013.6612
04460.5459 25.3750 25.1875 25.8750 27.25 26.26 1013.6612
04460.3081 25.3750 25.1875 25.8750 27.25 26.26 1013.6069
04460.3081 25.3750 25.1875 25.8750 27.25 26.26 1013.6069
04460.4834 25.3750 25.1875 25.8750 27.25 26.26 1013.6069
04460.7334 25.3750 25.1875 25.8750 27.25 26.26 1013.6069
04460.5459 25.3750 25.1875 25.8750 27.25 26.26 1013.6069
04461.7085 25.4375 25.1875 25.8750 27.25 26.26 1013.6069
04461.7334 25.4375 25.1875 25.8750 27.25 26.26 1013.6069
04460.4956 25.4375 25.1875 25.8750 27.25 26.26 1013.6069
04460.4956 25.4375 25.1875 25.8750 27.25 26.26 1013.6069
04460.2583 25.4375 25.1875 25.8750 27.24 26.26 1013.5987
#terjedesi                                       nyomas  ##
#ido(usec)  T1(C)   T2(C)   T3(C)  T4(C) para(%)  (hPa)
04460.4956 25.4375 25.1875 25.8750 27.24 26.26 1013.5987
04460.5332 25.4375 25.1875 25.8750 27.24 26.26 1013.5987
04460.2832 25.4375 25.1875 25.8750 27.24 26.26 1013.5987
04461.7334 25.4375 25.1875 25.9375 27.24 26.26 1013.5987
04461.9209 25.4375 25.1875 25.9375 27.24 26.26 1013.5987
04437.9834 25.4375 25.1875 25.9375 27.24 26.26 1013.5987
04460.5459 25.4375 25.1875 25.9375 27.24 26.26 1013.5987
04439.4082 25.4375 25.1875 25.9375 27.24 26.26 1013.5987
04460.2583 25.4375 25.1875 25.9375 27.24 26.26 1013.5987
04460.5210 25.4375 25.1875 25.9375 27.24 26.27 1013.7073
04460.5459 25.4375 25.1875 25.9375 27.24 26.27 1013.7073
04460.7207 25.4375 25.1875 25.8750 27.24 26.27 1013.7073
04461.4458 25.4375 25.1875 25.8750 27.24 26.27 1013.7073
04461.4956 25.4375 25.1875 25.8750 27.24 26.27 1013.7073
04460.5332 25.4375 25.1875 25.8750 27.24 26.27 1013.7073
04439.4082 25.4375 25.1875 25.8750 27.24 26.27 1013.7073
04460.2583 25.4375 25.1875 25.8750 27.24 26.27 1013.7073
04460.5083 25.4375 25.1875 25.8750 27.24 26.27 1013.7073
04460.5459 25.4375 25.1875 25.8750 27.24 26.29 1013.7073
04460.5459 25.4375 25.1875 25.8750 27.24 26.29 1013.7073
04461.2085 25.4375 25.1250 25.8750 27.24 26.29 1013.7073
04461.7207 25.4375 25.1250 25.8750 27.24 26.29 1013.7073
04461.6831 25.4375 25.1250 25.8750 27.24 26.29 1013.7073
04460.5459 25.4375 25.1250 25.8750 27.24 26.29 1013.7073
04460.3081 25.4375 25.1250 25.8750 27.24 26.29 1013.7073
04460.5459 25.4375 25.1250 25.8750 27.24 26.29 1013.7073
04460.5459 25.4375 25.1250 25.8750 27.24 26.29 1013.7073
04439.4082 25.4375 25.1250 25.8750 27.24 26.29 1013.7073
04460.9956 25.4375 25.1875 25.8750 27.25 26.27 1013.6612
04461.4956 25.4375 25.1875 25.8750 27.25 26.27 1013.6612
04461.6831 25.4375 25.1875 25.8750 27.25 26.27 1013.6612
04460.3081 25.4375 25.1875 25.8750 27.25 26.27 1013.6612
04460.5459 25.4375 25.1875 25.8750 27.25 26.27 1013.6612
04460.5459 25.4375 25.1875 25.8750 27.25 26.27 1013.6612
04460.4956 25.4375 25.1875 25.8750 27.25 26.27 1013.6612
04460.3081 25.4375 25.1875 25.8750 27.25 26.27 1013.6612
04460.4956 25.4375 25.1875 25.8750 27.25 26.27 1013.6612
04463.3584 25.4375 25.1250 25.8750 27.24 26.27 1013.6531
04461.4956 25.4375 25.1250 25.8750 27.24 26.27 1013.6531
04461.6958 25.4375 25.1250 25.8750 27.24 26.27 1013.6531
04460.7334 25.4375 25.1250 25.8750 27.24 26.27 1013.6531
04460.5459 25.4375 25.1250 25.8750 27.24 26.27 1013.6531
04460.4956 25.4375 25.1250 25.8750 27.24 26.27 1013.6531
04460.3081 25.4375 25.1250 25.8750 27.24 26.27 1013.6531
04460.5459 25.4375 25.1250 25.8750 27.24 26.27 1013.6531
04461.2583 25.4375 25.1250 25.8750 27.24 26.27 1013.6531
04461.1958 25.4375 25.1250 25.8750 27.24 26.27 1013.5905
04461.7207 25.4375 25.1250 25.8750 27.24 26.27 1013.5905
04439.5957 25.4375 25.1250 25.8750 27.24 26.27 1013.5905
04439.5957 25.4375 25.1250 25.8750 27.24 26.27 1013.5905
04460.7710 25.4375 25.1250 25.8750 27.24 26.27 1013.5905
04460.7710 25.4375 25.1250 25.8750 27.24 26.27 1013.5905
04460.4956 25.4375 25.1250 25.8750 27.24 26.27 1013.5905
04460.2583 25.4375 25.1250 25.8750 27.24 26.27 1013.5905
04460.7710 25.4375 25.1250 25.8750 27.24 26.27 1013.5905
04461.7085 25.4375 25.1250 25.8750 27.24 26.27 1013.5905
04461.9707 25.4375 25.1250 25.8750 27.26 26.28 1013.5692
04460.5332 25.4375 25.1250 25.8750 27.26 26.28 1013.5692
04460.7334 25.4375 25.1250 25.8750 27.26 26.28 1013.5692
04460.3081 25.4375 25.1250 25.8750 27.26 26.28 1013.5692
04460.0708 25.4375 25.1250 25.8750 27.26 26.28 1013.5692
04460.4956 25.4375 25.1250 25.8750 27.26 26.28 1013.5692
04461.4458 25.4375 25.1250 25.9375 27.26 26.28 1013.5692
04461.2085 25.4375 25.1250 25.9375 27.26 26.28 1013.5692
04437.7456 25.4375 25.1250 25.9375 27.26 26.28 1013.5692
04460.5332 25.4375 25.1250 25.9375 27.26 26.26 1013.6779
04460.4956 25.4375 25.1250 25.9375 27.26 26.26 1013.6779
04460.0708 25.4375 25.1250 25.9375 27.26 26.26 1013.6779
04460.5459 25.4375 25.1250 25.9375 27.26 26.26 1013.6779
04460.2583 25.4375 25.1250 25.9375 27.26 26.26 1013.6779
04460.3081 25.4375 25.1250 25.9375 27.26 26.26 1013.6779
04460.3081 25.4375 25.1875 25.8750 27.26 26.26 1013.6779
04461.6831 25.4375 25.1875 25.8750 27.26 26.26 1013.6779
#terjedesi                                       nyomas  ##
#ido(usec)  T1(C)   T2(C)   T3(C)  T4(C) para(%)  (hPa)
04461.7334 25.4375 25.1875 25.8750 27.26 26.26 1013.6779
04460.5459 25.4375 25.1875 25.8750 27.26 26.26 1013.6779
04460.7832 25.4375 25.1875 25.8750 27.25 26.29 1013.6069
04460.0210 25.4375 25.1875 25.8750 27.25 26.29 1013.6069
04460.5459 25.4375 25.1875 25.8750 27.25 26.29 1013.6069
04460.5210 25.4375 25.1875 25.8750 27.25 26.29 1013.6069
04461.7085 25.4375 25.1875 25.9375 27.25 26.29 1013.6069
04461.7334 25.4375 25.1875 25.9375 27.25 26.29 1013.6069
04461.2334 25.4375 25.1875 25.9375 27.25 26.29 1013.6069
04439.3584 25.4375 25.1875 25.9375 27.25 26.29 1013.6069
04460.7832 25.4375 25.1875 25.9375 27.25 26.29 1013.6069
04439.4082 25.4375 25.1875 25.9375 27.24 26.30 1013.5905
04460.5459 25.4375 25.1875 25.9375 27.24 26.30 1013.5905
04460.5459 25.4375 25.1875 25.9375 27.24 26.30 1013.5905
04460.2456 25.4375 25.1875 25.9375 27.24 26.30 1013.5905
04460.4956 25.4375 25.1875 25.8750 27.24 26.30 1013.5905
04461.7085 25.4375 25.1875 25.8750 27.24 26.30 1013.5905
04461.4331 25.4375 25.1875 25.8750 27.24 26.30 1013.5905
04460.4834 25.4375 25.1875 25.8750 27.24 26.30 1013.5905
04460.5332 25.4375 25.1875 25.8750 27.24 26.30 1013.5905
04460.0210 25.4375 25.1875 25.8750 27.24 26.27 1013.5905
04439.4082 25.4375 25.1875 25.8750 27.24 26.27 1013.5905
04460.7207 25.4375 25.1875 25.8750 27.24 26.27 1013.5905
04460.4956 25.4375 25.1875 25.8750 27.24 26.27 1013.5905
04437.9585 25.4375 25.1875 25.8750 27.24 26.27 1013.5905
04461.4956 25.4375 25.1875 25.8750 27.24 26.27 1013.5905
04460.3081 25.4375 25.1875 25.8750 27.24 26.27 1013.5905
04460.3081 25.4375 25.1875 25.8750 27.24 26.27 1013.5905
04462.8833 25.4375 25.1875 25.8750 27.24 26.27 1013.5905
04439.4082 25.4375 25.1875 25.8750 27.24 26.27 1013.5905
04460.5210 25.4375 25.1875 25.8750 27.24 26.27 1013.5905
04460.5459 25.4375 25.1875 25.8750 27.25 26.27 1013.5797
04461.4956 25.4375 25.1875 25.9375 27.25 26.27 1013.5797
04461.4458 25.4375 25.1875 25.9375 27.25 26.27 1013.5797
04461.4331 25.4375 25.1875 25.9375 27.25 26.27 1013.5797
04460.3081 25.4375 25.1875 25.9375 27.25 26.27 1013.5797
04460.2710 25.4375 25.1875 25.9375 27.25 26.27 1013.5797
04460.0210 25.4375 25.1875 25.9375 27.25 26.27 1013.5797
04460.0581 25.4375 25.1875 25.9375 27.25 26.27 1013.5797
04460.2959 25.4375 25.1875 25.9375 27.24 26.26 1013.6448
04439.3706 25.4375 25.1875 25.8750 27.24 26.26 1013.6448
04461.4331 25.4375 25.1875 25.8750 27.24 26.26 1013.6448
04461.4331 25.4375 25.1875 25.8750 27.24 26.26 1013.6448
04461.2583 25.4375 25.1875 25.8750 27.24 26.26 1013.6448
04460.5459 25.4375 25.1875 25.8750 27.24 26.26 1013.6448
04460.3081 25.4375 25.1875 25.8750 27.24 26.26 1013.6448
04460.3081 25.4375 25.1875 25.8750 27.24 26.26 1013.6448
04460.5083 25.4375 25.1875 25.8750 27.24 26.26 1013.6448
04460.2832 25.4375 25.1875 25.8750 27.24 26.26 1013.6448
04439.3584 25.4375 25.1875 25.8750 27.25 26.25 1013.6612
04461.4458 25.4375 25.1250 25.8750 27.25 26.25 1013.6612
04461.2207 25.4375 25.1250 25.8750 27.25 26.25 1013.6612
04460.4956 25.4375 25.1250 25.8750 27.25 26.25 1013.6612
04460.2583 25.4375 25.1250 25.8750 27.25 26.25 1013.6612
04460.7334 25.4375 25.1250 25.8750 27.25 26.25 1013.6612
04460.3081 25.4375 25.1250 25.8750 27.25 26.25 1013.6612
04460.4834 25.4375 25.1250 25.8750 27.25 26.25 1013.6612
04460.3081 25.4375 25.1250 25.8750 27.25 26.25 1013.6612
04461.4707 25.4375 25.1875 25.8750 27.25 26.25 1013.6612
04461.7207 25.4375 25.1875 25.8750 27.24 26.25 1013.5443
04461.2456 25.4375 25.1875 25.8750 27.24 26.25 1013.5443
04460.4834 25.4375 25.1875 25.8750 27.24 26.25 1013.5443
04439.5835 25.4375 25.1875 25.8750 27.24 26.25 1013.5443
04460.5459 25.4375 25.1875 25.8750 27.24 26.25 1013.5443
04460.0708 25.4375 25.1875 25.8750 27.24 26.25 1013.5443
04460.5332 25.4375 25.1875 25.8750 27.24 26.25 1013.5443
04460.2832 25.4375 25.1875 25.8750 27.24 26.25 1013.5443
04461.4458 25.4375 25.1875 25.8750 27.24 26.25 1013.5443
04461.0210 25.4375 25.1875 25.8750 27.24 26.27 1013.5987
04460.3081 25.4375 25.1875 25.8750 27.24 26.27 1013.5987
04440.0835 25.4375 25.1875 25.8750 27.24 26.27 1013.5987
04460.5210 25.4375 25.1875 25.8750 27.24 26.27 1013.5987
04460.3081 25.4375 25.1875 25.8750 27.24 26.27 1013.5987
#terjedesi                                       nyomas  ##
#ido(usec)  T1(C)   T2(C)   T3(C)  T4(C) para(%)  (hPa)
04460.2832 25.4375 25.1875 25.8750 27.24 26.27 1013.5987
04460.3081 25.4375 25.1875 25.8750 27.24 26.27 1013.5987
04461.6958 25.4375 25.1875 25.8750 27.24 26.27 1013.5987
04461.6958 25.4375 25.1875 25.8750 27.24 26.27 1013.5987
04461.4956 25.4375 25.1875 25.8750 27.24 26.27 1013.5987
04460.9707 25.4375 25.1875 25.8750 27.24 26.27 1013.6531
04460.5459 25.4375 25.1875 25.8750 27.24 26.27 1013.6531
04460.2583 25.4375 25.1875 25.8750 27.24 26.27 1013.6531
04460.2710 25.4375 25.1875 25.8750 27.24 26.27 1013.6531
04460.7207 25.4375 25.1875 25.8750 27.24 26.27 1013.6531
04461.2583 25.4375 25.1875 25.8750 27.24 26.27 1013.6531
04461.6831 25.4375 25.1875 25.8750 27.24 26.27 1013.6531
04461.7334 25.4375 25.1875 25.8750 27.24 26.27 1013.6531
04460.2456 25.4375 25.1875 25.8750 27.24 26.27 1013.6531
04460.7832 25.4375 25.1875 25.8750 27.24 26.28 1013.6531
04439.4082 25.4375 25.1875 25.8750 27.24 26.28 1013.6531
04460.5459 25.4375 25.1875 25.8750 27.24 26.28 1013.6531
04460.2710 25.4375 25.1875 25.8750 27.24 26.28 1013.6531
04460.2456 25.4375 25.1875 25.8750 27.24 26.28 1013.6531
04460.3081 25.4375 25.1875 25.9375 27.24 26.28 1013.6531
04461.4956 25.4375 25.1875 25.9375 27.24 26.28 1013.6531
04461.7334 25.4375 25.1875 25.9375 27.24 26.28 1013.6531
04460.4834 25.4375 25.1875 25.9375 27.24 26.28 1013.6531
04460.4834 25.4375 25.1875 25.9375 27.24 26.28 1013.6531
04460.5332 25.4375 25.1875 25.9375 27.24 26.28 1013.7073
04460.3081 25.4375 25.1875 25.9375 27.24 26.28 1013.7073
04460.2583 25.4375 25.1875 25.9375 27.24 26.28 1013.7073
04437.9209 25.4375 25.1875 25.8750 27.24 26.28 1013.7073
04461.4707 25.4375 25.1875 25.8750 27.24 26.28 1013.7073
04461.2456 25.4375 25.1875 25.8750 27.24 26.28 1013.7073
04439.6206 25.4375 25.1875 25.8750 27.24 26.28 1013.7073
04439.1084 25.4375 25.1875 25.8750 27.24 26.28 1013.7073
04460.2583 25.4375 25.1875 25.8750 27.24 26.28 1013.7073
04460.2710 25.4375 25.1875 25.8750 27.24 26.29 1013.5443
04460.3081 25.4375 25.1875 25.8750 27.24 26.29 1013.5443
04463.3584 25.4375 25.1875 25.8750 27.24 26.29 1013.5443
04460.9707 25.4375 25.1875 25.8750 27.24 26.29 1013.5443
04461.6958 25.4375 25.1875 25.8750 27.24 26.29 1013.5443
04461.4585 25.4375 25.1875 25.8750 27.24 26.29 1013.5443
04460.4956 25.4375 25.1875 25.8750 27.24 26.29 1013.5443
04460.2959 25.4375 25.1875 25.8750 27.24 26.29 1013.5443
04460.5083 25.4375 25.1875 25.8750 27.24 26.29 1013.5443
04460.3081 25.4375 25.1875 25.8750 27.24 26.29 1013.5905
04460.2959 25.4375 25.1875 25.8750 27.24 26.29 1013.5905
04461.7085 25.4375 25.1250 25.8750 27.24 26.29 1013.5905
04461.4956 25.4375 25.1250 25.8750 27.24 26.29 1013.5905
04460.9585 25.4375 25.1250 25.8750 27.24 26.29 1013.5905
04460.0210 25.4375 25.1250 25.8750 27.24 26.29 1013.5905
04460.5459 25.4375 25.1250 25.8750 27.24 26.29 1013.5905
04460.5459 25.4375 25.1250 25.8750 27.24 26.29 1013.5905
04460.7334 25.4375 25.1250 25.8750 27.24 26.29 1013.5905
04460.5459 25.4375 25.1250 25.8750 27.24 26.29 1013.5905
04460.2583 25.4375 25.1250 25.8750 27.25 26.28 1013.5525
04460.7832 25.4375 25.1875 25.8750 27.25 26.28 1013.5525
04461.6831 25.4375 25.1875 25.8750 27.25 26.28 1013.5525
04461.7334 25.4375 25.1875 25.8750 27.25 26.28 1013.5525
04460.5210 25.4375 25.1875 25.8750 27.25 26.28 1013.5525
04439.5957 25.4375 25.1875 25.8750 27.25 26.28 1013.5525
04460.4956 25.4375 25.1875 25.8750 27.25 26.28 1013.5525
04463.1582 25.4375 25.1875 25.8750 27.25 26.28 1013.5525
04439.3833 25.4375 25.1875 25.8750 27.25 26.28 1013.5525
04461.4956 25.4375 25.1875 25.8750 27.25 26.31 1013.4981
04461.2583 25.4375 25.1875 25.8750 27.25 26.31 1013.4981
04461.4834 25.4375 25.1875 25.8750 27.25 26.31 1013.4981
04460.2832 25.4375 25.1875 25.8750 27.25 26.31 1013.4981
04439.3584 25.4375 25.1875 25.8750 27.25 26.31 1013.4981
04460.0459 25.4375 25.1875 25.8750 27.25 26.31 1013.4981
04460.7207 25.4375 25.1875 25.8750 27.25 26.31 1013.4981
04460.9956 25.4375 25.1875 25.8750 27.25 26.31 1013.4981
04439.6460 25.4375 25.1875 25.8750 27.25 26.31 1013.4981
04460.9707 25.4375 25.1250 25.8750 27.25 26.31 1013.4981
04461.4458 25.4375 25.1250 25.8750 27.25 26.28 1013.6069
04461.4956 25.4375 25.1250 25.8750 27.25 26.28 1013.6069
#terjedesi                                       nyomas  ##
#ido(usec)  T1(C)   T2(C)   T3(C)  T4(C) para(%)  (hPa)
04460.4956 25.4375 25.1250 25.8750 27.25 26.28 1013.6069
04439.6460 25.4375 25.1250 25.8750 27.25 26.28 1013.6069
04460.4956 25.4375 25.1250 25.8750 27.25 26.28 1013.6069
04460.0708 25.4375 25.1250 25.8750 27.25 26.28 1013.6069
04460.2583 25.4375 25.1250 25.8750 27.25 26.28 1013.6069
04461.2583 25.4375 25.1875 25.8750 27.25 26.28 1013.6069
04461.4585 25.4375 25.1875 25.8750 27.25 26.28 1013.6069
04461.2085 25.4375 25.1875 25.8750 27.26 26.27 1013.6779
04439.1460 25.4375 25.1875 25.8750 27.26 26.27 1013.6779
04460.4834 25.4375 25.1875 25.8750 27.26 26.27 1013.6779
04460.4834 25.4375 25.1875 25.8750 27.26 26.27 1013.6779
04460.5083 25.4375 25.1875 25.8750 27.26 26.27 1013.6779
04460.5332 25.4375 25.1875 25.8750 27.26 26.27 1013.6779
04459.8335 25.4375 25.1875 25.8750 27.26 26.27 1013.6779
04461.4458 25.4375 25.1875 25.8750 27.26 26.27 1013.6779
04460.7832 25.4375 25.1875 25.8750 27.26 26.27 1013.6779
04461.6831 25.4375 25.1875 25.8750 27.26 26.27 1013.6779
04460.0210 25.4375 25.1875 25.8750 27.25 26.27 1013.6697
04460.4956 25.4375 25.1875 25.8750 27.25 26.27 1013.6697
04460.2583 25.4375 25.1875 25.8750 27.25 26.27 1013.6697
04460.2832 25.4375 25.1875 25.8750 27.25 26.27 1013.6697
04439.4082 25.4375 25.1875 25.8750 27.25 26.27 1013.6697
04460.3081 25.4375 25.1875 25.8750 27.25 26.27 1013.6697
04461.0210 25.4375 25.1875 25.8750 27.25 26.27 1013.6697
04461.2207 25.4375 25.1875 25.8750 27.25 26.27 1013.6697
04461.4458 25.4375 25.1875 25.8750 27.25 26.27 1013.6697
04460.2456 25.4375 25.1875 25.8750 27.25 26.28 1013.5797
04460.3081 25.4375 25.1875 25.8750 27.25 26.28 1013.5797
04439.3584 25.4375 25.1875 25.8750 27.25 26.28 1013.5797
04460.2832 25.4375 25.1875 25.8750 27.25 26.28 1013.5797
04439.3457 25.4375 25.1875 25.8750 27.25 26.28 1013.5797
04460.0210 25.4375 25.1875 25.8750 27.25 26.28 1013.5797
04461.2456 25.4375 25.1875 25.8750 27.25 26.28 1013.5797
04461.4956 25.4375 25.1875 25.8750 27.25 26.28 1013.5797
04460.0708 25.4375 25.1875 25.8750 27.25 26.28 1013.5797
04460.0708 25.4375 25.1875 25.8750 27.25 26.27 1013.6069
04460.2832 25.4375 25.1875 25.8750 27.25 26.27 1013.6069
04439.3584 25.4375 25.1875 25.8750 27.25 26.27 1013.6069
04460.5459 25.4375 25.1875 25.8750 27.25 26.27 1013.6069
04460.0210 25.4375 25.1875 25.8750 27.25 26.27 1013.6069
04461.2583 25.4375 25.1250 25.8750 27.25 26.27 1013.6069
04461.2085 25.4375 25.1250 25.8750 27.25 26.27 1013.6069
04460.7832 25.4375 25.1250 25.8750 27.25 26.27 1013.6069
04460.5210 25.4375 25.1250 25.8750 27.25 26.27 1013.6069
04460.0708 25.4375 25.1250 25.8750 27.25 26.27 1013.6069
04460.0708 25.4375 25.1250 25.8750 27.25 26.27 1013.6069
04460.2583 25.4375 25.1250 25.8750 27.25 26.28 1013.6069
04460.2456 25.4375 25.1250 25.8750 27.25 26.28 1013.6069
04460.2710 25.4375 25.1250 25.8750 27.25 26.28 1013.6069
04461.2583 25.4375 25.1875 25.8750 27.25 26.28 1013.6069
04461.7207 25.4375 25.1875 25.8750 27.25 26.28 1013.6069
04439.5957 25.4375 25.1875 25.8750 27.25 26.28 1013.6069
04460.3081 25.4375 25.1875 25.8750 27.25 26.28 1013.6069
04460.3081 25.4375 25.1875 25.8750 27.25 26.28 1013.6069
04460.3081 25.4375 25.1875 25.8750 27.24 26.30 1013.5090
04460.7207 25.4375 25.1875 25.8750 27.24 26.30 1013.5090
04460.3081 25.4375 25.1875 25.8750 27.24 26.30 1013.5090
04461.2085 25.4375 25.1875 25.8750 27.24 26.30 1013.5090
04461.4707 25.4375 25.1875 25.8750 27.24 26.30 1013.5090
04461.2456 25.4375 25.1875 25.8750 27.24 26.30 1013.5090
04460.3081 25.4375 25.1875 25.8750 27.24 26.30 1013.5090
04460.3081 25.4375 25.1875 25.8750 27.24 26.30 1013.5090
04460.3081 25.4375 25.1875 25.8750 27.24 26.30 1013.5090
04460.5083 25.4375 25.1875 25.8750 27.24 26.30 1013.5090
04460.5210 25.4375 25.1875 25.8750 27.25 26.28 1013.6069
04460.9707 25.4375 25.1875 25.8750 27.25 26.28 1013.6069
04461.4956 25.4375 25.1875 25.8750 27.25 26.28 1013.6069
04460.7583 25.4375 25.1875 25.8750 27.25 26.28 1013.6069
04460.7334 25.4375 25.1875 25.8750 27.25 26.28 1013.6069
04460.0083 25.4375 25.1875 25.8750 27.25 26.28 1013.6069
04460.2710 25.4375 25.1875 25.8750 27.25 26.28 1013.6069
04460.7456 25.4375 25.1875 25.8750 27.25 26.28 1013.6069
04460.7207 25.4375 25.1875 25.8750 27.25 26.28 1013.6069
#terjedesi                                       nyomas  ##
#ido(usec)  T1(C)   T2(C)   T3(C)  T4(C) para(%)  (hPa)
04460.2583 25.4375 25.1875 25.8750 27.25 26.28 1013.6069
04460.7583 25.4375 25.1875 25.8750 27.25 26.28 1013.6153
04461.4956 25.4375 25.1875 25.8750 27.25 26.28 1013.6153
04461.6709 25.4375 25.1875 25.8750 27.25 26.28 1013.6153
04439.1709 25.4375 25.1875 25.8750 27.25 26.28 1013.6153
04460.4956 25.4375 25.1875 25.8750 27.25 26.28 1013.6153
04460.3081 25.4375 25.1875 25.8750 27.25 26.28 1013.6153
04460.3081 25.4375 25.1875 25.8750 27.25 26.28 1013.6153
04460.7207 25.4375 25.1875 25.8750 27.25 26.28 1013.6153
04461.4585 25.4375 25.1875 25.8750 27.25 26.28 1013.6153
04461.4956 25.4375 25.1875 25.8750 27.25 26.26 1013.6612
04461.4458 25.4375 25.1875 25.8750 27.25 26.26 1013.6612
04460.5459 25.4375 25.1875 25.8750 27.25 26.26 1013.6612
04460.0708 25.4375 25.1875 25.8750 27.25 26.26 1013.6612
04460.2456 25.4375 25.1875 25.8750 27.25 26.26 1013.6612
04460.2832 25.4375 25.1875 25.8750 27.25 26.26 1013.6612
04460.3081 25.4375 25.1875 25.8750 27.25 26.26 1013.6612
04460.2583 25.4375 25.1875 25.8750 27.25 26.26 1013.6612
04460.7207 25.4375 25.1250 25.8750 27.25 26.26 1013.6612
04437.7334 25.4375 25.1250 25.8750 27.25 26.26 1013.6612
04461.9707 25.4375 25.1250 25.8750 27.24 26.29 1013.6531
04460.7207 25.4375 25.1250 25.8750 27.24 26.29 1013.6531
04460.4956 25.4375 25.1250 25.8750 27.24 26.29 1013.6531
04460.5459 25.4375 25.1250 25.8750 27.24 26.29 1013.6531
04460.5083 25.4375 25.1250 25.8750 27.24 26.29 1013.6531
04460.5332 25.4375 25.1250 25.8750 27.24 26.29 1013.6531
04461.7085 25.4375 25.1875 25.8750 27.24 26.29 1013.6531
04461.9458 25.4375 25.1875 25.8750 27.24 26.29 1013.6531
04461.4956 25.4375 25.1875 25.8750 27.24 26.29 1013.6531
04460.2832 25.4375 25.1875 25.8750 27.25 26.30 1013.7156
04439.6084 25.4375 25.1875 25.8750 27.25 26.30 1013.7156
04460.3081 25.4375 25.1875 25.8750 27.25 26.30 1013.7156
04460.7207 25.4375 25.1875 25.8750 27.25 26.30 1013.7156
04439.6460 25.4375 25.1875 25.8750 27.25 26.30 1013.7156
04462.8584 25.4375 25.1875 25.8750 27.25 26.30 1013.7156
04439.8833 25.4375 25.1875 25.8750 27.25 26.30 1013.7156
04461.4956 25.4375 25.1875 25.8750 27.25 26.30 1013.7156
04437.7456 25.4375 25.1875 25.8750 27.25 26.30 1013.7156
04460.4956 25.4375 25.1875 25.8750 27.25 26.28 1013.5067
04460.7832 25.4375 25.1875 25.8750 27.25 26.28 1013.5067
04460.7334 25.4375 25.1875 25.8750 27.25 26.28 1013.5067
04460.4956 25.4375 25.1875 25.8750 27.25 26.28 1013.5067
04460.5210 25.4375 25.1875 25.8750 27.25 26.28 1013.5067
04461.4956 25.4375 25.1875 25.8750 27.25 26.28 1013.5067
04461.6831 25.4375 25.1875 25.8750 27.25 26.28 1013.5067
04461.4956 25.4375 25.1875 25.8750 27.25 26.28 1013.5067
04460.7832 25.4375 25.1875 25.8750 27.25 26.28 1013.5067
04460.4956 25.4375 25.1875 25.8750 27.25 26.28 1013.5067
04460.5083 25.4375 25.1875 25.8750 27.25 26.28 1013.6153
04460.3081 25.4375 25.1875 25.8750 27.25 26.28 1013.6153
04460.4956 25.4375 25.1875 25.8750 27.25 26.28 1013.6153
04460.5210 25.4375 25.1875 25.8750 27.25 26.28 1013.6153
04460.9707 25.4375 25.1875 25.8750 27.25 26.28 1013.6153
04461.1958 25.4375 25.1875 25.8750 27.25 26.28 1013.6153
04461.4956 25.4375 25.1875 25.8750 27.25 26.28 1013.6153
04460.4956 25.4375 25.1875 25.8750 27.25 26.28 1013.6153
04460.7334 25.4375 25.1875 25.8750 27.25 26.28 1013.6153
04460.4956 25.4375 25.1875 25.8750 27.24 26.28 1013.5443
04460.4956 25.4375 25.1875 25.8750 27.24 26.28 1013.5443
04460.4834 25.4375 25.1875 25.8750 27.24 26.28 1013.5443
04461.1958 25.4375 25.1250 25.8750 27.24 26.28 1013.5443
04461.4331 25.4375 25.1250 25.8750 27.24 26.28 1013.5443
04461.4956 25.4375 25.1250 25.8750 27.24 26.28 1013.5443
04460.2583 25.4375 25.1250 25.8750 27.24 26.28 1013.5443
04460.2832 25.4375 25.1250 25.8750 27.24 26.28 1013.5443
04460.0210 25.4375 25.1250 25.8750 27.24 26.28 1013.5443
04440.0708 25.4375 25.1250 25.8750 27.24 26.28 1013.5443
04460.5459 25.4375 25.1250 25.8750 27.26 26.28 1013.7322
04460.7832 25.4375 25.1250 25.8750 27.26 26.28 1013.7322
04461.9209 25.4375 25.1250 25.8750 27.26 26.28 1013.7322
04461.6709 25.4375 25.1250 25.8750 27.26 26.28 1013.7322
04461.9209 25.4375 25.1250 25.8750 27.26 26.28 1013.7322
04460.3081 25.4375 25.1250 25.8750 27.26 26.28 1013.7322
#terjedesi                                       nyomas  ##
#ido(usec)  T1(C)   T2(C)   T3(C)  T4(C) para(%)  (hPa)
04460.5459 25.4375 25.1250 25.8750 27.26 26.28 1013.7322
04460.4956 25.4375 25.1250 25.8750 27.26 26.28 1013.7322
04460.2959 25.4375 25.1250 25.8750 27.26 26.28 1013.7322
04460.0210 25.4375 25.1250 25.8750 27.27 26.28 1013.6398
04439.5835 25.4375 25.1250 25.8750 27.27 26.28 1013.6398
04461.6709 25.4375 25.1875 25.8750 27.27 26.28 1013.6398
04461.7334 25.4375 25.1875 25.8750 27.27 26.28 1013.6398
04461.2334 25.4375 25.1875 25.8750 27.27 26.28 1013.6398
04460.5459 25.4375 25.1875 25.8750 27.27 26.28 1013.6398
04460.7710 25.4375 25.1875 25.8750 27.27 26.28 1013.6398
04439.3457 25.4375 25.1875 25.8750 27.27 26.28 1013.6398
04460.3081 25.4375 25.1875 25.8750 27.27 26.28 1013.6398
04460.7334 25.4375 25.1875 25.8750 27.27 26.28 1013.6398
04439.5957 25.4375 25.1875 25.8750 27.25 26.28 1013.6612
04461.4707 25.4375 25.1875 25.8750 27.25 26.28 1013.6612
04461.7085 25.4375 25.1875 25.8750 27.25 26.28 1013.6612
04460.2959 25.4375 25.1875 25.8750 27.25 26.28 1013.6612
04460.5332 25.4375 25.1875 25.8750 27.25 26.28 1013.6612
04460.5459 25.4375 25.1875 25.8750 27.25 26.28 1013.6612
04460.4834 25.4375 25.1875 25.8750 27.25 26.28 1013.6612
04460.2583 25.4375 25.1875 25.8750 27.25 26.28 1013.6612
04460.3081 25.4375 25.1875 25.8750 27.25 26.28 1013.6612
04437.9209 25.4375 25.1250 25.8750 27.26 26.29 1013.5963
04461.2085 25.4375 25.1250 25.8750 27.26 26.29 1013.5963
04461.4331 25.4375 25.1250 25.8750 27.26 26.29 1013.5963
04460.0708 25.4375 25.1250 25.8750 27.26 26.29 1013.5963
04460.2456 25.4375 25.1250 25.8750 27.26 26.29 1013.5963
04460.5210 25.4375 25.1250 25.8750 27.26 26.29 1013.5963
04460.2959 25.4375 25.1250 25.8750 27.26 26.29 1013.5963
04460.2959 25.4375 25.1250 25.8750 27.26 26.29 1013.5963
04460.2456 25.4375 25.1250 25.8750 27.26 26.29 1013.5963
04461.0210 25.4375 25.1875 25.8750 27.26 26.29 1013.6235
04461.2085 25.4375 25.1875 25.8750 27.26 26.29 1013.6235
04462.9209 25.4375 25.1875 25.8750 27.26 26.29 1013.6235
04439.5957 25.4375 25.1875 25.8750 27.26 26.29 1013.6235
04460.2583 25.4375 25.1875 25.8750 27.26 26.29 1013.6235
04460.0708 25.4375 25.1875 25.8750 27.26 26.29 1013.6235