#terjedesi                                       nyomas  ##
#ido(usec)  T1(C)   T2(C)   T3(C)  T4(C) para(%)  (hPa)
04454.5581 25.4375 25.1875 25.7500 26.85 26.33 1013.2377
04430.5581 25.4375 25.1875 25.7500 26.85 26.33 1013.2377
04430.8335 25.4375 25.1875 25.7500 26.85 26.33 1013.2377
04431.0957 25.4375 25.1875 25.7500 26.85 26.33 1013.2377
04430.3833 25.4375 25.1875 25.7500 26.85 26.33 1013.2377
04454.0835 25.4375 25.1875 25.7500 26.85 26.33 1013.2377
04452.4585 25.4375 25.1875 25.7500 26.85 26.33 1013.2377
04452.1958 25.4375 25.1875 25.7500 26.84 26.33 1013.1671
04430.3584 25.4375 25.1875 25.7500 26.84 26.33 1013.1671
04430.5708 25.4375 25.1875 25.7500 26.84 26.33 1013.1671
04430.3208 25.4375 25.1875 25.7500 26.84 26.33 1013.1671
04454.1333 25.4375 25.1875 25.7500 26.84 26.33 1013.1671
04430.6084 25.4375 25.1875 25.7500 26.84 26.33 1013.1671
04451.9458 25.4375 25.1875 25.8125 26.84 26.33 1013.1671
04452.6582 25.4375 25.1875 25.8125 26.84 26.33 1013.1671
04452.4707 25.4375 25.1875 25.8125 26.84 26.33 1013.1671
04454.3457 25.4375 25.1875 25.8125 26.85 26.33 1013.2458
04454.0835 25.4375 25.1875 25.8125 26.85 26.33 1013.2458
04454.6084 25.4375 25.1875 25.8125 26.85 26.33 1013.2458
04430.8081 25.4375 25.1875 25.8125 26.85 26.33 1013.2458
04454.0708 25.4375 25.1875 25.8125 26.85 26.33 1013.2458
04454.1333 25.4375 25.1875 25.8125 26.85 26.33 1013.2458
04452.4082 25.4375 25.1875 25.8125 26.85 26.33 1013.2458
04452.2334 25.4375 25.1875 25.8125 26.85 26.33 1013.2458
04452.4585 25.4375 25.1875 25.8125 26.85 26.33 1013.2458
04430.3208 25.4375 25.1875 25.8125 26.85 26.33 1013.2458
04430.3833 25.4375 25.1875 25.8125 26.85 26.36 1013.2648
04454.0835 25.4375 25.1875 25.8125 26.85 26.36 1013.2648
04454.1333 25.4375 25.1875 25.8125 26.85 26.36 1013.2648
04454.1333 25.4375 25.1875 25.8125 26.85 26.36 1013.2648
04454.5459 25.4375 25.1875 25.8125 26.85 26.36 1013.2648
04451.9834 25.3750 25.1875 25.8125 26.85 26.36 1013.2648
04452.1831 25.3750 25.1875 25.8125 26.85 26.36 1013.2648
04431.2710 25.3750 25.1875 25.8125 26.85 26.36 1013.2648
04454.3706 25.3750 25.1875 25.8125 26.85 26.36 1013.2648
04453.8335 25.3750 25.1875 25.8125 26.85 26.32 1013.2919
04453.8584 25.3750 25.1875 25.8125 26.85 26.32 1013.2919
04454.3335 25.3750 25.1875 25.8125 26.85 26.32 1013.2919
04454.0835 25.3750 25.1875 25.8125 26.85 26.32 1013.2919
04454.3706 25.3750 25.1875 25.8125 26.85 26.32 1013.2919
04452.1831 25.3750 25.1875 25.7500 26.85 26.32 1013.2919
04452.4331 25.3750 25.1875 25.7500 26.85 26.32 1013.2919
04430.8081 25.3750 25.1875 25.7500 26.85 26.32 1013.2919
04430.5957 25.3750 25.1875 25.7500 26.85 26.32 1013.2919
04430.5708 25.3750 25.1875 25.7500 26.85 26.31 1013.2919
04454.3584 25.3750 25.1875 25.7500 26.85 26.31 1013.2919
04430.6206 25.3750 25.1875 25.7500 26.85 26.31 1013.2919
04454.5957 25.3750 25.1875 25.7500 26.85 26.31 1013.2919
04452.4458 25.4375 25.1875 25.8125 26.85 26.31 1013.2919
04452.6582 25.4375 25.1875 25.8125 26.85 26.31 1013.2919
04452.7085 25.4375 25.1875 25.8125 26.85 26.31 1013.2919
04454.3208 25.4375 25.1875 25.8125 26.85 26.31 1013.2919
04430.6084 25.4375 25.1875 25.8125 26.85 26.31 1013.2919
04454.5459 25.4375 25.1875 25.8125 26.85 26.31 1013.2919
04430.5708 25.4375 25.1875 25.8125 26.84 26.31 1013.3109
04454.1333 25.4375 25.1875 25.8125 26.84 26.31 1013.3109
04454.1206 25.4375 25.1875 25.7500 26.84 26.31 1013.3109
04452.2334 25.3750 25.1875 25.7500 26.84 26.31 1013.3109
04452.8960 25.3750 25.1875 25.7500 26.84 26.31 1013.3109
04454.3081 25.3750 25.1875 25.7500 26.84 26.31 1013.3109
04454.3081 25.3750 25.1875 25.7500 26.84 26.31 1013.3109
04430.7959 25.3750 25.1875 25.7500 26.84 26.31 1013.3109
04430.8335 25.3750 25.1875 25.7500 26.84 26.31 1013.3109
04430.8457 25.3750 25.1875 25.7500 26.84 26.29 1013.2756
04454.1084 25.3750 25.1875 25.7500 26.84 26.29 1013.2756
04452.2334 25.3750 25.1875 25.8125 26.84 26.29 1013.2756
04431.5459 25.3750 25.1875 25.8125 26.84 26.29 1013.2756
04431.2710 25.3750 25.1875 25.8125 26.84 26.29 1013.2756
04453.8584 25.3750 25.1875 25.8125 26.84 26.29 1013.2756
04453.8960 25.3750 25.1875 25.8125 26.84 26.29 1013.2756
04454.3081 25.3750 25.1875 25.8125 26.84 26.29 1013.2756
04454.0835 25.3750 25.1875 25.8125 26.84 26.29 1013.2756
04454.1084 25.3750 25.1875 25.8125 26.84 26.29 1013.2756
#terjedesi                                       nyomas  ##
#ido(usec)  T1(C)   T2(C)   T3(C)  T4(C) para(%)  (hPa)
04454.5835 25.3750 25.1875 25.8125 26.84 26.25 1013.2838
04452.4707 25.3750 25.1875 25.8125 26.84 26.25 1013.2838
04452.8833 25.3750 25.1875 25.8125 26.84 26.25 1013.2838
04430.8208 25.3750 25.1875 25.8125 26.84 26.25 1013.2838
04454.3081 25.3750 25.1875 25.8125 26.84 26.25 1013.2838
04454.3706 25.3750 25.1875 25.8125 26.84 26.25 1013.2838
04454.0835 25.3750 25.1875 25.8125 26.84 26.25 1013.2838
04430.6206 25.3750 25.1875 25.8125 26.84 26.25 1013.2838
04430.3335 25.3750 25.1875 25.8125 26.84 26.25 1013.2838
04430.5957 25.3750 25.1875 25.8125 26.84 26.25 1013.2838
04452.1831 25.3750 25.1875 25.8125 26.84 26.27 1013.2213
04452.4707 25.3750 25.1875 25.8125 26.84 26.27 1013.2213
04454.0957 25.3750 25.1875 25.8125 26.84 26.27 1013.2213
04454.1084 25.3750 25.1875 25.8125 26.84 26.27 1013.2213
04430.8584 25.3750 25.1875 25.8125 26.84 26.27 1013.2213
04430.8208 25.3750 25.1875 25.8125 26.84 26.27 1013.2213
04454.3081 25.3750 25.1875 25.8125 26.84 26.27 1013.2213
04452.4585 25.4375 25.1875 25.8125 26.84 26.27 1013.2213
04452.6958 25.4375 25.1875 25.8125 26.83 26.28 1013.2864
04452.2334 25.4375 25.1875 25.8125 26.83 26.28 1013.2864
04454.1333 25.4375 25.1875 25.8125 26.83 26.28 1013.2864
04454.0835 25.4375 25.1875 25.8125 26.83 26.28 1013.2864
04430.5957 25.4375 25.1875 25.8125 26.83 26.28 1013.2864
04454.1206 25.4375 25.1875 25.8125 26.83 26.28 1013.2864
04454.0708 25.4375 25.1875 25.8125 26.83 26.28 1013.2864
04430.8584 25.4375 25.1875 25.8125 26.83 26.28 1013.2864
04454.3208 25.4375 25.1875 25.7500 26.83 26.28 1013.2864
04431.3335 25.4375 25.1875 25.7500 26.83 26.28 1013.2864
04452.4209 25.4375 25.1875 25.7500 26.83 26.28 1013.2864
04453.8960 25.4375 25.1875 25.7500 26.83 26.32 1013.1778
04454.1084 25.4375 25.1875 25.7500 26.83 26.32 1013.1778
04454.0708 25.4375 25.1875 25.7500 26.83 26.32 1013.1778
04430.5708 25.4375 25.1875 25.7500 26.83 26.32 1013.1778
04430.6084 25.4375 25.1875 25.7500 26.83 26.32 1013.1778
04452.2334 25.3750 25.1875 25.8125 26.83 26.32 1013.1778
04452.2334 25.3750 25.1875 25.8125 26.83 26.32 1013.1778
04452.4458 25.3750 25.1875 25.8125 26.83 26.32 1013.1778
04453.8457 25.3750 25.1875 25.8125 26.83 26.32 1013.1778
04454.3706 25.3750 25.1875 25.8125 26.83 26.31 1013.2321
04454.1333 25.3750 25.1875 25.8125 26.83 26.31 1013.2321
04454.0835 25.3750 25.1875 25.8125 26.83 26.31 1013.2321
04430.6206 25.3750 25.1875 25.8125 26.83 26.31 1013.2321
04430.1460 25.3750 25.1875 25.8125 26.83 26.31 1013.2321
04454.3706 25.3750 25.1875 25.7500 26.83 26.31 1013.2321
04452.4331 25.3750 25.1875 25.7500 26.83 26.31 1013.2321
04452.4209 25.3750 25.1875 25.7500 26.83 26.31 1013.2321
04430.1460 25.3750 25.1875 25.7500 26.83 26.31 1013.2321
04454.0835 25.3750 25.1875 25.7500 26.83 26.33 1013.2946
04430.3208 25.3750 25.1875 25.7500 26.83 26.33 1013.2946
04453.6084 25.3750 25.1875 25.7500 26.83 26.33 1013.2946
04430.3208 25.3750 25.1875 25.7500 26.83 26.33 1013.2946
04452.4707 25.3750 25.1875 25.7500 26.83 26.33 1013.2946
04452.4458 25.3750 25.1875 25.7500 26.83 26.33 1013.2946
04431.0957 25.3750 25.1875 25.7500 26.83 26.33 1013.2946
04453.8706 25.3750 25.1875 25.7500 26.83 26.33 1013.2946
04454.3584 25.3750 25.1875 25.7500 26.83 26.33 1013.2946
04454.3208 25.3750 25.1875 25.7500 26.83 26.33 1013.2946
04430.6206 25.3750 25.1875 25.7500 26.84 26.34 1013.3299
04454.0708 25.3750 25.1875 25.7500 26.84 26.34 1013.3299
04453.8584 25.3750 25.1875 25.7500 26.84 26.34 1013.3299
04454.1333 25.3750 25.1875 25.7500 26.84 26.34 1013.3299
04452.2334 25.3750 25.1875 25.7500 26.84 26.34 1013.3299
04452.4209 25.3750 25.1875 25.7500 26.84 26.34 1013.3299
04430.6206 25.3750 25.1875 25.7500 26.84 26.34 1013.3299
04430.6084 25.3750 25.1875 25.7500 26.84 26.34 1013.3299
04430.5581 25.3750 25.1875 25.7500 26.84 26.34 1013.3299
04454.5708 25.3750 25.1875 25.7500 26.83 26.37 1013.3761
04454.1333 25.3750 25.1875 25.7500 26.83 26.37 1013.3761
04431.0332 25.3750 25.1875 25.8125 26.83 26.37 1013.3761
04431.3335 25.3750 25.1875 25.8125 26.83 26.37 1013.3761
04451.9956 25.3750 25.1875 25.8125 26.83 26.37 1013.3761
04454.1333 25.3750 25.1875 25.8125 26.83 26.37 1013.3761
04430.1460 25.3750 25.1875 25.8125 26.83 26.37 1013.3761
#terjedesi                                       nyomas  ##
#ido(usec)  T1(C)   T2(C)   T3(C)  T4(C) para(%)  (hPa)
04430.6206 25.3750 25.1875 25.8125 26.83 26.37 1013.3761
04447.4707 25.3750 25.1875 25.8125 26.83 26.37 1013.3761
04430.6206 25.3750 25.1875 25.8125 26.83 26.37 1013.3761
04454.3081 25.3750 25.1875 25.8125 26.84 26.35 1013.2756
04452.4082 25.3750 25.1875 25.7500 26.84 26.35 1013.2756
04431.7583 25.3750 25.1875 25.7500 26.84 26.35 1013.2756
04452.7085 25.3750 25.1875 25.7500 26.84 26.35 1013.2756
04454.3584 25.3750 25.1875 25.7500 26.84 26.35 1013.2756
04430.7959 25.3750 25.1875 25.7500 26.84 26.35 1013.2756
04453.6582 25.3750 25.1875 25.7500 26.84 26.35 1013.2756
04430.6206 25.3750 25.1875 25.7500 26.84 26.35 1013.2756
04454.3208 25.3750 25.1875 25.7500 26.84 26.35 1013.2756
04453.8960 25.3750 25.1875 25.7500 26.84 26.33 1013.2756
04452.4458 25.3750 25.1875 25.7500 26.84 26.33 1013.2756
04452.2334 25.3750 25.1875 25.7500 26.84 26.33 1013.2756
04431.0708 25.3750 25.1875 25.7500 26.84 26.33 1013.2756
04454.3081 25.3750 25.1875 25.7500 26.84 26.33 1013.2756
04454.1333 25.3750 25.1875 25.7500 26.84 26.33 1013.2756
04430.5581 25.3750 25.1875 25.7500 26.84 26.33 1013.2756
04454.1084 25.3750 25.1875 25.7500 26.84 26.33 1013.2756
04454.0708 25.3750 25.1875 25.7500 26.84 26.33 1013.2756
04454.5459 25.3750 25.1875 25.7500 26.84 26.33 1013.2756
04452.6582 25.3750 25.1875 25.7500 26.83 26.33 1013.2131
04452.4209 25.3750 25.1875 25.7500 26.83 26.33 1013.2131
04430.5581 25.3750 25.1875 25.7500 26.83 26.33 1013.2131
04453.8457 25.3750 25.1875 25.7500 26.83 26.33 1013.2131
04454.5581 25.3750 25.1875 25.7500 26.83 26.33 1013.2131
04454.1333 25.3750 25.1875 25.7500 26.83 26.33 1013.2131
04454.1333 25.3750 25.1875 25.7500 26.83 26.33 1013.2131
04454.1084 25.3750 25.1875 25.7500 26.83 26.33 1013.2131
04451.9956 25.3750 25.1875 25.7500 26.83 26.33 1013.2131
04452.2334 25.3750 25.1875 25.7500 26.84 26.33 1013.3028
04452.2334 25.3750 25.1875 25.7500 26.84 26.33 1013.3028
04454.3706 25.3750 25.1875 25.7500 26.84 26.33 1013.3028
04454.7959 25.3750 25.1875 25.7500 26.84 26.33 1013.3028
04454.3457 25.3750 25.1875 25.7500 26.84 26.33 1013.3028
04454.3706 25.3750 25.1875 25.7500 26.84 26.33 1013.3028
04430.7959 25.3750 25.1875 25.7500 26.84 26.33 1013.3028
04454.1333 25.3750 25.1875 25.7500 26.84 26.33 1013.3028
04452.6958 25.4375 25.1875 25.7500 26.84 26.33 1013.3028
04452.6958 25.4375 25.1875 25.7500 26.83 26.31 1013.2050
04430.3335 25.4375 25.1875 25.7500 26.83 26.31 1013.2050
04454.6084 25.4375 25.1875 25.7500 26.83 26.31 1013.2050
04430.3335 25.4375 25.1875 25.7500 26.83 26.31 1013.2050
04453.6333 25.4375 25.1875 25.7500 26.83 26.31 1013.2050
04454.1206 25.4375 25.1875 25.7500 26.83 26.31 1013.2050
04431.0835 25.4375 25.1875 25.7500 26.83 26.31 1013.2050
04431.3081 25.3750 25.1875 25.7500 26.83 26.31 1013.2050
04431.3081 25.3750 25.1875 25.7500 26.83 26.31 1013.2050
04452.2334 25.3750 25.1875 25.7500 26.83 26.31 1013.2050
04453.8833 25.3750 25.1875 25.7500 26.82 26.34 1013.1968
04454.3706 25.3750 25.1875 25.7500 26.82 26.34 1013.1968
04430.8335 25.3750 25.1875 25.7500 26.82 26.34 1013.1968
04454.3706 25.3750 25.1875 25.7500 26.82 26.34 1013.1968
04430.5957 25.3750 25.1875 25.7500 26.82 26.34 1013.1968
04455.0332 25.3750 25.1875 25.7500 26.82 26.34 1013.1968
04452.6582 25.3750 25.1875 25.7500 26.82 26.34 1013.1968
04452.4707 25.3750 25.1875 25.7500 26.82 26.34 1013.1968
04454.5835 25.3750 25.1875 25.7500 26.82 26.34 1013.1968
04430.5957 25.3750 25.1875 25.7500 26.82 26.35 1013.2239
04454.3335 25.3750 25.1875 25.7500 26.82 26.35 1013.2239
04430.8081 25.3750 25.1875 25.7500 26.82 26.35 1013.2239
04454.5459 25.3750 25.1875 25.7500 26.82 26.35 1013.2239
04430.7959 25.3750 25.1875 25.7500 26.82 26.35 1013.2239
04431.0459 25.3750 25.1875 25.7500 26.82 26.35 1013.2239
04452.1958 25.3750 25.1875 25.7500 26.82 26.35 1013.2239
04452.2334 25.3750 25.1875 25.7500 26.82 26.35 1013.2239
04454.1333 25.3750 25.1875 25.7500 26.82 26.35 1013.2239
04453.8960 25.3750 25.1875 25.7500 26.82 26.35 1013.2239
04453.8960 25.3750 25.1875 25.7500 26.83 26.36 1013.2593
04454.1084 25.3750 25.1875 25.7500 26.83 26.36 1013.2593
04454.1333 25.3750 25.1875 25.7500 26.83 26.36 1013.2593
04452.6582 25.3750 25.1875 25.7500 26.83 26.36 1013.2593
#terjedesi                                       nyomas  ##
#ido(usec)  T1(C)   T2(C)   T3(C)  T4(C) para(%)  (hPa)
04452.2085 25.3750 25.1875 25.7500 26.83 26.36 1013.2593
04431.5708 25.3750 25.1875 25.7500 26.83 26.36 1013.2593
04454.3081 25.3750 25.1875 25.7500 26.83 26.36 1013.2593
04430.3833 25.3750 25.1875 25.7500 26.83 26.36 1013.2593
04454.0708 25.3750 25.1875 25.7500 26.83 26.36 1013.2593
04430.8584 25.3750 25.1875 25.7500 26.82 26.34 1013.2972
04430.1460 25.3750 25.1875 25.7500 26.82 26.34 1013.2972
04430.6084 25.3750 25.1875 25.7500 26.82 26.34 1013.2972
04430.5957 25.3750 25.1875 25.7500 26.82 26.34 1013.2972
04452.1709 25.3750 25.1875 25.7500 26.82 26.34 1013.2972
04452.4082 25.3750 25.1875 25.7500 26.82 26.34 1013.2972
04454.0835 25.3750 25.1875 25.7500 26.82 26.34 1013.2972
04454.1084 25.3750 25.1875 25.7500 26.82 26.34 1013.2972
04430.5708 25.3750 25.1875 25.7500 26.82 26.34 1013.2972
04430.3208 25.3750 25.1875 25.7500 26.82 26.34 1013.2972
04454.3208 25.3750 25.1875 25.7500 26.82 26.38 1013.2972
04452.4585 25.4375 25.1875 25.7500 26.82 26.38 1013.2972
04452.1831 25.4375 25.1875 25.7500 26.82 26.38 1013.2972
04452.1709 25.4375 25.1875 25.7500 26.82 26.38 1013.2972
04430.5957 25.4375 25.1875 25.7500 26.82 26.38 1013.2972
04430.8584 25.4375 25.1875 25.7500 26.82 26.38 1013.2972
04454.3457 25.4375 25.1875 25.7500 26.82 26.38 1013.2972
04430.3335 25.4375 25.1875 25.7500 26.82 26.38 1013.2972
04454.1206 25.4375 25.1875 25.7500 26.82 26.38 1013.2972
04454.1206 25.4375 25.1875 25.7500 26.82 26.38 1013.2972
04430.7959 25.4375 25.1875 25.7500 26.82 26.36 1013.1886
04452.1831 25.4375 25.1875 25.7500 26.82 26.36 1013.1886
04431.2959 25.4375 25.1875 25.7500 26.82 26.36 1013.1886
04430.5708 25.4375 25.1875 25.7500 26.82 26.36 1013.1886
04454.1206 25.4375 25.1875 25.7500 26.82 26.36 1013.1886
04454.1333 25.4375 25.1875 25.7500 26.82 26.36 1013.1886
04430.3457 25.4375 25.1875 25.7500 26.82 26.36 1013.1886
04453.8584 25.4375 25.1875 25.7500 26.82 26.36 1013.1886
04451.9458 25.3750 25.1875 25.8125 26.82 26.35 1013.2701
04452.1831 25.3750 25.1875 25.8125 26.82 26.35 1013.2701
04431.0957 25.3750 25.1875 25.8125 26.82 26.35 1013.2701
04454.0957 25.3750 25.1875 25.8125 26.82 26.35 1013.2701
04454.3584 25.3750 25.1875 25.8125 26.82 26.35 1013.2701
04454.3335 25.3750 25.1875 25.8125 26.82 26.35 1013.2701
04453.8833 25.3750 25.1875 25.8125 26.82 26.35 1013.2701
04454.0835 25.3750 25.1875 25.8125 26.82 26.35 1013.2701
04454.0835 25.3750 25.1875 25.8125 26.82 26.35 1013.2701
04454.5581 25.3750 25.1875 25.7500 26.82 26.35 1013.2701
04452.6582 25.3750 25.1875 25.7500 26.82 26.35 1013.2701
04452.4209 25.3750 25.1875 25.7500 26.82 26.38 1013.1886
04453.8457 25.3750 25.1875 25.7500 26.82 26.38 1013.1886
04454.3081 25.3750 25.1875 25.7500 26.82 26.38 1013.1886
04430.3335 25.3750 25.1875 25.7500 26.82 26.38 1013.1886
04454.6084 25.3750 25.1875 25.7500 26.82 26.38 1013.1886
04454.3706 25.3750 25.1875 25.7500 26.82 26.38 1013.1886
04454.6084 25.3750 25.1875 25.8125 26.82 26.38 1013.1886
04452.4707 25.3750 25.1875 25.8125 26.82 26.38 1013.1886
04452.2334 25.3750 25.1875 25.8125 26.82 26.38 1013.1886
04430.6206 25.3750 25.1875 25.8125 26.82 26.36 1013.2429
04430.6206 25.3750 25.1875 25.8125 26.82 26.36 1013.2429
04454.6084 25.3750 25.1875 25.8125 26.82 26.36 1013.2429
04454.0708 25.3750 25.1875 25.8125 26.82 26.36 1013.2429
04451.4585 25.3750 25.1875 25.8125 26.82 26.36 1013.2429
04453.8960 25.3750 25.1875 25.8125 26.82 26.36 1013.2429
04431.5459 25.3750 25.1875 25.7500 26.82 26.36 1013.2429
04452.2207 25.3750 25.1875 25.7500 26.82 26.36 1013.2429
04452.2334 25.3750 25.1875 25.7500 26.82 26.36 1013.2429
04454.3208 25.3750 25.1875 25.7500 26.82 26.36 1013.2429
04454.1206 25.3750 25.1875 25.7500 26.82 26.36 1013.2429
04430.3208 25.3750 25.1875 25.7500 26.82 26.36 1013.2429
04453.8584 25.3750 25.1875 25.7500 26.82 26.36 1013.2429
04430.3208 25.3750 25.1875 25.7500 26.82 26.36 1013.2429
04430.3833 25.3750 25.1875 25.7500 26.82 26.36 1013.2429
04452.4707 25.3750 25.1875 25.7500 26.82 26.36 1013.2429
04431.5083 25.3750 25.1875 25.7500 26.82 26.36 1013.2429
04431.3335 25.3750 25.1875 25.7500 26.82 26.36 1013.2429
04453.8960 25.3750 25.1875 25.7500 26.82 26.36 1013.2429
04454.0708 25.3750 25.1875 25.7500 26.82 26.36 1013.2429
#terjedesi                                       nyomas  ##
#ido(usec)  T1(C)   T2(C)   T3(C)  T4(C) para(%)  (hPa)
04453.8960 25.3750 25.1875 25.7500 26.82 26.36 1013.2429
04447.6831 25.3750 25.1875 25.7500 26.82 26.36 1013.2429
04454.1084 25.3750 25.1875 25.7500 26.82 26.36 1013.2429
04454.1333 25.3750 25.1875 25.7500 26.82 26.36 1013.2429
04431.2710 25.3750 25.1875 25.7500 26.82 26.36 1013.2429
04454.8457 25.3750 25.1875 25.7500 26.82 26.36 1013.2429
04453.8335 25.3750 25.1875 25.7500 26.82 26.36 1013.2429
04453.6333 25.3750 25.1875 25.7500 26.82 26.36 1013.2429
04453.3706 25.3750 25.1875 25.7500 26.82 26.37 1013.2783
04453.6582 25.3750 25.1875 25.7500 26.82 26.37 1013.2783
04453.8960 25.3750 25.1875 25.7500 26.82 26.37 1013.2783
04453.6582 25.3750 25.1875 25.7500 26.82 26.37 1013.2783
04431.0332 25.3750 25.1875 25.7500 26.82 26.37 1013.2783
04452.2207 25.3750 25.1875 25.7500 26.82 26.37 1013.2783
04431.2832 25.3750 25.1875 25.7500 26.82 26.37 1013.2783
04453.8833 25.3750 25.1875 25.7500 26.82 26.37 1013.2783
04454.0708 25.3750 25.1875 25.7500 26.82 26.37 1013.2783
04453.8833 25.3750 25.1875 25.7500 26.82 26.37 1013.2783
04453.8457 25.3750 25.1875 25.7500 26.82 26.40 1013.2972
04453.6582 25.3750 25.1875 25.7500 26.82 26.40 1013.2972
04453.8335 25.3750 25.1875 25.7500 26.82 26.40 1013.2972
04452.4707 25.3750 25.1875 25.7500 26.82 26.40 1013.2972
04452.4209 25.3750 25.1875 25.7500 26.82 26.40 1013.2972
04454.1333 25.3750 25.1875 25.7500 26.82 26.40 1013.2972
04454.1333 25.3750 25.1875 25.7500 26.82 26.40 1013.2972
04454.3208 25.3750 25.1875 25.7500 26.82 26.40 1013.2972
04454.1084 25.3750 25.1875 25.7500 26.82 26.40 1013.2972
04453.8960 25.3750 25.1875 25.7500 26.82 26.41 1013.3516
04430.7959 25.3750 25.1875 25.7500 26.82 26.41 1013.3516
04431.5210 25.3750 25.1875 25.7500 26.82 26.41 1013.3516
04452.2334 25.3750 25.1875 25.7500 26.82 26.41 1013.3516
04452.1831 25.3750 25.1875 25.7500 26.82 26.41 1013.3516
04454.3706 25.3750 25.1875 25.7500 26.82 26.41 1013.3516
04454.3081 25.3750 25.1875 25.7500 26.82 26.41 1013.3516
04454.3457 25.3750 25.1875 25.7500 26.82 26.41 1013.3516
04454.0835 25.3750 25.1875 25.7500 26.82 26.41 1013.3516
04453.8960 25.3750 25.1875 25.7500 26.82 26.41 1013.3516
04454.3584 25.3750 25.1875 25.7500 26.82 26.49 1013.2701
04431.5708 25.3750 25.1875 25.7500 26.82 26.49 1013.2701
04431.5210 25.3750 25.1875 25.7500 26.82 26.49 1013.2701
04454.0835 25.3750 25.1875 25.7500 26.82 26.49 1013.2701
04453.8960 25.3750 25.1875 25.7500 26.82 26.49 1013.2701
04454.1206 25.3750 25.1875 25.7500 26.82 26.49 1013.2701
04453.8833 25.3750 25.1875 25.7500 26.82 26.49 1013.2701
04430.6206 25.3750 25.1875 25.7500 26.82 26.49 1013.2701
04453.8457 25.3750 25.1875 25.7500 26.82 26.49 1013.2701
04454.3706 25.3750 25.1875 25.7500 26.83 26.39 1013.3679
04451.9956 25.3750 25.1875 25.7500 26.83 26.39 1013.3679
04452.4707 25.3750 25.1875 25.7500 26.83 26.39 1013.3679
04454.3208 25.3750 25.1875 25.7500 26.83 26.39 1013.3679
04454.3457 25.3750 25.1875 25.7500 26.83 26.39 1013.3679
04454.3457 25.3750 25.1875 25.7500 26.83 26.39 1013.3679
04430.5708 25.3750 25.1875 25.7500 26.83 26.39 1013.3679
04454.3081 25.3750 25.1875 25.7500 26.83 26.39 1013.3679
04452.2085 25.3750 25.1875 25.7500 26.83 26.39 1013.3679
04452.4209 25.3750 25.1875 25.7500 26.82 26.36 1013.3516
04452.6582 25.3750 25.1875 25.7500 26.82 26.36 1013.3516
04454.3208 25.3750 25.1875 25.7500 26.82 26.36 1013.3516
04454.3457 25.3750 25.1875 25.7500 26.82 26.36 1013.3516
04453.8960 25.3750 25.1875 25.7500 26.82 26.36 1013.3516
04453.8335 25.3750 25.1875 25.7500 26.82 26.36 1013.3516
04454.0957 25.3750 25.1875 25.7500 26.82 26.36 1013.3516
04453.8457 25.3750 25.1875 25.7500 26.82 26.36 1013.3516
04454.0708 25.3750 25.1875 25.7500 26.82 26.36 1013.3516
04431.5210 25.3750 25.1875 25.7500 26.82 26.36 1013.3516
04454.7832 25.3750 25.1875 25.7500 26.81 26.35 1013.3430
04453.6084 25.3750 25.1875 25.7500 26.81 26.35 1013.3430
04453.6582 25.3750 25.1875 25.7500 26.81 26.35 1013.3430
04454.3208 25.3750 25.1875 25.7500 26.81 26.35 1013.3430
04454.3081 25.3750 25.1875 25.7500 26.81 26.35 1013.3430
04430.5708 25.3750 25.1875 25.7500 26.81 26.35 1013.3430
04431.3208 25.4375 25.1875 25.7500 26.81 26.35 1013.3430
04431.3081 25.4375 25.1875 25.7500 26.81 26.35 1013.3430
#terjedesi                                       nyomas  ##
#ido(usec)  T1(C)   T2(C)   T3(C)  T4(C) para(%)  (hPa)
04451.9956 25.4375 25.1875 25.7500 26.81 26.35 1013.3430
04453.6582 25.4375 25.1875 25.7500 26.81 26.34 1013.2344
04453.8706 25.4375 25.1875 25.7500 26.81 26.34 1013.2344
04454.1333 25.4375 25.1875 25.7500 26.81 26.34 1013.2344
04453.8457 25.4375 25.1875 25.7500 26.81 26.34 1013.2344
04454.1084 25.4375 25.1875 25.7500 26.81 26.34 1013.2344
04453.8457 25.4375 25.1875 25.7500 26.81 26.34 1013.2344
04454.0957 25.3750 25.1875 25.7500 26.81 26.34 1013.2344
04431.5708 25.3750 25.1875 25.7500 26.81 26.34 1013.2344
04431.3208 25.3750 25.1875 25.7500 26.81 26.34 1013.2344
04453.8335 25.3750 25.1875 25.7500 26.81 26.34 1013.2344
04454.0835 25.3750 25.1875 25.7500 26.82 26.34 1013.3516
04454.1206 25.3750 25.1875 25.7500 26.82 26.34 1013.3516
04454.1206 25.3750 25.1875 25.7500 26.82 26.34 1013.3516
04454.0957 25.3750 25.1875 25.7500 26.82 26.34 1013.3516
04452.4209 25.4375 25.1875 25.7500 26.82 26.34 1013.3516
04431.5581 25.4375 25.1875 25.7500 26.82 26.34 1013.3516
04451.9956 25.4375 25.1875 25.7500 26.82 26.34 1013.3516
04454.3081 25.4375 25.1875 25.7500 26.82 26.34 1013.3516
04430.6206 25.4375 25.1875 25.7500 26.82 26.34 1013.3516
04454.3208 25.4375 25.1875 25.7500 26.82 26.33 1013.2158
04430.8081 25.4375 25.1875 25.7500 26.82 26.33 1013.2158
04454.3335 25.4375 25.1875 25.7500 26.82 26.33 1013.2158
04430.6206 25.4375 25.1875 25.7500 26.82 26.33 1013.2158
04454.3706 25.4375 25.1875 25.7500 26.82 26.33 1013.2158
04452.4209 25.4375 25.1875 25.7500 26.82 26.33 1013.2158
04431.5581 25.4375 25.1875 25.7500 26.82 26.33 1013.2158
04430.8081 25.4375 25.1875 25.7500 26.82 26.33 1013.2158
04430.3584 25.4375 25.1875 25.7500 26.82 26.33 1013.2158
04454.0835 25.4375 25.1875 25.7500 26.81 26.34 1013.2615
04454.5708 25.4375 25.1875 25.7500 26.81 26.34 1013.2615
04453.8960 25.4375 25.1875 25.7500 26.81 26.34 1013.2615
04454.5957 25.3750 25.1875 25.7500 26.81 26.34 1013.2615
04431.5708 25.3750 25.1875 25.7500 26.81 26.34 1013.2615
04452.4707 25.3750 25.1875 25.7500 26.81 26.34 1013.2615
04453.8960 25.3750 25.1875 25.7500 26.81 26.34 1013.2615
04454.1333 25.3750 25.1875 25.7500 26.81 26.34 1013.2615
04454.3335 25.3750 25.1875 25.7500 26.81 26.34 1013.2615
04454.1333 25.3750 25.1875 25.7500 26.81 26.34 1013.2615
04454.3208 25.3750 25.1875 25.7500 26.81 26.34 1013.2615
04430.5957 25.3750 25.1875 25.7500 26.81 26.37 1013.2805
04431.7583 25.3750 25.1875 25.7500 26.81 26.37 1013.2805
04452.2334 25.3750 25.1875 25.7500 26.81 26.37 1013.2805
04452.6460 25.3750 25.1875 25.7500 26.81 26.37 1013.2805
04454.3208 25.3750 25.1875 25.7500 26.81 26.37 1013.2805
04453.8960 25.3750 25.1875 25.7500 26.81 26.37 1013.2805
04430.5708 25.3750 25.1875 25.7500 26.81 26.37 1013.2805
04454.3706 25.3750 25.1875 25.7500 26.81 26.37 1013.2805
04454.1084 25.3750 25.1875 25.7500 26.81 26.37 1013.2263
04453.8457 25.3750 25.1875 25.7500 26.81 26.37 1013.2263
04431.3335 25.3750 25.1875 25.7500 26.81 26.37 1013.2263
04452.4707 25.3750 25.1875 25.7500 26.81 26.37 1013.2263
04452.4707 25.3750 25.1875 25.7500 26.81 26.37 1013.2263
04454.1333 25.3750 25.1875 25.7500 26.81 26.37 1013.2263
04454.3208 25.3750 25.1875 25.7500 26.81 26.37 1013.2263
04454.6084 25.3750 25.1875 25.7500 26.81 26.37 1013.2263
04430.5957 25.3750 25.1875 25.7500 26.81 26.37 1013.2263
04454.0708 25.3750 25.1875 25.7500 26.81 26.37 1013.2263
04430.3208 25.3750 25.1875 25.7500 26.81 26.35 1013.3348
04452.6460 25.3750 25.1875 25.7500 26.81 26.35 1013.3348
04452.4458 25.3750 25.1875 25.7500 26.81 26.35 1013.3348
04454.3081 25.3750 25.1875 25.7500 26.81 26.35 1013.3348
04430.6084 25.3750 25.1875 25.7500 26.81 26.35 1013.3348
04454.5459 25.3750 25.1875 25.7500 26.81 26.35 1013.3348
04430.5581 25.3750 25.1875 25.7500 26.81 26.35 1013.3348
04430.3833 25.3750 25.1875 25.7500 26.81 26.35 1013.3348
04454.3706 25.3750 25.1875 25.7500 26.81 26.35 1013.3348
04452.4331 25.4375 25.1875 25.7500 26.81 26.35 1013.3348
04452.4082 25.4375 25.1875 25.7500 26.81 26.34 1013.2263
04452.7085 25.4375 25.1875 25.7500 26.81 26.34 1013.2263
04454.0835 25.4375 25.1875 25.7500 26.81 26.34 1013.2263
04454.5581 25.4375 25.1875 25.7500 26.81 26.34 1013.2263
04454.1333 25.4375 25.1875 25.7500 26.81 26.34 1013.2263
#terjedesi                                       nyomas  ##
#ido(usec)  T1(C)   T2(C)   T3(C)  T4(C) para(%)  (hPa)
04454.3208 25.4375 25.1875 25.7500 26.81 26.34 1013.2263
04454.3457 25.4375 25.1875 25.7500 26.81 26.34 1013.2263
04454.0957 25.4375 25.1875 25.7500 26.81 26.34 1013.2263
04431.8081 25.3750 25.1875 25.7500 26.81 26.34 1013.2263
04452.6958 25.3750 25.1875 25.7500 26.81 26.32 1013.2344
04430.8584 25.3750 25.1875 25.7500 26.81 26.32 1013.2344
04454.5581 25.3750 25.1875 25.7500 26.81 26.32 1013.2344
04453.8335 25.3750 25.1875 25.7500 26.81 26.32 1013.2344
04454.1333 25.3750 25.1875 25.7500 26.81 26.32 1013.2344
04454.0708 25.3750 25.1875 25.7500 26.81 26.32 1013.2344
04430.8584 25.3750 25.1875 25.7500 26.81 26.32 1013.2344
04431.3335 25.3750 25.1875 25.7500 26.81 26.32 1013.2344
04452.4707 25.3750 25.1875 25.7500 26.81 26.32 1013.2344
04431.2959 25.3750 25.1875 25.7500 26.81 26.32 1013.2344
04454.0708 25.3750 25.1875 25.7500 26.81 26.31 1013.2805
04454.3706 25.3750 25.1875 25.7500 26.81 26.31 1013.2805
04453.8960 25.3750 25.1875 25.7500 26.81 26.31 1013.2805
04430.6206 25.3750 25.1875 25.7500 26.81 26.31 1013.2805
04454.3208 25.3750 25.1875 25.7500 26.81 26.31 1013.2805
04430.8457 25.3750 25.1875 25.7500 26.81 26.31 1013.2805
04452.1831 25.3750 25.1875 25.7500 26.81 26.31 1013.2805
04451.9834 25.3750 25.1875 25.7500 26.81 26.31 1013.2805
04454.0835 25.3750 25.1875 25.7500 26.81 26.31 1013.2805
04430.8081 25.3750 25.1875 25.7500 26.80 26.30 1013.2724
04454.3081 25.3750 25.1875 25.7500 26.80 26.30 1013.2724
04430.6206 25.3750 25.1875 25.7500 26.80 26.30 1013.2724
04454.1333 25.3750 25.1875 25.7500 26.80 26.30 1013.2724
04454.3208 25.3750 25.1875 25.7500 26.80 26.30 1013.2724
04454.3208 25.3750 25.1875 25.7500 26.80 26.30 1013.2724
04431.5083 25.3750 25.1875 25.7500 26.80 26.30 1013.2724
04452.2334 25.3750 25.1875 25.7500 26.80 26.30 1013.2724
04454.3706 25.3750 25.1875 25.7500 26.80 26.30 1013.2724
04454.3706 25.3750 25.1875 25.7500 26.80 26.30 1013.2724
04454.1333 25.3750 25.1875 25.7500 26.80 26.29 1013.2642
04454.3706 25.3750 25.1875 25.7500 26.80 26.29 1013.2642
04453.5957 25.3750 25.1875 25.7500 26.80 26.29 1013.2642
04452.4082 25.3750 25.1875 25.7500 26.80 26.29 1013.2642
04431.7583 25.3750 25.1875 25.7500 26.80 26.29 1013.2642
04452.6582 25.3750 25.1875 25.7500 26.80 26.29 1013.2642
04430.5581 25.3750 25.1875 25.7500 26.80 26.29 1013.2642
04454.3208 25.3750 25.1875 25.7500 26.80 26.29 1013.2642
04454.0708 25.3750 25.1875 25.7500 26.80 26.29 1013.2642
04430.8584 25.3750 25.1875 25.7500 26.81 26.27 1013.2805
04454.6084 25.3750 25.1875 25.7500 26.81 26.27 1013.2805
04430.8081 25.3750 25.1875 25.7500 26.81 26.27 1013.2805
04454.3584 25.3750 25.1875 25.7500 26.81 26.27 1013.2805
04431.2710 25.3750 25.1875 25.7500 26.81 26.27 1013.2805
04431.5708 25.3750 25.1875 25.7500 26.81 26.27 1013.2805
04454.1206 25.3750 25.1875 25.7500 26.81 26.27 1013.2805
04430.8584 25.3750 25.1875 25.7500 26.81 26.27 1013.2805
04430.7959 25.3750 25.1875 25.7500 26.81 26.27 1013.2805
04454.3081 25.3750 25.1875 25.7500 26.80 26.26 1013.2642
04454.5957 25.3750 25.1875 25.7500 26.80 26.26 1013.2642
04431.7583 25.3750 25.1875 25.7500 26.80 26.26 1013.2642
04431.5581 25.3750 25.1875 25.7500 26.80 26.26 1013.2642
04452.4458 25.3750 25.1875 25.7500 26.80 26.26 1013.2642
04431.0332 25.3750 25.1875 25.7500 26.80 26.26 1013.2642
04454.3208 25.3750 25.1875 25.7500 26.80 26.26 1013.2642
04454.3208 25.3750 25.1875 25.7500 26.80 26.26 1013.2642
04454.3208 25.3750 25.1875 25.7500 26.80 26.26 1013.2642
04453.8960 25.3750 25.1875 25.7500 26.80 26.26 1013.2642
04454.5581 25.3750 25.1875 25.7500 26.81 26.25 1013.3077
04454.3335 25.3750 25.1875 25.7500 26.81 26.25 1013.3077
04431.3335 25.3750 25.1875 25.7500 26.81 26.25 1013.3077
04452.1831 25.3750 25.1875 25.7500 26.81 26.25 1013.3077
04454.3457 25.3750 25.1875 25.7500 26.81 26.25 1013.3077
04454.3081 25.3750 25.1875 25.7500 26.81 26.25 1013.3077
04453.8457 25.3750 25.1875 25.7500 26.81 26.25 1013.3077
04453.8960 25.3750 25.1875 25.7500 26.81 26.25 1013.3077
04453.8457 25.3750 25.1875 25.7500 26.81 26.25 1013.3077
04431.5210 25.3750 25.1875 25.7500 26.80 26.25 1013.2180
04431.3335 25.3750 25.1875 25.7500 26.80 26.25 1013.2180
04431.5332 25.3750 25.1875 25.7500 26.80 26.25 1013.2180
#terjedesi                                       nyomas  ##
#ido(usec)  T1(C)   T2(C)   T3(C)  T4(C) para(%)  (hPa)
04454.0957 25.3750 25.1875 25.7500 26.80 26.25 1013.2180
04453.8960 25.3750 25.1875 25.7500 26.80 26.25 1013.2180
04454.1206 25.3750 25.1875 25.7500 26.80 26.25 1013.2180
04454.3457 25.3750 25.1875 25.7500 26.80 26.25 1013.2180
04454.3584 25.3750 25.1875 25.7500 26.80 26.25 1013.2180
04453.8457 25.3750 25.1875 25.7500 26.80 26.25 1013.2180
04454.3706 25.3750 25.1875 25.7500 26.80 26.25 1013.2180
04431.2959 25.3750 25.1875 25.7500 26.80 26.25 1013.2724
04431.5210 25.3750 25.1875 25.7500 26.80 26.25 1013.2724
04454.1206 25.3750 25.1875 25.7500 26.80 26.25 1013.2724
04430.8335 25.3750 25.1875 25.7500 26.80 26.25 1013.2724
04454.1333 25.3750 25.1875 25.7500 26.80 26.25 1013.2724
04454.1333 25.3750 25.1875 25.7500 26.80 26.25 1013.2724
04454.1333 25.3750 25.1875 25.7500 26.80 26.25 1013.2724
04431.3335 25.3750 25.1875 25.7500 26.80 26.25 1013.2724
04452.6460 25.3750 25.1875 25.7500 26.80 26.25 1013.2724
04452.4707 25.3750 25.1875 25.7500 26.80 26.23 1013.2371
04430.8457 25.3750 25.1875 25.7500 26.80 26.23 1013.2371
04454.3584 25.3750 25.1875 25.7500 26.80 26.23 1013.2371
04431.0957 25.3750 25.1875 25.7500 26.80 26.23 1013.2371
04430.7959 25.3750 25.1875 25.7500 26.80 26.23 1013.2371
04454.5957 25.3750 25.1875 25.7500 26.80 26.23 1013.2371
04431.0957 25.3750 25.1875 25.7500 26.80 26.23 1013.2371
04452.6582 25.3750 25.1875 25.7500 26.80 26.23 1013.2371
04452.4707 25.3750 25.1875 25.7500 26.80 26.23 1013.2371
04452.7085 25.3750 25.1875 25.7500 26.80 26.23 1013.2371
04454.3208 25.3750 25.1875 25.7500 26.81 26.24 1013.2263
04454.0708 25.3750 25.1875 25.7500 26.81 26.24 1013.2263
04454.3335 25.3750 25.1875 25.7500 26.81 26.24 1013.2263
04454.0835 25.3750 25.1875 25.7500 26.81 26.24 1013.2263
04454.3208 25.3750 25.1875 25.7500 26.81 26.24 1013.2263
04454.3706 25.3750 25.1875 25.7500 26.81 26.24 1013.2263
04452.6582 25.3750 25.1875 25.7500 26.81 26.24 1013.2263
04431.5708 25.3750 25.1875 25.7500 26.81 26.24 1013.2263
04452.4707 25.3750 25.1875 25.7500 26.81 26.24 1013.2263
04454.1333 25.3750 25.1875 25.7500 26.81 26.24 1013.3348
04454.0708 25.3750 25.1875 25.7500 26.81 26.24 1013.3348
04454.5459 25.3750 25.1875 25.7500 26.81 26.24 1013.3348
04454.0835 25.3750 25.1875 25.7500 26.81 26.24 1013.3348
04454.3208 25.3750 25.1875 25.7500 26.81 26.24 1013.3348
04454.3208 25.3750 25.1875 25.7500 26.81 26.24 1013.3348
04452.4707 25.3750 25.1875 25.7500 26.81 26.24 1013.3348
04452.1831 25.3750 25.1875 25.7500 26.81 26.24 1013.3348
04454.1084 25.3750 25.1875 25.7500 26.81 26.24 1013.3348
04454.6084 25.3750 25.1875 25.7500 26.81 26.24 1013.2805
04454.3208 25.3750 25.1875 25.7500 26.81 26.24 1013.2805
04454.3706 25.3750 25.1875 25.7500 26.81 26.24 1013.2805
04454.0708 25.3750 25.1875 25.7500 26.81 26.24 1013.2805
04453.6582 25.3750 25.1875 25.7500 26.81 26.24 1013.2805
04452.1831 25.3750 25.1875 25.7500 26.81 26.24 1013.2805
04452.4209 25.3750 25.1875 25.7500 26.81 26.24 1013.2805
04452.4707 25.3750 25.1875 25.7500 26.81 26.24 1013.2805
04454.3208 25.3750 25.1875 25.7500 26.81 26.24 1013.2805
04430.8584 25.3750 25.1875 25.7500 26.81 26.24 1013.2805
04453.6460 25.3750 25.1875 25.7500 26.81 26.24 1013.2805
04453.8457 25.3750 25.1875 25.7500 26.80 26.22 1013.3267
04453.8960 25.3750 25.1875 25.7500 26.80 26.22 1013.3267
04454.1333 25.3750 25.1875 25.7500 26.80 26.22 1013.3267
04431.5210 25.3750 25.1875 25.7500 26.80 26.22 1013.3267
04431.5459 25.3750 25.1875 25.7500 26.80 26.22 1013.3267
04454.3584 25.3750 25.1875 25.7500 26.80 26.22 1013.3267
04454.1333 25.3750 25.1875 25.7500 26.80 26.22 1013.3267
04454.0957 25.3750 25.1875 25.7500 26.80 26.22 1013.3267
04430.5708 25.3750 25.1875 25.7500 26.80 26.23 1013.2642
04454.0708 25.3750 25.1875 25.7500 26.80 26.23 1013.2642
04430.8584 25.3750 25.1875 25.7500 26.80 26.23 1013.2642
04452.1709 25.3750 25.1875 25.7500 26.80 26.23 1013.2642
04452.4331 25.3750 25.1875 25.7500 26.80 26.23 1013.2642
04431.8081 25.3750 25.1875 25.7500 26.80 26.23 1013.2642
04454.0708 25.3750 25.1875 25.7500 26.80 26.23 1013.2642
04454.3081 25.3750 25.1875 25.7500 26.80 26.23 1013.2642
04454.1206 25.3750 25.1875 25.7500 26.80 26.23 1013.2642
04453.8960 25.3750 25.1875 25.7500 26.80 26.23 1013.2642
#terjedesi                                       nyomas  ##
#ido(usec)  T1(C)   T2(C)   T3(C)  T4(C) para(%)  (hPa)
04454.3208 25.3750 25.1875 25.7500 26.80 26.24 1013.3267
04454.5835 25.3750 25.1875 25.7500 26.80 26.24 1013.3267
04452.7085 25.3750 25.1875 25.7500 26.80 26.24 1013.3267
04452.7085 25.3750 25.1875 25.7500 26.80 26.24 1013.3267
04430.8584 25.3750 25.1875 25.7500 26.80 26.24 1013.3267
04454.3457 25.3750 25.1875 25.7500 26.80 26.24 1013.3267
04454.0835 25.3750 25.1875 25.7500 26.80 26.24 1013.3267
04430.6206 25.3750 25.1875 25.7500 26.80 26.24 1013.3267
04454.0957 25.3750 25.1875 25.7500 26.80 26.24 1013.3267
04430.6206 25.3750 25.1875 25.7500 26.80 26.24 1013.3267
04454.3706 25.3750 25.1875 25.7500 26.80 26.24 1013.2371
04431.5210 25.3750 25.1875 25.7500 26.80 26.24 1013.2371
04431.5581 25.3750 25.1875 25.7500 26.80 26.24 1013.2371
04454.3335 25.3750 25.1875 25.7500 26.80 26.24 1013.2371
04453.8960 25.3750 25.1875 25.7500 26.80 26.24 1013.2371
04454.3584 25.3750 25.1875 25.7500 26.80 26.24 1013.2371
04430.6206 25.3750 25.1875 25.7500 26.80 26.24 1013.2371
04454.1084 25.3750 25.1875 25.7500 26.80 26.24 1013.2371
04431.3335 25.4375 25.1875 25.7500 26.80 26.24 1013.2371
04452.4585 25.4375 25.1875 25.7500 26.79 26.23 1013.3375
04431.5708 25.4375 25.1875 25.7500 26.79 26.23 1013.3375
04454.3208 25.4375 25.1875 25.7500 26.79 26.23 1013.3375
04454.1084 25.4375 25.1875 25.7500 26.79 26.23 1013.3375
04454.0835 25.4375 25.1875 25.7500 26.79 26.23 1013.3375
04453.6582 25.4375 25.1875 25.7500 26.79 26.23 1013.3375
04454.1333 25.4375 25.1875 25.7500 26.79 26.23 1013.3375
04454.3208 25.4375 25.1875 25.7500 26.79 26.23 1013.3375
04454.0708 25.3750 25.1875 25.7500 26.79 26.23 1013.3375
04452.4209 25.3750 25.1875 25.7500 26.79 26.23 1013.3375
04452.6460 25.3750 25.1875 25.7500 26.79 26.21 1013.2560
04453.8457 25.3750 25.1875 25.7500 26.79 26.21 1013.2560
04454.3208 25.3750 25.1875 25.7500 26.79 26.21 1013.2560
04454.5581 25.3750 25.1875 25.7500 26.79 26.21 1013.2560