#terjedesi                                       nyomas  ##
#ido(usec)  T1(C)   T2(C)   T3(C)  T4(C) para(%)  (hPa)
04444.8335 24.5000 24.5000 24.1875 24.96 26.88 1013.8818
04437.0210 24.5000 24.5000 24.1875 24.96 26.88 1013.8818
04444.0957 24.5000 24.5000 24.1875 24.96 26.88 1013.8818
04444.1084 24.5000 24.5000 24.1875 24.96 26.88 1013.8818
04444.3457 24.5000 24.5000 24.1875 24.96 26.88 1013.8818
04444.3335 24.5000 24.5000 24.1875 24.96 26.88 1013.8818
04444.6333 24.5000 24.5000 24.1875 24.96 26.88 1013.8818
04444.1084 24.4375 24.5000 24.1875 24.96 26.88 1013.8818
04444.6333 24.4375 24.5000 24.1875 24.96 26.88 1013.8818
04444.8457 24.4375 24.5000 24.1875 24.96 26.88 1013.8818
04444.3960 24.4375 24.5000 24.1875 24.96 26.88 1013.8818
04444.3457 24.4375 24.5000 24.1875 24.96 26.73 1013.7734
04444.3833 24.4375 24.5000 24.1875 24.96 26.73 1013.7734
04444.3833 24.4375 24.5000 24.1875 24.96 26.73 1013.7734
04444.1084 24.4375 24.5000 24.1875 24.96 26.73 1013.7734
04444.5835 24.5000 24.5625 24.1875 24.96 26.73 1013.7734
04444.8208 24.5000 24.5625 24.1875 24.96 26.73 1013.7734
04444.3960 24.5000 24.5625 24.1875 24.96 26.73 1013.7734
04443.8833 24.5000 24.5625 24.1875 24.96 26.73 1013.7734
04443.9209 24.5000 24.5625 24.1875 24.96 26.73 1013.7734
04444.1206 24.5000 24.5625 24.1875 24.96 26.88 1013.8736
04444.3706 24.5000 24.5625 24.1875 24.96 26.88 1013.8736
04444.1333 24.5000 24.5625 24.1875 24.96 26.88 1013.8736
04444.1206 24.5000 24.5625 24.1875 24.96 26.88 1013.8736
04444.5957 24.5000 24.5000 24.1875 24.96 26.88 1013.8736
04444.8706 24.5000 24.5000 24.1875 24.96 26.88 1013.8736
04444.8457 24.5000 24.5000 24.1875 24.96 26.88 1013.8736
04444.1582 24.5000 24.5000 24.1875 24.96 26.88 1013.8736
04444.3706 24.5000 24.5000 24.1875 24.96 26.88 1013.8736
04444.3706 24.5000 24.5000 24.1875 24.95 26.89 1013.7567
04443.9209 24.5000 24.5000 24.1875 24.95 26.89 1013.7567
04444.1084 24.5000 24.5000 24.1875 24.95 26.89 1013.7567
04444.5835 24.5000 24.5000 24.1875 24.95 26.89 1013.7567
04444.3457 24.5000 24.5000 24.1875 24.95 26.89 1013.7567
04444.5708 24.5000 24.5000 24.1875 24.95 26.89 1013.7567
04444.3960 24.5000 24.5000 24.1875 24.95 26.89 1013.7567
04444.3335 24.5000 24.5000 24.1875 24.95 26.89 1013.7567
04444.3335 24.5000 24.5000 24.1875 24.95 26.89 1013.7567
04444.0957 24.5000 24.5000 24.1875 24.95 26.89 1013.7567
04444.3584 24.5000 24.5000 24.1875 24.96 26.88 1013.8736
04444.1460 24.5000 24.5000 24.1875 24.96 26.88 1013.8736
04444.3584 24.5000 24.5000 24.1875 24.96 26.88 1013.8736
04444.5835 24.5000 24.5000 24.1875 24.96 26.88 1013.8736
04444.5708 24.5000 24.5000 24.1875 24.96 26.88 1013.8736
04444.3457 24.5000 24.5000 24.1875 24.96 26.88 1013.8736
04444.3833 24.5000 24.5000 24.1875 24.96 26.88 1013.8736
04444.3457 24.5000 24.5000 24.1875 24.96 26.88 1013.8736
04444.1582 24.5000 24.5000 24.1875 24.96 26.88 1013.8736
04444.5835 24.5000 24.5000 24.1875 24.95 26.89 1013.8651
04444.3335 24.5000 24.5000 24.1875 24.95 26.89 1013.8651
04445.3457 24.5000 24.5000 24.1875 24.95 26.89 1013.8651
04444.8208 24.5000 24.5000 24.1875 24.95 26.89 1013.8651
04444.1582 24.5000 24.5000 24.1875 24.95 26.89 1013.8651
04444.3833 24.5000 24.5000 24.1875 24.95 26.89 1013.8651
04444.1206 24.5000 24.5000 24.1875 24.95 26.89 1013.8651
04444.1582 24.5000 24.5000 24.1875 24.95 26.89 1013.8651
04444.6206 24.5000 24.5000 24.1875 24.95 26.89 1013.8651
04444.1333 24.5000 24.5000 24.1875 24.95 26.89 1013.8651
04444.5957 24.5000 24.5625 24.1875 24.97 26.90 1013.8981
04444.3833 24.5000 24.5625 24.1875 24.97 26.90 1013.8981
04444.5708 24.5000 24.5625 24.1875 24.97 26.90 1013.8981
04443.9209 24.5000 24.5625 24.1875 24.97 26.90 1013.8981
04444.1084 24.5000 24.5625 24.1875 24.97 26.90 1013.8981
04444.1460 24.5000 24.5625 24.1875 24.97 26.90 1013.8981
04444.0957 24.5000 24.5625 24.1875 24.97 26.90 1013.8981
04470.4707 24.5000 24.5625 24.1875 24.97 26.90 1013.8981
04444.1582 24.5000 24.5625 24.1875 24.97 26.90 1013.8981
04444.6333 24.5000 24.5625 24.1875 24.96 26.89 1013.8818
04443.8706 24.5000 24.5625 24.1875 24.96 26.89 1013.8818
04444.1582 24.5000 24.5625 24.1875 24.96 26.89 1013.8818
04444.1206 24.5000 24.5625 24.1875 24.96 26.89 1013.8818
04444.5835 24.5000 24.5625 24.1875 24.96 26.89 1013.8818
04444.0957 24.5000 24.5625 24.1875 24.96 26.89 1013.8818
#terjedesi                                       nyomas  ##
#ido(usec)  T1(C)   T2(C)   T3(C)  T4(C) para(%)  (hPa)
04443.8960 24.5000 24.5625 24.1875 24.96 26.89 1013.8818
04444.1582 24.5000 24.5625 24.1875 24.96 26.89 1013.8818
04443.9082 24.5000 24.5625 24.1875 24.96 26.89 1013.8818
04444.1206 24.5000 24.5625 24.1875 24.96 26.89 1013.8818
04444.6084 24.5000 24.5625 24.1875 24.97 26.90 1013.7899
04444.0957 24.5000 24.5625 24.1875 24.97 26.90 1013.7899
04444.1084 24.5000 24.5625 24.1875 24.97 26.90 1013.7899
04444.6206 24.5000 24.5625 24.1875 24.97 26.90 1013.7899
04444.1582 24.5000 24.5625 24.1875 24.97 26.90 1013.7899
04444.1460 24.5000 24.5625 24.1875 24.97 26.90 1013.7899
04444.3457 24.5000 24.5625 24.1875 24.97 26.90 1013.7899
04444.8208 24.5000 24.5000 24.1875 24.97 26.90 1013.7899
04444.8706 24.5000 24.5000 24.1875 24.97 26.90 1013.7899
04444.3335 24.5000 24.5000 24.1875 24.98 26.91 1013.9146
04444.0957 24.5000 24.5000 24.1875 24.98 26.91 1013.9146
04444.0957 24.5000 24.5000 24.1875 24.98 26.91 1013.9146
04443.9209 24.5000 24.5000 24.1875 24.98 26.91 1013.9146
04444.5835 24.5000 24.5000 24.1875 24.98 26.91 1013.9146
04444.3335 24.5000 24.5000 24.1875 24.98 26.91 1013.9146
04443.8706 24.5000 24.5000 24.1875 24.98 26.91 1013.9146
04444.5835 24.5000 24.5625 24.1875 24.98 26.91 1013.9146
04444.6333 24.5000 24.5625 24.1875 24.98 26.91 1013.9146
04443.8833 24.5000 24.5625 24.1875 24.97 26.91 1013.8440
04444.1084 24.5000 24.5625 24.1875 24.97 26.91 1013.8440
04443.8584 24.5000 24.5625 24.1875 24.97 26.91 1013.8440
04443.9209 24.5000 24.5625 24.1875 24.97 26.91 1013.8440
04444.1206 24.5000 24.5625 24.1875 24.97 26.91 1013.8440
04444.5708 24.5000 24.5625 24.1875 24.97 26.91 1013.8440
04444.8208 24.5000 24.5625 24.1875 24.97 26.91 1013.8440
04444.3960 24.5000 24.5625 24.1875 24.97 26.91 1013.8440
04444.5835 24.5000 24.5625 24.1875 24.97 26.91 1013.8440
04443.9209 24.5000 24.5625 24.1875 24.97 26.91 1013.8440
04443.9209 24.5000 24.5625 24.1875 24.98 26.90 1013.8604
04443.8706 24.5000 24.5625 24.1875 24.98 26.90 1013.8604
04444.1582 24.5000 24.5625 24.1875 24.98 26.90 1013.8604
04444.1084 24.5000 24.5625 24.1875 24.98 26.90 1013.8604
04444.5708 24.5000 24.5000 24.1875 24.98 26.90 1013.8604
04444.5835 24.5000 24.5000 24.1875 24.98 26.90 1013.8604
04444.3457 24.5000 24.5000 24.1875 24.98 26.90 1013.8604
04444.1460 24.5000 24.5000 24.1875 24.98 26.90 1013.8604
04444.6333 24.5000 24.5000 24.1875 24.98 26.90 1013.8604
04444.1582 24.5000 24.5000 24.1875 24.97 26.90 1013.8629
04444.1206 24.5000 24.5000 24.1875 24.97 26.90 1013.8629
04444.3960 24.5000 24.5000 24.1875 24.97 26.90 1013.8629
04444.0957 24.5000 24.5000 24.1875 24.97 26.90 1013.8629
04444.1460 24.5000 24.5625 24.1875 24.97 26.90 1013.8629
04444.3960 24.5000 24.5625 24.1875 24.97 26.90 1013.8629
04444.5835 24.5000 24.5625 24.1875 24.97 26.90 1013.8629
04444.1582 24.5000 24.5625 24.1875 24.97 26.90 1013.8629
04444.3584 24.5000 24.5625 24.1875 24.97 26.90 1013.8629
04444.1460 24.5000 24.5625 24.1875 24.97 26.90 1013.8629
04444.1084 24.5000 24.5625 24.1875 24.97 26.90 1013.8440
04444.5835 24.5000 24.5625 24.1875 24.97 26.90 1013.8440
04444.6333 24.5000 24.5625 24.1875 24.97 26.90 1013.8440
04444.5835 24.5000 24.5625 24.1875 24.97 26.90 1013.8440
04444.5708 24.5000 24.5625 24.1875 24.97 26.90 1013.8440
04444.1084 24.5000 24.5625 24.1875 24.97 26.90 1013.8440
04444.3457 24.5000 24.5625 24.1875 24.97 26.90 1013.8440
04444.1206 24.5000 24.5625 24.1875 24.97 26.90 1013.8440
04444.3960 24.5000 24.5625 24.1875 24.97 26.90 1013.8440
04444.3457 24.5000 24.5625 24.1875 24.99 26.92 1013.9851
04444.1333 24.5000 24.5625 24.1875 24.99 26.92 1013.9851
04444.5708 24.5000 24.5625 24.1875 24.99 26.92 1013.9851
04444.6333 24.5000 24.5625 24.1875 24.99 26.92 1013.9851
04444.8208 24.5000 24.5625 24.1875 24.99 26.92 1013.9851
04444.6333 24.5000 24.5625 24.1875 24.99 26.92 1013.9851
04444.0957 24.5000 24.5625 24.1875 24.99 26.92 1013.9851
04443.8706 24.5000 24.5625 24.1875 24.99 26.92 1013.9851
04444.1084 24.5000 24.5625 24.1875 24.99 26.92 1013.9851
04470.7085 24.5000 24.5625 24.1875 24.99 26.92 1013.9851
04444.8706 24.4375 24.5625 24.1875 24.97 26.92 1013.9442
04444.8081 24.4375 24.5625 24.1875 24.97 26.92 1013.9442
04444.8706 24.4375 24.5625 24.1875 24.97 26.92 1013.9442
#terjedesi                                       nyomas  ##
#ido(usec)  T1(C)   T2(C)   T3(C)  T4(C) para(%)  (hPa)
04444.6333 24.4375 24.5625 24.1875 24.97 26.92 1013.9442
04437.0332 24.4375 24.5625 24.1875 24.97 26.92 1013.9442
04444.1582 24.4375 24.5625 24.1875 24.97 26.92 1013.9442
04444.1084 24.4375 24.5625 24.1875 24.97 26.92 1013.9442
04443.9209 24.4375 24.5625 24.1875 24.97 26.92 1013.9442
04444.3335 24.4375 24.5625 24.1875 24.97 26.92 1013.9442
04444.1333 24.5000 24.5625 24.1875 24.97 26.92 1013.9442
04444.8081 24.5000 24.5625 24.1875 24.96 26.91 1013.8818
04444.3457 24.5000 24.5625 24.1875 24.96 26.91 1013.8818
04443.8960 24.5000 24.5625 24.1875 24.96 26.91 1013.8818
04443.8706 24.5000 24.5625 24.1875 24.96 26.91 1013.8818
04443.9209 24.5000 24.5625 24.1875 24.96 26.91 1013.8818
04443.9209 24.5000 24.5625 24.1875 24.96 26.91 1013.8818
04444.3706 24.5000 24.5625 24.1875 24.96 26.91 1013.8818
04444.8081 24.4375 24.5000 24.1875 24.96 26.91 1013.8818
04444.6333 24.4375 24.5000 24.1875 24.96 26.91 1013.8818
04444.6333 24.4375 24.5000 24.1875 24.98 26.91 1013.9334
04444.3960 24.4375 24.5000 24.1875 24.98 26.91 1013.9334
04444.3960 24.4375 24.5000 24.1875 24.98 26.91 1013.9334
04444.1084 24.4375 24.5000 24.1875 24.98 26.91 1013.9334
04444.6333 24.4375 24.5000 24.1875 24.98 26.91 1013.9334
04444.3335 24.4375 24.5000 24.1875 24.98 26.91 1013.9334
04444.1582 24.4375 24.5000 24.1875 24.98 26.91 1013.9334
04444.6333 24.4375 24.5625 24.1875 24.98 26.91 1013.9334
04444.8208 24.4375 24.5625 24.1875 24.98 26.91 1013.9334
04444.8208 24.4375 24.5625 24.1875 24.97 26.91 1013.8358
04444.3584 24.4375 24.5625 24.1875 24.97 26.91 1013.8358
04444.3584 24.4375 24.5625 24.1875 24.97 26.91 1013.8358
04444.3457 24.4375 24.5625 24.1875 24.97 26.91 1013.8358
04444.1084 24.4375 24.5625 24.1875 24.97 26.91 1013.8358
04444.6333 24.4375 24.5625 24.1875 24.97 26.91 1013.8358
04444.1333 24.5000 24.5625 24.1875 24.97 26.91 1013.8358
04444.1582 24.5000 24.5625 24.1875 24.97 26.91 1013.8358
04444.6333 24.5000 24.5625 24.1875 24.97 26.91 1013.8358
04444.3584 24.5000 24.5625 24.1875 24.97 26.91 1013.8358
04444.3335 24.5000 24.5625 24.1875 24.96 26.90 1013.7734
04444.0957 24.5000 24.5625 24.1875 24.96 26.90 1013.7734
04444.6333 24.5000 24.5625 24.1875 24.96 26.90 1013.7734
04444.3960 24.5000 24.5625 24.1875 24.96 26.90 1013.7734
04444.3706 24.5000 24.5625 24.1875 24.96 26.90 1013.7734
04444.6333 24.5000 24.5000 24.1875 24.96 26.90 1013.7734
04444.8584 24.5000 24.5000 24.1875 24.96 26.90 1013.7734
04444.8335 24.5000 24.5000 24.1875 24.96 26.90 1013.7734
04444.1084 24.5000 24.5000 24.1875 24.96 26.90 1013.7734
04444.3833 24.5000 24.5000 24.1875 24.97 26.91 1013.8440
04444.1582 24.5000 24.5000 24.1875 24.97 26.91 1013.8440
04444.3960 24.5000 24.5000 24.1875 24.97 26.91 1013.8440
04444.1084 24.5000 24.5000 24.1875 24.97 26.91 1013.8440
04444.3833 24.5000 24.5000 24.1875 24.97 26.91 1013.8440
04444.5708 24.5000 24.5000 24.1875 24.97 26.91 1013.8440
04444.6206 24.5000 24.5000 24.1875 24.97 26.91 1013.8440
04444.6206 24.5000 24.5000 24.1875 24.97 26.91 1013.8440
04444.1460 24.5000 24.5000 24.1875 24.97 26.91 1013.8440
04444.3457 24.5000 24.5000 24.1875 24.97 26.91 1013.8440
04444.1582 24.5000 24.5000 24.1875 24.96 26.92 1013.9088
04444.1582 24.5000 24.5000 24.1875 24.96 26.92 1013.9088
04444.3960 24.5000 24.5000 24.1875 24.96 26.92 1013.9088
04444.1460 24.5000 24.5000 24.1875 24.96 26.92 1013.9088
04444.5708 24.5000 24.5625 24.1875 24.96 26.92 1013.9088
04444.6333 24.5000 24.5625 24.1875 24.96 26.92 1013.9088
04444.3457 24.5000 24.5625 24.1875 24.96 26.92 1013.9088
04444.3833 24.5000 24.5625 24.1875 24.96 26.92 1013.9088
04444.3457 24.5000 24.5625 24.1875 24.96 26.92 1013.9088
04443.8833 24.5000 24.5625 24.1875 24.97 26.91 1013.8440
04444.1582 24.5000 24.5625 24.1875 24.97 26.91 1013.8440
04444.3584 24.5000 24.5625 24.1875 24.97 26.91 1013.8440
04444.6333 24.4375 24.5625 24.1875 24.97 26.91 1013.8440
04444.8457 24.4375 24.5625 24.1875 24.97 26.91 1013.8440
04445.1084 24.4375 24.5625 24.1875 24.97 26.91 1013.8440
04444.3960 24.4375 24.5625 24.1875 24.97 26.91 1013.8440
04444.3960 24.4375 24.5625 24.1875 24.97 26.91 1013.8440
04444.6333 24.4375 24.5625 24.1875 24.97 26.91 1013.8440
04444.5835 24.4375 24.5625 24.1875 24.97 26.91 1013.8440
#terjedesi                                       nyomas  ##
#ido(usec)  T1(C)   T2(C)   T3(C)  T4(C) para(%)  (hPa)
04444.3960 24.4375 24.5625 24.1875 24.98 26.90 1013.9146
04444.3960 24.4375 24.5625 24.1875 24.98 26.90 1013.9146
04444.8584 24.5000 24.5000 24.1875 24.98 26.90 1013.9146
04444.5708 24.5000 24.5000 24.1875 24.98 26.90 1013.9146
04444.3960 24.5000 24.5000 24.1875 24.98 26.90 1013.9146
04444.1084 24.5000 24.5000 24.1875 24.98 26.90 1013.9146
04444.3457 24.5000 24.5000 24.1875 24.98 26.90 1013.9146
04470.4707 24.5000 24.5000 24.1875 24.98 26.90 1013.9146
04444.1582 24.5000 24.5000 24.1875 24.98 26.90 1013.9146
04444.0957 24.5000 24.5000 24.1875 24.96 26.90 1013.7734
04444.8081 24.5000 24.5625 24.1875 24.96 26.90 1013.7734
04444.8081 24.5000 24.5625 24.1875 24.96 26.90 1013.7734
04444.6333 24.5000 24.5625 24.1875 24.96 26.90 1013.7734
04444.1206 24.5000 24.5625 24.1875 24.96 26.90 1013.7734
04470.4707 24.5000 24.5625 24.1875 24.96 26.90 1013.7734
04444.1582 24.5000 24.5625 24.1875 24.96 26.90 1013.7734
04444.3584 24.5000 24.5625 24.1875 24.96 26.90 1013.7734
04444.3457 24.5000 24.5625 24.1875 24.96 26.90 1013.7734
04444.6206 24.5000 24.5000 24.1875 24.96 26.90 1013.8547
04444.8706 24.5000 24.5000 24.1875 24.96 26.90 1013.8547
04444.6333 24.5000 24.5000 24.1875 24.96 26.90 1013.8547
04443.8960 24.5000 24.5000 24.1875 24.96 26.90 1013.8547
04444.8706 24.5000 24.5000 24.1875 24.96 26.90 1013.8547
04444.6333 24.5000 24.5000 24.1875 24.96 26.90 1013.8547
04444.1460 24.5000 24.5000 24.1875 24.96 26.90 1013.8547
04444.1582 24.5000 24.5000 24.1875 24.96 26.90 1013.8547
04444.1084 24.5000 24.5000 24.1875 24.96 26.90 1013.8547
04444.3584 24.5000 24.5625 24.1875 24.96 26.90 1013.8547
04444.3457 24.5000 24.5625 24.1875 24.97 26.92 1013.8899
04444.6084 24.5000 24.5625 24.1875 24.97 26.92 1013.8899
04444.3960 24.5000 24.5625 24.1875 24.97 26.92 1013.8899
04444.3706 24.5000 24.5625 24.1875 24.97 26.92 1013.8899
04470.7334 24.5000 24.5625 24.1875 24.97 26.92 1013.8899
04443.8706 24.5000 24.5625 24.1875 24.97 26.92 1013.8899
04444.5708 24.5000 24.5625 24.1875 24.97 26.92 1013.8899
04445.1084 24.5000 24.5625 24.1875 24.97 26.92 1013.8899
04444.8208 24.5000 24.5625 24.1875 24.97 26.92 1013.8899
04444.8457 24.5000 24.5625 24.1875 24.98 26.91 1013.9146
04444.3960 24.5000 24.5625 24.1875 24.98 26.91 1013.9146
04444.1582 24.5000 24.5625 24.1875 24.98 26.91 1013.9146
04444.3706 24.5000 24.5625 24.1875 24.98 26.91 1013.9146
04470.4585 24.5000 24.5625 24.1875 24.98 26.91 1013.9146
04444.3584 24.5000 24.5625 24.1875 24.98 26.91 1013.9146
04444.3960 24.5000 24.5625 24.1875 24.98 26.91 1013.9146
04444.6333 24.5000 24.5625 24.1875 24.98 26.91 1013.9146
04444.3833 24.5000 24.5625 24.1875 24.98 26.91 1013.9146
04444.8457 24.5000 24.5625 24.1875 24.98 26.91 1013.9146
04444.3457 24.5000 24.5625 24.1875 24.98 26.93 1013.8604
04444.3335 24.5000 24.5625 24.1875 24.98 26.93 1013.8604
04444.3457 24.5000 24.5625 24.1875 24.98 26.93 1013.8604
04444.1460 24.5000 24.5625 24.1875 24.98 26.93 1013.8604
04443.9209 24.5000 24.5625 24.1875 24.98 26.93 1013.8604
04444.6206 24.5000 24.5625 24.1875 24.98 26.93 1013.8604
04444.8081 24.5000 24.5625 24.1875 24.98 26.93 1013.8604
04444.8208 24.5000 24.5625 24.1875 24.98 26.93 1013.8604
04444.1333 24.5000 24.5625 24.1875 24.98 26.93 1013.8604
04444.3833 24.5000 24.5625 24.1875 24.98 26.92 1013.7980
04444.3960 24.5000 24.5625 24.1875 24.98 26.92 1013.7980
04444.5708 24.5000 24.5625 24.1875 24.98 26.92 1013.7980
04443.8706 24.5000 24.5625 24.1875 24.98 26.92 1013.7980
04444.1582 24.5000 24.5625 24.1875 24.98 26.92 1013.7980
04444.3960 24.5000 24.5000 24.1875 24.98 26.92 1013.7980
04445.0957 24.5000 24.5000 24.1875 24.98 26.92 1013.7980
04444.6333 24.5000 24.5000 24.1875 24.98 26.92 1013.7980
04444.0957 24.5000 24.5000 24.1875 24.98 26.92 1013.7980
04444.1582 24.5000 24.5000 24.1875 24.98 26.92 1013.7980
04444.6084 24.5000 24.5000 24.1875 24.97 26.93 1013.8981
04444.1084 24.5000 24.5000 24.1875 24.97 26.93 1013.8981
04444.3457 24.5000 24.5000 24.1875 24.97 26.93 1013.8981
04444.8208 24.5000 24.5625 24.1875 24.97 26.93 1013.8981
04445.1084 24.5000 24.5625 24.1875 24.97 26.93 1013.8981
04444.3960 24.5000 24.5625 24.1875 24.97 26.93 1013.8981
04444.3584 24.5000 24.5625 24.1875 24.97 26.93 1013.8981
#terjedesi                                       nyomas  ##
#ido(usec)  T1(C)   T2(C)   T3(C)  T4(C) para(%)  (hPa)
04443.8706 24.5000 24.5625 24.1875 24.97 26.93 1013.8981
04438.6958 24.5000 24.5625 24.1875 24.97 26.93 1013.8981
04443.8584 24.5000 24.5625 24.1875 24.97 26.93 1013.8981
04444.1460 24.5000 24.5625 24.1875 24.98 26.94 1013.7980
04446.4956 24.5000 24.5625 24.1875 24.98 26.94 1013.7980
04444.1582 24.5000 24.5000 24.1875 24.98 26.94 1013.7980
04444.8208 24.5000 24.5000 24.1875 24.98 26.94 1013.7980
04444.6084 24.5000 24.5000 24.1875 24.98 26.94 1013.7980
04444.1582 24.5000 24.5000 24.1875 24.98 26.94 1013.7980
04444.1084 24.5000 24.5000 24.1875 24.98 26.94 1013.7980
04444.1333 24.5000 24.5000 24.1875 24.98 26.94 1013.7980
04444.1206 24.5000 24.5000 24.1875 24.98 26.94 1013.7980
04444.3960 24.5000 24.5000 24.1875 24.97 26.86 1013.8629
04444.1084 24.5000 24.5625 24.1875 24.97 26.86 1013.8629
04444.8081 24.5000 24.5625 24.1875 24.97 26.86 1013.8629
04444.6333 24.5000 24.5625 24.1875 24.97 26.86 1013.8629
04444.6333 24.5000 24.5625 24.1875 24.97 26.86 1013.8629
04444.3960 24.5000 24.5625 24.1875 24.97 26.86 1013.8629
04444.3706 24.5000 24.5625 24.1875 24.97 26.86 1013.8629
04444.5708 24.5000 24.5625 24.1875 24.97 26.86 1013.8629
04443.8706 24.5000 24.5625 24.1875 24.97 26.86 1013.8629
04444.1582 24.5000 24.5625 24.1875 24.97 26.86 1013.8629
04444.3584 24.5000 24.5000 24.1875 24.98 26.94 1013.9146
04444.8457 24.5000 24.5000 24.1875 24.98 26.94 1013.9146
04444.6333 24.5000 24.5000 24.1875 24.98 26.94 1013.9146
04444.0957 24.5000 24.5000 24.1875 24.98 26.94 1013.9146
04444.1582 24.5000 24.5000 24.1875 24.98 26.94 1013.9146
04443.9209 24.5000 24.5000 24.1875 24.98 26.94 1013.9146
04444.3960 24.5000 24.5000 24.1875 24.98 26.94 1013.9146
04444.0957 24.5000 24.5000 24.1875 24.98 26.94 1013.9146
04444.3584 24.5000 24.5000 24.1875 24.98 26.94 1013.9146
04444.5708 24.5000 24.5625 24.1875 24.97 26.93 1013.7816
04444.6333 24.5000 24.5625 24.1875 24.97 26.93 1013.7816
04444.5835 24.5000 24.5625 24.1875 24.97 26.93 1013.7816
04444.1206 24.5000 24.5625 24.1875 24.97 26.93 1013.7816
04470.4585 24.5000 24.5625 24.1875 24.97 26.93 1013.7816
04444.3960 24.5000 24.5625 24.1875 24.97 26.93 1013.7816
04444.0957 24.5000 24.5625 24.1875 24.97 26.93 1013.7816
04444.1460 24.5000 24.5625 24.1875 24.97 26.93 1013.7816
04444.3457 24.5000 24.5625 24.1875 24.97 26.93 1013.7816
04444.8584 24.5000 24.5625 24.1875 24.98 26.94 1013.8875
04444.8208 24.5000 24.5625 24.1875 24.98 26.94 1013.8875
04444.0957 24.5000 24.5625 24.1875 24.98 26.94 1013.8875
04444.0957 24.5000 24.5625 24.1875 24.98 26.94 1013.8875
04444.1582 24.5000 24.5625 24.1875 24.98 26.94 1013.8875
04443.9209 24.5000 24.5625 24.1875 24.98 26.94 1013.8875
04444.1582 24.5000 24.5625 24.1875 24.98 26.94 1013.8875
04444.1582 24.5000 24.5625 24.1875 24.98 26.94 1013.8875
04444.6206 24.4375 24.5000 24.1875 24.98 26.94 1013.8875
04444.5708 24.4375 24.5000 24.1875 24.98 26.94 1013.8875
04444.8706 24.4375 24.5000 24.1875 24.98 26.95 1013.9146
04444.1582 24.4375 24.5000 24.1875 24.98 26.95 1013.9146
04444.3833 24.4375 24.5000 24.1875 24.98 26.95 1013.9146
04443.9209 24.4375 24.5000 24.1875 24.98 26.95 1013.9146
04444.3960 24.4375 24.5000 24.1875 24.98 26.95 1013.9146
04444.3457 24.4375 24.5000 24.1875 24.98 26.95 1013.9146
04444.1084 24.4375 24.5000 24.1875 24.98 26.95 1013.9146
04444.8457 24.5000 24.5625 24.1875 24.98 26.95 1013.9146
04444.6084 24.5000 24.5625 24.1875 24.98 26.95 1013.9146
04444.3833 24.5000 24.5625 24.1875 24.98 26.96 1013.8604
04444.3457 24.5000 24.5625 24.1875 24.98 26.96 1013.8604
04444.1460 24.5000 24.5625 24.1875 24.98 26.96 1013.8604
04444.3960 24.5000 24.5625 24.1875 24.98 26.96 1013.8604
04444.3457 24.5000 24.5625 24.1875 24.98 26.96 1013.8604
04444.3960 24.5000 24.5625 24.1875 24.98 26.96 1013.8604
04444.8081 24.5000 24.5625 24.1875 24.98 26.96 1013.8604
04444.6333 24.5000 24.5625 24.1875 24.98 26.96 1013.8604
04444.6084 24.5000 24.5625 24.1875 24.98 26.96 1013.8604
04443.9209 24.5000 24.5625 24.1875 24.98 26.96 1013.8604
04444.3960 24.5000 24.5625 24.1875 24.98 26.95 1013.8522
04444.1582 24.5000 24.5625 24.1875 24.98 26.95 1013.8522
04443.8706 24.5000 24.5625 24.1875 24.98 26.95 1013.8522
04444.1582 24.5000 24.5625 24.1875 24.98 26.95 1013.8522
#terjedesi                                       nyomas  ##
#ido(usec)  T1(C)   T2(C)   T3(C)  T4(C) para(%)  (hPa)
04444.3584 24.5000 24.5625 24.1875 24.98 26.95 1013.8522
04444.5835 24.5000 24.5625 24.1875 24.98 26.95 1013.8522
04444.6333 24.5000 24.5625 24.1875 24.98 26.95 1013.8522
04444.1460 24.5000 24.5625 24.1875 24.98 26.95 1013.8522
04444.3960 24.5000 24.5625 24.1875 24.98 26.95 1013.8522
04444.1206 24.5000 24.5625 24.1875 24.97 26.97 1013.8440
04446.2334 24.5000 24.5625 24.1875 24.97 26.97 1013.8440
04444.1582 24.5000 24.5625 24.1875 24.97 26.97 1013.8440
04470.4707 24.5000 24.5625 24.1875 24.97 26.97 1013.8440
04444.1333 24.5000 24.5000 24.1875 24.97 26.97 1013.8440
04444.5835 24.5000 24.5000 24.1875 24.97 26.97 1013.8440
04444.5708 24.5000 24.5000 24.1875 24.97 26.97 1013.8440
04444.1582 24.5000 24.5000 24.1875 24.97 26.97 1013.8440
04443.9209 24.5000 24.5000 24.1875 24.97 26.97 1013.8440
04443.9209 24.5000 24.5000 24.1875 24.97 26.97 1013.8440
04444.8208 24.5000 24.5000 24.1875 24.97 26.96 1013.7816
04444.1084 24.5000 24.5000 24.1875 24.97 26.96 1013.7816
04445.0459 24.5000 24.5625 24.1875 24.97 26.96 1013.7816
04444.5708 24.5000 24.5625 24.1875 24.97 26.96 1013.7816
04444.6084 24.5000 24.5625 24.1875 24.97 26.96 1013.7816
04443.9209 24.5000 24.5625 24.1875 24.97 26.96 1013.7816
04444.1582 24.5000 24.5625 24.1875 24.97 26.96 1013.7816
04443.8584 24.5000 24.5625 24.1875 24.97 26.96 1013.7816
04444.3960 24.5000 24.5625 24.1875 24.97 26.96 1013.7816
04443.9209 24.5000 24.5625 24.1875 24.97 26.97 1013.7628
04444.6333 24.5000 24.5625 24.1875 24.97 26.97 1013.7628
04444.6333 24.5000 24.5000 24.1875 24.97 26.97 1013.7628
04444.8584 24.5000 24.5000 24.1875 24.97 26.97 1013.7628
04444.6333 24.5000 24.5000 24.1875 24.97 26.97 1013.7628
04444.1206 24.5000 24.5000 24.1875 24.97 26.97 1013.7628
04443.9209 24.5000 24.5000 24.1875 24.97 26.97 1013.7628
04444.3457 24.5000 24.5000 24.1875 24.97 26.97 1013.7628
04470.4834 24.5000 24.5000 24.1875 24.97 26.97 1013.7628
04443.8706 24.5000 24.5000 24.1875 24.98 26.96 1013.8604
04444.5708 24.5000 24.5000 24.1875 24.98 26.96 1013.8604
04444.3457 24.5000 24.5000 24.1875 24.98 26.96 1013.8604
04444.3960 24.5000 24.5000 24.1875 24.98 26.96 1013.8604
04443.9209 24.5000 24.5000 24.1875 24.98 26.96 1013.8604
04443.8706 24.5000 24.5000 24.1875 24.98 26.96 1013.8604
04444.1582 24.5000 24.5000 24.1875 24.98 26.96 1013.8604
04444.1582 24.5000 24.5000 24.1875 24.98 26.96 1013.8604
04470.5210 24.5000 24.5000 24.1875 24.98 26.96 1013.8604
04444.1582 24.5000 24.5000 24.1875 24.98 26.96 1013.8604
04443.8960 24.5000 24.5000 24.1875 24.98 26.96 1013.8604
04444.1582 24.5000 24.5000 24.1875 24.97 26.98 1013.8358
04444.3833 24.5000 24.5000 24.1875 24.97 26.98 1013.8358