#terjedesi                                       nyomas  ##
#ido(usec)  T1(C)   T2(C)   T3(C)  T4(C) para(%)  (hPa)
04444.3584 24.5000 24.5625 24.1875 25.00 27.08 1013.7770
04444.1582 24.5000 24.5625 24.1875 25.00 27.08 1013.7770
04444.6333 24.5000 24.5625 24.1875 25.00 27.08 1013.7770
04444.3457 24.5000 24.5625 24.1875 25.00 27.08 1013.7770
04443.8706 24.5000 24.5625 24.1875 25.00 27.08 1013.7770
04443.9209 24.5000 24.5625 24.1875 25.00 27.08 1013.7770
04443.9209 24.5000 24.5625 24.1875 25.00 27.08 1013.7770
04444.3960 24.5000 24.5625 24.1875 25.00 27.08 1013.7770
04444.3584 24.5000 24.5625 24.1875 25.00 27.08 1013.7770
04444.3457 24.5000 24.5625 24.2500 24.99 27.08 1013.8226
04444.8208 24.5000 24.5625 24.2500 24.99 27.08 1013.8226
04444.8706 24.5000 24.5625 24.2500 24.99 27.08 1013.8226
04444.1084 24.5000 24.5625 24.2500 24.99 27.08 1013.8226
04444.1460 24.5000 24.5625 24.2500 24.99 27.08 1013.8226
04443.8584 24.5000 24.5625 24.2500 24.99 27.08 1013.8226
04446.2832 24.5000 24.5625 24.2500 24.99 27.08 1013.8226
04443.6709 24.5000 24.5625 24.2500 24.99 27.08 1013.8226
04444.3960 24.5000 24.5625 24.2500 24.99 27.08 1013.8226
04444.3833 24.5000 24.5625 24.2500 24.99 27.09 1013.7414
04444.3960 24.5000 24.5625 24.2500 24.99 27.09 1013.7414
04443.9209 24.5000 24.5625 24.2500 24.99 27.09 1013.7414
04443.6831 24.5000 24.5625 24.2500 24.99 27.09 1013.7414
04443.8706 24.5000 24.5625 24.2500 24.99 27.09 1013.7414
04443.8833 24.5000 24.5625 24.2500 24.99 27.09 1013.7414
04444.0957 24.5000 24.5625 24.2500 24.99 27.09 1013.7414
04443.6582 24.5000 24.5625 24.2500 24.99 27.09 1013.7414
04444.3457 24.5000 24.5625 24.2500 24.99 27.09 1013.7414
04444.1582 24.5000 24.5625 24.2500 24.99 27.09 1013.7414
04444.3457 24.5000 24.5625 24.2500 25.01 27.10 1013.8475
04443.8584 24.5000 24.5625 24.2500 25.01 27.10 1013.8475
04443.8706 24.5000 24.5625 24.2500 25.01 27.10 1013.8475
04444.1084 24.5000 24.5625 24.2500 25.01 27.10 1013.8475
04443.8960 24.5000 24.5625 24.2500 25.01 27.10 1013.8475
04443.9209 24.5000 24.5625 24.2500 25.01 27.10 1013.8475
04443.8960 24.5000 24.5625 24.1875 25.01 27.10 1013.8475
04444.3960 24.5000 24.5625 24.1875 25.01 27.10 1013.8475
04444.3457 24.5000 24.5625 24.1875 25.01 27.10 1013.8475
04443.8584 24.5000 24.5625 24.1875 24.99 27.10 1013.7955
04443.9209 24.5000 24.5625 24.1875 24.99 27.10 1013.7955
04444.3335 24.5000 24.5625 24.1875 24.99 27.10 1013.7955
04443.9082 24.5000 24.5625 24.1875 24.99 27.10 1013.7955
04444.0957 24.5000 24.5625 24.1875 24.99 27.10 1013.7955
04444.3960 24.5000 24.5625 24.1875 24.99 27.10 1013.7955
04444.3960 24.5000 24.5625 24.1875 24.99 27.10 1013.7955
04444.8457 24.5000 24.5625 24.1875 24.99 27.10 1013.7955
04444.3960 24.5000 24.5625 24.1875 24.99 27.10 1013.7955
04443.8584 24.5000 24.5625 24.1875 24.99 27.09 1013.7684
04443.9209 24.5000 24.5625 24.1875 24.99 27.09 1013.7684
04443.9082 24.5000 24.5625 24.1875 24.99 27.09 1013.7684
04443.9082 24.5000 24.5625 24.1875 24.99 27.09 1013.7684
04443.6582 24.5000 24.5625 24.1875 24.99 27.09 1013.7684
04470.2710 24.5000 24.5625 24.2500 24.99 27.09 1013.7684
04444.3960 24.5000 24.5625 24.2500 24.99 27.09 1013.7684
04444.8457 24.5000 24.5625 24.2500 24.99 27.09 1013.7684
04444.5835 24.5000 24.5625 24.2500 24.99 27.09 1013.7684
04444.1582 24.5000 24.5625 24.2500 24.99 27.09 1013.7684
04444.3457 24.5000 24.5625 24.2500 24.99 27.10 1013.8768
04444.1084 24.5000 24.5625 24.2500 24.99 27.10 1013.8768
04444.1084 24.5000 24.5625 24.2500 24.99 27.10 1013.8768
04444.3960 24.5000 24.5625 24.2500 24.99 27.10 1013.8768
04444.3457 24.5000 24.5625 24.2500 24.99 27.10 1013.8768
04444.8208 24.5000 24.5625 24.1875 24.99 27.10 1013.8768
04444.6333 24.5000 24.5625 24.1875 24.99 27.10 1013.8768
04444.1206 24.5000 24.5625 24.1875 24.99 27.10 1013.8768
04444.1582 24.5000 24.5625 24.1875 24.99 27.10 1013.8768
04444.1084 24.5000 24.5625 24.1875 25.00 27.10 1013.8312
04444.1582 24.5000 24.5625 24.1875 25.00 27.10 1013.8312
04443.6206 24.5000 24.5625 24.1875 25.00 27.10 1013.8312
04443.8706 24.5000 24.5625 24.1875 25.00 27.10 1013.8312
04444.3960 24.5000 24.5625 24.1875 25.00 27.10 1013.8312
04444.6333 24.5000 24.5625 24.1875 25.00 27.10 1013.8312
04444.6333 24.5000 24.5625 24.1875 25.00 27.10 1013.8312
04444.1333 24.5000 24.5625 24.1875 25.00 27.10 1013.8312
#terjedesi                                       nyomas  ##
#ido(usec)  T1(C)   T2(C)   T3(C)  T4(C) para(%)  (hPa)
04444.1206 24.5000 24.5625 24.1875 25.00 27.10 1013.8312
04437.0210 24.5000 24.5625 24.1875 25.00 27.10 1013.8312
04444.3833 24.5000 24.5625 24.1875 25.00 27.10 1013.7852
04444.1460 24.5000 24.5625 24.1875 25.00 27.10 1013.7852
04444.3457 24.5000 24.5625 24.1875 25.00 27.10 1013.7852
04444.6333 24.5000 24.5625 24.1875 25.00 27.10 1013.7852
04444.3833 24.5000 24.5625 24.1875 25.00 27.10 1013.7852
04444.3833 24.5000 24.5625 24.1875 25.00 27.10 1013.7852
04444.3833 24.5000 24.5625 24.1875 25.00 27.10 1013.7852
04444.3335 24.5000 24.5625 24.1875 25.00 27.10 1013.7852
04443.8960 24.5000 24.5625 24.1875 25.00 27.10 1013.7852
04443.6333 24.5000 24.5625 24.1875 24.99 27.10 1013.7955
04443.9209 24.5000 24.5625 24.1875 24.99 27.10 1013.7955
04444.6333 24.5000 24.5625 24.1875 24.99 27.10 1013.7955
04445.0581 24.5000 24.5625 24.1875 24.99 27.10 1013.7955
04444.3457 24.5000 24.5625 24.1875 24.99 27.10 1013.7955
04444.1582 24.5000 24.5625 24.1875 24.99 27.10 1013.7955
04443.8706 24.5000 24.5625 24.1875 24.99 27.10 1013.7955
04443.8960 24.5000 24.5625 24.1875 24.99 27.10 1013.7955
04443.9209 24.5000 24.5625 24.1875 24.99 27.10 1013.7955
04444.3584 24.5000 24.5625 24.1875 24.99 27.10 1013.7955
04444.3960 24.5000 24.5625 24.1875 25.00 27.08 1013.8041
04444.1582 24.5000 24.5625 24.1875 25.00 27.08 1013.8041
04444.3960 24.5000 24.5625 24.1875 25.00 27.08 1013.8041
04470.2207 24.5000 24.5625 24.1875 25.00 27.08 1013.8041
04444.1582 24.5000 24.5625 24.1875 25.00 27.08 1013.8041
04443.9209 24.5000 24.5625 24.1875 25.00 27.08 1013.8041
04444.1582 24.5000 24.5625 24.1875 25.00 27.08 1013.8041
04443.9082 24.5000 24.5625 24.1875 25.00 27.08 1013.8041
04443.9209 24.5000 24.5625 24.1875 25.00 27.08 1013.8041
04443.9209 24.5000 24.5625 24.1875 25.00 27.08 1013.8041
04444.3960 24.5000 24.5625 24.1875 25.00 27.08 1013.8312
04443.8584 24.5000 24.5625 24.1875 25.00 27.08 1013.8312
04444.3960 24.5000 24.5625 24.1875 25.00 27.08 1013.8312
04444.1084 24.5000 24.5625 24.1875 25.00 27.08 1013.8312
04444.1582 24.5000 24.5625 24.1875 25.00 27.08 1013.8312
04444.0957 24.5000 24.5625 24.1875 25.00 27.08 1013.8312
04444.3335 24.5000 24.5625 24.1875 25.00 27.08 1013.8312
04444.5835 24.5000 24.5000 24.1875 25.00 27.08 1013.8312
04444.3584 24.5000 24.5000 24.1875 24.99 27.09 1013.8226
04444.5835 24.5000 24.5000 24.1875 24.99 27.09 1013.8226
04444.1333 24.5000 24.5000 24.1875 24.99 27.09 1013.8226
04444.1582 24.5000 24.5000 24.1875 24.99 27.09 1013.8226
04444.1582 24.5000 24.5000 24.1875 24.99 27.09 1013.8226
04444.3706 24.5000 24.5000 24.1875 24.99 27.09 1013.8226
04444.1084 24.5000 24.5000 24.1875 24.99 27.09 1013.8226
04443.6206 24.5000 24.5000 24.1875 24.99 27.09 1013.8226
04443.9082 24.5000 24.5625 24.2500 24.99 27.09 1013.8226
04444.5957 24.5000 24.5625 24.2500 24.99 27.09 1013.8226
04444.3960 24.5000 24.5625 24.2500 24.99 27.09 1013.8226
04443.8706 24.5000 24.5625 24.2500 25.01 27.09 1013.8475
04444.1333 24.5000 24.5625 24.2500 25.01 27.09 1013.8475
04443.8706 24.5000 24.5625 24.2500 25.01 27.09 1013.8475
04443.9082 24.5000 24.5625 24.2500 25.01 27.09 1013.8475
04443.6333 24.5000 24.5625 24.2500 25.01 27.09 1013.8475
04444.3833 24.5000 24.5625 24.1875 25.01 27.09 1013.8475
04444.1084 24.5000 24.5625 24.1875 25.01 27.09 1013.8475
04444.3457 24.5000 24.5625 24.1875 25.01 27.09 1013.8475
04446.2959 24.5000 24.5625 24.1875 25.01 27.09 1013.8475
04443.9209 24.5000 24.5625 24.1875 24.99 27.08 1013.7684
04443.9209 24.5000 24.5625 24.1875 24.99 27.08 1013.7684
04443.9209 24.5000 24.5625 24.1875 24.99 27.08 1013.7684
04443.9209 24.5000 24.5625 24.1875 24.99 27.08 1013.7684
04443.6709 24.5000 24.5625 24.1875 24.99 27.08 1013.7684
04443.8706 24.5000 24.5625 24.2500 24.99 27.08 1013.7684
04443.9209 24.5000 24.5625 24.2500 24.99 27.08 1013.7684
04444.3457 24.5000 24.5625 24.2500 24.99 27.08 1013.7684
04443.6333 24.5000 24.5625 24.2500 24.99 27.08 1013.7684
04443.8584 24.5000 24.5625 24.2500 24.99 27.08 1013.8226
04444.1084 24.5000 24.5625 24.2500 24.99 27.08 1013.8226
04444.1582 24.5000 24.5625 24.2500 24.99 27.08 1013.8226
04443.8706 24.5000 24.5625 24.2500 24.99 27.08 1013.8226
04444.6333 24.5000 24.5625 24.2500 24.99 27.08 1013.8226
#terjedesi                                       nyomas  ##
#ido(usec)  T1(C)   T2(C)   T3(C)  T4(C) para(%)  (hPa)
04444.1582 24.5000 24.5625 24.2500 24.99 27.08 1013.8226
04444.5835 24.5000 24.5625 24.2500 24.99 27.08 1013.8226
04444.1084 24.5000 24.5625 24.2500 24.99 27.08 1013.8226
04444.1460 24.5000 24.5625 24.2500 24.99 27.08 1013.8226
04444.1582 24.5000 24.5625 24.2500 24.99 27.08 1013.8226
04443.9209 24.5000 24.5625 24.2500 25.00 27.10 1013.7770
04444.0957 24.5000 24.5625 24.2500 25.00 27.10 1013.7770
04443.8960 24.5000 24.5625 24.2500 25.00 27.10 1013.7770
04444.1084 24.5000 24.5625 24.2500 25.00 27.10 1013.7770
04444.5835 24.5000 24.5625 24.2500 25.00 27.10 1013.7770
04444.5708 24.5000 24.5625 24.2500 25.00 27.10 1013.7770
04443.8706 24.5000 24.5625 24.2500 25.00 27.10 1013.7770
04444.1206 24.5000 24.5625 24.2500 25.00 27.10 1013.7770
04444.0957 24.5000 24.5625 24.2500 25.00 27.10 1013.7770
04443.6333 24.5000 24.5625 24.2500 25.00 27.09 1013.8394
04443.9082 24.5000 24.5625 24.2500 25.00 27.09 1013.8394
04444.0957 24.5000 24.5625 24.2500 25.00 27.09 1013.8394
04444.3960 24.5000 24.5625 24.2500 25.00 27.09 1013.8394
04444.1460 24.5000 24.5625 24.2500 25.00 27.09 1013.8394
04444.1084 24.5000 24.5625 24.2500 25.00 27.09 1013.8394
04443.9209 24.5000 24.5625 24.2500 25.00 27.09 1013.8394
04443.6831 24.5000 24.5625 24.2500 25.00 27.09 1013.8394
04443.8833 24.5000 24.5625 24.2500 25.00 27.09 1013.8394
04443.9209 24.5000 24.5625 24.2500 25.00 27.09 1013.8394
04443.9209 24.5000 24.5625 24.2500 24.99 27.08 1013.7603
04445.3335 24.5000 24.5625 24.1875 24.99 27.08 1013.7603
04444.8457 24.5000 24.5625 24.1875 24.99 27.08 1013.7603
04444.5835 24.5000 24.5625 24.1875 24.99 27.08 1013.7603
04443.6831 24.5000 24.5625 24.1875 24.99 27.08 1013.7603
04444.3457 24.5000 24.5625 24.1875 24.99 27.08 1013.7603
04470.4834 24.5000 24.5625 24.1875 24.99 27.08 1013.7603
04443.6831 24.5000 24.5625 24.1875 24.99 27.08 1013.7603
04444.1460 24.5000 24.5625 24.1875 24.99 27.08 1013.7603
04443.8833 24.5000 24.5625 24.2500 25.00 27.07 1013.8394
04444.6206 24.5000 24.5625 24.2500 25.00 27.07 1013.8394
04444.5835 24.5000 24.5625 24.2500 25.00 27.07 1013.8394
04444.3457 24.5000 24.5625 24.2500 25.00 27.07 1013.8394
04446.4956 24.5000 24.5625 24.2500 25.00 27.07 1013.8394
04443.6831 24.5000 24.5625 24.2500 25.00 27.07 1013.8394
04443.8706 24.5000 24.5625 24.2500 25.00 27.07 1013.8394
04444.3960 24.5000 24.5625 24.2500 25.00 27.07 1013.8394
04444.0957 24.5000 24.5625 24.2500 25.00 27.07 1013.8394
04444.1084 24.5000 24.5625 24.2500 25.00 27.07 1013.8394
04444.6333 24.5000 24.5625 24.2500 25.00 27.09 1013.8041
04444.8208 24.5000 24.5625 24.2500 25.00 27.09 1013.8041
04444.3457 24.5000 24.5625 24.2500 25.00 27.09 1013.8041
04444.3335 24.5000 24.5625 24.2500 25.00 27.09 1013.8041
04444.1333 24.5000 24.5625 24.2500 25.00 27.09 1013.8041
04444.0957 24.5000 24.5625 24.2500 25.00 27.09 1013.8041
04444.1582 24.5000 24.5625 24.2500 25.00 27.09 1013.8041
04444.1333 24.5000 24.5625 24.2500 25.00 27.09 1013.8041
04444.5835 24.5000 24.5625 24.1875 25.00 27.09 1013.8041
04444.6333 24.5000 24.5625 24.1875 24.99 27.09 1013.8226
04444.3960 24.5000 24.5625 24.1875 24.99 27.09 1013.8226
04444.0957 24.5000 24.5625 24.1875 24.99 27.09 1013.8226
04470.2832 24.5000 24.5625 24.1875 24.99 27.09 1013.8226
04443.8960 24.5000 24.5625 24.1875 24.99 27.09 1013.8226
04443.8706 24.5000 24.5625 24.1875 24.99 27.09 1013.8226
04470.2583 24.5000 24.5625 24.1875 24.99 27.09 1013.8226
04444.0957 24.5000 24.5625 24.2500 24.99 27.09 1013.8226
04444.3833 24.5000 24.5625 24.2500 24.99 27.09 1013.8226
04444.3833 24.5000 24.5625 24.2500 25.00 27.07 1013.8394
04443.6582 24.5000 24.5625 24.2500 25.00 27.07 1013.8394
04443.8960 24.5000 24.5625 24.2500 25.00 27.07 1013.8394
04443.8706 24.5000 24.5625 24.2500 25.00 27.07 1013.8394
04444.1582 24.5000 24.5625 24.2500 25.00 27.07 1013.8394
04444.1084 24.5000 24.5625 24.2500 25.00 27.07 1013.8394
04470.4956 24.5000 24.5625 24.2500 25.00 27.07 1013.8394
04444.1582 24.5000 24.5625 24.2500 25.00 27.07 1013.8394
04444.6333 24.5000 24.5625 24.2500 25.00 27.07 1013.8394
04444.3335 24.5000 24.5625 24.2500 25.00 27.07 1013.8394
04443.9209 24.5000 24.5625 24.2500 25.00 27.08 1013.7852
04446.4834 24.5000 24.5625 24.2500 25.00 27.08 1013.7852
#terjedesi                                       nyomas  ##
#ido(usec)  T1(C)   T2(C)   T3(C)  T4(C) para(%)  (hPa)
04443.6831 24.5000 24.5625 24.2500 25.00 27.08 1013.7852
04443.9082 24.5000 24.5625 24.2500 25.00 27.08 1013.7852
04444.1084 24.5000 24.5625 24.2500 25.00 27.08 1013.7852
04444.3457 24.5000 24.5625 24.2500 25.00 27.08 1013.7852
04444.5835 24.5000 24.5625 24.2500 25.00 27.08 1013.7852
04444.3960 24.5000 24.5625 24.2500 25.00 27.08 1013.7852
04444.1582 24.5000 24.5625 24.2500 25.00 27.08 1013.7852
04444.1582 24.5000 24.5625 24.2500 25.00 27.08 1013.7852
04444.1582 24.5000 24.5625 24.2500 25.00 27.08 1013.7852
04444.1582 24.5000 24.5625 24.2500 25.00 27.08 1013.7852
04443.8960 24.5000 24.5625 24.2500 25.00 27.08 1013.7852
04443.9209 24.5000 24.5625 24.2500 25.00 27.08 1013.7852
04444.1582 24.5000 24.5625 24.1875 25.00 27.08 1013.7852
04444.6333 24.5000 24.5625 24.1875 25.00 27.08 1013.7852
04444.5708 24.5000 24.5625 24.1875 25.00 27.08 1013.7852
04444.3960 24.5000 24.5625 24.1875 25.00 27.08 1013.7852
04444.3457 24.5000 24.5625 24.1875 25.00 27.08 1013.7852
04444.3335 24.5000 24.5625 24.1875 25.00 27.07 1013.8041
04444.5835 24.5000 24.5625 24.1875 25.00 27.07 1013.8041
04444.3335 24.5000 24.5625 24.1875 25.00 27.07 1013.8041
04444.8584 24.5000 24.5625 24.1875 25.00 27.07 1013.8041
04444.8208 24.5000 24.5625 24.1875 25.00 27.07 1013.8041
04444.8584 24.5000 24.5625 24.1875 25.00 27.07 1013.8041
04444.1582 24.5000 24.5625 24.1875 25.00 27.07 1013.8041
04444.0957 24.5000 24.5625 24.1875 25.00 27.07 1013.8041
04444.3960 24.5000 24.5625 24.1875 25.00 27.07 1013.8041
04444.1582 24.5000 24.5625 24.1875 25.00 27.25 1013.7770
04444.1460 24.5000 24.5625 24.1875 25.00 27.25 1013.7770
04443.9209 24.5000 24.5625 24.1875 25.00 27.25 1013.7770
04444.3833 24.5000 24.5625 24.1875 25.00 27.25 1013.7770
04444.5835 24.5000 24.5625 24.1875 25.00 27.25 1013.7770
04444.3960 24.5000 24.5625 24.1875 25.00 27.25 1013.7770
04444.1084 24.5000 24.5625 24.1875 25.00 27.25 1013.7770
04444.1084 24.5000 24.5625 24.1875 25.00 27.25 1013.7770
04444.1582 24.5000 24.5625 24.1875 25.00 27.25 1013.7770
04443.9209 24.5000 24.5625 24.1875 25.00 27.25 1013.7770
04444.1333 24.5000 24.5625 24.1875 24.99 27.08 1013.7684
04444.5957 24.5000 24.5625 24.1875 24.99 27.08 1013.7684
04445.0835 24.5000 24.5625 24.1875 24.99 27.08 1013.7684
04444.5708 24.5000 24.5625 24.1875 24.99 27.08 1013.7684
04444.1582 24.5000 24.5625 24.1875 24.99 27.08 1013.7684
04444.3457 24.5000 24.5625 24.1875 24.99 27.08 1013.7684
04443.6460 24.5000 24.5625 24.1875 24.99 27.08 1013.7684
04444.0957 24.5000 24.5625 24.1875 24.99 27.08 1013.7684
04444.0957 24.5000 24.5625 24.1875 24.99 27.08 1013.7684
04443.6333 24.5000 24.5625 24.1875 24.99 27.08 1013.7684
04444.3960 24.5000 24.5625 24.1875 25.00 27.08 1013.7852
04444.6333 24.5000 24.5625 24.1875 25.00 27.08 1013.7852
04444.6333 24.5000 24.5625 24.1875 25.00 27.08 1013.7852
04444.6333 24.5000 24.5625 24.1875 25.00 27.08 1013.7852
04444.3457 24.5000 24.5625 24.1875 25.00 27.08 1013.7852
04443.8584 24.5000 24.5625 24.1875 25.00 27.08 1013.7852
04443.8706 24.5000 24.5625 24.1875 25.00 27.08 1013.7852
04443.8706 24.5000 24.5625 24.1875 25.00 27.08 1013.7852
04444.5835 24.5000 24.5625 24.1875 25.00 27.08 1013.7852
04444.6206 24.5000 24.5625 24.1875 24.99 27.09 1013.7603
04444.5957 24.5000 24.5625 24.1875 24.99 27.09 1013.7603
04443.8584 24.5000 24.5625 24.1875 24.99 27.09 1013.7603
04443.8960 24.5000 24.5625 24.1875 24.99 27.09 1013.7603
04443.6206 24.5000 24.5625 24.1875 24.99 27.09 1013.7603
04443.6831 24.5000 24.5625 24.1875 24.99 27.09 1013.7603
04444.6333 24.5000 24.5625 24.1875 24.99 27.09 1013.7603
04444.1084 24.5000 24.5625 24.1875 24.99 27.09 1013.7603
04444.1460 24.5000 24.5625 24.2500 24.99 27.09 1013.7603
04444.8584 24.5000 24.5625 24.2500 24.99 27.09 1013.7603
04444.6333 24.5000 24.5625 24.2500 24.99 27.08 1013.7955
04444.0957 24.5000 24.5625 24.2500 24.99 27.08 1013.7955
04444.1084 24.5000 24.5625 24.2500 24.99 27.08 1013.7955
04443.6333 24.5000 24.5625 24.2500 24.99 27.08 1013.7955
04470.4707 24.5000 24.5625 24.2500 24.99 27.08 1013.7955
04443.8584 24.5000 24.5625 24.2500 24.99 27.08 1013.7955
04444.3457 24.5000 24.5625 24.1875 24.99 27.08 1013.7955
04444.5835 24.5000 24.5625 24.1875 24.99 27.08 1013.7955
#terjedesi                                       nyomas  ##
#ido(usec)  T1(C)   T2(C)   T3(C)  T4(C) para(%)  (hPa)
04444.3584 24.5000 24.5625 24.1875 24.99 27.08 1013.7955
04443.9209 24.5000 24.5625 24.1875 25.00 27.07 1013.7852
04444.1084 24.5000 24.5625 24.1875 25.00 27.07 1013.7852
04443.9209 24.5000 24.5625 24.1875 25.00 27.07 1013.7852
04444.1084 24.5000 24.5625 24.1875 25.00 27.07 1013.7852
04444.8457 24.5000 24.5625 24.1875 25.00 27.07 1013.7852
04444.3335 24.5000 24.5625 24.1875 25.00 27.07 1013.7852
04444.8706 24.5000 24.5625 24.2500 25.00 27.07 1013.7852
04444.6333 24.5000 24.5625 24.2500 25.00 27.07 1013.7852
04444.3457 24.5000 24.5625 24.2500 25.00 27.07 1013.7852
04444.3960 24.5000 24.5625 24.2500 25.00 27.08 1013.8394
04444.3706 24.5000 24.5625 24.2500 25.00 27.08 1013.8394
04444.6333 24.5000 24.5625 24.2500 25.00 27.08 1013.8394
04443.9209 24.5000 24.5625 24.2500 25.00 27.08 1013.8394
04443.8960 24.5000 24.5625 24.2500 25.00 27.08 1013.8394
04444.1582 24.5000 24.5625 24.1875 25.00 27.08 1013.8394
04444.5835 24.5000 24.5625 24.1875 25.00 27.08 1013.8394
04444.5835 24.5000 24.5625 24.1875 25.00 27.08 1013.8394
04444.1582 24.5000 24.5625 24.1875 25.00 27.08 1013.8394
04444.1084 24.5000 24.5625 24.1875 25.00 27.08 1013.8394
04443.9209 24.5000 24.5625 24.1875 24.99 27.07 1013.7955
04443.8706 24.5000 24.5625 24.1875 24.99 27.07 1013.7955
04443.8706 24.5000 24.5625 24.1875 24.99 27.07 1013.7955
04444.1084 24.5000 24.5625 24.1875 24.99 27.07 1013.7955
04444.1084 24.5000 24.5625 24.1875 24.99 27.07 1013.7955
04444.8208 24.5000 24.5625 24.2500 24.99 27.07 1013.7955
04444.3833 24.5000 24.5625 24.2500 24.99 27.07 1013.7955
04443.8706 24.5000 24.5625 24.2500 24.99 27.07 1013.7955
04444.1084 24.5000 24.5625 24.2500 24.99 27.07 1013.7955
04444.0957 24.5000 24.5625 24.2500 25.00 27.09 1013.7852
04444.3584 24.5000 24.5625 24.2500 25.00 27.09 1013.7852
04443.8833 24.5000 24.5625 24.2500 25.00 27.09 1013.7852
04443.6831 24.5000 24.5625 24.2500 25.00 27.09 1013.7852
04444.1582 24.5000 24.5625 24.1875 25.00 27.09 1013.7852
04444.3584 24.5000 24.5625 24.1875 25.00 27.09 1013.7852
04444.3960 24.5000 24.5625 24.1875 25.00 27.09 1013.7852
04444.1582 24.5000 24.5625 24.1875 25.00 27.09 1013.7852
04444.1460 24.5000 24.5625 24.1875 25.00 27.09 1013.7852
04444.1084 24.5000 24.5625 24.1875 25.00 27.09 1013.7852
04444.3706 24.5000 24.5625 24.1875 24.99 27.09 1013.7955
04443.8706 24.5000 24.5625 24.1875 24.99 27.09 1013.7955
04444.3960 24.5000 24.5625 24.2500 24.99 27.09 1013.7955
04444.8457 24.5000 24.5625 24.2500 24.99 27.09 1013.7955
04444.5708 24.5000 24.5625 24.2500 24.99 27.09 1013.7955
04444.3457 24.5000 24.5625 24.2500 24.99 27.09 1013.7955
04443.8584 24.5000 24.5625 24.2500 24.99 27.09 1013.7955
04443.9209 24.5000 24.5625 24.2500 24.99 27.09 1013.7955
04444.1582 24.5000 24.5625 24.2500 24.99 27.09 1013.7955
04444.0957 24.5000 24.5625 24.2500 24.99 27.09 1013.7684
04444.1084 24.5000 24.5625 24.2500 24.99 27.09 1013.7684
04444.6084 24.5000 24.5625 24.2500 24.99 27.09 1013.7684
04444.8457 24.5000 24.5625 24.2500 24.99 27.09 1013.7684
04445.0835 24.5000 24.5625 24.2500 24.99 27.09 1013.7684
04444.6084 24.5000 24.5625 24.2500 24.99 27.09 1013.7684
04444.3457 24.5000 24.5625 24.2500 24.99 27.09 1013.7684
04444.0957 24.5000 24.5625 24.2500 24.99 27.09 1013.7684
04444.5835 24.5000 24.5625 24.2500 24.99 27.09 1013.7684
04444.6206 24.5000 24.5625 24.2500 24.99 27.09 1013.7684
04444.3960 24.5000 24.5625 24.2500 24.99 27.09 1013.8226
04444.5708 24.5000 24.5625 24.2500 24.99 27.09 1013.8226
04444.5835 24.5000 24.5625 24.2500 24.99 27.09 1013.8226
04444.1206 24.5000 24.5625 24.2500 24.99 27.09 1013.8226
04443.9209 24.5000 24.5625 24.2500 24.99 27.09 1013.8226
04444.3335 24.5000 24.5625 24.2500 24.99 27.09 1013.8226
04443.6709 24.5000 24.5625 24.2500 24.99 27.09 1013.8226
04470.2832 24.5000 24.5625 24.2500 24.99 27.09 1013.8226
04443.8706 24.5000 24.5625 24.2500 24.99 27.09 1013.8226
04444.0957 24.5000 24.5625 24.1875 24.99 27.07 1013.7684
04444.5708 24.5000 24.5625 24.1875 24.99 27.07 1013.7684
04444.5835 24.5000 24.5625 24.1875 24.99 27.07 1013.7684
04443.9209 24.5000 24.5625 24.1875 24.99 27.07 1013.7684
04444.1582 24.5000 24.5625 24.1875 24.99 27.07 1013.7684
04444.1582 24.5000 24.5625 24.1875 24.99 27.07 1013.7684
#terjedesi                                       nyomas  ##
#ido(usec)  T1(C)   T2(C)   T3(C)  T4(C) para(%)  (hPa)
04443.8706 24.5000 24.5625 24.1875 24.99 27.07 1013.7684
04444.1582 24.5000 24.5625 24.1875 24.99 27.07 1013.7684
04444.8081 24.5000 24.5625 24.2500 24.99 27.07 1013.7684
04444.5957 24.5000 24.5625 24.2500 24.99 27.08 1013.8226
04444.6206 24.5000 24.5625 24.2500 24.99 27.08 1013.8226
04443.6206 24.5000 24.5625 24.2500 24.99 27.08 1013.8226
04444.3584 24.5000 24.5625 24.2500 24.99 27.08 1013.8226
04444.8081 24.5000 24.5625 24.2500 24.99 27.08 1013.8226
04444.3457 24.5000 24.5625 24.2500 24.99 27.08 1013.8226
04444.3457 24.5000 24.5625 24.2500 24.99 27.08 1013.8226
04444.3335 24.5000 24.5625 24.2500 24.99 27.08 1013.8226
04444.1582 24.5000 24.5625 24.1875 24.99 27.08 1013.8226
04444.8081 24.5000 24.5625 24.1875 24.99 27.08 1013.8226
04444.8081 24.5000 24.5625 24.1875 24.99 27.08 1013.8226
04444.1084 24.5000 24.5625 24.1875 24.99 27.10 1013.7061
04444.1084 24.5000 24.5625 24.1875 24.99 27.10 1013.7061
04444.0957 24.5000 24.5625 24.1875 24.99 27.10 1013.7061
04443.8706 24.5000 24.5625 24.1875 24.99 27.10 1013.7061
04444.6206 24.5000 24.5625 24.1875 24.99 27.10 1013.7061
04444.5957 24.5000 24.5625 24.2500 24.99 27.10 1013.7061
04444.8584 24.5000 24.5625 24.2500 24.99 27.10 1013.7061
04444.5708 24.5000 24.5625 24.2500 24.99 27.10 1013.7061
04443.9082 24.5000 24.5625 24.2500 25.00 27.09 1013.7770
04444.3335 24.5000 24.5625 24.2500 25.00 27.09 1013.7770
04444.3457 24.5000 24.5625 24.2500 25.00 27.09 1013.7770
04444.1084 24.5000 24.5625 24.2500 25.00 27.09 1013.7770
04444.3833 24.5000 24.5625 24.2500 25.00 27.09 1013.7770
04444.0957 24.5000 24.5625 24.2500 25.00 27.09 1013.7770
04444.3960 24.5000 24.5625 24.1875 25.00 27.09 1013.7770
04444.6333 24.5000 24.5625 24.1875 25.00 27.09 1013.7770
04444.6206 24.5000 24.5625 24.1875 25.00 27.09 1013.7770
04444.1084 24.5000 24.5625 24.1875 25.00 27.09 1013.7770
04444.1084 24.5000 24.5625 24.1875 24.99 27.10 1013.7684
04444.1582 24.5000 24.5625 24.1875 24.99 27.10 1013.7684
04443.8706 24.5000 24.5625 24.1875 24.99 27.10 1013.7684
04443.9209 24.5000 24.5625 24.1875 24.99 27.10 1013.7684
04444.3960 24.5000 24.5625 24.2500 24.99 27.10 1013.7684
04444.5835 24.5000 24.5625 24.2500 24.99 27.10 1013.7684
04444.8706 24.5000 24.5625 24.2500 24.99 27.10 1013.7684
04443.8706 24.5000 24.5625 24.2500 24.99 27.10 1013.7684
04444.1582 24.5000 24.5625 24.2500 24.99 27.10 1013.7684
04444.1582 24.5000 24.5625 24.2500 24.99 27.10 1013.7684
04443.9209 24.5000 24.5625 24.2500 24.99 27.09 1013.7414
04443.8706 24.5000 24.5625 24.2500 24.99 27.09 1013.7414
04443.8706 24.5000 24.5625 24.2500 24.99 27.09 1013.7414
04444.1582 24.5000 24.5625 24.2500 24.99 27.09 1013.7414
04444.8081 24.5000 24.5625 24.2500 24.99 27.09 1013.7414
04444.5835 24.5000 24.5625 24.2500 24.99 27.09 1013.7414
04444.5835 24.5000 24.5625 24.2500 24.99 27.09 1013.7414
04444.6084 24.5000 24.5625 24.2500 24.99 27.09 1013.7414
04444.1582 24.5000 24.5625 24.2500 24.99 27.09 1013.7414
04444.1084 24.5000 24.5625 24.2500 25.02 27.07 1013.8369
04444.1582 24.5000 24.5625 24.2500 25.02 27.07 1013.8369
04444.3457 24.5000 24.5625 24.2500 25.02 27.07 1013.8369
04444.5957 24.5000 24.5625 24.2500 25.02 27.07 1013.8369
04444.5708 24.5000 24.5625 24.2500 25.02 27.07 1013.8369
04444.1582 24.5000 24.5625 24.2500 25.02 27.07 1013.8369
04443.9209 24.5000 24.5625 24.2500 25.02 27.07 1013.8369
04443.6582 24.5000 24.5625 24.2500 25.02 27.07 1013.8369
04444.1582 24.5000 24.5625 24.2500 25.02 27.07 1013.8369
04444.3335 24.5000 24.5625 24.2500 25.02 27.07 1013.8369
04444.1084 24.5000 24.5625 24.2500 24.99 27.10 1013.7684
04444.5835 24.5000 24.5625 24.1875 24.99 27.10 1013.7684
04444.3457 24.5000 24.5625 24.1875 24.99 27.10 1013.7684
04444.8208 24.5000 24.5625 24.1875 24.99 27.10 1013.7684
04444.3706 24.5000 24.5625 24.1875 24.99 27.10 1013.7684
04444.3457 24.5000 24.5625 24.1875 24.99 27.10 1013.7684
04444.6333 24.5000 24.5625 24.1875 24.99 27.10 1013.7684
04444.3457 24.5000 24.5625 24.1875 24.99 27.10 1013.7684
04444.1582 24.5000 24.5625 24.1875 24.99 27.10 1013.7684
04444.3833 24.5000 24.5625 24.2500 25.00 27.09 1013.8123
04444.8208 24.5000 24.5625 24.2500 25.00 27.09 1013.8123
04445.0835 24.5000 24.5625 24.2500 25.00 27.09 1013.8123
#terjedesi                                       nyomas  ##
#ido(usec)  T1(C)   T2(C)   T3(C)  T4(C) para(%)  (hPa)
04444.8706 24.5000 24.5625 24.2500 25.00 27.09 1013.8123
04444.3960 24.5000 24.5625 24.2500 25.00 27.09 1013.8123
04444.8706 24.5000 24.5625 24.2500 25.00 27.09 1013.8123
04444.3833 24.5000 24.5625 24.2500 25.00 27.09 1013.8123
04444.3457 24.5000 24.5625 24.2500 25.00 27.09 1013.8123
04444.1206 24.5000 24.5625 24.2500 25.00 27.09 1013.8123
04444.1084 24.5000 24.5625 24.2500 25.00 27.09 1013.8123
04444.8584 24.5000 24.5625 24.2500 25.00 27.10 1013.8041
04444.8706 24.5000 24.5625 24.2500 25.00 27.10 1013.8041
04444.3833 24.5000 24.5625 24.2500 25.00 27.10 1013.8041
04444.3457 24.5000 24.5625 24.2500 25.00 27.10 1013.8041
04444.5835 24.5000 24.5625 24.2500 25.00 27.10 1013.8041
04444.1582 24.5000 24.5625 24.2500 25.00 27.10 1013.8041
04444.3584 24.5000 24.5625 24.2500 25.00 27.10 1013.8041
04444.1582 24.5000 24.5625 24.2500 25.00 27.10 1013.8041
04444.6333 24.5000 24.5625 24.1875 25.00 27.10 1013.8041
04444.6206 24.5000 24.5625 24.1875 25.00 27.09 1013.8394
04444.8706 24.5000 24.5625 24.1875 25.00 27.09 1013.8394
04444.3335 24.5000 24.5625 24.1875 25.00 27.09 1013.8394
04444.3457 24.5000 24.5625 24.1875 25.00 27.09 1013.8394
04444.3833 24.5000 24.5625 24.1875 25.00 27.09 1013.8394
04444.1460 24.5000 24.5625 24.1875 25.00 27.09 1013.8394
04444.3335 24.5000 24.5625 24.1875 25.00 27.09 1013.8394
04444.3833 24.5000 24.5625 24.1875 25.00 27.09 1013.8394
04444.8208 24.5000 24.5625 24.1875 25.00 27.09 1013.8394
04444.5835 24.5000 24.5625 24.1875 24.99 27.09 1013.8226
04443.9082 24.5000 24.5625 24.1875 24.99 27.09 1013.8226
04444.3960 24.5000 24.5625 24.1875 24.99 27.09 1013.8226
04444.1460 24.5000 24.5625 24.1875 24.99 27.09 1013.8226
04444.1084 24.5000 24.5625 24.1875 24.99 27.09 1013.8226
04444.1333 24.5000 24.5625 24.1875 24.99 27.09 1013.8226
04444.3706 24.5000 24.5625 24.1875 24.99 27.09 1013.8226
04444.8081 24.5000 24.5625 24.1875 24.99 27.09 1013.8226
04444.5835 24.5000 24.5625 24.1875 24.99 27.09 1013.8226
04444.3960 24.5000 24.5625 24.1875 24.99 27.09 1013.8226
04444.5708 24.5000 24.5625 24.1875 24.99 27.09 1013.8226
04444.1084 24.5000 24.5625 24.1875 24.99 27.09 1013.8226
04444.1206 24.5000 24.5625 24.1875 24.99 27.09 1013.8226
04444.1084 24.5000 24.5625 24.1875 24.99 27.09 1013.8226
04444.1460 24.5000 24.5625 24.1875 24.99 27.09 1013.8226
04444.8208 24.5000 24.5625 24.2500 24.99 27.09 1013.8226
04444.5708 24.5000 24.5625 24.2500 24.99 27.09 1013.8226
04444.1333 24.5000 24.5625 24.2500 24.99 27.09 1013.8226
04444.3706 24.5000 24.5625 24.2500 24.99 27.09 1013.8226
04444.1582 24.5000 24.5625 24.2500 25.00 27.10 1013.8394
04444.3457 24.5000 24.5625 24.2500 25.00 27.10 1013.8394
04444.1084 24.5000 24.5625 24.2500 25.00 27.10 1013.8394
04443.9209 24.5000 24.5625 24.2500 25.00 27.10 1013.8394
04443.8706 24.5000 24.5625 24.2500 25.00 27.10 1013.8394
04444.3457 24.5000 24.5625 24.1875 25.00 27.10 1013.8394
04444.6333 24.5000 24.5625 24.1875 25.00 27.10 1013.8394
04444.8208 24.5000 24.5625 24.1875 25.00 27.10 1013.8394
04443.9082 24.5000 24.5625 24.1875 25.00 27.10 1013.8394
04470.2334 24.5000 24.5625 24.1875 25.00 27.10 1013.8394
04443.8706 24.5000 24.5625 24.1875 24.98 27.11 1013.7791
04443.8706 24.5000 24.5625 24.1875 24.98 27.11 1013.7791
04443.9209 24.5000 24.5625 24.1875 24.98 27.11 1013.7791
04444.8208 24.5000 24.5625 24.2500 24.98 27.11 1013.7791
04444.8081 24.5000 24.5625 24.2500 24.98 27.11 1013.7791
04444.3457 24.5000 24.5625 24.2500 24.98 27.11 1013.7791
04443.6582 24.5000 24.5625 24.2500 24.98 27.11 1013.7791
04446.0210 24.5000 24.5625 24.2500 24.98 27.11 1013.7791
04443.9209 24.5000 24.5625 24.2500 24.98 27.11 1013.7791
04444.1084 24.5000 24.5625 24.2500 25.00 27.11 1013.8041
04444.1206 24.5000 24.5625 24.2500 25.00 27.11 1013.8041
04444.1084 24.5000 24.5625 24.2500 25.00 27.11 1013.8041
04444.1084 24.5000 24.5625 24.2500 25.00 27.11 1013.8041
04444.6084 24.5000 24.5625 24.2500 25.00 27.11 1013.8041
04444.6206 24.5000 24.5625 24.2500 25.00 27.11 1013.8041
04444.1084 24.5000 24.5625 24.2500 25.00 27.11 1013.8041
04443.6831 24.5000 24.5625 24.2500 25.00 27.11 1013.8041
04444.0957 24.5000 24.5625 24.2500 25.00 27.11 1013.8041
04443.9209 24.5000 24.5625 24.2500 25.00 27.11 1013.8041
#terjedesi                                       nyomas  ##
#ido(usec)  T1(C)   T2(C)   T3(C)  T4(C) para(%)  (hPa)
04443.8833 24.5000 24.5625 24.2500 25.00 27.10 1013.8123
04444.6333 24.5000 24.5625 24.1875 25.00 27.10 1013.8123
04444.3335 24.5000 24.5625 24.1875 25.00 27.10 1013.8123
04444.5835 24.5000 24.5625 24.1875 25.00 27.10 1013.8123
04444.1582 24.5000 24.5625 24.1875 25.00 27.10 1013.8123
04444.1460 24.5000 24.5625 24.1875 25.00 27.10 1013.8123
04444.1460 24.5000 24.5625 24.1875 25.00 27.10 1013.8123
04443.8960 24.5000 24.5625 24.1875 25.00 27.10 1013.8123
04444.1582 24.5000 24.5625 24.1875 25.00 27.10 1013.8123
04443.9209 24.5000 24.5625 24.1875 25.00 27.10 1013.8123
04444.0957 24.5000 24.5625 24.2500 24.99 27.11 1013.7684
04444.6084 24.5000 24.5625 24.2500 24.99 27.11 1013.7684
04444.8081 24.5000 24.5625 24.2500 24.99 27.11 1013.7684
04444.1084 24.5000 24.5625 24.2500 24.99 27.11 1013.7684
04444.3833 24.5000 24.5625 24.2500 24.99 27.11 1013.7684
04470.2334 24.5000 24.5625 24.2500 24.99 27.11 1013.7684
04444.1333 24.5000 24.5625 24.2500 24.99 27.11 1013.7684
04443.9082 24.5000 24.5625 24.2500 24.99 27.11 1013.7684
04444.8584 24.5000 24.5625 24.2500 24.99 27.10 1013.8768
04444.8706 24.5000 24.5625 24.2500 24.99 27.10 1013.8768
04444.6333 24.5000 24.5625 24.2500 24.99 27.10 1013.8768
04444.1084 24.5000 24.5625 24.2500 24.99 27.10 1013.8768
04443.9209 24.5000 24.5625 24.2500 24.99 27.10 1013.8768
04444.3960 24.5000 24.5625 24.2500 24.99 27.10 1013.8768
04444.1582 24.5000 24.5625 24.2500 24.99 27.10 1013.8768
04444.1333 24.5000 24.5625 24.2500 24.99 27.10 1013.8768
04443.9209 24.5000 24.5625 24.2500 24.99 27.10 1013.8768
04443.8706 24.5000 24.5625 24.2500 24.99 27.10 1013.8768
04444.6206 24.5000 24.5625 24.2500 24.99 27.10 1013.8768
04444.3833 24.5000 24.5625 24.2500 25.00 27.10 1013.8041
04443.6831 24.5000 24.5625 24.2500 25.00 27.10 1013.8041
04444.3457 24.5000 24.5625 24.2500 25.00 27.10 1013.8041
04444.5957 24.5000 24.5625 24.2500 25.00 27.10 1013.8041
04444.3457 24.5000 24.5625 24.2500 25.00 27.10 1013.8041
04444.3335 24.5000 24.5625 24.2500 25.00 27.10 1013.8041
04444.5835 24.5000 24.5625 24.2500 25.00 27.10 1013.8041
04444.6333 24.5000 24.5625 24.2500 25.00 27.10 1013.8041
04444.3960 24.5000 24.5625 24.2500 25.00 27.10 1013.8041
04444.1084 24.5000 24.5625 24.2500 25.00 27.10 1013.8394
04444.3335 24.5000 24.5625 24.2500 25.00 27.10 1013.8394
04443.9209 24.5000 24.5625 24.2500 25.00 27.10 1013.8394
04444.3457 24.5000 24.5625 24.2500 25.00 27.10 1013.8394
04444.3960 24.5000 24.5625 24.2500 25.00 27.10 1013.8394
04444.1582 24.5000 24.5625 24.2500 25.00 27.10 1013.8394
04444.5835 24.5000 24.5625 24.2500 25.00 27.10 1013.8394
04444.3960 24.5000 24.5625 24.2500 25.00 27.10 1013.8394
04444.3833 24.5000 24.5625 24.2500 25.00 27.10 1013.8394
04444.3960 24.5000 24.5625 24.2500 25.00 27.10 1013.8394
04444.3457 24.5000 24.5625 24.2500 25.00 27.10 1013.8394
04444.3335 24.5000 24.5625 24.2500 25.00 27.10 1013.8394
04443.9209 24.5000 24.5625 24.2500 25.00 27.10 1013.8394
04444.5708 24.5000 24.5625 24.2500 25.00 27.10 1013.8394
04444.3706 24.5000 24.5625 24.2500 25.00 27.10 1013.8394
04444.8706 24.5000 24.5625 24.2500 25.00 27.10 1013.8394
04444.8457 24.5000 24.5625 24.2500 25.00 27.10 1013.8394
04444.1333 24.5000 24.5625 24.2500 25.00 27.10 1013.8394
04444.3960 24.5000 24.5625 24.2500 25.00 27.10 1013.8394
04444.1084 24.5000 24.5625 24.2500 24.98 27.10 1013.8063
04443.9209 24.5000 24.5625 24.2500 24.98 27.10 1013.8063
04444.3457 24.5000 24.5625 24.2500 24.98 27.10 1013.8063
04443.8584 24.5000 24.5625 24.2500 24.98 27.10 1013.8063
04443.9209 24.5000 24.5625 24.2500 24.98 27.10 1013.8063
04444.3960 24.5000 24.5625 24.2500 24.98 27.10 1013.8063
04444.3706 24.5000 24.5625 24.2500 24.98 27.10 1013.8063
04443.9082 24.5000 24.5625 24.2500 24.98 27.10 1013.8063
04443.9209 24.5000 24.5625 24.2500 24.98 27.10 1013.8063
04443.9209 24.5000 24.5625 24.2500 25.00 27.11 1013.7770
04443.8706 24.5000 24.5625 24.2500 25.00 27.11 1013.7770
04444.0957 24.5000 24.5625 24.2500 25.00 27.11 1013.7770
04444.1460 24.5000 24.5625 24.2500 25.00 27.11 1013.7770
04445.0708 24.5000 24.5625 24.2500 25.00 27.11 1013.7770
04444.8081 24.5000 24.5625 24.2500 25.00 27.11 1013.7770
04444.5835 24.5000 24.5625 24.2500 25.00 27.11 1013.7770
#terjedesi                                       nyomas  ##
#ido(usec)  T1(C)   T2(C)   T3(C)  T4(C) para(%)  (hPa)
04444.1582 24.5000 24.5625 24.2500 25.00 27.11 1013.7770
04444.1084 24.5000 24.5625 24.2500 25.00 27.11 1013.7770
04444.3833 24.5000 24.5625 24.2500 25.00 27.11 1013.7770
04444.1206 24.5000 24.5625 24.2500 24.98 27.11 1013.7521
04444.3960 24.5000 24.5625 24.2500 24.98 27.11 1013.7521
04444.0957 24.5000 24.5625 24.2500 24.98 27.11 1013.7521
04444.6084 24.5000 24.5625 24.2500 24.98 27.11 1013.7521
04444.8706 24.5000 24.5625 24.2500 24.98 27.11 1013.7521
04444.1084 24.5000 24.5625 24.2500 24.98 27.11 1013.7521
04443.9082 24.5000 24.5625 24.2500 24.98 27.11 1013.7521
04444.1582 24.5000 24.5625 24.2500 24.98 27.11 1013.7521
04444.0957 24.5000 24.5625 24.2500 24.98 27.11 1013.7521
04443.9209 24.5000 24.5625 24.2500 24.99 27.10 1013.8768
04443.9209 24.5000 24.5625 24.2500 24.99 27.10 1013.8768
04444.3584 24.5000 24.5625 24.2500 24.99 27.10 1013.8768
04444.6333 24.5000 24.5625 24.2500 24.99 27.10 1013.8768
04444.3457 24.5000 24.5625 24.2500 24.99 27.10 1013.8768
04443.8584 24.5000 24.5625 24.2500 24.99 27.10 1013.8768
04470.4707 24.5000 24.5625 24.2500 24.99 27.10 1013.8768
04443.6333 24.5000 24.5625 24.2500 24.99 27.10 1013.8768
04443.9209 24.5000 24.5625 24.2500 24.99 27.10 1013.8768
04443.8706 24.5000 24.5625 24.2500 24.99 27.10 1013.8768
04444.1084 24.5000 24.5625 24.2500 25.00 27.11 1013.7770
04444.6206 24.5000 24.5625 24.2500 25.00 27.11 1013.7770
04444.8208 24.5000 24.5625 24.2500 25.00 27.11 1013.7770
04444.1333 24.5000 24.5625 24.2500 25.00 27.11 1013.7770
04443.9209 24.5000 24.5625 24.2500 25.00 27.11 1013.7770
04444.3960 24.5000 24.5625 24.2500 25.00 27.11 1013.7770
04444.1084 24.5000 24.5625 24.2500 25.00 27.11 1013.7770
04443.6831 24.5000 24.5625 24.2500 25.00 27.11 1013.7770
04443.4458 24.5000 24.5625 24.2500 25.00 27.11 1013.7770
04443.9209 24.5000 24.5625 24.2500 24.99 27.11 1013.8768
04444.1460 24.5000 24.5625 24.2500 24.99 27.11 1013.8768