#terjedesi                      #terjedesi                      #terjedesi                      #terjedesi                      #terjedesi                      #terjedesi                      #terjedesi                      #terjedesi                      #terjedesi                      #terjedesi                      #terjedesi                      #terjedesi                      #terjedesi                      #terjedesi                      #terjedesi                      #terjedesi                      #terjedesi                      #terjedesi                      #terjedesi                      #terjedesi                      #terjedesi                      #terjedesi                      #terjedesi                      #terjedesi                      #terjedesi                      #terjedesi                      #terjedesi                      #terjedesi                      #terjedesi                      #terjedesi                      #terjedesi                      #terjedesi                      #terjedesi                      #terjedesi                      #terjedesi                      #terjedesi                      #terjedesi                      #terjedesi                      #terjedesi                      #terjedesi                      #terjedesi                      #terjedesi                      #terjedesi                      #terjedesi                      #terjedesi                      #terjedesi                      #terjedesi                      #terjedesi                      #terjedesi                      #terjedesi                      #terjedesi                      #terjedesi                      #terjedesi                      #terjedesi                      #terjedesi                                       nyomas  ##
#ido(usec)  T1(C)   T2(C)   T3(C)  T4(C) para(%)  (hPa)
05936.8081 24.6875 24.7500 24.4375 25.22 26.76 1013.7329
05911.1958 24.6875 24.7500 24.4375 25.22 26.76 1013.7329
05936.8335 24.6875 24.7500 24.4375 25.22 26.76 1013.7329
05961.1333 24.6875 24.7500 24.4375 25.22 26.76 1013.7329
05937.1460 24.6875 24.7500 24.4375 25.22 26.76 1013.7329
05961.0708 24.6875 24.7500 24.4375 25.22 26.76 1013.7329
05937.0835 24.6875 24.7500 24.4375 25.23 26.76 1013.7682
05961.3081 24.6875 24.8125 24.4375 25.23 26.76 1013.7682
05961.7832 24.6875 24.8125 24.4375 25.23 26.76 1013.7682
05911.4209 24.6875 24.8125 24.4375 25.23 26.76 1013.7682
05911.1958 24.6875 24.8125 24.4375 25.23 26.76 1013.7682
05937.1582 24.6875 24.8125 24.4375 25.23 26.76 1013.7682
05961.0708 24.6875 24.8125 24.4375 25.23 26.76 1013.7682
05961.3081 24.6875 24.8125 24.4375 25.23 26.76 1013.7682
05961.0332 24.6875 24.8125 24.4375 25.23 26.76 1013.7682
05961.3833 24.6875 24.8125 24.4375 25.23 26.76 1013.7682
05985.7710 24.6875 24.7500 24.4375 25.22 26.75 1013.7600
05935.2583 24.6875 24.7500 24.4375 25.22 26.75 1013.7600
05961.0459 24.6875 24.7500 24.4375 25.22 26.75 1013.7600
05937.1582 24.6875 24.7500 24.4375 25.22 26.75 1013.7600
05936.9082 24.6875 24.7500 24.4375 25.22 26.75 1013.7600
05936.9209 24.6875 24.7500 24.4375 25.22 26.75 1013.7600
05886.0210 24.6875 24.7500 24.4375 25.22 26.75 1013.7600
05961.0459 24.6875 24.7500 24.4375 25.22 26.75 1013.7600
05910.5581 24.6875 24.7500 24.4375 25.22 26.75 1013.7600
05961.3706 24.6875 24.7500 24.4375 25.23 26.74 1013.7682
05936.6084 24.6875 24.7500 24.4375 25.23 26.74 1013.7682
05936.9082 24.6875 24.7500 24.4375 25.23 26.74 1013.7682
05961.1333 24.6875 24.7500 24.4375 25.23 26.74 1013.7682
05961.0581 24.6875 24.7500 24.4375 25.23 26.74 1013.7682
05936.8208 24.6875 24.7500 24.4375 25.23 26.74 1013.7682
05936.9458 24.6875 24.7500 24.4375 25.23 26.74 1013.7682
05961.7832 24.6875 24.7500 24.4375 25.23 26.74 1013.7682
05961.6206 24.6875 24.7500 24.4375 25.23 26.74 1013.7682
05912.3584 24.6875 24.7500 24.4375 25.23 26.74 1013.7682
05937.1582 24.6875 24.7500 24.4375 25.23 26.72 1013.7682
05936.4331 24.6875 24.7500 24.4375 25.23 26.72 1013.7682
05937.1582 24.6875 24.7500 24.4375 25.23 26.72 1013.7682
05936.8457 24.6875 24.7500 24.4375 25.23 26.72 1013.7682
05937.0581 24.6875 24.7500 24.4375 25.23 26.72 1013.7682
05961.3833 24.6875 24.7500 24.4375 25.23 26.72 1013.7682
05961.3081 24.6875 24.7500 24.4375 25.23 26.72 1013.7682
05937.1460 24.6875 24.7500 24.4375 25.23 26.72 1013.7682
05937.0581 24.6875 24.7500 24.4375 25.23 26.72 1013.7682
05937.1460 24.6875 24.7500 24.4375 25.22 26.73 1013.7788
05960.9082 24.6875 24.7500 24.4375 25.22 26.73 1013.7788
05936.9082 24.6875 24.7500 24.4375 25.22 26.73 1013.7788
05936.9209 24.6875 24.7500 24.4375 25.22 26.73 1013.7788
05911.4209 24.6250 24.7500 24.4375 25.22 26.73 1013.7788
05935.2583 24.6250 24.7500 24.4375 25.22 26.73 1013.7788
05961.6084 24.6250 24.7500 24.4375 25.22 26.73 1013.7788
05937.0581 24.6250 24.7500 24.4375 25.22 26.73 1013.7788
05912.6958 24.6250 24.7500 24.4375 25.22 26.73 1013.7788
05937.1582 24.6250 24.7500 24.4375 25.22 26.73 1013.7518
05936.8208 24.6250 24.7500 24.4375 25.22 26.73 1013.7518
05937.0835 24.6875 24.7500 24.4375 25.22 26.73 1013.7518
05961.3081 24.6875 24.7500 24.4375 25.22 26.73 1013.7518
05961.3706 24.6875 24.7500 24.4375 25.22 26.73 1013.7518
05937.0835 24.6875 24.7500 24.4375 25.22 26.73 1013.7518
05936.8208 24.6875 24.7500 24.4375 25.22 26.73 1013.7518
05936.6831 24.6875 24.7500 24.4375 25.22 26.73 1013.7518
05937.0835 24.6875 24.7500 24.4375 25.22 26.73 1013.7518
05936.8457 24.6875 24.7500 24.4375 25.22 26.73 1013.7518
05936.9082 24.6875 24.7500 24.4375 25.22 26.72 1013.7600
05961.3833 24.6250 24.8125 24.4375 25.22 26.72 1013.7600
05961.3833 24.6250 24.8125 24.4375 25.22 26.72 1013.7600
05910.5459 24.6250 24.8125 24.4375 25.22 26.72 1013.7600
05910.7959 24.6250 24.8125 24.4375 25.22 26.72 1013.7600
05937.1460 24.6250 24.8125 24.4375 25.22 26.72 1013.7600
05937.0581 24.6250 24.8125 24.4375 25.22 26.72 1013.7600
05936.6831 24.6250 24.8125 24.4375 25.22 26.72 1013.7600
05936.6084 24.6875 24.7500 24.5000 25.22 26.72 1013.7600
05961.7456 24.6875 24.7500 24.5000 25.23 26.72 1013.7140
#terjedesi                                       nyomas  ##
#ido(usec)  T1(C)   T2(C)   T3(C)  T4(C) para(%)  (hPa)
05961.2710 24.6875 24.7500 24.5000 25.23 26.72 1013.7140
05930.3833 24.6875 24.7500 24.5000 25.23 26.72 1013.7140
05936.8457 24.6875 24.7500 24.5000 25.23 26.72 1013.7140
05936.9209 24.6875 24.7500 24.5000 25.23 26.72 1013.7140
05936.3584 24.6875 24.7500 24.5000 25.23 26.72 1013.7140
05937.0708 24.6875 24.7500 24.5000 25.23 26.72 1013.7140
05936.4458 24.6875 24.7500 24.5000 25.23 26.72 1013.7140
05936.9209 24.6250 24.7500 24.4375 25.23 26.72 1013.7140
05937.2832 24.6250 24.7500 24.4375 25.23 26.72 1013.7140
05936.9209 24.6250 24.7500 24.4375 25.22 26.71 1013.7600
05936.8457 24.6250 24.7500 24.4375 25.22 26.71 1013.7600
05912.9209 24.6250 24.7500 24.4375 25.22 26.71 1013.7600
05912.8335 24.6250 24.7500 24.4375 25.22 26.71 1013.7600
05912.4585 24.6250 24.7500 24.4375 25.22 26.71 1013.7600
05961.0708 24.6875 24.7500 24.4375 25.22 26.71 1013.7600
05961.6206 24.6875 24.7500 24.4375 25.22 26.71 1013.7600
05961.5459 24.6875 24.7500 24.4375 25.22 26.71 1013.7600
05936.9209 24.6875 24.7500 24.4375 25.22 26.71 1013.7600
05937.1582 24.6875 24.7500 24.4375 25.22 26.72 1013.8059
05961.0708 24.6875 24.7500 24.4375 25.22 26.72 1013.8059
05912.8584 24.6875 24.7500 24.4375 25.22 26.72 1013.8059
05936.6831 24.6875 24.7500 24.4375 25.22 26.72 1013.8059
05936.6084 24.6875 24.7500 24.4375 25.22 26.72 1013.8059
05961.3833 24.6875 24.8125 24.4375 25.22 26.72 1013.8059
05961.3833 24.6875 24.8125 24.4375 25.22 26.72 1013.8059
05936.9209 24.6875 24.8125 24.4375 25.22 26.72 1013.8059
05936.8208 24.6875 24.8125 24.4375 25.22 26.72 1013.8059
05936.9209 24.6875 24.8125 24.4375 25.22 26.71 1013.7600
05912.9331 24.6875 24.8125 24.4375 25.22 26.71 1013.7600
05885.2959 24.6875 24.8125 24.4375 25.22 26.71 1013.7600
05912.8335 24.6875 24.7500 24.4375 25.22 26.71 1013.7600
05961.5332 24.6875 24.7500 24.4375 25.22 26.71 1013.7600
05937.1460 24.6875 24.7500 24.4375 25.22 26.71 1013.7600
05912.9331 24.6875 24.7500 24.4375 25.22 26.71 1013.7600
05936.5708 24.6875 24.7500 24.4375 25.22 26.71 1013.7600
05936.9209 24.6875 24.7500 24.4375 25.22 26.71 1013.7600
05912.8457 24.6875 24.7500 24.4375 25.22 26.71 1013.7600
05936.4458 24.6875 24.7500 24.4375 25.22 26.74 1013.7788
05912.8335 24.6875 24.7500 24.4375 25.22 26.74 1013.7788
05961.0708 24.6875 24.7500 24.4375 25.22 26.74 1013.7788
05961.6206 24.6875 24.7500 24.4375 25.22 26.74 1013.7788
05936.9209 24.6875 24.7500 24.4375 25.22 26.74 1013.7788
05936.6831 24.6875 24.7500 24.4375 25.22 26.74 1013.7788
05912.5957 24.6875 24.7500 24.4375 25.22 26.74 1013.7788
05961.3081 24.6875 24.7500 24.4375 25.22 26.74 1013.7788
05936.4331 24.6875 24.7500 24.4375 25.22 26.74 1013.7788
05936.8457 24.6250 24.7500 24.4375 25.22 26.74 1013.7600
05937.0835 24.6250 24.7500 24.4375 25.22 26.74 1013.7600
05936.9082 24.6250 24.7500 24.4375 25.22 26.74 1013.7600
05936.5835 24.6250 24.7500 24.4375 25.22 26.74 1013.7600
05936.6709 24.6250 24.7500 24.4375 25.22 26.74 1013.7600
05912.8584 24.6250 24.7500 24.4375 25.22 26.74 1013.7600
05937.0835 24.6250 24.7500 24.4375 25.22 26.74 1013.7600
05937.0835 24.6250 24.7500 24.4375 25.22 26.74 1013.7600
05936.8335 24.6250 24.7500 24.4375 25.22 26.74 1013.7600
05910.5581 24.6875 24.8125 24.4375 25.22 26.74 1013.7600
05961.0581 24.6875 24.8125 24.4375 25.22 26.73 1013.7600
05937.0835 24.6875 24.8125 24.4375 25.22 26.73 1013.7600
05936.6831 24.6875 24.8125 24.4375 25.22 26.73 1013.7600
05936.3706 24.6875 24.8125 24.4375 25.22 26.73 1013.7600
05936.9209 24.6875 24.8125 24.4375 25.22 26.73 1013.7600
05912.5835 24.6875 24.8125 24.4375 25.22 26.73 1013.7600
05912.8457 24.6250 24.7500 24.4375 25.22 26.73 1013.7600
05937.1460 24.6250 24.7500 24.4375 25.22 26.73 1013.7600
05961.0708 24.6250 24.7500 24.4375 25.22 26.73 1013.7600
05936.5835 24.6250 24.7500 24.4375 25.23 26.73 1013.7411
05936.6084 24.6250 24.7500 24.4375 25.23 26.73 1013.7411
05961.1333 24.6250 24.7500 24.4375 25.23 26.73 1013.7411
05936.8208 24.6250 24.7500 24.4375 25.23 26.73 1013.7411
05886.3208 24.6250 24.7500 24.4375 25.23 26.73 1013.7411
05936.9209 24.6250 24.7500 24.4375 25.23 26.73 1013.7411
05911.4082 24.6875 24.7500 24.4375 25.23 26.73 1013.7411
05936.9209 24.6875 24.7500 24.4375 25.23 26.73 1013.7411
#terjedesi                                       nyomas  ##
#ido(usec)  T1(C)   T2(C)   T3(C)  T4(C) para(%)  (hPa)
05936.5835 24.6875 24.7500 24.4375 25.23 26.73 1013.7411
05936.6084 24.6875 24.7500 24.4375 25.22 26.74 1013.7518
05912.3833 24.6875 24.7500 24.4375 25.22 26.74 1013.7518
05936.8457 24.6875 24.7500 24.4375 25.22 26.74 1013.7518
05936.6084 24.6875 24.7500 24.4375 25.22 26.74 1013.7518
05912.6958 24.6250 24.7500 24.4375 25.22 26.74 1013.7518
05937.1582 24.6250 24.7500 24.4375 25.22 26.74 1013.7518
05961.3833 24.6250 24.7500 24.4375 25.22 26.74 1013.7518
05912.6206 24.6250 24.7500 24.4375 25.22 26.74 1013.7518
05936.8457 24.6250 24.7500 24.4375 25.22 26.74 1013.7518
05937.3833 24.6250 24.7500 24.4375 25.22 26.74 1013.7518
05961.0332 24.6250 24.7500 24.4375 25.22 26.73 1013.8059
05937.0708 24.6250 24.7500 24.4375 25.22 26.73 1013.8059
05937.0835 24.6250 24.7500 24.4375 25.22 26.73 1013.8059
05961.3833 24.6875 24.8125 24.4375 25.22 26.73 1013.8059
05961.3706 24.6875 24.8125 24.4375 25.22 26.73 1013.8059
05937.1582 24.6875 24.8125 24.4375 25.22 26.73 1013.8059
05936.9209 24.6875 24.8125 24.4375 25.22 26.73 1013.8059
05936.9209 24.6875 24.8125 24.4375 25.22 26.73 1013.8059
05936.6084 24.6875 24.8125 24.4375 25.22 26.73 1013.8059
05937.0708 24.6875 24.8125 24.4375 25.22 26.72 1013.6976
05936.8335 24.6250 24.7500 24.4375 25.22 26.72 1013.6976
05961.3833 24.6250 24.7500 24.4375 25.22 26.72 1013.6976
05961.3706 24.6250 24.7500 24.4375 25.22 26.72 1013.6976
05936.8457 24.6250 24.7500 24.4375 25.22 26.72 1013.6976
05961.3081 24.6250 24.7500 24.4375 25.22 26.72 1013.6976
05937.1582 24.6250 24.7500 24.4375 25.22 26.72 1013.6976
05936.8457 24.6250 24.7500 24.4375 25.22 26.72 1013.6976
05936.9082 24.6250 24.7500 24.4375 25.22 26.72 1013.6976
05961.3081 24.6250 24.7500 24.4375 25.22 26.72 1013.6976
05935.0083 24.6250 24.8125 24.4375 25.21 26.73 1013.7436
05961.3833 24.6250 24.8125 24.4375 25.21 26.73 1013.7436
05961.1460 24.6250 24.8125 24.4375 25.21 26.73 1013.7436
05936.8208 24.6250 24.8125 24.4375 25.21 26.73 1013.7436
05961.0459 24.6250 24.8125 24.4375 25.21 26.73 1013.7436
05937.1582 24.6250 24.8125 24.4375 25.21 26.73 1013.7436
05937.0581 24.6250 24.8125 24.4375 25.21 26.73 1013.7436
05912.1460 24.6875 24.7500 24.4375 25.21 26.73 1013.7436
05961.5459 24.6875 24.7500 24.4375 25.21 26.73 1013.7436
05961.6206 24.6875 24.7500 24.4375 25.22 26.74 1013.7247
05961.0708 24.6875 24.7500 24.4375 25.22 26.74 1013.7247
05936.9082 24.6875 24.7500 24.4375 25.22 26.74 1013.7247
05936.8457 24.6875 24.7500 24.4375 25.22 26.74 1013.7247
05961.0332 24.6875 24.7500 24.4375 25.22 26.74 1013.7247
05937.0835 24.6875 24.7500 24.4375 25.22 26.74 1013.7247
05912.8335 24.6875 24.7500 24.4375 25.22 26.74 1013.7247
05961.6206 24.6875 24.8125 24.5000 25.22 26.74 1013.7247
05961.5459 24.6875 24.8125 24.5000 25.22 26.74 1013.7247
05961.3081 24.6875 24.8125 24.5000 25.22 26.72 1013.7600
05936.9209 24.6875 24.8125 24.5000 25.22 26.72 1013.7600
05961.1460 24.6875 24.8125 24.5000 25.22 26.72 1013.7600
05961.1333 24.6875 24.8125 24.5000 25.22 26.72 1013.7600
05961.1460 24.6875 24.8125 24.5000 25.22 26.72 1013.7600
05961.1333 24.6875 24.7500 24.4375 25.22 26.72 1013.7600
05910.9585 24.6875 24.7500 24.4375 25.22 26.72 1013.7600
05985.7710 24.6875 24.7500 24.4375 25.22 26.72 1013.7600
05936.9209 24.6875 24.7500 24.4375 25.22 26.72 1013.7600
05961.5210 24.6875 24.7500 24.4375 25.22 26.72 1013.7600
05937.1582 24.6875 24.7500 24.4375 25.22 26.74 1013.7600
05936.8335 24.6875 24.7500 24.4375 25.22 26.74 1013.7600
05936.8335 24.6875 24.7500 24.4375 25.22 26.74 1013.7600
05937.0835 24.6875 24.7500 24.4375 25.22 26.74 1013.7600
05961.3833 24.6250 24.7500 24.4375 25.22 26.74 1013.7600
05937.1582 24.6250 24.7500 24.4375 25.22 26.74 1013.7600
05936.5835 24.6250 24.7500 24.4375 25.22 26.74 1013.7600
05912.3584 24.6250 24.7500 24.4375 25.22 26.74 1013.7600
05912.6084 24.6250 24.7500 24.4375 25.23 26.74 1013.8223
05937.1582 24.6250 24.7500 24.4375 25.23 26.74 1013.8223
05936.6084 24.6250 24.7500 24.4375 25.23 26.74 1013.8223
05937.0459 24.6250 24.7500 24.4375 25.23 26.74 1013.8223
05961.5459 24.6250 24.7500 24.4375 25.23 26.74 1013.8223
05961.2832 24.6250 24.7500 24.4375 25.23 26.74 1013.8223
05937.0835 24.6250 24.7500 24.4375 25.23 26.74 1013.8223
#terjedesi                                       nyomas  ##
#ido(usec)  T1(C)   T2(C)   T3(C)  T4(C) para(%)  (hPa)
05936.8584 24.6250 24.7500 24.4375 25.23 26.74 1013.8223
05932.0581 24.6250 24.7500 24.4375 25.23 26.74 1013.8223
05936.5708 24.6250 24.7500 24.4375 25.23 26.74 1013.8223
05961.0708 24.6250 24.7500 24.4375 25.23 26.74 1013.8223
05937.1582 24.6250 24.7500 24.4375 25.22 26.75 1013.7600
05960.9082 24.6250 24.7500 24.4375 25.22 26.75 1013.7600
05961.1460 24.6250 24.7500 24.4375 25.22 26.75 1013.7600
05912.6206 24.6250 24.7500 24.4375 25.22 26.75 1013.7600
05961.1460 24.6250 24.7500 24.4375 25.22 26.75 1013.7600
05936.9209 24.6250 24.7500 24.4375 25.22 26.75 1013.7600
05936.6084 24.6250 24.7500 24.4375 25.22 26.75 1013.7600
05936.6084 24.6250 24.7500 24.4375 25.22 26.75 1013.7600
05937.0459 24.6875 24.7500 24.4375 25.22 26.75 1013.7600
05961.0459 24.6875 24.7500 24.4375 25.23 26.78 1013.7411
05937.0581 24.6875 24.7500 24.4375 25.23 26.78 1013.7411
05937.1460 24.6875 24.7500 24.4375 25.23 26.78 1013.7411
05912.3584 24.6875 24.7500 24.4375 25.23 26.78 1013.7411
05912.3833 24.6875 24.7500 24.4375 25.23 26.78 1013.7411
05936.8457 24.6875 24.7500 24.4375 25.23 26.78 1013.7411
05936.6831 24.6875 24.7500 24.4375 25.23 26.78 1013.7411
05936.6709 24.6875 24.7500 24.4375 25.23 26.78 1013.7411
05961.3081 24.6875 24.7500 24.5000 25.23 26.78 1013.7411
05961.5332 24.6875 24.7500 24.5000 25.23 26.76 1013.7411
05936.5835 24.6875 24.7500 24.5000 25.23 26.76 1013.7411
05937.0835 24.6875 24.7500 24.5000 25.23 26.76 1013.7411
05936.6831 24.6875 24.7500 24.5000 25.23 26.76 1013.7411
05937.0835 24.6875 24.7500 24.5000 25.23 26.76 1013.7411
05937.1460 24.6875 24.7500 24.5000 25.23 26.76 1013.7411
05961.0708 24.6875 24.8125 24.4375 25.23 26.76 1013.7411
05960.8960 24.6875 24.8125 24.4375 25.23 26.76 1013.7411
05961.0332 24.6875 24.8125 24.4375 25.23 26.76 1013.7411
05936.9209 24.6875 24.8125 24.4375 25.23 26.76 1013.7411
05912.8584 24.6875 24.8125 24.4375 25.23 26.77 1013.7952
05912.5957 24.6875 24.8125 24.4375 25.23 26.77 1013.7952
05937.1460 24.6875 24.8125 24.4375 25.23 26.77 1013.7952
05960.8335 24.6875 24.8125 24.4375 25.23 26.77 1013.7952
05937.0835 24.6875 24.8125 24.4375 25.23 26.77 1013.7952
05911.4209 24.6875 24.7500 24.4375 25.23 26.77 1013.7952
05961.3081 24.6875 24.7500 24.4375 25.23 26.77 1013.7952
05936.8335 24.6875 24.7500 24.4375 25.23 26.77 1013.7952
05937.1582 24.6875 24.7500 24.4375 25.23 26.77 1013.7952
05936.8457 24.6875 24.7500 24.4375 25.22 26.77 1013.7247
05936.8335 24.6875 24.7500 24.4375 25.22 26.77 1013.7247
05961.6084 24.6875 24.7500 24.4375 25.22 26.77 1013.7247
05937.0459 24.6875 24.7500 24.4375 25.22 26.77 1013.7247
05961.6206 24.6875 24.7500 24.4375 25.22 26.77 1013.7247
05910.9585 24.6875 24.7500 24.4375 25.22 26.77 1013.7247
05936.6831 24.6875 24.7500 24.4375 25.22 26.77 1013.7247
05912.4458 24.6875 24.7500 24.4375 25.22 26.77 1013.7247
05937.0835 24.6875 24.7500 24.4375 25.22 26.77 1013.7247
05936.8208 24.6875 24.7500 24.4375 25.22 26.77 1013.7247
05936.9082 24.6875 24.7500 24.4375 25.22 26.78 1013.7600
05936.9209 24.6875 24.7500 24.4375 25.22 26.78 1013.7600
05961.3833 24.6250 24.7500 24.4375 25.22 26.78 1013.7600
05961.6206 24.6250 24.7500 24.4375 25.22 26.78 1013.7600
05936.8335 24.6250 24.7500 24.4375 25.22 26.78 1013.7600
05912.6958 24.6250 24.7500 24.4375 25.22 26.78 1013.7600
05961.2959 24.6250 24.7500 24.4375 25.22 26.78 1013.7600
05937.0835 24.6250 24.7500 24.4375 25.22 26.78 1013.7600
05936.8457 24.6250 24.7500 24.4375 25.22 26.76 1013.7247
05937.1460 24.6250 24.7500 24.4375 25.22 26.76 1013.7247
05911.0332 24.6250 24.7500 24.4375 25.22 26.76 1013.7247
05961.7456 24.6250 24.7500 24.4375 25.22 26.76 1013.7247
05937.1582 24.6250 24.7500 24.4375 25.22 26.76 1013.7247
05936.9082 24.6250 24.7500 24.4375 25.22 26.76 1013.7247
05936.8457 24.6250 24.7500 24.4375 25.22 26.76 1013.7247
05937.1460 24.6250 24.7500 24.4375 25.22 26.76 1013.7247
05936.9082 24.6250 24.7500 24.4375 25.22 26.76 1013.7247
05912.6958 24.6250 24.7500 24.4375 25.22 26.76 1013.7247
05937.0835 24.6875 24.8125 24.4375 25.23 26.79 1013.7682
05935.0210 24.6875 24.8125 24.4375 25.23 26.79 1013.7682
05961.0708 24.6875 24.8125 24.4375 25.23 26.79 1013.7682
05961.1460 24.6875 24.8125 24.4375 25.23 26.79 1013.7682
#terjedesi                                       nyomas  ##
#ido(usec)  T1(C)   T2(C)   T3(C)  T4(C) para(%)  (hPa)
05961.0332 24.6875 24.8125 24.4375 25.23 26.79 1013.7682
05937.1582 24.6875 24.8125 24.4375 25.23 26.79 1013.7682
05936.8457 24.6875 24.8125 24.4375 25.23 26.79 1013.7682
05937.2959 24.6875 24.7500 24.4375 25.23 26.79 1013.7682
05961.2959 24.6875 24.7500 24.4375 25.23 26.79 1013.7682
05961.5459 24.6875 24.7500 24.4375 25.22 26.80 1013.7058
05961.0581 24.6875 24.7500 24.4375 25.22 26.80 1013.7058
05913.0581 24.6875 24.7500 24.4375 25.22 26.80 1013.7058
05936.8457 24.6875 24.7500 24.4375 25.22 26.80 1013.7058
05936.6709 24.6875 24.7500 24.4375 25.22 26.80 1013.7058
05961.3081 24.6875 24.7500 24.4375 25.22 26.80 1013.7058
05961.3081 24.6875 24.7500 24.4375 25.22 26.80 1013.7058
05910.8208 24.6875 24.8125 24.4375 25.22 26.80 1013.7058
05937.3960 24.6875 24.8125 24.4375 25.22 26.80 1013.7058
05912.5957 24.6875 24.8125 24.4375 25.22 26.80 1013.7058
05912.6831 24.6875 24.8125 24.4375 25.22 26.80 1013.7518
05936.9209 24.6875 24.8125 24.4375 25.22 26.80 1013.7518
05936.8457 24.6875 24.8125 24.4375 25.22 26.80 1013.7518
05961.0708 24.6875 24.8125 24.4375 25.22 26.80 1013.7518
05936.8335 24.6875 24.8125 24.4375 25.22 26.80 1013.7518
05958.9331 24.6875 24.8125 24.4375 25.22 26.80 1013.7518
05935.1582 24.6875 24.8125 24.4375 25.22 26.80 1013.7518
05961.1460 24.6875 24.8125 24.4375 25.22 26.80 1013.7518
05936.9082 24.6875 24.8125 24.4375 25.22 26.80 1013.7518
05936.3706 24.6875 24.8125 24.4375 25.23 26.85 1013.7682
05961.0708 24.6875 24.8125 24.4375 25.23 26.85 1013.7682
05936.8457 24.6875 24.8125 24.4375 25.23 26.85 1013.7682
05936.9082 24.6875 24.8125 24.4375 25.23 26.85 1013.7682
05936.9209 24.6875 24.7500 24.4375 25.23 26.85 1013.7682
05961.1333 24.6875 24.7500 24.4375 25.23 26.85 1013.7682
05936.9209 24.6875 24.7500 24.4375 25.23 26.85 1013.7682
05912.3457 24.6875 24.7500 24.4375 25.23 26.85 1013.7682
05936.8208 24.6875 24.7500 24.4375 25.23 26.85 1013.7682
05936.8208 24.6875 24.7500 24.4375 25.22 26.88 1013.7518
05937.1460 24.6875 24.7500 24.4375 25.22 26.88 1013.7518
05937.0835 24.6250 24.7500 24.4375 25.22 26.88 1013.7518
05961.3833 24.6250 24.7500 24.4375 25.22 26.88 1013.7518
05961.3833 24.6250 24.7500 24.4375 25.22 26.88 1013.7518
05912.9331 24.6250 24.7500 24.4375 25.22 26.88 1013.7518
05936.8081 24.6250 24.7500 24.4375 25.22 26.88 1013.7518
05912.8335 24.6250 24.7500 24.4375 25.22 26.88 1013.7518
05937.0835 24.6250 24.7500 24.4375 25.22 26.88 1013.7518
05937.3208 24.6250 24.7500 24.4375 25.22 26.88 1013.7518
05936.6084 24.6250 24.7500 24.4375 25.23 26.93 1013.7766
05961.3081 24.6875 24.8125 24.4375 25.23 26.93 1013.7766
05961.0581 24.6875 24.8125 24.4375 25.23 26.93 1013.7766
05912.6206 24.6875 24.8125 24.4375 25.23 26.93 1013.7766
05912.6206 24.6875 24.8125 24.4375 25.23 26.93 1013.7766
05936.8335 24.6875 24.8125 24.4375 25.23 26.93 1013.7766
05936.9209 24.6875 24.8125 24.4375 25.23 26.93 1013.7766
05936.9209 24.6875 24.8125 24.4375 25.23 26.93 1013.7766
05936.8457 24.6875 24.7500 24.4375 25.23 26.93 1013.7766
05961.1460 24.6875 24.7500 24.4375 25.24 26.94 1013.7307
05961.3081 24.6875 24.7500 24.4375 25.24 26.94 1013.7307
05937.3208 24.6875 24.7500 24.4375 25.24 26.94 1013.7307
05960.8335 24.6875 24.7500 24.4375 25.24 26.94 1013.7307
05936.8457 24.6875 24.7500 24.4375 25.24 26.94 1013.7307
05937.0708 24.6875 24.7500 24.4375 25.24 26.94 1013.7307
05937.0835 24.6875 24.7500 24.4375 25.24 26.94 1013.7307
05936.9209 24.6875 24.7500 24.4375 25.24 26.94 1013.7307
05961.3081 24.6875 24.8125 24.4375 25.24 26.94 1013.7307
05961.1460 24.6875 24.8125 24.4375 25.24 26.94 1013.7307
05912.8457 24.6875 24.8125 24.4375 25.22 26.93 1013.7247
05936.5835 24.6875 24.8125 24.4375 25.22 26.93 1013.7247
05937.0708 24.6875 24.8125 24.4375 25.22 26.93 1013.7247
05961.1333 24.6875 24.8125 24.4375 25.22 26.93 1013.7247
05961.0708 24.6875 24.8125 24.4375 25.22 26.93 1013.7247
05937.0581 24.6875 24.7500 24.4375 25.22 26.93 1013.7247
05961.3706 24.6875 24.7500 24.4375 25.22 26.93 1013.7247
05961.5210 24.6875 24.7500 24.4375 25.22 26.93 1013.7247
05936.9209 24.6875 24.7500 24.4375 25.22 26.93 1013.7247
05936.8335 24.6875 24.7500 24.4375 25.23 26.92 1013.7140
05936.6084 24.6875 24.7500 24.4375 25.23 26.92 1013.7140
#terjedesi                                       nyomas  ##
#ido(usec)  T1(C)   T2(C)   T3(C)  T4(C) para(%)  (hPa)
05937.0459 24.6875 24.7500 24.4375 25.23 26.92 1013.7140
05929.9585 24.6875 24.7500 24.4375 25.23 26.92 1013.7140
05961.1333 24.6875 24.7500 24.4375 25.23 26.92 1013.7140
05961.5459 24.6875 24.8125 24.4375 25.23 26.92 1013.7140
05961.1333 24.6875 24.8125 24.4375 25.23 26.92 1013.7140
05936.8208 24.6875 24.8125 24.4375 25.23 26.92 1013.7140
05936.6709 24.6875 24.8125 24.4375 25.23 26.92 1013.7140
05936.8457 24.6875 24.8125 24.4375 25.23 26.95 1013.7140
05936.8335 24.6875 24.8125 24.4375 25.23 26.95 1013.7140
05936.3584 24.6875 24.8125 24.4375 25.23 26.95 1013.7140
05937.0835 24.6875 24.8125 24.4375 25.23 26.95 1013.7140
05961.3081 24.6875 24.8125 24.4375 25.23 26.95 1013.7140
05937.3081 24.6875 24.8125 24.4375 25.23 26.95 1013.7140
05912.9331 24.6875 24.8125 24.4375 25.23 26.95 1013.7140
05936.6084 24.6875 24.8125 24.4375 25.23 26.95 1013.7140
05936.8081 24.6875 24.8125 24.4375 25.23 26.95 1013.7140
05912.3833 24.6875 24.8125 24.4375 25.23 26.95 1013.7140
05936.9082 24.6875 24.8125 24.4375 25.22 26.96 1013.7329
05936.8457 24.6875 24.8125 24.4375 25.22 26.96 1013.7329
05961.3833 24.6250 24.8125 24.4375 25.22 26.96 1013.7329
05961.5332 24.6250 24.8125 24.4375 25.22 26.96 1013.7329
05961.0581 24.6250 24.8125 24.4375 25.22 26.96 1013.7329
05961.1460 24.6250 24.8125 24.4375 25.22 26.96 1013.7329
05936.9082 24.6250 24.8125 24.4375 25.22 26.96 1013.7329
05936.8457 24.6250 24.8125 24.4375 25.22 26.96 1013.7329
05936.9209 24.6250 24.8125 24.4375 25.22 26.96 1013.7329
05936.3706 24.6875 24.7500 24.4375 25.22 26.95 1013.7329
05961.5459 24.6875 24.7500 24.4375 25.22 26.95 1013.7329
05961.5459 24.6875 24.7500 24.4375 25.22 26.95 1013.7329
05936.8457 24.6875 24.7500 24.4375 25.22 26.95 1013.7329
05912.8584 24.6875 24.7500 24.4375 25.22 26.95 1013.7329
05937.0835 24.6875 24.7500 24.4375 25.22 26.95 1013.7329
05936.4331 24.6875 24.7500 24.4375 25.22 26.95 1013.7329
05936.4458 24.6875 24.7500 24.4375 25.22 26.95 1013.7329
05936.9082 24.6875 24.7500 24.4375 25.22 26.95 1013.7329
05937.0581 24.6875 24.8125 24.4375 25.22 26.95 1013.7329
05960.9331 24.6875 24.8125 24.4375 25.25 26.94 1013.7471
05936.8457 24.6875 24.8125 24.4375 25.25 26.94 1013.7471
05912.5835 24.6875 24.8125 24.4375 25.25 26.94 1013.7471
05961.2959 24.6875 24.8125 24.4375 25.25 26.94 1013.7471
05960.8960 24.6875 24.8125 24.4375 25.25 26.94 1013.7471
05936.8457 24.6875 24.8125 24.4375 25.25 26.94 1013.7471
05961.0708 24.6250 24.8125 24.4375 25.25 26.94 1013.7471
05961.3081 24.6250 24.8125 24.4375 25.25 26.94 1013.7471
05934.6958 24.6250 24.8125 24.4375 25.25 26.94 1013.7471
05936.6084 24.6250 24.8125 24.4375 25.24 26.93 1013.7849
05936.6831 24.6250 24.8125 24.4375 25.24 26.93 1013.7849
05937.1582 24.6250 24.8125 24.4375 25.24 26.93 1013.7849
05937.0459 24.6250 24.8125 24.4375 25.24 26.93 1013.7849
05936.8457 24.6250 24.8125 24.4375 25.24 26.93 1013.7849
05937.0835 24.6250 24.8125 24.4375 25.24 26.93 1013.7849
05961.2959 24.6875 24.7500 24.4375 25.24 26.93 1013.7849
05961.3706 24.6875 24.7500 24.4375 25.24 26.93 1013.7849
05936.6709 24.6875 24.7500 24.4375 25.24 26.93 1013.7849
05936.8457 24.6875 24.7500 24.4375 25.22 26.95 1013.7600
05936.6709 24.6875 24.7500 24.4375 25.22 26.95 1013.7600
05937.0459 24.6875 24.7500 24.4375 25.22 26.95 1013.7600
05912.2085 24.6875 24.7500 24.4375 25.22 26.95 1013.7600
05936.9082 24.6875 24.7500 24.4375 25.22 26.95 1013.7600
05961.7832 24.6875 24.7500 24.4375 25.22 26.95 1013.7600
05961.3833 24.6875 24.7500 24.4375 25.22 26.95 1013.7600
05937.0459 24.6875 24.7500 24.4375 25.22 26.95 1013.7600
05936.8457 24.6875 24.7500 24.4375 25.22 26.95 1013.7600
05937.1582 24.6875 24.7500 24.4375 25.22 26.95 1013.7600
05936.6831 24.6875 24.7500 24.4375 25.24 26.94 1013.7307
05912.6831 24.6875 24.7500 24.4375 25.24 26.94 1013.7307
05912.8457 24.6875 24.7500 24.4375 25.24 26.94 1013.7307
05961.3833 24.6875 24.8125 24.4375 25.24 26.94 1013.7307
05911.0332 24.6875 24.8125 24.4375 25.24 26.94 1013.7307
05936.9209 24.6875 24.8125 24.4375 25.24 26.94 1013.7307
05936.6084 24.6875 24.8125 24.4375 25.24 26.94 1013.7307
05961.2959 24.6875 24.8125 24.4375 25.24 26.94 1013.7307
05937.1582 24.6875 24.8125 24.4375 25.24 26.94 1013.7307
#terjedesi                                       nyomas  ##
#ido(usec)  T1(C)   T2(C)   T3(C)  T4(C) para(%)  (hPa)
05936.8081 24.6875 24.8125 24.4375 25.22 26.95 1013.7058
05937.0835 24.6875 24.8125 24.4375 25.22 26.95 1013.7058
05961.0581 24.6875 24.8125 24.4375 25.22 26.95 1013.7058
05961.5459 24.6875 24.8125 24.4375 25.22 26.95 1013.7058
05936.8457 24.6875 24.8125 24.4375 25.22 26.95 1013.7058
05961.3081 24.6875 24.8125 24.4375 25.22 26.95 1013.7058
05961.0332 24.6875 24.8125 24.4375 25.22 26.95 1013.7058
05937.3208 24.6875 24.8125 24.4375 25.22 26.95 1013.7058
05937.0835 24.6875 24.8125 24.4375 25.22 26.95 1013.7058
05936.6084 24.6875 24.8125 24.4375 25.22 26.95 1013.7058
05961.6206 24.6875 24.8125 24.4375 25.23 26.96 1013.7496
05961.3833 24.6875 24.8125 24.4375 25.23 26.96 1013.7496
05936.6084 24.6875 24.8125 24.4375 25.23 26.96 1013.7496
05936.8457 24.6875 24.8125 24.4375 25.23 26.96 1013.7496
05961.0708 24.6875 24.8125 24.4375 25.23 26.96 1013.7496
05912.6831 24.6875 24.8125 24.4375 25.23 26.96 1013.7496
05961.2832 24.6875 24.8125 24.4375 25.23 26.96 1013.7496
05936.8208 24.6875 24.8125 24.4375 25.23 26.96 1013.7496
05961.6206 24.6875 24.8125 24.4375 25.23 26.96 1013.7496
05910.9585 24.6875 24.8125 24.4375 25.24 26.96 1013.7307
05936.6084 24.6875 24.8125 24.4375 25.24 26.96 1013.7307
05936.6709 24.6875 24.8125 24.4375 25.24 26.96 1013.7307
05936.4458 24.6875 24.8125 24.4375 25.24 26.96 1013.7307
05912.3833 24.6875 24.8125 24.4375 25.24 26.96 1013.7307
05937.1582 24.6875 24.8125 24.4375 25.24 26.96 1013.7307
05937.0459 24.6875 24.8125 24.4375 25.24 26.96 1013.7307
05961.1460 24.6875 24.8125 24.4375 25.24 26.96 1013.7307
05961.5459 24.6875 24.8125 24.4375 25.24 26.96 1013.7307
05936.6084 24.6875 24.8125 24.4375 25.23 26.96 1013.7140
05961.0708 24.6875 24.8125 24.4375 25.23 26.96 1013.7140
05936.6831 24.6875 24.8125 24.4375 25.23 26.96 1013.7140
05936.3457 24.6875 24.8125 24.4375 25.23 26.96 1013.7140
05936.8457 24.6875 24.8125 24.4375 25.23 26.96 1013.7140
05960.8335 24.6875 24.8125 24.4375 25.23 26.96 1013.7140
05910.9585 24.6875 24.8125 24.4375 25.23 26.96 1013.7140
05961.5332 24.6875 24.8125 24.4375 25.23 26.96 1013.7140
05961.1460 24.6875 24.8125 24.4375 25.23 26.96 1013.7140
05937.0835 24.6875 24.8125 24.4375 25.23 26.96 1013.7140
05936.9209 24.6875 24.8125 24.4375 25.23 26.97 1013.7225
05936.8208 24.6875 24.8125 24.4375 25.23 26.97 1013.7225
05936.8335 24.6875 24.8125 24.4375 25.23 26.97 1013.7225
05936.6831 24.6875 24.8125 24.4375 25.23 26.97 1013.7225
05910.7832 24.6875 24.7500 24.4375 25.23 26.97 1013.7225
05961.3081 24.6875 24.7500 24.4375 25.23 26.97 1013.7225
05937.1582 24.6875 24.7500 24.4375 25.23 26.97 1013.7225
05937.0835 24.6875 24.7500 24.4375 25.23 26.97 1013.7225
05961.0708 24.6875 24.7500 24.4375 25.23 26.97 1013.7952
05961.2959 24.6875 24.7500 24.4375 25.23 26.97 1013.7952
05961.0708 24.6875 24.7500 24.4375 25.23 26.97 1013.7952
05961.2710 24.6875 24.8125 24.4375 25.23 26.97 1013.7952
05961.3706 24.6875 24.8125 24.4375 25.23 26.97 1013.7952
05961.3706 24.6875 24.8125 24.4375 25.23 26.97 1013.7952
05936.8457 24.6875 24.8125 24.4375 25.23 26.97 1013.7952
05936.8208 24.6875 24.8125 24.4375 25.23 26.97 1013.7952
05961.0459 24.6875 24.8125 24.4375 25.23 26.97 1013.7952
05961.0332 24.6875 24.8125 24.4375 25.23 26.97 1013.7952
05961.0459 24.6875 24.8125 24.4375 25.23 26.97 1013.7952
05937.1582 24.6875 24.8125 24.4375 25.23 26.97 1013.6869
05961.3833 24.6875 24.7500 24.4375 25.23 26.97 1013.6869
05961.0581 24.6875 24.7500 24.4375 25.23 26.97 1013.6869
05936.8208 24.6875 24.7500 24.4375 25.23 26.97 1013.6869
05886.2583 24.6875 24.7500 24.4375 25.23 26.97 1013.6869
05936.8457 24.6875 24.7500 24.4375 25.23 26.97 1013.6869
05936.6831 24.6875 24.7500 24.4375 25.23 26.97 1013.6869
05936.6831 24.6875 24.7500 24.4375 25.23 26.97 1013.6869
05936.8081 24.6875 24.8125 24.4375 25.23 26.97 1013.6869
05961.0581 24.6875 24.8125 24.4375 25.23 26.97 1013.7140
05961.0332 24.6875 24.8125 24.4375 25.23 26.97 1013.7140
05936.9209 24.6875 24.8125 24.4375 25.23 26.97 1013.7140
05912.6206 24.6875 24.8125 24.4375 25.23 26.97 1013.7140
05937.0581 24.6875 24.8125 24.4375 25.23 26.97 1013.7140
05936.5835 24.6875 24.8125 24.4375 25.23 26.97 1013.7140
05912.5957 24.6875 24.8125 24.4375 25.23 26.97 1013.7140
#terjedesi                                       nyomas  ##
#ido(usec)  T1(C)   T2(C)   T3(C)  T4(C) para(%)  (hPa)
05937.0957 24.6875 24.8125 24.4375 25.23 26.97 1013.7140
05960.9082 24.6875 24.7500 24.4375 25.23 26.97 1013.7140
05961.5459 24.6875 24.7500 24.4375 25.23 26.97 1013.8223
05936.6831 24.6875 24.7500 24.4375 25.23 26.97 1013.8223
05936.4458 24.6875 24.7500 24.4375 25.23 26.97 1013.8223
05936.5708 24.6875 24.7500 24.4375 25.23 26.97 1013.8223
05912.6206 24.6875 24.7500 24.4375 25.23 26.97 1013.8223
05936.6831 24.6875 24.7500 24.4375 25.23 26.97 1013.8223
05937.1582 24.6875 24.8125 24.5000 25.23 26.97 1013.8223
05910.4458 24.6875 24.8125 24.5000 25.23 26.97 1013.8223
05961.7832 24.6875 24.8125 24.5000 25.23 26.97 1013.8223
05961.0708 24.6875 24.8125 24.5000 25.23 26.97 1013.8223
05937.0581 24.6875 24.8125 24.5000 25.23 26.99 1013.7411
05936.9082 24.6875 24.8125 24.5000 25.23 26.99 1013.7411
05936.8081 24.6875 24.8125 24.5000 25.23 26.99 1013.7411
05937.1460 24.6875 24.8125 24.5000 25.23 26.99 1013.7411
05936.9209 24.6875 24.8125 24.5000 25.23 26.99 1013.7411
05911.0210 24.6875 24.7500 24.4375 25.23 26.99 1013.7411
05911.2710 24.6875 24.7500 24.4375 25.23 26.99 1013.7411
05937.0835 24.6875 24.7500 24.4375 25.23 26.99 1013.7411
05912.8457 24.6875 24.7500 24.4375 25.23 26.99 1013.7411
05936.6709 24.6875 24.7500 24.4375 25.22 26.99 1013.7329
05937.3208 24.6875 24.7500 24.4375 25.22 26.99 1013.7329
05936.9209 24.6875 24.7500 24.4375 25.22 26.99 1013.7329
05961.3081 24.6875 24.8125 24.4375 25.22 26.99 1013.7329
05961.3081 24.6875 24.8125 24.4375 25.22 26.99 1013.7329
05961.3081 24.6875 24.8125 24.4375 25.22 26.99 1013.7329
05937.1460 24.6875 24.8125 24.4375 25.22 26.99 1013.7329
05912.3833 24.6875 24.8125 24.4375 25.22 26.99 1013.7329
05960.9082 24.6875 24.8125 24.4375 25.22 26.99 1013.7329
05936.8457 24.6875 24.8125 24.4375 25.22 26.99 1013.7329
05936.8457 24.6875 24.8125 24.4375 25.23 26.99 1013.7225
05936.5957 24.6875 24.8125 24.4375 25.23 26.99 1013.7225
05961.0708 24.6875 24.8125 24.4375 25.23 26.99 1013.7225
05961.3081 24.6875 24.8125 24.4375 25.23 26.99 1013.7225
05936.9209 24.6875 24.8125 24.4375 25.23 26.99 1013.7225
05936.8457 24.6875 24.8125 24.4375 25.23 26.99 1013.7225
05937.1582 24.6875 24.8125 24.4375 25.23 26.99 1013.7225
05961.1460 24.6875 24.8125 24.4375 25.23 26.99 1013.7225
05936.5835 24.6875 24.8125 24.4375 25.23 27.00 1013.7496
05912.8335 24.6875 24.8125 24.4375 25.23 27.00 1013.7496
05961.5210 24.6875 24.8125 24.4375 25.23 27.00 1013.7496
05961.0708 24.6875 24.8125 24.4375 25.23 27.00 1013.7496
05937.0581 24.6875 24.8125 24.4375 25.23 27.00 1013.7496
05961.3081 24.6875 24.8125 24.4375 25.23 27.00 1013.7496
05936.9209 24.6875 24.8125 24.4375 25.23 27.00 1013.7496
05886.2207 24.6875 24.8125 24.4375 25.23 27.00 1013.7496
05936.9209 24.6875 24.8125 24.4375 25.23 27.00 1013.7496
05961.1460 24.6875 24.8125 24.4375 25.23 27.00 1013.7496
05961.5083 24.6875 24.8125 24.4375 25.23 27.01 1013.7682
05961.3081 24.6875 24.8125 24.4375 25.23 27.01 1013.7682
05936.6831 24.6875 24.8125 24.4375 25.23 27.01 1013.7682
05936.8457 24.6875 24.8125 24.4375 25.23 27.01 1013.7682
05936.8208 24.6875 24.8125 24.4375 25.23 27.01 1013.7682
05936.6831 24.6875 24.8125 24.4375 25.23 27.01 1013.7682
05936.8457 24.6875 24.8125 24.4375 25.23 27.01 1013.7682
05936.9209 24.6875 24.8125 24.4375 25.23 27.01 1013.7682
05961.0708 24.6875 24.8125 24.4375 25.23 27.01 1013.7682
05961.5083 24.6875 24.8125 24.4375 25.23 27.01 1013.7766
05936.8457 24.6875 24.8125 24.4375 25.23 27.01 1013.7766
05912.5835 24.6875 24.8125 24.4375 25.23 27.01 1013.7766
05936.3457 24.6875 24.8125 24.4375 25.23 27.01 1013.7766
05937.0459 24.6875 24.8125 24.4375 25.23 27.01 1013.7766
05961.0708 24.6875 24.8125 24.4375 25.23 27.01 1013.7766
05936.4458 24.6875 24.8125 24.4375 25.23 27.01 1013.7766
05911.0332 24.6875 24.8125 24.4375 25.23 27.01 1013.7766
05910.7959 24.6875 24.8125 24.4375 25.23 27.01 1013.7766
05936.6084 24.6875 24.8125 24.4375 25.23 27.01 1013.7766
05936.9209 24.6875 24.8125 24.4375 25.23 27.01 1013.7766
05936.9209 24.6875 24.8125 24.4375 25.23 27.01 1013.7766
05936.5957 24.6875 24.8125 24.4375 25.23 27.01 1013.7766
05936.8208 24.6875 24.8125 24.4375 25.23 27.01 1013.7766
05913.0708 24.6875 24.8125 24.4375 25.23 27.01 1013.7766
#terjedesi                                       nyomas  ##
#ido(usec)  T1(C)   T2(C)   T3(C)  T4(C) para(%)  (hPa)
05961.5581 24.6875 24.8125 24.4375 25.23 27.01 1013.7766
05961.0581 24.6875 24.8125 24.4375 25.23 27.01 1013.7766
05937.0459 24.6875 24.8125 24.4375 25.23 27.01 1013.7766
05912.6831 24.6875 24.8125 24.4375 25.23 27.01 1013.7766
05936.8457 24.6875 24.8125 24.4375 25.23 27.01 1013.7682
05912.6206 24.6875 24.8125 24.4375 25.23 27.01 1013.7682
05936.5835 24.6875 24.8125 24.4375 25.23 27.01 1013.7682
05936.8457 24.6875 24.8125 24.4375 25.23 27.01 1013.7682
05961.6084 24.6875 24.8125 24.4375 25.23 27.01 1013.7682
05961.4082 24.6875 24.8125 24.4375 25.23 27.01 1013.7682
05961.1460 24.6875 24.8125 24.4375 25.23 27.01 1013.7682
05936.9209 24.6875 24.8125 24.4375 25.23 27.01 1013.7682
05936.8208 24.6875 24.8125 24.4375 25.23 27.01 1013.7682
05936.6084 24.6875 24.8125 24.4375 25.24 27.00 1013.7578
05937.1460 24.6875 24.8125 24.4375 25.24 27.00 1013.7578
05937.0708 24.6875 24.8125 24.4375 25.24 27.00 1013.7578
05911.2710 24.6875 24.8125 24.4375 25.24 27.00 1013.7578
05911.4082 24.6875 24.8125 24.4375 25.24 27.00 1013.7578
05937.1460 24.6875 24.8125 24.4375 25.24 27.00 1013.7578
05937.0708 24.6875 24.8125 24.4375 25.24 27.00 1013.7578
05936.8457 24.6875 24.8125 24.4375 25.24 27.00 1013.7578
05936.8457 24.6875 24.8125 24.4375 25.24 27.00 1013.7578
05936.8457 24.6875 24.8125 24.4375 25.24 27.00 1013.7578
05936.6084 24.6875 24.8125 24.4375 25.24 27.01 1013.7849
05936.9209 24.6875 24.8125 24.4375 25.24 27.01 1013.7849
05936.9209 24.6875 24.8125 24.4375 25.24 27.01 1013.7849
05936.5835 24.6875 24.8125 24.4375 25.24 27.01 1013.7849
05937.1582 24.6875 24.8125 24.4375 25.24 27.01 1013.7849
05936.9209 24.6875 24.8125 24.4375 25.24 27.01 1013.7849
05936.4331 24.6875 24.8125 24.4375 25.24 27.01 1013.7849
05912.8335 24.6875 24.8125 24.4375 25.24 27.01 1013.7849
05912.5835 24.6875 24.8125 24.4375 25.24 27.01 1013.7849
05910.7832 24.6875 24.8125 24.4375 25.24 27.02 1013.7849
05937.0835 24.6875 24.8125 24.4375 25.24 27.02 1013.7849
05936.4458 24.6875 24.8125 24.4375 25.24 27.02 1013.7849
05936.8081 24.6875 24.8125 24.4375 25.24 27.02 1013.7849
05936.6709 24.6875 24.8125 24.4375 25.24 27.02 1013.7849
05936.1084 24.6875 24.8125 24.4375 25.24 27.02 1013.7849
05936.6709 24.6875 24.8125 24.4375 25.24 27.02 1013.7849
05937.1582 24.6875 24.8125 24.4375 25.24 27.02 1013.7849
05985.5210 24.6875 24.8125 24.4375 25.24 27.02 1013.7849
05961.0708 24.6875 24.8125 24.4375 25.24 27.02 1013.7849
05936.9082 24.6875 24.8125 24.4375 25.24 27.03 1013.7307
05937.0835 24.6875 24.8125 24.4375 25.24 27.03 1013.7307
05937.1460 24.6875 24.8125 24.4375 25.24 27.03 1013.7307
05936.8457 24.6875 24.8125 24.4375 25.24 27.03 1013.7307
05936.5957 24.6875 24.8125 24.4375 25.24 27.03 1013.7307
05936.9082 24.6875 24.8125 24.4375 25.24 27.03 1013.7307
05937.0835 24.6875 24.8125 24.4375 25.24 27.03 1013.7307
05961.3081 24.6875 24.8125 24.4375 25.24 27.03 1013.7307
05961.3081 24.6875 24.8125 24.4375 25.24 27.03 1013.7307
05937.0708 24.6875 24.8125 24.4375 25.24 27.03 1013.7578
05937.0835 24.6875 24.8125 24.4375 25.24 27.03 1013.7578
05886.4956 24.6875 24.8125 24.4375 25.24 27.03 1013.7578
05936.6709 24.6875 24.8125 24.4375 25.24 27.03 1013.7578
05936.8208 24.6875 24.8125 24.4375 25.24 27.03 1013.7578
05961.5210 24.6875 24.8125 24.5000 25.24 27.03 1013.7578
05961.5083 24.6875 24.8125 24.5000 25.24 27.03 1013.7578
05961.0332 24.6875 24.8125 24.5000 25.24 27.03 1013.7578
05937.0708 24.6875 24.8125 24.5000 25.24 27.03 1013.7578
05910.4834 24.6875 24.8125 24.5000 25.23 27.03 1013.7496
05912.6958 24.6875 24.8125 24.5000 25.23 27.03 1013.7496
05936.4458 24.6875 24.8125 24.5000 25.23 27.03 1013.7496
05961.0708 24.6875 24.7500 24.4375 25.23 27.03 1013.7496
05936.8208 24.6875 24.7500 24.4375 25.23 27.03 1013.7496
05961.0708 24.6875 24.7500 24.4375 25.23 27.03 1013.7496
05912.6206 24.6875 24.7500 24.4375 25.23 27.03 1013.7496
05936.8335 24.6875 24.7500 24.4375 25.23 27.03 1013.7496
05912.5835 24.6875 24.7500 24.4375 25.23 27.03 1013.7496
05936.4458 24.6875 24.7500 24.4375 25.23 27.03 1013.7496
05912.9209 24.6875 24.7500 24.4375 25.23 27.04 1013.7682
05936.4707 24.6875 24.7500 24.4375 25.23 27.04 1013.7682
05936.8457 24.6875 24.7500 24.5000 25.23 27.04 1013.7682