#terjedesi                                       nyomas  ##
#ido(usec)  T1(C)   T2(C)   T3(C)  T4(C) para(%)  (hPa)
06822.0835 24.6875 24.8125 24.5000 25.28 27.09 1013.6422
06796.0708 24.6875 24.8125 24.5000 25.28 27.09 1013.6422
06821.0210 24.6875 24.8125 24.5000 25.28 27.09 1013.6422
06822.0835 24.6875 24.8125 24.5000 25.28 27.09 1013.6422
06771.6206 24.6875 24.8125 24.5000 25.28 27.09 1013.6422
06822.0083 24.6875 24.8125 24.5000 25.28 27.09 1013.6422
06771.3833 24.6875 24.8125 24.5000 25.28 27.09 1013.6422
06795.6084 24.6875 24.8125 24.5000 25.28 27.09 1013.6422
06822.0083 24.6875 24.8125 24.5000 25.28 27.09 1013.6693
06795.8457 24.6875 24.8125 24.5000 25.28 27.09 1013.6693
06769.2959 24.6875 24.8125 24.5000 25.28 27.09 1013.6693
06822.0957 24.6875 24.8125 24.5000 25.28 27.09 1013.6693
06770.9585 24.6875 24.8125 24.5000 25.28 27.09 1013.6693
06795.8584 24.6875 24.8125 24.5000 25.28 27.09 1013.6693
06769.0210 24.6875 24.8125 24.5000 25.28 27.09 1013.6693
06744.5708 24.6875 24.8125 24.5000 25.28 27.09 1013.6693
06821.9707 24.6875 24.8125 24.5000 25.28 27.09 1013.6693
06795.8706 24.6875 24.8125 24.5000 25.28 27.09 1013.6693
06795.6084 24.6875 24.8125 24.5000 25.29 27.07 1013.6504
06846.1958 24.6875 24.8125 24.5000 25.29 27.07 1013.6504
06744.2959 24.6875 24.8125 24.5000 25.29 27.07 1013.6504
06821.7710 24.6875 24.8125 24.5000 25.29 27.07 1013.6504
06771.1460 24.6875 24.8125 24.5000 25.29 27.07 1013.6504
06744.8081 24.6875 24.8125 24.5000 25.29 27.07 1013.6504
06795.8960 24.6875 24.8750 24.5000 25.29 27.07 1013.6504
06796.0957 24.6875 24.8750 24.5000 25.29 27.07 1013.6504
06769.5210 24.6875 24.8750 24.5000 25.29 27.07 1013.6504
06744.5332 24.6875 24.8750 24.5000 25.27 27.06 1013.6258
06822.2583 24.6875 24.8750 24.5000 25.27 27.06 1013.6258
06846.1958 24.6875 24.8750 24.5000 25.27 27.06 1013.6258
06769.7085 24.6875 24.8750 24.5000 25.27 27.06 1013.6258
06769.0581 24.6875 24.8750 24.5000 25.27 27.06 1013.6258
06795.3706 24.6875 24.8750 24.5000 25.27 27.06 1013.6258
06796.5581 24.6875 24.8125 24.5000 25.27 27.06 1013.6258
06796.3208 24.6875 24.8125 24.5000 25.27 27.06 1013.6258
06795.6582 24.6875 24.8125 24.5000 25.27 27.06 1013.6258
06795.6582 24.6875 24.8125 24.5000 25.29 27.07 1013.7046
06772.3208 24.6875 24.8125 24.5000 25.29 27.07 1013.7046
06845.9458 24.6875 24.8125 24.5000 25.29 27.07 1013.7046
06771.4331 24.6875 24.8125 24.5000 25.29 27.07 1013.7046
06846.3584 24.6875 24.8750 24.5000 25.29 27.07 1013.7046
06769.9458 24.6875 24.8750 24.5000 25.29 27.07 1013.7046
06769.9585 24.6875 24.8750 24.5000 25.29 27.07 1013.7046
06795.6582 24.6875 24.8750 24.5000 25.29 27.07 1013.7046
06795.6582 24.6875 24.8750 24.5000 25.29 27.07 1013.7046
06795.8584 24.6875 24.8750 24.5000 25.29 27.07 1013.7046
06795.8584 24.6875 24.8750 24.5000 25.28 27.08 1013.6340
06846.4209 24.6875 24.8750 24.5000 25.28 27.08 1013.6340
06821.9707 24.6875 24.8750 24.5000 25.28 27.08 1013.6340
06846.5957 24.6875 24.8125 24.5000 25.28 27.08 1013.6340
06769.2959 24.6875 24.8125 24.5000 25.28 27.08 1013.6340
06821.9956 24.6875 24.8125 24.5000 25.28 27.08 1013.6340
06822.2085 24.6875 24.8125 24.5000 25.28 27.08 1013.6340
06795.8457 24.6875 24.8125 24.5000 25.28 27.08 1013.6340
06771.3833 24.6875 24.8125 24.5000 25.28 27.07 1013.6882
06770.9585 24.6875 24.8125 24.5000 25.28 27.07 1013.6882
06846.0835 24.6875 24.8125 24.5000 25.28 27.07 1013.6882
06796.5708 24.6875 24.8125 24.5000 25.28 27.07 1013.6882
06796.3208 24.6875 24.8125 24.5000 25.28 27.07 1013.6882
06745.0210 24.6875 24.8125 24.5000 25.28 27.07 1013.6882
06795.6206 24.6875 24.8125 24.5000 25.28 27.07 1013.6882
06846.5957 24.6875 24.8125 24.5000 25.28 27.07 1013.6882
06795.6582 24.6875 24.8125 24.5000 25.28 27.07 1013.6882
06796.0708 24.6875 24.8125 24.5000 25.28 27.07 1013.6882
06846.4082 24.6875 24.8125 24.5000 25.28 27.06 1013.6693
06796.3457 24.6875 24.8125 24.5000 25.28 27.06 1013.6693
06796.3081 24.6875 24.8125 24.5000 25.28 27.06 1013.6693
06770.9585 24.6875 24.8125 24.5000 25.28 27.06 1013.6693
06771.3706 24.6875 24.8125 24.5000 25.28 27.06 1013.6693
06795.6084 24.6875 24.8125 24.5000 25.28 27.06 1013.6693
06795.4209 24.6875 24.8125 24.5000 25.28 27.06 1013.6693
06822.1582 24.6875 24.8125 24.5000 25.28 27.06 1013.6693
06822.0083 24.6875 24.8125 24.5000 25.28 27.06 1013.6693
#terjedesi                                       nyomas  ##
#ido(usec)  T1(C)   T2(C)   T3(C)  T4(C) para(%)  (hPa)
06796.4331 24.6875 24.8125 24.5000 25.28 27.05 1013.6611
06769.7207 24.6875 24.8125 24.5000 25.28 27.05 1013.6611
06846.1084 24.6875 24.8125 24.5000 25.28 27.05 1013.6611
06795.4209 24.6875 24.8125 24.5000 25.28 27.05 1013.6611
06744.8208 24.6875 24.8125 24.5000 25.28 27.05 1013.6611
06771.3833 24.6875 24.8125 24.5000 25.28 27.05 1013.6611
06771.6206 24.6875 24.8125 24.5000 25.28 27.05 1013.6611
06770.4585 24.6875 24.8125 24.5000 25.28 27.05 1013.6611
06795.6206 24.6875 24.8125 24.5000 25.28 27.05 1013.6611
06795.6582 24.6875 24.8125 24.5000 25.28 27.05 1013.6611
06771.1958 24.6875 24.8125 24.5000 25.29 26.88 1013.6775
06771.1333 24.6875 24.8125 24.5000 25.29 26.88 1013.6775
06846.3208 24.6875 24.8125 24.5000 25.29 26.88 1013.6775
06795.8457 24.6875 24.8125 24.5000 25.29 26.88 1013.6775
06795.8335 24.6875 24.8125 24.5000 25.29 26.88 1013.6775
06795.8960 24.6875 24.8125 24.5000 25.29 26.88 1013.6775
06796.3584 24.6875 24.8125 24.5000 25.29 26.88 1013.6775
06796.3706 24.6875 24.8125 24.5000 25.29 26.88 1013.6775
06771.8960 24.6875 24.8125 24.5000 25.29 26.88 1013.6775
06821.9707 24.6875 24.8125 24.5000 25.28 27.06 1013.6882
06845.9585 24.6875 24.8125 24.5000 25.28 27.06 1013.6882
06845.9585 24.6875 24.8125 24.5000 25.28 27.06 1013.6882
06822.0835 24.6875 24.8125 24.5000 25.28 27.06 1013.6882
06821.9956 24.6875 24.8125 24.5000 25.28 27.06 1013.6882
06796.3335 24.6875 24.8750 24.5000 25.28 27.06 1013.6882
06795.8457 24.6875 24.8750 24.5000 25.28 27.06 1013.6882
06846.3208 24.6875 24.8750 24.5000 25.28 27.06 1013.6882
06769.2456 24.6875 24.8750 24.5000 25.28 27.06 1013.6882
06795.8457 24.6875 24.8750 24.5000 25.28 27.06 1013.6340
06745.0083 24.6875 24.8750 24.5000 25.28 27.06 1013.6340
06846.3584 24.6875 24.8750 24.5000 25.28 27.06 1013.6340
06795.6460 24.6875 24.8125 24.5000 25.28 27.06 1013.6340
06769.9458 24.6875 24.8125 24.5000 25.28 27.06 1013.6340
06769.9834 24.6875 24.8125 24.5000 25.28 27.06 1013.6340
06846.1958 24.6875 24.8125 24.5000 25.28 27.06 1013.6340
06744.5581 24.6875 24.8125 24.5000 25.28 27.06 1013.6340
06795.5957 24.6875 24.8125 24.5000 25.28 27.06 1013.6340
06745.0332 24.6875 24.8125 24.5000 25.28 27.06 1013.6340
06795.6582 24.6875 24.8125 24.5000 25.29 27.06 1013.7046
06771.6206 24.6875 24.8125 24.5000 25.29 27.06 1013.7046
06796.0957 24.6875 24.8125 24.5000 25.29 27.06 1013.7046
06795.8457 24.6875 24.8125 24.5000 25.29 27.06 1013.7046
06770.0083 24.6875 24.8125 24.5000 25.29 27.06 1013.7046
06795.6582 24.6875 24.8125 24.5000 25.29 27.06 1013.7046
06795.6582 24.6875 24.8125 24.5000 25.29 27.06 1013.7046
06744.7710 24.6875 24.8125 24.5000 25.29 27.06 1013.7046
06796.1333 24.6875 24.8125 24.5000 25.29 27.04 1013.7046
06795.8960 24.6875 24.8125 24.5000 25.29 27.04 1013.7046
06796.3208 24.6875 24.8125 24.5000 25.29 27.04 1013.7046
06770.2085 24.6875 24.8125 24.5000 25.29 27.04 1013.7046
06795.8960 24.6875 24.8125 24.5000 25.29 27.04 1013.7046
06796.1333 24.6875 24.8125 24.5000 25.29 27.04 1013.7046
06795.8457 24.6875 24.8125 24.5000 25.29 27.04 1013.7046
06846.3457 24.6875 24.8125 24.5000 25.29 27.04 1013.7046
06771.9082 24.6875 24.8125 24.5000 25.29 27.04 1013.7046
06795.6084 24.6875 24.8125 24.5000 25.29 27.04 1013.7046
06796.3335 24.7500 24.8125 24.5000 25.28 27.05 1013.6611
06769.9585 24.7500 24.8125 24.5000 25.28 27.05 1013.6611
06795.4082 24.7500 24.8125 24.5000 25.28 27.05 1013.6611
06795.5957 24.7500 24.8125 24.5000 25.28 27.05 1013.6611
06846.1206 24.7500 24.8125 24.5000 25.28 27.05 1013.6611
06795.8457 24.7500 24.8125 24.5000 25.28 27.05 1013.6611
06795.6084 24.7500 24.8125 24.5000 25.28 27.05 1013.6611
06744.8335 24.6875 24.8125 24.5000 25.28 27.05 1013.6611
06796.0708 24.6875 24.8125 24.5000 25.28 27.05 1013.6611
06796.1333 24.6875 24.8125 24.5000 25.28 27.04 1013.6882
06822.1084 24.6875 24.8125 24.5000 25.28 27.04 1013.6882
06795.6333 24.6875 24.8125 24.5000 25.28 27.04 1013.6882
06795.6084 24.6875 24.8125 24.5000 25.28 27.04 1013.6882
06795.6460 24.6875 24.8125 24.5000 25.28 27.04 1013.6882
06795.8457 24.6875 24.8125 24.5000 25.28 27.04 1013.6882
06769.2710 24.6875 24.8125 24.5000 25.28 27.04 1013.6882
06796.5459 24.6875 24.8750 24.5000 25.28 27.04 1013.6882
#terjedesi                                       nyomas  ##
#ido(usec)  T1(C)   T2(C)   T3(C)  T4(C) para(%)  (hPa)
06769.3584 24.6875 24.8750 24.5000 25.28 27.04 1013.6882
06788.0210 24.6875 24.8750 24.5000 25.28 27.04 1013.6340
06822.2456 24.6875 24.8750 24.5000 25.28 27.04 1013.6340
06795.6460 24.6875 24.8750 24.5000 25.28 27.04 1013.6340
06822.2456 24.6875 24.8750 24.5000 25.28 27.04 1013.6340
06846.1958 24.6875 24.8750 24.5000 25.28 27.04 1013.6340
06796.3706 24.6875 24.8125 24.5000 25.28 27.04 1013.6340
06769.7085 24.6875 24.8125 24.5000 25.28 27.04 1013.6340
06769.7334 24.6875 24.8125 24.5000 25.28 27.04 1013.6340
06795.8960 24.6875 24.8125 24.5000 25.28 27.04 1013.6340
06846.3584 24.6875 24.8125 24.5000 25.28 27.04 1013.6340
06795.8335 24.6875 24.8125 24.5000 25.28 27.04 1013.6611
06796.1206 24.6875 24.8125 24.5000 25.28 27.04 1013.6611
06795.8457 24.6875 24.8125 24.5000 25.28 27.04 1013.6611
06795.6582 24.6875 24.8125 24.5000 25.28 27.04 1013.6611
06769.9707 24.6875 24.8125 24.5000 25.28 27.04 1013.6611
06770.1958 24.6875 24.8125 24.5000 25.28 27.04 1013.6611
06796.0835 24.6875 24.8125 24.5000 25.28 27.04 1013.6611
06796.1333 24.6875 24.8125 24.5000 25.28 27.04 1013.6611
06822.2583 24.6875 24.8125 24.5000 25.28 27.04 1013.6611
06846.1084 24.6875 24.8125 24.5000 25.28 27.05 1013.6340
06846.1958 24.6875 24.8125 24.5000 25.28 27.05 1013.6340
06771.4331 24.6875 24.8125 24.5000 25.28 27.05 1013.6340
06796.1206 24.6875 24.8125 24.5000 25.28 27.05 1013.6340
06796.1333 24.6875 24.8125 24.5000 25.28 27.05 1013.6340
06795.6084 24.6875 24.8125 24.5000 25.28 27.05 1013.6340
06822.2207 24.6875 24.8125 24.5000 25.28 27.05 1013.6340
06744.5459 24.6875 24.8125 24.5000 25.28 27.05 1013.6340
06795.4209 24.6875 24.8125 24.5000 25.28 27.05 1013.6340
06771.3706 24.6875 24.8125 24.5000 25.28 27.05 1013.6340
06745.0708 24.6875 24.8125 24.5000 25.28 27.05 1013.6340
06796.3457 24.7500 24.8125 24.5000 25.28 27.05 1013.6340
06769.5210 24.7500 24.8125 24.5000 25.28 27.05 1013.6340
06796.1333 24.7500 24.8125 24.5000 25.28 27.05 1013.6340
06795.8706 24.7500 24.8125 24.5000 25.28 27.05 1013.6340
06795.8457 24.7500 24.8125 24.5000 25.28 27.05 1013.6340
06795.8960 24.7500 24.8125 24.5000 25.28 27.05 1013.6340
06771.3960 24.7500 24.8125 24.5000 25.28 27.05 1013.6340
06822.0210 24.6875 24.8125 24.5000 25.28 27.05 1013.6340
06796.3081 24.6875 24.8125 24.5000 25.28 27.05 1013.6340
06769.5332 24.6875 24.8125 24.5000 25.28 27.05 1013.6340
06795.5957 24.6875 24.8125 24.5000 25.28 27.05 1013.6340
06795.8457 24.6875 24.8125 24.5000 25.28 27.05 1013.6340
06795.4209 24.6875 24.8125 24.5000 25.28 27.05 1013.6340
06795.6582 24.6875 24.8125 24.5000 25.28 27.05 1013.6340
06846.0957 24.6875 24.8125 24.5000 25.28 27.05 1013.6340
06796.0708 24.6875 24.8125 24.5000 25.28 27.05 1013.6340
06770.2207 24.6875 24.8125 24.5000 25.28 27.05 1013.6340
06796.3457 24.6875 24.8125 24.5000 25.28 27.03 1013.6693
06846.3584 24.6875 24.8125 24.5000 25.28 27.03 1013.6693
06795.8457 24.6875 24.8125 24.5000 25.28 27.03 1013.6693
06822.0708 24.6875 24.8125 24.5000 25.28 27.03 1013.6693
06771.1460 24.6875 24.8125 24.5000 25.28 27.03 1013.6693
06795.6084 24.6875 24.8125 24.5000 25.28 27.03 1013.6693
06846.4209 24.6875 24.8125 24.5000 25.28 27.03 1013.6693
06796.5459 24.6875 24.8125 24.5000 25.28 27.03 1013.6693
06769.7710 24.6875 24.8125 24.5000 25.28 27.03 1013.6693
06769.2832 24.6875 24.8125 24.5000 25.28 27.05 1013.6611
06795.8706 24.6875 24.8125 24.5000 25.28 27.05 1013.6611
06796.0835 24.6875 24.8125 24.5000 25.28 27.05 1013.6611
06795.8457 24.6875 24.8125 24.5000 25.28 27.05 1013.6611
06795.8960 24.6875 24.8125 24.5000 25.28 27.05 1013.6611
06796.1333 24.6875 24.8125 24.5000 25.28 27.05 1013.6611
06770.0083 24.6875 24.8750 24.5000 25.28 27.05 1013.6611
06769.7583 24.6875 24.8750 24.5000 25.28 27.05 1013.6611
06771.8833 24.6875 24.8750 24.5000 25.28 27.05 1013.6611
06795.8457 24.6875 24.8750 24.5000 25.28 27.05 1013.7424
06795.8584 24.6875 24.8750 24.5000 25.28 27.05 1013.7424
06795.6084 24.6875 24.8750 24.5000 25.28 27.05 1013.7424
06846.4331 24.6875 24.8750 24.5000 25.28 27.05 1013.7424
06796.1333 24.6875 24.8125 24.5000 25.28 27.05 1013.7424
06796.3706 24.6875 24.8125 24.5000 25.28 27.05 1013.7424
06795.8960 24.6875 24.8125 24.5000 25.28 27.05 1013.7424
#terjedesi                                       nyomas  ##
#ido(usec)  T1(C)   T2(C)   T3(C)  T4(C) para(%)  (hPa)
06771.5083 24.6875 24.8125 24.5000 25.28 27.05 1013.7424
06771.4082 24.6875 24.8125 24.5000 25.28 27.05 1013.7424
06771.1333 24.6875 24.8125 24.5000 25.28 27.05 1013.7424
06821.9956 24.6875 24.8125 24.5000 25.27 27.05 1013.6986
06795.8706 24.6875 24.8125 24.5000 25.27 27.05 1013.6986
06845.9458 24.6875 24.8125 24.5000 25.27 27.05 1013.6986
06796.3208 24.7500 24.8125 24.5000 25.27 27.05 1013.6986
06795.8833 24.7500 24.8125 24.5000 25.27 27.05 1013.6986
06821.5083 24.7500 24.8125 24.5000 25.27 27.05 1013.6986
06822.0210 24.7500 24.8125 24.5000 25.27 27.05 1013.6986
06846.3584 24.7500 24.8125 24.5000 25.27 27.05 1013.6986
06846.4209 24.7500 24.8125 24.5000 25.27 27.05 1013.6986
06846.4209 24.7500 24.8125 24.5000 25.28 27.05 1013.6611
06795.3833 24.6875 24.8750 24.5000 25.28 27.05 1013.6611
06795.1709 24.6875 24.8750 24.5000 25.28 27.05 1013.6611
06796.3208 24.6875 24.8750 24.5000 25.28 27.05 1013.6611
06846.1206 24.6875 24.8750 24.5000 25.28 27.05 1013.6611
06821.9585 24.6875 24.8750 24.5000 25.28 27.05 1013.6611
06822.4082 24.6875 24.8750 24.5000 25.28 27.05 1013.6611
06845.8833 24.6875 24.8750 24.5000 25.28 27.05 1013.6611
06795.6206 24.6875 24.8750 24.5000 25.28 27.05 1013.6611
06795.6084 24.6875 24.8750 24.5000 25.28 27.05 1013.6611
06796.3081 24.6875 24.8750 24.5000 25.29 27.06 1013.7046
06796.1333 24.6875 24.8750 24.5000 25.29 27.06 1013.7046
06796.0835 24.6875 24.8750 24.5000 25.29 27.06 1013.7046
06744.5957 24.6875 24.8750 24.5000 25.29 27.06 1013.7046
06822.1709 24.6875 24.8750 24.5000 25.29 27.06 1013.7046
06845.9585 24.6875 24.8750 24.5000 25.29 27.06 1013.7046
06795.8457 24.6875 24.8750 24.5000 25.29 27.06 1013.7046
06795.8960 24.6875 24.8125 24.5000 25.29 27.06 1013.7046
06796.1333 24.6875 24.8125 24.5000 25.29 27.06 1013.7046
06769.2959 24.6875 24.8125 24.5000 25.27 27.06 1013.6715
06822.0957 24.6875 24.8125 24.5000 25.27 27.06 1013.6715
06771.6709 24.6875 24.8125 24.5000 25.27 27.06 1013.6715
06795.5957 24.6875 24.8125 24.5000 25.27 27.06 1013.6715
06846.1206 24.6875 24.8125 24.5000 25.27 27.06 1013.6715
06744.5957 24.6875 24.8125 24.5000 25.27 27.06 1013.6715
06821.5459 24.6875 24.8125 24.5000 25.27 27.06 1013.6715
06796.3584 24.6875 24.8125 24.5000 25.27 27.06 1013.6715
06795.8457 24.6875 24.8125 24.5000 25.27 27.06 1013.6715
06771.8584 24.6875 24.8125 24.5000 25.29 27.07 1013.6775
06821.9585 24.6875 24.8125 24.5000 25.29 27.07 1013.6775
06846.1958 24.6875 24.8125 24.5000 25.29 27.07 1013.6775
06795.3960 24.6875 24.8125 24.5000 25.29 27.07 1013.6775
06846.1831 24.6875 24.8125 24.5000 25.29 27.07 1013.6775
06846.1831 24.6875 24.8125 24.5000 25.29 27.07 1013.6775
06769.4834 24.6875 24.8125 24.5000 25.29 27.07 1013.6775
06796.3081 24.6875 24.8125 24.5000 25.29 27.07 1013.6775
06795.8706 24.6875 24.8125 24.5000 25.29 27.07 1013.6775
06795.4082 24.6875 24.8125 24.5000 25.28 27.06 1013.6340
06846.3457 24.6875 24.8125 24.5000 25.28 27.06 1013.6340
06771.1958 24.6875 24.8125 24.5000 25.28 27.06 1013.6340
06822.0332 24.6875 24.8125 24.5000 25.28 27.06 1013.6340
06846.1831 24.6875 24.8125 24.5000 25.28 27.06 1013.6340
06769.2456 24.6875 24.8125 24.5000 25.28 27.06 1013.6340
06796.3081 24.6875 24.8125 24.5000 25.28 27.06 1013.6340
06795.8706 24.6875 24.8125 24.5000 25.28 27.06 1013.6340
06745.0210 24.6875 24.8125 24.5000 25.28 27.06 1013.6340
06795.8457 24.6875 24.8125 24.5000 25.29 27.05 1013.6775
06822.0210 24.6875 24.8125 24.5000 25.29 27.05 1013.6775
06821.8457 24.6875 24.8125 24.5000 25.29 27.05 1013.6775
06821.7456 24.6875 24.8125 24.5000 25.29 27.05 1013.6775
06795.8960 24.6875 24.8125 24.5000 25.29 27.05 1013.6775
06846.3208 24.6875 24.8125 24.5000 25.29 27.05 1013.6775
06822.1460 24.6875 24.8125 24.5000 25.29 27.05 1013.6775
06795.6333 24.6875 24.8125 24.5000 25.29 27.05 1013.6775
06795.6582 24.6875 24.8125 24.5000 25.29 27.05 1013.6775
06795.8960 24.6875 24.8125 24.5000 25.29 27.05 1013.6775
06846.4331 24.6875 24.8125 24.5000 25.28 27.06 1013.6882
06845.9707 24.6875 24.8125 24.5000 25.28 27.06 1013.6882
06795.6084 24.6875 24.8125 24.5000 25.28 27.06 1013.6882
06796.5708 24.6875 24.8125 24.5000 25.28 27.06 1013.6882
06796.0835 24.6875 24.8125 24.5000 25.28 27.06 1013.6882
#terjedesi                                       nyomas  ##
#ido(usec)  T1(C)   T2(C)   T3(C)  T4(C) para(%)  (hPa)
06771.2710 24.6875 24.8125 24.5000 25.28 27.06 1013.6882
06795.8833 24.6875 24.8125 24.5000 25.28 27.06 1013.6882
06796.1333 24.6875 24.8125 24.5000 25.28 27.06 1013.6882
06795.6582 24.6875 24.8125 24.5000 25.28 27.06 1013.6882
06822.4585 24.6875 24.8125 24.5000 25.28 27.09 1013.6882
06796.0835 24.6875 24.8125 24.5000 25.28 27.09 1013.6882
06769.7710 24.6875 24.8125 24.5000 25.28 27.09 1013.6882
06822.2583 24.6875 24.8125 24.5000 25.28 27.09 1013.6882
06795.8960 24.6875 24.8125 24.5000 25.28 27.09 1013.6882
06795.6582 24.6875 24.8125 24.5000 25.28 27.09 1013.6882
06795.6206 24.6875 24.8125 24.5000 25.28 27.09 1013.6882
06846.3335 24.6875 24.8125 24.5000 25.28 27.09 1013.6882
06771.8584 24.6875 24.8125 24.5000 25.28 27.09 1013.6882
06796.1206 24.6875 24.8125 24.5000 25.28 27.09 1013.6882
06769.9585 24.6875 24.8125 24.5000 25.28 27.08 1013.6422
06745.2959 24.6875 24.8125 24.5000 25.28 27.08 1013.6422
06795.8335 24.6875 24.8125 24.5000 25.28 27.08 1013.6422
06795.4082 24.6875 24.8125 24.5000 25.28 27.08 1013.6422
06795.8457 24.6875 24.8125 24.5000 25.28 27.08 1013.6422
06795.8706 24.6875 24.8125 24.5000 25.28 27.08 1013.6422
06795.6460 24.6875 24.8750 24.5000 25.28 27.08 1013.6422
06796.3081 24.6875 24.8750 24.5000 25.28 27.08 1013.6422
06796.3081 24.6875 24.8750 24.5000 25.28 27.08 1013.6422
06796.3335 24.6875 24.8750 24.5000 25.29 27.07 1013.6504
06795.8960 24.6875 24.8750 24.5000 25.29 27.07 1013.6504
06795.4209 24.6875 24.8750 24.5000 25.29 27.07 1013.6504
06795.6582 24.6875 24.8750 24.5000 25.29 27.07 1013.6504
06795.6582 24.6875 24.8750 24.5000 25.29 27.07 1013.6504
06796.0835 24.6875 24.8750 24.5000 25.29 27.07 1013.6504
06796.1333 24.6875 24.8125 24.5000 25.29 27.07 1013.6504
06796.5581 24.6875 24.8125 24.5000 25.29 27.07 1013.6504
06795.8706 24.6875 24.8125 24.5000 25.29 27.07 1013.6504
06846.1709 24.6875 24.8125 24.5000 25.29 27.07 1013.6233
06795.6333 24.6875 24.8125 24.5000 25.29 27.07 1013.6233
06795.6460 24.6875 24.8125 24.5000 25.29 27.07 1013.6233
06796.0708 24.6875 24.8125 24.5000 25.29 27.07 1013.6233
06795.8335 24.6875 24.8750 24.5000 25.29 27.07 1013.6233
06769.7207 24.6875 24.8750 24.5000 25.29 27.07 1013.6233
06745.2456 24.6875 24.8750 24.5000 25.29 27.07 1013.6233
06795.5957 24.6875 24.8750 24.5000 25.29 27.07 1013.6233
06796.3457 24.6875 24.8750 24.5000 25.29 27.07 1013.6233
06795.4209 24.6875 24.8750 24.5000 25.29 27.07 1013.6233
06771.4331 24.6875 24.8750 24.5000 25.29 27.19 1013.7046
06744.8208 24.6875 24.8750 24.5000 25.29 27.19 1013.7046
06822.2085 24.6875 24.8750 24.5000 25.29 27.19 1013.7046
06796.8335 24.6875 24.8125 24.5000 25.29 27.19 1013.7046
06796.0835 24.6875 24.8125 24.5000 25.29 27.19 1013.7046
06771.3833 24.6875 24.8125 24.5000 25.29 27.19 1013.7046
06846.3208 24.6875 24.8125 24.5000 25.29 27.19 1013.7046
06771.1460 24.6875 24.8125 24.5000 25.29 27.19 1013.7046
06846.3457 24.6875 24.8125 24.5000 25.29 27.08 1013.6233
06795.4209 24.6875 24.8125 24.5000 25.29 27.08 1013.6233
06771.6709 24.6875 24.8750 24.5000 25.29 27.08 1013.6233
06795.6582 24.6875 24.8750 24.5000 25.29 27.08 1013.6233
06795.6582 24.6875 24.8750 24.5000 25.29 27.08 1013.6233
06822.1084 24.6875 24.8750 24.5000 25.29 27.08 1013.6233
06795.4209 24.6875 24.8750 24.5000 25.29 27.08 1013.6233
06771.1460 24.6875 24.8750 24.5000 25.29 27.08 1013.6233
06771.6582 24.6875 24.8750 24.5000 25.29 27.08 1013.6233
06821.7832 24.6875 24.8750 24.5000 25.29 27.08 1013.6233
06846.4082 24.6875 24.8750 24.5000 25.28 27.07 1013.6964
06796.3584 24.6875 24.8125 24.5000 25.28 27.07 1013.6964
06796.1333 24.6875 24.8125 24.5000 25.28 27.07 1013.6964
06821.9707 24.6875 24.8125 24.5000 25.28 27.07 1013.6964
06796.0835 24.6875 24.8125 24.5000 25.28 27.07 1013.6964
06796.1333 24.6875 24.8125 24.5000 25.28 27.07 1013.6964
06846.1084 24.6875 24.8125 24.5000 25.28 27.07 1013.6964
06795.4209 24.6875 24.8125 24.5000 25.28 27.07 1013.6964
06771.1958 24.7500 24.8125 24.5000 25.28 27.07 1013.6964
06821.9209 24.7500 24.8125 24.5000 25.28 27.07 1013.6882
06795.8833 24.7500 24.8125 24.5000 25.28 27.07 1013.6882
06795.8960 24.7500 24.8125 24.5000 25.28 27.07 1013.6882
06846.3457 24.7500 24.8125 24.5000 25.28 27.07 1013.6882
#terjedesi                                       nyomas  ##
#ido(usec)  T1(C)   T2(C)   T3(C)  T4(C) para(%)  (hPa)
06795.3706 24.7500 24.8125 24.5000 25.28 27.07 1013.6882
06744.8335 24.7500 24.8125 24.5000 25.28 27.07 1013.6882
06822.0835 24.7500 24.8125 24.5000 25.28 27.07 1013.6882
06821.9707 24.7500 24.8125 24.5000 25.28 27.07 1013.6882
06795.8960 24.6875 24.8125 24.5000 25.28 27.07 1013.6882
06795.8960 24.6875 24.8125 24.5000 25.28 27.08 1013.6882
06821.9707 24.6875 24.8125 24.5000 25.28 27.08 1013.6882
06795.6582 24.6875 24.8125 24.5000 25.28 27.08 1013.6882
06822.2710 24.6875 24.8125 24.5000 25.28 27.08 1013.6882
06846.1831 24.6875 24.8125 24.5000 25.28 27.08 1013.6882
06821.8081 24.6875 24.8125 24.5000 25.28 27.08 1013.6882
06796.1333 24.6875 24.8125 24.5000 25.28 27.08 1013.6882
06796.3208 24.6875 24.8125 24.5000 25.28 27.08 1013.6882
06795.8457 24.6875 24.8125 24.5000 25.28 27.08 1013.6882
06846.3584 24.6875 24.8125 24.5000 25.28 27.08 1013.6882
06795.8960 24.6875 24.8125 24.5000 25.28 27.08 1013.6422
06846.3457 24.6875 24.8125 24.5000 25.28 27.08 1013.6422
06795.6582 24.6875 24.8125 24.5000 25.28 27.08 1013.6422
06846.5835 24.6875 24.8125 24.5000 25.28 27.08 1013.6422
06819.8706 24.6875 24.8125 24.5000 25.28 27.08 1013.6422
06796.3584 24.6875 24.8125 24.5000 25.28 27.08 1013.6422
06769.4834 24.6875 24.8125 24.5000 25.28 27.08 1013.6422
06822.2085 24.6875 24.8125 24.5000 25.28 27.08 1013.6422
06795.5957 24.6875 24.8125 24.5000 25.28 27.08 1013.6422
06795.8706 24.6875 24.8125 24.5000 25.28 27.09 1013.6422
06795.3706 24.6875 24.8125 24.5000 25.28 27.09 1013.6422
06795.1831 24.6875 24.8125 24.5000 25.28 27.09 1013.6422
06771.1958 24.6875 24.8125 24.5625 25.28 27.09 1013.6422
06795.8960 24.6875 24.8125 24.5625 25.28 27.09 1013.6422
06795.8584 24.6875 24.8125 24.5625 25.28 27.09 1013.6422
06771.4082 24.6875 24.8125 24.5625 25.28 27.09 1013.6422
06744.5332 24.6875 24.8125 24.5625 25.28 27.09 1013.6422
06822.1460 24.6875 24.8125 24.5625 25.28 27.09 1013.6422
06771.4331 24.6875 24.8125 24.5625 25.28 27.09 1013.6422
06795.3584 24.6875 24.8125 24.5625 25.29 27.08 1013.7046
06822.2085 24.6875 24.8125 24.5625 25.29 27.08 1013.7046
06796.3208 24.6875 24.8125 24.5000 25.29 27.08 1013.7046
06795.6084 24.6875 24.8125 24.5000 25.29 27.08 1013.7046
06822.0083 24.6875 24.8125 24.5000 25.29 27.08 1013.7046
06744.7832 24.6875 24.8125 24.5000 25.29 27.08 1013.7046
06771.6206 24.6875 24.8125 24.5000 25.29 27.08 1013.7046
06845.8584 24.6875 24.8125 24.5000 25.29 27.08 1013.7046
06822.3208 24.6875 24.8125 24.5000 25.28 27.09 1013.6340
06745.2959 24.6875 24.8125 24.5625 25.28 27.09 1013.6340
06769.5332 24.6875 24.8125 24.5625 25.28 27.09 1013.6340
06796.3335 24.6875 24.8125 24.5625 25.28 27.09 1013.6340
06846.1206 24.6875 24.8125 24.5625 25.28 27.09 1013.6340
06795.6206 24.6875 24.8125 24.5625 25.28 27.09 1013.6340
06771.6206 24.6875 24.8125 24.5625 25.28 27.09 1013.6340
06846.1084 24.6875 24.8125 24.5625 25.28 27.09 1013.6340
06846.5957 24.6875 24.8125 24.5625 25.28 27.09 1013.6340
06795.6333 24.6875 24.8125 24.5625 25.28 27.09 1013.6340
06821.3584 24.7500 24.8125 24.5625 25.28 27.09 1013.6069
06769.9458 24.7500 24.8125 24.5625 25.28 27.09 1013.6069
06795.8706 24.7500 24.8125 24.5625 25.28 27.09 1013.6069
06796.0835 24.7500 24.8125 24.5625 25.28 27.09 1013.6069
06795.6206 24.7500 24.8125 24.5625 25.28 27.09 1013.6069
06795.8335 24.7500 24.8125 24.5625 25.28 27.09 1013.6069
06821.9209 24.7500 24.8125 24.5625 25.28 27.09 1013.6069
06846.3584 24.6875 24.8125 24.5000 25.28 27.09 1013.6069
06769.2959 24.6875 24.8125 24.5000 25.28 27.09 1013.6069
06796.0957 24.6875 24.8125 24.5000 25.28 27.09 1013.6422
06796.1206 24.6875 24.8125 24.5000 25.28 27.09 1013.6422
06796.3584 24.6875 24.8125 24.5000 25.28 27.09 1013.6422
06744.5459 24.6875 24.8125 24.5000 25.28 27.09 1013.6422
06846.3457 24.6875 24.8125 24.5000 25.28 27.09 1013.6422
06771.1333 24.6875 24.8125 24.5000 25.28 27.09 1013.6422
06822.0210 24.6875 24.8125 24.5000 25.28 27.09 1013.6422
06795.8960 24.6875 24.8125 24.5000 25.28 27.09 1013.6422
06796.3208 24.6875 24.8125 24.5000 25.28 27.09 1013.6422
06795.4082 24.6875 24.8125 24.5000 25.29 27.10 1013.6504
06771.6206 24.6875 24.8125 24.5000 25.29 27.10 1013.6504
06822.3081 24.6875 24.8125 24.5000 25.29 27.10 1013.6504
#terjedesi                                       nyomas  ##
#ido(usec)  T1(C)   T2(C)   T3(C)  T4(C) para(%)  (hPa)
06821.9707 24.6875 24.8125 24.5000 25.29 27.10 1013.6504
06765.2085 24.6875 24.8125 24.5000 25.29 27.10 1013.6504
06795.8960 24.6875 24.8125 24.5000 25.29 27.10 1013.6504
06796.3208 24.6875 24.8125 24.5000 25.29 27.10 1013.6504
06796.3584 24.6875 24.8125 24.5000 25.29 27.10 1013.6504
06822.0957 24.6875 24.8125 24.5000 25.29 27.10 1013.6504
06744.8208 24.6875 24.8125 24.5000 25.29 27.10 1013.6504
06822.0459 24.6875 24.8125 24.5000 25.28 27.09 1013.6340
06771.1958 24.6875 24.8125 24.5000 25.28 27.09 1013.6340
06821.9834 24.6875 24.8125 24.5000 25.28 27.09 1013.6340
06845.8584 24.6875 24.8125 24.5000 25.28 27.09 1013.6340
06795.8335 24.6875 24.8125 24.5000 25.28 27.09 1013.6340
06795.8457 24.6875 24.8125 24.5000 25.28 27.09 1013.6340
06822.1460 24.6875 24.8125 24.5000 25.28 27.09 1013.6340
06846.1709 24.6875 24.8125 24.5000 25.28 27.09 1013.6340
06771.4331 24.6875 24.8125 24.5000 25.28 27.10 1013.7153
06846.1709 24.6875 24.8125 24.5000 25.28 27.10 1013.7153
06744.7832 24.6875 24.8125 24.5000 25.28 27.10 1013.7153
06846.3208 24.7500 24.8750 24.5000 25.28 27.10 1013.7153
06796.3081 24.7500 24.8750 24.5000 25.28 27.10 1013.7153
06795.8457 24.7500 24.8750 24.5000 25.28 27.10 1013.7153
06821.9331 24.7500 24.8750 24.5000 25.28 27.10 1013.7153
06822.0210 24.7500 24.8750 24.5000 25.28 27.10 1013.7153
06771.4209 24.7500 24.8750 24.5000 25.28 27.10 1013.7153
06744.1206 24.7500 24.8750 24.5000 25.28 27.10 1013.7153
06744.7832 24.7500 24.8750 24.5000 25.28 27.10 1013.7153
06846.3457 24.7500 24.8750 24.5000 25.28 27.11 1013.6069
06795.6460 24.6875 24.8750 24.5000 25.28 27.11 1013.6069
06769.5210 24.6875 24.8750 24.5000 25.28 27.11 1013.6069
06771.6582 24.6875 24.8750 24.5000 25.28 27.11 1013.6069
06822.0083 24.6875 24.8750 24.5000 25.28 27.11 1013.6069
06795.6333 24.6875 24.8750 24.5000 25.28 27.11 1013.6069
06846.3457 24.6875 24.8750 24.5000 25.28 27.11 1013.6069
06846.1206 24.6875 24.8750 24.5000 25.28 27.11 1013.6069
06795.6460 24.7500 24.8125 24.5000 25.27 27.11 1013.6174
06769.7207 24.7500 24.8125 24.5000 25.27 27.11 1013.6174
06796.5957 24.7500 24.8125 24.5000 25.27 27.11 1013.6174
06795.6582 24.7500 24.8125 24.5000 25.27 27.11 1013.6174
06744.5835 24.7500 24.8125 24.5000 25.27 27.11 1013.6174
06795.4209 24.7500 24.8125 24.5000 25.27 27.11 1013.6174
06822.1958 24.7500 24.8125 24.5000 25.27 27.11 1013.6174
06846.1958 24.7500 24.8125 24.5000 25.27 27.11 1013.6174
06821.9707 24.7500 24.8125 24.5000 25.27 27.11 1013.6174
06796.0835 24.6875 24.8125 24.5000 25.27 27.11 1013.6174
06769.4834 24.6875 24.8125 24.5000 25.28 27.10 1013.6340
06822.0210 24.6875 24.8125 24.5000 25.28 27.10 1013.6340
06771.3833 24.6875 24.8125 24.5000 25.28 27.10 1013.6340
06795.3706 24.6875 24.8125 24.5000 25.28 27.10 1013.6340
06795.4209 24.6875 24.8125 24.5000 25.28 27.10 1013.6340
06771.1333 24.6875 24.8125 24.5000 25.28 27.10 1013.6340
06744.3081 24.6875 24.8125 24.5000 25.28 27.10 1013.6340
06846.4209 24.6875 24.8125 24.5000 25.28 27.10 1013.6340
06796.3081 24.6875 24.8125 24.5000 25.28 27.10 1013.6340
06822.0835 24.6875 24.8125 24.5000 25.28 27.11 1013.6422
06846.1958 24.6875 24.8125 24.5000 25.28 27.11 1013.6422
06771.1460 24.6875 24.8125 24.5000 25.28 27.11 1013.6422
06770.9585 24.6875 24.8125 24.5000 25.28 27.11 1013.6422
06822.0835 24.6875 24.8125 24.5000 25.28 27.11 1013.6422
06821.9956 24.6875 24.8125 24.5000 25.28 27.11 1013.6422
06846.3335 24.6875 24.8125 24.5000 25.28 27.11 1013.6422
06769.5210 24.6875 24.8125 24.5000 25.28 27.11 1013.6422
06795.6084 24.6875 24.8125 24.5000 25.28 27.11 1013.6422
06745.2959 24.6875 24.8125 24.5000 25.28 27.10 1013.6422
06795.8335 24.6875 24.8125 24.5000 25.28 27.10 1013.6422
06771.3960 24.6875 24.8125 24.5000 25.28 27.10 1013.6422
06846.5581 24.6875 24.8125 24.5000 25.28 27.10 1013.6422
06771.6333 24.7500 24.8125 24.5000 25.28 27.10 1013.6422
06770.0083 24.7500 24.8125 24.5000 25.28 27.10 1013.6422
06769.7207 24.7500 24.8125 24.5000 25.28 27.10 1013.6422
06846.3457 24.7500 24.8125 24.5000 25.28 27.10 1013.6422
06822.4956 24.7500 24.8125 24.5000 25.28 27.10 1013.6422
06822.0581 24.7500 24.8125 24.5000 25.28 27.10 1013.6422
06771.6709 24.7500 24.8125 24.5000 25.29 27.11 1013.6315
#terjedesi                                       nyomas  ##
#ido(usec)  T1(C)   T2(C)   T3(C)  T4(C) para(%)  (hPa)
06795.4956 24.7500 24.8125 24.5000 25.29 27.11 1013.6315
06771.1958 24.7500 24.8125 24.5000 25.29 27.11 1013.6315
06796.3457 24.6875 24.8125 24.5000 25.29 27.11 1013.6315
06796.0835 24.6875 24.8125 24.5000 25.29 27.11 1013.6315
06771.4209 24.6875 24.8125 24.5000 25.29 27.11 1013.6315
06821.9834 24.6875 24.8125 24.5000 25.29 27.11 1013.6315
06795.3960 24.6875 24.8125 24.5000 25.29 27.11 1013.6315
06795.8457 24.6875 24.8125 24.5000 25.29 27.11 1013.6315
06796.0708 24.6875 24.8125 24.5000 25.29 27.11 1013.7127
06795.6333 24.6875 24.8125 24.5000 25.29 27.11 1013.7127
06795.8960 24.6875 24.8125 24.5000 25.29 27.11 1013.7127
06796.3706 24.6875 24.8125 24.5000 25.29 27.11 1013.7127
06795.8960 24.6875 24.8125 24.5000 25.29 27.11 1013.7127
06795.6206 24.6875 24.8125 24.5000 25.29 27.11 1013.7127
06795.8706 24.6875 24.8125 24.5000 25.29 27.11 1013.7127
06821.7832 24.6875 24.8125 24.5000 25.29 27.11 1013.7127
06821.9331 24.6875 24.8125 24.5000 25.29 27.11 1013.7127
06771.1831 24.6875 24.8125 24.5000 25.29 27.11 1013.7127
06796.1206 24.6875 24.8125 24.5000 25.28 27.12 1013.6340
06796.3081 24.6875 24.8125 24.5000 25.28 27.12 1013.6340
06795.8960 24.6875 24.8125 24.5000 25.28 27.12 1013.6340
06821.9956 24.6875 24.8125 24.5000 25.28 27.12 1013.6340
06795.6582 24.6875 24.8125 24.5000 25.28 27.12 1013.6340
06795.8457 24.6875 24.8125 24.5000 25.28 27.12 1013.6340
06744.3584 24.6875 24.8125 24.5000 25.28 27.12 1013.6340
06821.7710 24.6875 24.8125 24.5000 25.28 27.12 1013.6340
06822.0708 24.6875 24.8125 24.5000 25.28 27.11 1013.6151
06795.8960 24.6875 24.8125 24.5000 25.28 27.11 1013.6151
06822.3457 24.6875 24.8125 24.5000 25.28 27.11 1013.6151
06795.3833 24.6875 24.8125 24.5000 25.28 27.11 1013.6151
06822.3208 24.6875 24.8125 24.5000 25.28 27.11 1013.6151
06795.6460 24.6875 24.8125 24.5000 25.28 27.11 1013.6151
06770.9209 24.6875 24.8125 24.5000 25.28 27.11 1013.6151
06822.2085 24.6875 24.8125 24.5000 25.28 27.11 1013.6151
06795.8833 24.6875 24.8125 24.5000 25.28 27.11 1013.6151
06771.8833 24.6875 24.8125 24.5000 25.28 27.11 1013.6151
06771.1709 24.6875 24.8125 24.5000 25.28 27.11 1013.6340
06771.1460 24.6875 24.8125 24.5000 25.28 27.11 1013.6340
06770.9585 24.6875 24.8125 24.5000 25.28 27.11 1013.6340
06771.4331 24.6875 24.8125 24.5000 25.28 27.11 1013.6340
06822.0957 24.6875 24.8125 24.5000 25.28 27.11 1013.6340
06745.3081 24.7500 24.8750 24.5000 25.28 27.11 1013.6340
06796.3706 24.7500 24.8750 24.5000 25.28 27.11 1013.6340
06796.3706 24.7500 24.8750 24.5000 25.28 27.11 1013.6340
06795.6084 24.7500 24.8750 24.5000 25.28 27.11 1013.6340
06771.1958 24.7500 24.8750 24.5000 25.29 27.12 1013.6586
06822.1582 24.7500 24.8750 24.5000 25.29 27.12 1013.6586
06771.4331 24.7500 24.8750 24.5000 25.29 27.12 1013.6586
06744.5332 24.7500 24.8750 24.5000 25.29 27.12 1013.6586
06744.5708 24.7500 24.8750 24.5000 25.29 27.12 1013.6586
06795.4209 24.7500 24.8750 24.5000 25.29 27.12 1013.6586
06846.4331 24.7500 24.8750 24.5000 25.29 27.12 1013.6586
06744.5708 24.7500 24.8750 24.5000 25.29 27.12 1013.6586
06771.4331 24.7500 24.8750 24.5000 25.29 27.12 1013.6586
06821.9707 24.7500 24.8750 24.5000 25.28 27.13 1013.6611
06770.9331 24.7500 24.8750 24.5000 25.28 27.13 1013.6611
06771.3833 24.7500 24.8750 24.5000 25.28 27.13 1013.6611
06795.8706 24.6875 24.8750 24.5000 25.28 27.13 1013.6611
06795.5957 24.6875 24.8750 24.5000 25.28 27.13 1013.6611
06796.0708 24.6875 24.8750 24.5000 25.28 27.13 1013.6611
06771.1333 24.6875 24.8750 24.5000 25.28 27.13 1013.6611
06744.5835 24.6875 24.8750 24.5000 25.28 27.13 1013.6611
06770.7207 24.6875 24.8750 24.5000 25.28 27.13 1013.6611
06744.3335 24.6875 24.8750 24.5000 25.28 27.13 1013.6611
06821.3833 24.6875 24.8750 24.5000 25.29 27.12 1013.6315
06821.9707 24.6875 24.8750 24.5000 25.29 27.12 1013.6315
06769.2959 24.7500 24.8125 24.5625 25.29 27.12 1013.6315
06795.8584 24.7500 24.8125 24.5625 25.29 27.12 1013.6315
06770.9458 24.7500 24.8125 24.5625 25.29 27.12 1013.6315
06821.9707 24.7500 24.8125 24.5625 25.29 27.12 1013.6315
06821.7959 24.7500 24.8125 24.5625 25.29 27.12 1013.6315
06821.7456 24.7500 24.8125 24.5625 25.29 27.12 1013.6315
06744.8081 24.7500 24.8125 24.5625 25.29 27.12 1013.6315
#terjedesi                                       nyomas  ##
#ido(usec)  T1(C)   T2(C)   T3(C)  T4(C) para(%)  (hPa)
06822.1333 24.6875 24.8750 24.5000 25.29 27.13 1013.6586
06739.0957 24.6875 24.8750 24.5000 25.29 27.13 1013.6586
06795.6460 24.6875 24.8750 24.5000 25.29 27.13 1013.6586
06822.0581 24.6875 24.8750 24.5000 25.29 27.13 1013.6586
06771.1958 24.6875 24.8750 24.5000 25.29 27.13 1013.6586
06770.9585 24.6875 24.8750 24.5000 25.29 27.13 1013.6586
06771.4209 24.6875 24.8750 24.5000 25.29 27.13 1013.6586
06744.3584 24.6875 24.8750 24.5000 25.29 27.13 1013.6586
06795.1206 24.6875 24.8750 24.5000 25.29 27.13 1013.6586
06796.1206 24.7500 24.8750 24.5000 25.29 27.12 1013.6504
06768.7710 24.7500 24.8750 24.5000 25.29 27.12 1013.6504
06822.0581 24.7500 24.8750 24.5000 25.29 27.12 1013.6504
06821.9707 24.7500 24.8750 24.5000 25.29 27.12 1013.6504
06822.0835 24.7500 24.8750 24.5000 25.29 27.12 1013.6504
06795.6084 24.7500 24.8750 24.5000 25.29 27.12 1013.6504
06771.1460 24.7500 24.8750 24.5000 25.29 27.12 1013.6504
06770.9585 24.6875 24.8125 24.5625 25.29 27.12 1013.6504
06822.1206 24.6875 24.8125 24.5625 25.29 27.12 1013.6504
06795.8833 24.6875 24.8125 24.5625 25.29 27.12 1013.6504
06771.1460 24.6875 24.8125 24.5625 25.30 27.12 1013.6397
06846.1084 24.6875 24.8125 24.5625 25.30 27.12 1013.6397
06770.9331 24.6875 24.8125 24.5625 25.30 27.12 1013.6397
06743.8833 24.6875 24.8125 24.5625 25.30 27.12 1013.6397
06770.9082 24.6875 24.8125 24.5625 25.30 27.12 1013.6397
06821.9585 24.6875 24.8125 24.5625 25.30 27.12 1013.6397
06796.1206 24.7500 24.8750 24.5000 25.30 27.12 1013.6397
06769.2456 24.7500 24.8750 24.5000 25.30 27.12 1013.6397
06846.3584 24.7500 24.8750 24.5000 25.30 27.12 1013.6397
06745.0210 24.7500 24.8750 24.5000 25.29 27.11 1013.6775
06771.3706 24.7500 24.8750 24.5000 25.29 27.11 1013.6775
06822.2583 24.7500 24.8750 24.5000 25.29 27.11 1013.6775
06744.5957 24.7500 24.8750 24.5000 25.29 27.11 1013.6775
06795.5957 24.6875 24.8750 24.5000 25.29 27.11 1013.6775