#terjedesi                                       nyomas  ##
#ido(usec)  T1(C)   T2(C)   T3(C)  T4(C) para(%)  (hPa)
04747.7583 24.5625 24.6250 24.3125 25.10 27.06 1013.8143
04741.2583 24.5625 24.6250 24.3125 25.10 27.06 1013.8143
04747.4458 24.5625 24.6250 24.3125 25.10 27.06 1013.8143
04747.9209 24.5625 24.6250 24.3125 25.10 27.06 1013.8143
04747.9209 24.5625 24.6250 24.3125 25.10 27.06 1013.8143
04747.6831 24.5625 24.6250 24.3125 25.10 27.06 1013.8143
04747.6831 24.5625 24.6250 24.3125 25.10 27.06 1013.8143
04747.9209 24.5625 24.6250 24.3125 25.10 27.05 1013.7873
04747.8706 24.5625 24.6250 24.3125 25.10 27.05 1013.7873
04747.4458 24.5625 24.6250 24.3125 25.10 27.05 1013.7873
04747.3960 24.5625 24.6250 24.3125 25.10 27.05 1013.7873
04747.6333 24.5625 24.6250 24.3125 25.10 27.05 1013.7873
04747.6333 24.5625 24.6250 24.3125 25.10 27.05 1013.7873
04747.8960 24.5625 24.6250 24.3125 25.10 27.05 1013.7873
04772.1460 24.5625 24.6875 24.3125 25.10 27.05 1013.7873
04771.8960 24.5625 24.6875 24.3125 25.10 27.05 1013.8143
04771.9082 24.5625 24.6875 24.3125 25.10 27.05 1013.8143
04771.1333 24.5625 24.6875 24.3125 25.10 27.05 1013.8143
04747.6831 24.5625 24.6875 24.3125 25.10 27.05 1013.8143
04747.8584 24.5625 24.6875 24.3125 25.10 27.05 1013.8143
04747.2085 24.5625 24.6875 24.3125 25.10 27.05 1013.8143
04747.8833 24.5625 24.6875 24.3125 25.10 27.05 1013.8143
04771.6709 24.5625 24.6875 24.3125 25.10 27.05 1013.8143
04747.8584 24.5625 24.6875 24.3125 25.10 27.05 1013.8143
04772.1206 24.5625 24.6875 24.3125 25.10 27.05 1013.8143
04796.0957 24.5625 24.6875 24.3125 25.10 27.05 1013.8143
04747.6333 24.5625 24.6875 24.3125 25.10 27.05 1013.8143
04747.4331 24.5625 24.6875 24.3125 25.10 27.05 1013.8143
04747.4331 24.5625 24.6875 24.3125 25.10 27.05 1013.8143
04747.2085 24.5625 24.6875 24.3125 25.10 27.05 1013.8143
04747.6831 24.5625 24.6875 24.3125 25.10 27.05 1013.8143
04747.6831 24.5625 24.6250 24.3125 25.10 27.05 1013.8143
04748.1333 24.5625 24.6250 24.3125 25.10 27.05 1013.8143
04772.1084 24.5625 24.6250 24.3125 25.10 27.05 1013.8143
04747.6709 24.5625 24.6250 24.3125 25.10 27.05 1013.8143
04747.4458 24.5625 24.6250 24.3125 25.11 27.05 1013.8582
04747.4458 24.5625 24.6250 24.3125 25.11 27.05 1013.8582
04747.8706 24.5625 24.6250 24.3125 25.11 27.05 1013.8582
04747.6460 24.5625 24.6250 24.3125 25.11 27.05 1013.8582
04747.1460 24.5625 24.6250 24.3125 25.11 27.05 1013.8582
04748.1084 24.5625 24.6250 24.3125 25.11 27.05 1013.8582
04772.0957 24.5625 24.6250 24.3125 25.11 27.05 1013.8582
04772.1084 24.5625 24.6250 24.3125 25.11 27.05 1013.8582
04747.9209 24.5625 24.6250 24.3125 25.11 27.05 1013.8582
04747.4458 24.5625 24.6250 24.3125 25.10 27.06 1013.7873
04747.6831 24.5625 24.6250 24.3125 25.10 27.06 1013.7873
04747.6333 24.5625 24.6250 24.3125 25.10 27.06 1013.7873
04747.8706 24.5625 24.6250 24.3125 25.10 27.06 1013.7873
04747.8833 24.5625 24.6250 24.3125 25.10 27.06 1013.7873
04796.6084 24.5625 24.6250 24.3125 25.10 27.06 1013.7873
04772.1084 24.5625 24.6250 24.3125 25.10 27.06 1013.7873
04796.1333 24.5625 24.6250 24.3125 25.10 27.06 1013.7873
04747.9082 24.5625 24.6250 24.3125 25.10 27.06 1013.7873
04771.1582 24.5625 24.6250 24.3125 25.10 27.06 1013.7873
04747.6831 24.5625 24.6250 24.3125 25.10 27.05 1013.7249
04747.4458 24.5625 24.6250 24.3125 25.10 27.05 1013.7249
04747.6582 24.5625 24.6250 24.3125 25.10 27.05 1013.7249
04772.0957 24.5625 24.6250 24.3125 25.10 27.05 1013.7249
04796.5581 24.5625 24.6250 24.3125 25.10 27.05 1013.7249
04796.0835 24.5625 24.6250 24.3125 25.10 27.05 1013.7249
04747.8960 24.5625 24.6250 24.3125 25.10 27.05 1013.7249
04748.1460 24.5625 24.6250 24.3125 25.10 27.05 1013.7249
04772.1460 24.5625 24.6250 24.3125 25.10 27.05 1013.7249
04771.8960 24.5625 24.6250 24.3125 25.10 27.05 1013.8414
04747.9209 24.5625 24.6250 24.3125 25.10 27.05 1013.8414
04747.9209 24.5625 24.6250 24.3125 25.10 27.05 1013.8414
04771.9082 24.5625 24.6875 24.3125 25.10 27.05 1013.8414
04772.3457 24.5625 24.6875 24.3125 25.10 27.05 1013.8414
04772.1333 24.5625 24.6875 24.3125 25.10 27.05 1013.8414
04747.8706 24.5625 24.6875 24.3125 25.10 27.05 1013.8414
04747.8584 24.5625 24.6875 24.3125 25.10 27.05 1013.8414
04747.8706 24.5625 24.6875 24.3125 25.10 27.05 1013.8414
04772.0957 24.5625 24.6875 24.3125 25.10 27.05 1013.8414
#terjedesi                                       nyomas  ##
#ido(usec)  T1(C)   T2(C)   T3(C)  T4(C) para(%)  (hPa)
04772.2583 24.5625 24.6875 24.3125 25.10 27.05 1013.8414
04772.1460 24.5625 24.6875 24.3125 25.10 27.05 1013.8414
04772.1460 24.5625 24.6250 24.3125 25.10 27.05 1013.8414
04796.1084 24.5625 24.6250 24.3125 25.10 27.05 1013.8414
04771.8833 24.5625 24.6250 24.3125 25.10 27.05 1013.8414
04771.8584 24.5625 24.6250 24.3125 25.10 27.05 1013.8414
04747.8960 24.5625 24.6250 24.3125 25.10 27.05 1013.8414
04747.6709 24.5625 24.6250 24.3125 25.10 27.05 1013.8414
04748.1084 24.5625 24.6250 24.3125 25.10 27.05 1013.8414
04747.8706 24.5625 24.6250 24.3125 25.09 27.04 1013.6896
04796.1206 24.5625 24.6250 24.3125 25.09 27.04 1013.6896
04796.3081 24.5625 24.6250 24.3125 25.09 27.04 1013.6896
04771.6460 24.5625 24.6250 24.3125 25.09 27.04 1013.6896
04747.6831 24.5625 24.6250 24.3125 25.09 27.04 1013.6896
04747.6831 24.5625 24.6250 24.3125 25.09 27.04 1013.6896
04747.8960 24.5625 24.6250 24.3125 25.09 27.04 1013.6896
04771.4331 24.5625 24.6250 24.3125 25.09 27.04 1013.6896
04747.9209 24.5625 24.6250 24.3125 25.09 27.04 1013.6896
04747.6333 24.6250 24.6875 24.3125 25.10 27.05 1013.7873
04772.3833 24.6250 24.6875 24.3125 25.10 27.05 1013.7873
04748.1084 24.6250 24.6875 24.3125 25.10 27.05 1013.7873
04748.1084 24.6250 24.6875 24.3125 25.10 27.05 1013.7873
04747.6206 24.6250 24.6875 24.3125 25.10 27.05 1013.7873
04771.8584 24.6250 24.6875 24.3125 25.10 27.05 1013.7873
04771.1958 24.6250 24.6875 24.3125 25.10 27.05 1013.7873
04748.1460 24.6250 24.6875 24.3125 25.10 27.05 1013.7873
04747.6831 24.6250 24.6875 24.3125 25.10 27.05 1013.7873
04747.9209 24.5625 24.6250 24.3125 25.10 27.05 1013.7873
04772.0957 24.5625 24.6250 24.3125 25.10 27.04 1013.8143
04771.9082 24.5625 24.6250 24.3125 25.10 27.04 1013.8143
04747.2085 24.5625 24.6250 24.3125 25.10 27.04 1013.8143
04747.6333 24.5625 24.6250 24.3125 25.10 27.04 1013.8143
04747.8706 24.5625 24.6250 24.3125 25.10 27.04 1013.8143
04748.1582 24.5625 24.6250 24.3125 25.10 27.04 1013.8143
04747.6206 24.5625 24.6250 24.3125 25.10 27.04 1013.8143
04771.9082 24.5625 24.6875 24.3125 25.10 27.04 1013.8143
04796.1206 24.5625 24.6875 24.3125 25.10 27.04 1013.8143
04772.1333 24.5625 24.6875 24.3125 25.10 27.04 1013.7791
04747.3833 24.5625 24.6875 24.3125 25.10 27.04 1013.7791
04748.1582 24.5625 24.6875 24.3125 25.10 27.04 1013.7791
04747.4458 24.5625 24.6875 24.3125 25.10 27.04 1013.7791
04748.1582 24.5625 24.6875 24.3125 25.10 27.04 1013.7791
04747.6206 24.5625 24.6875 24.3125 25.10 27.04 1013.7791
04747.8960 24.5625 24.6875 24.3125 25.10 27.04 1013.7791
04747.9209 24.5625 24.6875 24.3750 25.10 27.04 1013.7791
04772.1460 24.5625 24.6875 24.3750 25.10 27.04 1013.7791
04748.0957 24.5625 24.6875 24.3750 25.10 27.04 1013.7791
04772.0835 24.5625 24.6875 24.3750 25.10 27.06 1013.7791
04747.6206 24.5625 24.6875 24.3750 25.10 27.06 1013.7791
04747.6333 24.5625 24.6875 24.3750 25.10 27.06 1013.7791
04747.6831 24.5625 24.6875 24.3750 25.10 27.06 1013.7791
04747.4458 24.5625 24.6875 24.3750 25.10 27.06 1013.7791
04747.6831 24.5625 24.6875 24.3125 25.10 27.06 1013.7791
04748.1084 24.5625 24.6875 24.3125 25.10 27.06 1013.7791
04771.8457 24.5625 24.6875 24.3125 25.10 27.06 1013.7791
04747.8833 24.5625 24.6875 24.3125 25.10 27.06 1013.7791
04747.6333 24.5625 24.6875 24.3125 25.11 27.06 1013.8582
04747.6333 24.5625 24.6875 24.3125 25.11 27.06 1013.8582
04771.8584 24.5625 24.6875 24.3125 25.11 27.06 1013.8582
04747.6206 24.5625 24.6875 24.3125 25.11 27.06 1013.8582
04747.4458 24.5625 24.6875 24.3125 25.11 27.06 1013.8582
04747.4458 24.5625 24.6875 24.3125 25.11 27.06 1013.8582
04748.1084 24.5625 24.6875 24.3125 25.11 27.06 1013.8582
04771.9082 24.5625 24.6875 24.3125 25.11 27.06 1013.8582
04747.1582 24.5625 24.6875 24.3125 25.11 27.06 1013.8582
04771.8833 24.5625 24.6875 24.3125 25.11 27.06 1013.8582
04772.3335 24.5625 24.6875 24.3125 25.11 27.06 1013.8582
04771.6709 24.5625 24.6875 24.3125 25.11 27.06 1013.8582
04771.6582 24.5625 24.6875 24.3125 25.11 27.06 1013.8582
04796.3081 24.5625 24.6875 24.3125 25.11 27.06 1013.8582
04796.3208 24.5625 24.6875 24.3125 25.11 27.06 1013.8582
04796.6084 24.5625 24.6875 24.3125 25.11 27.06 1013.8582
04747.8584 24.5625 24.6875 24.3125 25.11 27.06 1013.8582
#terjedesi                                       nyomas  ##
#ido(usec)  T1(C)   T2(C)   T3(C)  T4(C) para(%)  (hPa)
04771.9707 24.5625 24.6875 24.3125 25.11 27.06 1013.8582
04740.7456 24.5625 24.6875 24.3125 25.11 27.06 1013.8582
04747.6831 24.5625 24.6875 24.3125 25.11 27.06 1013.8582
04772.1084 24.5625 24.6875 24.3125 25.11 27.05 1013.8039
04748.1084 24.5625 24.6875 24.3125 25.11 27.05 1013.8039
04772.1460 24.5625 24.6875 24.3125 25.11 27.05 1013.8039
04796.3706 24.5625 24.6875 24.3125 25.11 27.05 1013.8039
04796.3584 24.5625 24.6875 24.3125 25.11 27.05 1013.8039
04747.8584 24.5625 24.6875 24.3125 25.11 27.05 1013.8039
04747.6709 24.5625 24.6875 24.3125 25.11 27.05 1013.8039
04747.8960 24.5625 24.6875 24.3125 25.11 27.05 1013.8039
04747.3960 24.5625 24.6875 24.3125 25.10 27.05 1013.8143
04771.6206 24.5625 24.6875 24.3125 25.10 27.05 1013.8143
04747.8706 24.5625 24.6875 24.3125 25.10 27.05 1013.8143
04771.4331 24.5625 24.6875 24.3125 25.10 27.05 1013.8143
04772.0957 24.5625 24.6875 24.3125 25.10 27.05 1013.8143
04771.6084 24.5625 24.6875 24.3125 25.10 27.05 1013.8143
04748.1084 24.5625 24.6875 24.3125 25.10 27.05 1013.8143
04747.6333 24.5625 24.6875 24.3125 25.10 27.05 1013.8143
04771.8457 24.5625 24.6875 24.3125 25.10 27.05 1013.8143
04747.6333 24.5625 24.6875 24.3125 25.10 27.05 1013.8143
04747.8584 24.5625 24.6875 24.3125 25.10 27.05 1013.8143
04771.8584 24.5625 24.6250 24.3125 25.10 27.05 1013.8414
04796.3706 24.5625 24.6250 24.3125 25.10 27.05 1013.8414
04772.0957 24.5625 24.6250 24.3125 25.10 27.05 1013.8414
04748.0957 24.5625 24.6250 24.3125 25.10 27.05 1013.8414
04747.6460 24.5625 24.6250 24.3125 25.10 27.05 1013.8414
04747.3960 24.5625 24.6250 24.3125 25.10 27.05 1013.8414
04747.6831 24.5625 24.6250 24.3125 25.10 27.05 1013.8414
04747.8584 24.5625 24.6250 24.3125 25.10 27.05 1013.8414
04747.6831 24.5625 24.6250 24.3125 25.10 27.05 1013.8414
04772.1460 24.5625 24.6250 24.3125 25.11 27.05 1013.8225
04772.3208 24.5625 24.6250 24.3125 25.11 27.05 1013.8225
04772.0835 24.5625 24.6250 24.3125 25.11 27.05 1013.8225
04747.8833 24.5625 24.6250 24.3125 25.11 27.05 1013.8225
04771.9082 24.5625 24.6250 24.3125 25.11 27.05 1013.8225
04747.6582 24.5625 24.6250 24.3125 25.11 27.05 1013.8225
04747.6831 24.5625 24.6250 24.3125 25.11 27.05 1013.8225
04747.6709 24.5625 24.6250 24.3125 25.11 27.05 1013.8225
04747.6333 24.5625 24.6250 24.3125 25.11 27.05 1013.8225
04748.1084 24.5625 24.6875 24.3125 25.10 27.06 1013.7791
04796.3335 24.5625 24.6875 24.3125 25.10 27.06 1013.7791
04771.8584 24.5625 24.6875 24.3125 25.10 27.06 1013.7791
04747.9209 24.5625 24.6875 24.3125 25.10 27.06 1013.7791
04747.6333 24.5625 24.6875 24.3125 25.10 27.06 1013.7791
04747.8960 24.5625 24.6875 24.3125 25.10 27.06 1013.7791
04747.9209 24.5625 24.6875 24.3125 25.10 27.06 1013.7791
04771.8833 24.5625 24.6875 24.3125 25.10 27.06 1013.7791
04796.1333 24.6250 24.6875 24.3125 25.10 27.06 1013.7791
04796.3706 24.6250 24.6875 24.3125 25.10 27.06 1013.7791
04772.1333 24.6250 24.6875 24.3125 25.10 27.07 1013.8956
04748.1206 24.6250 24.6875 24.3125 25.10 27.07 1013.8956
04747.6831 24.6250 24.6875 24.3125 25.10 27.07 1013.8956
04747.6582 24.6250 24.6875 24.3125 25.10 27.07 1013.8956
04747.8706 24.6250 24.6875 24.3125 25.10 27.07 1013.8956
04771.6206 24.6250 24.6875 24.3125 25.10 27.07 1013.8956
04747.4458 24.6250 24.6875 24.3125 25.10 27.07 1013.8956
04772.1460 24.6250 24.6250 24.3125 25.10 27.07 1013.8956
04772.0957 24.6250 24.6250 24.3125 25.10 27.07 1013.8956
04747.9082 24.6250 24.6250 24.3125 25.10 27.06 1013.8143
04747.8706 24.6250 24.6250 24.3125 25.10 27.06 1013.8143
04747.9209 24.6250 24.6250 24.3125 25.10 27.06 1013.8143
04747.9082 24.6250 24.6250 24.3125 25.10 27.06 1013.8143
04747.6206 24.6250 24.6250 24.3125 25.10 27.06 1013.8143
04747.6831 24.6250 24.6250 24.3125 25.10 27.06 1013.8143
04772.0957 24.5625 24.6250 24.3125 25.10 27.06 1013.8143
04796.1333 24.5625 24.6250 24.3125 25.10 27.06 1013.8143
04772.3833 24.5625 24.6250 24.3125 25.10 27.06 1013.8143
04747.9209 24.5625 24.6250 24.3125 25.10 27.06 1013.8143
04747.9209 24.5625 24.6250 24.3125 25.10 27.06 1013.8414
04747.8706 24.5625 24.6250 24.3125 25.10 27.06 1013.8414
04747.6709 24.5625 24.6250 24.3125 25.10 27.06 1013.8414
04747.8706 24.5625 24.6250 24.3125 25.10 27.06 1013.8414
#terjedesi                                       nyomas  ##
#ido(usec)  T1(C)   T2(C)   T3(C)  T4(C) para(%)  (hPa)
04771.5459 24.5625 24.6875 24.3750 25.10 27.06 1013.8414
04772.1460 24.5625 24.6875 24.3750 25.10 27.06 1013.8414
04772.1333 24.5625 24.6875 24.3750 25.10 27.06 1013.8414
04771.8584 24.5625 24.6875 24.3750 25.10 27.06 1013.8414
04747.6206 24.5625 24.6875 24.3750 25.10 27.06 1013.8414
04747.6831 24.5625 24.6875 24.3750 25.11 27.06 1013.8039
04771.6206 24.5625 24.6875 24.3750 25.11 27.06 1013.8039
04748.1206 24.5625 24.6875 24.3750 25.11 27.06 1013.8039
04747.8960 24.5625 24.6875 24.3750 25.11 27.06 1013.8039
04747.9209 24.5625 24.6875 24.3125 25.11 27.06 1013.8039
04772.1206 24.5625 24.6875 24.3125 25.11 27.06 1013.8039
04772.1460 24.5625 24.6875 24.3125 25.11 27.06 1013.8039
04747.6333 24.5625 24.6875 24.3125 25.11 27.06 1013.8039
04772.0957 24.5625 24.6875 24.3125 25.11 27.06 1013.8039
04772.1333 24.5625 24.6875 24.3125 25.11 27.06 1013.8039
04771.8584 24.5625 24.6875 24.3125 25.10 27.07 1013.8414
04772.0957 24.5625 24.6875 24.3125 25.10 27.07 1013.8414
04772.1460 24.5625 24.6250 24.3125 25.10 27.07 1013.8414
04772.1333 24.5625 24.6250 24.3125 25.10 27.07 1013.8414
04796.3081 24.5625 24.6250 24.3125 25.10 27.07 1013.8414
04747.6831 24.5625 24.6250 24.3125 25.10 27.07 1013.8414
04747.8960 24.5625 24.6250 24.3125 25.10 27.07 1013.8414
04747.8584 24.5625 24.6250 24.3125 25.10 27.07 1013.8414
04771.6709 24.5625 24.6250 24.3125 25.10 27.07 1013.8414
04747.9209 24.5625 24.6250 24.3125 25.11 27.06 1013.8225
04747.8584 24.5625 24.6250 24.3125 25.11 27.06 1013.8225
04747.6831 24.5625 24.6250 24.3125 25.11 27.06 1013.8225
04772.1460 24.5625 24.6250 24.3125 25.11 27.06 1013.8225
04747.8706 24.5625 24.6250 24.3125 25.11 27.06 1013.8225
04747.8833 24.5625 24.6250 24.3125 25.11 27.06 1013.8225
04771.8584 24.5625 24.6250 24.3125 25.11 27.06 1013.8225
04748.1084 24.5625 24.6250 24.3125 25.11 27.06 1013.8225
04748.1333 24.5625 24.6250 24.3125 25.11 27.06 1013.8225
04747.6709 24.5625 24.6250 24.3125 25.11 27.08 1013.8496
04771.9082 24.5625 24.6875 24.3125 25.11 27.08 1013.8496
04771.8584 24.5625 24.6875 24.3125 25.11 27.08 1013.8496
04772.1460 24.5625 24.6875 24.3125 25.11 27.08 1013.8496
04771.8960 24.5625 24.6875 24.3125 25.11 27.08 1013.8496
04771.9082 24.5625 24.6875 24.3125 25.11 27.08 1013.8496
04747.6831 24.5625 24.6875 24.3125 25.11 27.08 1013.8496
04747.6709 24.5625 24.6875 24.3125 25.11 27.08 1013.8496
04747.4331 24.5625 24.6875 24.3125 25.11 27.08 1013.8496
04747.8706 24.5625 24.6875 24.3125 25.11 27.08 1013.8496
04772.1460 24.5625 24.6875 24.3750 25.10 27.08 1013.7873
04772.0835 24.5625 24.6875 24.3750 25.10 27.08 1013.7873
04772.3335 24.5625 24.6875 24.3750 25.10 27.08 1013.7873
04771.6709 24.5625 24.6875 24.3750 25.10 27.08 1013.7873
04747.6831 24.5625 24.6875 24.3750 25.10 27.08 1013.7873
04747.6831 24.5625 24.6875 24.3750 25.10 27.08 1013.7873
04772.0957 24.5625 24.6875 24.3750 25.10 27.08 1013.7873
04748.1333 24.5625 24.6875 24.3750 25.10 27.08 1013.7873
04747.9209 24.5625 24.6250 24.3125 25.10 27.08 1013.7873
04771.8584 24.5625 24.6250 24.3125 25.11 27.07 1013.7955
04772.1460 24.5625 24.6250 24.3125 25.11 27.07 1013.7955
04747.6831 24.5625 24.6250 24.3125 25.11 27.07 1013.7955
04748.1582 24.5625 24.6250 24.3125 25.11 27.07 1013.7955
04747.6206 24.5625 24.6250 24.3125 25.11 27.07 1013.7955
04747.9209 24.5625 24.6250 24.3125 25.11 27.07 1013.7955
04747.6460 24.5625 24.6250 24.3125 25.11 27.07 1013.7955
04747.9209 24.5625 24.6250 24.3125 25.11 27.07 1013.7955
04747.4458 24.6250 24.6875 24.3125 25.11 27.07 1013.7955
04772.1206 24.6250 24.6875 24.3125 25.11 27.07 1013.7955
04796.0835 24.6250 24.6875 24.3125 25.11 27.08 1013.8582
04747.8706 24.6250 24.6875 24.3125 25.11 27.08 1013.8582
04747.6333 24.6250 24.6875 24.3125 25.11 27.08 1013.8582
04747.8706 24.6250 24.6875 24.3125 25.11 27.08 1013.8582
04747.6709 24.6250 24.6875 24.3125 25.11 27.08 1013.8582
04747.6582 24.6250 24.6875 24.3125 25.11 27.08 1013.8582
04771.8584 24.5625 24.6875 24.3125 25.11 27.08 1013.8582
04772.1460 24.5625 24.6875 24.3125 25.11 27.08 1013.8582
04772.3833 24.5625 24.6875 24.3125 25.11 27.08 1013.8582
04747.6831 24.5625 24.6875 24.3125 25.11 27.08 1013.8582
04771.4331 24.5625 24.6875 24.3125 25.10 27.08 1013.7873
#terjedesi                                       nyomas  ##
#ido(usec)  T1(C)   T2(C)   T3(C)  T4(C) para(%)  (hPa)
04747.9834 24.5625 24.6875 24.3125 25.10 27.08 1013.7873
04742.8833 24.5625 24.6875 24.3125 25.10 27.08 1013.7873
04747.9209 24.5625 24.6875 24.3125 25.10 27.08 1013.7873
04771.1958 24.5625 24.6875 24.3125 25.10 27.08 1013.7873
04772.1333 24.5625 24.6875 24.3125 25.10 27.08 1013.7873
04748.1084 24.5625 24.6875 24.3125 25.10 27.08 1013.7873
04796.3208 24.5625 24.6875 24.3125 25.10 27.08 1013.7873
04747.6831 24.5625 24.6875 24.3125 25.10 27.08 1013.7873
04747.9209 24.5625 24.6875 24.3125 25.10 27.09 1013.8685
04747.8960 24.5625 24.6875 24.3125 25.10 27.09 1013.8685
04771.8457 24.5625 24.6875 24.3125 25.10 27.09 1013.8685
04771.9082 24.5625 24.6875 24.3125 25.10 27.09 1013.8685
04771.6709 24.5625 24.6875 24.3125 25.10 27.09 1013.8685
04772.3833 24.6250 24.6875 24.3125 25.10 27.09 1013.8685
04796.1333 24.6250 24.6875 24.3125 25.10 27.09 1013.8685
04796.3081 24.6250 24.6875 24.3125 25.10 27.09 1013.8685
04771.3960 24.6250 24.6875 24.3125 25.10 27.09 1013.8685
04772.0957 24.6250 24.6875 24.3125 25.10 27.09 1013.8685
04772.1460 24.6250 24.6875 24.3125 25.10 27.08 1013.7873
04747.8584 24.6250 24.6875 24.3125 25.10 27.08 1013.7873
04747.8706 24.6250 24.6875 24.3125 25.10 27.08 1013.7873
04771.8833 24.6250 24.6875 24.3125 25.10 27.08 1013.7873
04796.0835 24.5625 24.6875 24.3125 25.10 27.08 1013.7873
04796.3706 24.5625 24.6875 24.3125 25.10 27.08 1013.7873
04747.9209 24.5625 24.6875 24.3125 25.10 27.08 1013.7873
04747.3960 24.5625 24.6875 24.3125 25.10 27.08 1013.7873
04747.8584 24.5625 24.6875 24.3125 25.10 27.08 1013.7873
04747.8584 24.5625 24.6875 24.3125 25.10 27.08 1013.8956
04772.1084 24.5625 24.6875 24.3125 25.10 27.08 1013.8956
04747.9209 24.5625 24.6875 24.3125 25.10 27.08 1013.8956
04771.9082 24.5625 24.6875 24.3125 25.10 27.08 1013.8956
04748.1333 24.5625 24.6875 24.3125 25.10 27.08 1013.8956
04796.0708 24.5625 24.6875 24.3125 25.10 27.08 1013.8956
04747.8960 24.5625 24.6875 24.3125 25.10 27.08 1013.8956
04771.1958 24.5625 24.6875 24.3125 25.10 27.08 1013.8956
04747.8706 24.5625 24.6875 24.3125 25.10 27.08 1013.8956
04771.6206 24.5625 24.6875 24.3125 25.10 27.08 1013.8956
04747.8706 24.5625 24.6875 24.3125 25.11 27.09 1013.8039
04747.8960 24.5625 24.6875 24.3125 25.11 27.09 1013.8039
04772.1206 24.5625 24.6875 24.3125 25.11 27.09 1013.8039
04771.8960 24.5625 24.6875 24.3125 25.11 27.09 1013.8039
04747.3960 24.5625 24.6875 24.3125 25.11 27.09 1013.8039
04748.1084 24.5625 24.6875 24.3125 25.11 27.09 1013.8039
04747.9209 24.5625 24.6875 24.3125 25.11 27.09 1013.8039
04771.8584 24.5625 24.6875 24.3125 25.11 27.09 1013.8039
04747.9209 24.5625 24.6875 24.3125 25.11 27.09 1013.8039
04747.9209 24.5625 24.6875 24.3125 25.11 27.08 1013.8039
04796.1084 24.5625 24.6250 24.3125 25.11 27.08 1013.8039
04796.3208 24.5625 24.6250 24.3125 25.11 27.08 1013.8039
04796.1206 24.5625 24.6250 24.3125 25.11 27.08 1013.8039
04771.9082 24.5625 24.6250 24.3125 25.11 27.08 1013.8039
04747.8960 24.5625 24.6250 24.3125 25.11 27.08 1013.8039
04748.0957 24.5625 24.6250 24.3125 25.11 27.08 1013.8039
04771.9082 24.5625 24.6250 24.3125 25.11 27.08 1013.8039
04747.9082 24.5625 24.6250 24.3125 25.11 27.08 1013.8039
04772.1460 24.5625 24.6875 24.3125 25.11 27.07 1013.8225
04796.3457 24.5625 24.6875 24.3125 25.11 27.07 1013.8225
04796.3208 24.5625 24.6875 24.3125 25.11 27.07 1013.8225
04771.8457 24.5625 24.6875 24.3125 25.11 27.07 1013.8225
04772.0835 24.5625 24.6875 24.3125 25.11 27.07 1013.8225
04772.1206 24.5625 24.6875 24.3125 25.11 27.07 1013.8225
04771.9082 24.5625 24.6875 24.3125 25.11 27.07 1013.8225
04747.6206 24.5625 24.6875 24.3125 25.11 27.07 1013.8225
04747.9209 24.5625 24.6875 24.3125 25.11 27.07 1013.8225
04747.8960 24.5625 24.6875 24.3125 25.11 27.07 1013.8225
04772.3833 24.5625 24.6875 24.3125 25.10 27.08 1013.8143
04796.3584 24.5625 24.6875 24.3125 25.10 27.08 1013.8143
04747.9209 24.5625 24.6875 24.3125 25.10 27.08 1013.8143
04772.0957 24.5625 24.6875 24.3125 25.10 27.08 1013.8143
04772.0957 24.5625 24.6875 24.3125 25.10 27.08 1013.8143
04771.8584 24.5625 24.6875 24.3125 25.10 27.08 1013.8143
04748.1582 24.5625 24.6875 24.3125 25.10 27.08 1013.8143
04771.9082 24.5625 24.6875 24.3125 25.10 27.08 1013.8143
#terjedesi                                       nyomas  ##
#ido(usec)  T1(C)   T2(C)   T3(C)  T4(C) para(%)  (hPa)
04771.9834 24.5625 24.6875 24.3125 25.10 27.08 1013.8143
04772.1460 24.5625 24.6875 24.3125 25.09 27.07 1013.7709
04747.8584 24.5625 24.6875 24.3125 25.09 27.07 1013.7709
04772.0957 24.5625 24.6875 24.3125 25.09 27.07 1013.7709
04747.8706 24.5625 24.6875 24.3125 25.09 27.07 1013.7709
04748.1582 24.5625 24.6875 24.3125 25.09 27.07 1013.7709
04771.8584 24.5625 24.6875 24.3125 25.09 27.07 1013.7709
04747.8833 24.5625 24.6875 24.3125 25.09 27.07 1013.7709
04747.9209 24.5625 24.6250 24.3750 25.09 27.07 1013.7709
04771.8833 24.5625 24.6250 24.3750 25.09 27.07 1013.7709
04796.1333 24.5625 24.6250 24.3750 25.09 27.07 1013.7709
04747.6582 24.5625 24.6250 24.3750 25.11 27.09 1013.8225
04747.6709 24.5625 24.6250 24.3750 25.11 27.09 1013.8225
04747.4458 24.5625 24.6250 24.3750 25.11 27.09 1013.8225
04771.1958 24.5625 24.6250 24.3750 25.11 27.09 1013.8225
04747.6831 24.5625 24.6250 24.3750 25.11 27.09 1013.8225
04747.8706 24.5625 24.6875 24.3125 25.11 27.09 1013.8225
04771.8584 24.5625 24.6875 24.3125 25.11 27.09 1013.8225
04772.0957 24.5625 24.6875 24.3125 25.11 27.09 1013.8225
04747.6831 24.5625 24.6875 24.3125 25.11 27.09 1013.8225
04747.6831 24.5625 24.6875 24.3125 25.10 27.08 1013.8956
04771.4209 24.5625 24.6875 24.3125 25.10 27.08 1013.8956
04747.6333 24.5625 24.6875 24.3125 25.10 27.08 1013.8956
04747.8706 24.5625 24.6875 24.3125 25.10 27.08 1013.8956
04770.9331 24.5625 24.6875 24.3125 25.10 27.08 1013.8956
04771.4082 24.5625 24.6875 24.3125 25.10 27.08 1013.8956
04772.0957 24.5625 24.6875 24.3125 25.10 27.08 1013.8956
04771.8584 24.5625 24.6875 24.3125 25.10 27.08 1013.8956
04771.6206 24.5625 24.6875 24.3125 25.10 27.08 1013.8956
04747.6333 24.5625 24.6875 24.3125 25.10 27.08 1013.8956
04747.8584 24.5625 24.6875 24.3125 25.10 27.08 1013.8332
04747.6582 24.5625 24.6875 24.3125 25.10 27.08 1013.8332
04771.6206 24.5625 24.6875 24.3125 25.10 27.08 1013.8332
04772.1333 24.5625 24.6875 24.3125 25.10 27.08 1013.8332
04771.9082 24.5625 24.6875 24.3125 25.10 27.08 1013.8332
04772.3457 24.5625 24.6875 24.3125 25.10 27.08 1013.8332
04748.1084 24.5625 24.6875 24.3125 25.10 27.08 1013.8332
04747.9209 24.5625 24.6875 24.3125 25.10 27.08 1013.8332
04747.8833 24.5625 24.6875 24.3125 25.10 27.08 1013.8332
04747.8584 24.5625 24.6875 24.3125 25.10 27.07 1013.7330
04771.6709 24.5625 24.6875 24.3125 25.10 27.07 1013.7330
04747.6206 24.5625 24.6875 24.3125 25.10 27.07 1013.7330
04747.6206 24.6250 24.6875 24.3125 25.10 27.07 1013.7330
04747.6831 24.6250 24.6875 24.3125 25.10 27.07 1013.7330
04772.1206 24.6250 24.6875 24.3125 25.10 27.07 1013.7330
04747.9209 24.6250 24.6875 24.3125 25.10 27.07 1013.7330
04747.8706 24.6250 24.6875 24.3125 25.10 27.07 1013.7330
04747.8833 24.6250 24.6875 24.3125 25.10 27.07 1013.7330
04747.6333 24.6250 24.6875 24.3125 25.10 27.09 1013.8143
04771.8584 24.6250 24.6875 24.3125 25.10 27.09 1013.8143
04747.6206 24.5625 24.6875 24.3125 25.10 27.09 1013.8143
04771.6709 24.5625 24.6875 24.3125 25.10 27.09 1013.8143
04772.1460 24.5625 24.6875 24.3125 25.10 27.09 1013.8143
04747.8960 24.5625 24.6875 24.3125 25.10 27.09 1013.8143
04772.0957 24.5625 24.6875 24.3125 25.10 27.09 1013.8143
04747.4458 24.5625 24.6875 24.3125 25.10 27.09 1013.8143
04747.9209 24.5625 24.6875 24.3125 25.10 27.09 1013.8143
04747.6709 24.5625 24.6875 24.3125 25.10 27.09 1013.8143
04747.8706 24.5625 24.6875 24.3125 25.10 27.09 1013.8143
04747.9209 24.5625 24.6875 24.3125 25.10 27.09 1013.8685
04772.0957 24.5625 24.6875 24.3125 25.10 27.09 1013.8685
04772.1333 24.5625 24.6875 24.3125 25.10 27.09 1013.8685
04747.6831 24.5625 24.6875 24.3125 25.10 27.09 1013.8685
04771.6709 24.5625 24.6875 24.3125 25.10 27.09 1013.8685
04771.6460 24.5625 24.6875 24.3125 25.10 27.09 1013.8685
04747.3960 24.5625 24.6875 24.3125 25.10 27.09 1013.8685
04747.6831 24.5625 24.6875 24.3125 25.10 27.09 1013.8685
04772.0835 24.5625 24.6875 24.3750 25.10 27.09 1013.8685
04772.0835 24.5625 24.6875 24.3750 25.10 27.04 1013.9227
04796.3706 24.5625 24.6875 24.3750 25.10 27.04 1013.9227
04796.0835 24.5625 24.6875 24.3750 25.10 27.04 1013.9227
04771.8584 24.5625 24.6875 24.3750 25.10 27.04 1013.9227
04747.9209 24.5625 24.6875 24.3750 25.10 27.04 1013.9227
#terjedesi                                       nyomas  ##
#ido(usec)  T1(C)   T2(C)   T3(C)  T4(C) para(%)  (hPa)
04771.7456 24.5625 24.6875 24.3750 25.10 27.04 1013.9227
04792.0835 24.5625 24.6875 24.3750 25.10 27.04 1013.9227
04747.9209 24.5625 24.6875 24.3750 25.10 27.04 1013.9227
04771.4082 24.5625 24.6875 24.3750 25.10 27.04 1013.9227
04796.5835 24.5625 24.6250 24.3125 25.10 27.05 1013.8685
04772.1206 24.5625 24.6250 24.3125 25.10 27.05 1013.8685
04747.6333 24.5625 24.6250 24.3125 25.10 27.05 1013.8685
04747.8584 24.5625 24.6250 24.3125 25.10 27.05 1013.8685
04748.1206 24.5625 24.6250 24.3125 25.10 27.05 1013.8685
04747.9209 24.5625 24.6250 24.3125 25.10 27.05 1013.8685
04771.9082 24.5625 24.6250 24.3125 25.10 27.05 1013.8685
04771.8706 24.5625 24.6250 24.3125 25.10 27.05 1013.8685
04772.1084 24.5625 24.6875 24.3125 25.10 27.05 1013.8685
04796.0835 24.5625 24.6875 24.3125 25.10 27.05 1013.8685
04772.3833 24.5625 24.6875 24.3125 25.10 27.09 1013.7873
04771.8833 24.5625 24.6875 24.3125 25.10 27.09 1013.7873
04747.9209 24.5625 24.6875 24.3125 25.10 27.09 1013.7873
04748.1460 24.5625 24.6875 24.3125 25.10 27.09 1013.7873
04747.6831 24.5625 24.6875 24.3125 25.10 27.09 1013.7873
04771.9082 24.5625 24.6875 24.3125 25.10 27.09 1013.7873
04747.6582 24.5625 24.6875 24.3750 25.10 27.09 1013.7873
04772.0957 24.5625 24.6875 24.3750 25.10 27.09 1013.7873
04772.1460 24.5625 24.6875 24.3750 25.10 27.09 1013.7873
04747.8833 24.5625 24.6875 24.3750 25.11 27.08 1013.8767
04747.8706 24.5625 24.6875 24.3750 25.11 27.08 1013.8767
04747.8584 24.5625 24.6875 24.3750 25.11 27.08 1013.8767
04747.8584 24.5625 24.6875 24.3750 25.11 27.08 1013.8767
04771.9082 24.5625 24.6875 24.3750 25.11 27.08 1013.8767
04772.1460 24.5625 24.6875 24.3750 25.11 27.08 1013.8767
04796.3208 24.5625 24.6875 24.3125 25.11 27.08 1013.8767
04772.0835 24.5625 24.6875 24.3125 25.11 27.08 1013.8767
04772.0835 24.5625 24.6875 24.3125 25.11 27.08 1013.8767
04747.6831 24.5625 24.6875 24.3125 25.11 27.08 1013.8767
04747.6206 24.5625 24.6875 24.3125 25.10 27.07 1013.8414
04747.6333 24.5625 24.6875 24.3125 25.10 27.07 1013.8414
04747.9209 24.5625 24.6875 24.3125 25.10 27.07 1013.8414
04747.4458 24.5625 24.6875 24.3125 25.10 27.07 1013.8414
04772.1460 24.5625 24.6875 24.3125 25.10 27.07 1013.8414
04772.0957 24.5625 24.6875 24.3125 25.10 27.07 1013.8414
04772.1333 24.5625 24.6875 24.3125 25.10 27.07 1013.8414
04747.6333 24.5625 24.6875 24.3125 25.10 27.07 1013.8414
04747.8706 24.5625 24.6875 24.3125 25.10 27.07 1013.8414
04747.6709 24.5625 24.6875 24.3125 25.11 27.09 1013.8496
04748.0957 24.5625 24.6875 24.3125 25.11 27.09 1013.8496
04747.9082 24.5625 24.6875 24.3125 25.11 27.09 1013.8496
04771.4331 24.5625 24.6875 24.3125 25.11 27.09 1013.8496
04747.6831 24.6250 24.6250 24.3750 25.11 27.09 1013.8496
04747.8706 24.6250 24.6250 24.3750 25.11 27.09 1013.8496
04748.0957 24.6250 24.6250 24.3750 25.11 27.09 1013.8496
04747.4458 24.6250 24.6250 24.3750 25.11 27.09 1013.8496
04747.6831 24.6250 24.6250 24.3750 25.11 27.09 1013.8496
04747.8706 24.6250 24.6250 24.3750 25.11 27.09 1013.8496
04747.6333 24.6250 24.6250 24.3750 25.10 27.10 1013.7873
04747.8706 24.6250 24.6250 24.3750 25.10 27.10 1013.7873
04772.0957 24.5625 24.6875 24.3750 25.10 27.10 1013.7873
04796.1206 24.5625 24.6875 24.3750 25.10 27.10 1013.7873
04772.1206 24.5625 24.6875 24.3750 25.10 27.10 1013.7873
04771.4331 24.5625 24.6875 24.3750 25.10 27.10 1013.7873
04771.9082 24.5625 24.6875 24.3750 25.10 27.10 1013.7873
04747.9209 24.5625 24.6875 24.3750 25.10 27.10 1013.7873
04747.9209 24.5625 24.6875 24.3750 25.10 27.10 1013.7873
04771.6709 24.5625 24.6875 24.3750 25.10 27.09 1013.8414
04747.8584 24.5625 24.6875 24.3750 25.10 27.09 1013.8414
04771.8457 24.5625 24.6875 24.3125 25.10 27.09 1013.8414
04796.3081 24.5625 24.6875 24.3125 25.10 27.09 1013.8414
04771.9082 24.5625 24.6875 24.3125 25.10 27.09 1013.8414
04747.6333 24.5625 24.6875 24.3125 25.10 27.09 1013.8414
04747.6460 24.5625 24.6875 24.3125 25.10 27.09 1013.8414
04747.8960 24.5625 24.6875 24.3125 25.10 27.09 1013.8414
04748.1084 24.5625 24.6875 24.3125 25.10 27.09 1013.8414
04747.8706 24.5625 24.6875 24.3125 25.11 27.09 1013.8496
04772.0957 24.5625 24.6875 24.3125 25.11 27.09 1013.8496
04747.9209 24.5625 24.6875 24.3125 25.11 27.09 1013.8496
#terjedesi                                       nyomas  ##
#ido(usec)  T1(C)   T2(C)   T3(C)  T4(C) para(%)  (hPa)
04771.7456 24.5625 24.6875 24.3125 25.11 27.09 1013.8496
04747.4331 24.5625 24.6875 24.3125 25.11 27.09 1013.8496
04771.4082 24.5625 24.6875 24.3125 25.11 27.09 1013.8496
04771.8457 24.5625 24.6875 24.3125 25.11 27.09 1013.8496
04747.4458 24.5625 24.6875 24.3125 25.11 27.09 1013.8496
04747.4458 24.5625 24.6875 24.3125 25.11 27.09 1013.8496
04747.4458 24.5625 24.6875 24.3125 25.11 27.09 1013.8496
04747.6831 24.5625 24.6875 24.3125 25.10 27.09 1013.7601
04796.1333 24.5625 24.6875 24.3125 25.10 27.09 1013.7601
04747.9082 24.5625 24.6875 24.3125 25.10 27.09 1013.7601
04771.8584 24.5625 24.6875 24.3125 25.10 27.09 1013.7601
04771.4082 24.5625 24.6875 24.3125 25.10 27.09 1013.7601
04747.6831 24.5625 24.6875 24.3125 25.10 27.09 1013.7601
04771.8584 24.5625 24.6875 24.3125 25.10 27.09 1013.7601
04771.8457 24.5625 24.6875 24.3125 25.10 27.09 1013.7601
04771.9082 24.5625 24.6875 24.3125 25.10 27.09 1013.7601
04796.0835 24.5625 24.6875 24.3125 25.11 27.10 1013.8496
04796.3335 24.5625 24.6875 24.3125 25.11 27.10 1013.8496
04771.9082 24.5625 24.6875 24.3125 25.11 27.10 1013.8496
04747.6831 24.5625 24.6875 24.3125 25.11 27.10 1013.8496
04747.9209 24.5625 24.6875 24.3125 25.11 27.10 1013.8496
04747.9209 24.5625 24.6875 24.3125 25.11 27.10 1013.8496
04772.0957 24.5625 24.6875 24.3125 25.11 27.10 1013.8496
04771.8457 24.5625 24.6875 24.3125 25.11 27.10 1013.8496
04771.8457 24.5625 24.6875 24.3125 25.11 27.10 1013.8496
04795.8833 24.5625 24.6875 24.3125 25.11 27.10 1013.8496
04796.1333 24.5625 24.6875 24.3125 25.10 27.09 1013.8061
04747.8706 24.5625 24.6875 24.3125 25.10 27.09 1013.8061
04747.9209 24.5625 24.6875 24.3125 25.10 27.09 1013.8061
04772.0957 24.5625 24.6875 24.3125 25.10 27.09 1013.8061
04772.1084 24.5625 24.6875 24.3125 25.10 27.09 1013.8061
04747.8584 24.5625 24.6875 24.3125 25.10 27.09 1013.8061
04796.1333 24.5625 24.6875 24.3125 25.10 27.09 1013.8061
04796.1333 24.5625 24.6875 24.3125 25.10 27.09 1013.8061
04796.3081 24.5625 24.6875 24.3125 25.10 27.09 1013.8061
04771.9082 24.5625 24.6875 24.3125 25.10 27.10 1013.8061
04747.8833 24.5625 24.6875 24.3125 25.10 27.10 1013.8061
04747.6709 24.5625 24.6875 24.3125 25.10 27.10 1013.8061
04747.6206 24.5625 24.6875 24.3125 25.10 27.10 1013.8061
04747.8706 24.5625 24.6875 24.3125 25.10 27.10 1013.8061
04747.9209 24.5625 24.6875 24.3125 25.10 27.10 1013.8061
04796.3457 24.5625 24.6875 24.3125 25.10 27.10 1013.8061
04796.0835 24.5625 24.6875 24.3125 25.10 27.10 1013.8061
04772.0957 24.5625 24.6875 24.3125 25.10 27.10 1013.8061
04771.6709 24.5625 24.6875 24.3125 25.10 27.10 1013.8061
04747.8706 24.5625 24.6875 24.3125 25.10 27.12 1013.8143
04771.8457 24.5625 24.6875 24.3125 25.10 27.12 1013.8143
04771.6709 24.5625 24.6875 24.3125 25.10 27.12 1013.8143
04771.8584 24.5625 24.6875 24.3125 25.10 27.12 1013.8143
04772.1084 24.5625 24.6875 24.3125 25.10 27.12 1013.8143
04796.6084 24.5625 24.6875 24.3125 25.10 27.12 1013.8143
04796.3706 24.5625 24.6875 24.3125 25.10 27.12 1013.8143
04796.0835 24.5625 24.6875 24.3125 25.10 27.12 1013.8143
04748.0957 24.5625 24.6875 24.3125 25.10 27.12 1013.8143
04771.4331 24.5625 24.6875 24.3125 25.10 27.12 1013.8143
04747.8706 24.5625 24.6875 24.3125 25.11 27.12 1013.8582
04747.8706 24.5625 24.6875 24.3125 25.11 27.12 1013.8582
04771.8457 24.5625 24.6875 24.3125 25.11 27.12 1013.8582
04771.8457 24.5625 24.6875 24.3125 25.11 27.12 1013.8582
04796.1084 24.5625 24.6875 24.3750 25.11 27.12 1013.8582
04796.1333 24.5625 24.6875 24.3750 25.11 27.12 1013.8582
04747.8833 24.5625 24.6875 24.3750 25.11 27.12 1013.8582
04747.4209 24.5625 24.6875 24.3750 25.11 27.12 1013.8582
04748.1333 24.5625 24.6875 24.3750 25.11 27.12 1013.8582
04747.9209 24.5625 24.6875 24.3750 25.10 27.04 1013.8414
04747.6582 24.5625 24.6875 24.3750 25.10 27.04 1013.8414
04747.6206 24.5625 24.6875 24.3750 25.10 27.04 1013.8414
04772.1206 24.5625 24.6875 24.3125 25.10 27.04 1013.8414
04796.0957 24.5625 24.6875 24.3125 25.10 27.04 1013.8414
04795.8457 24.5625 24.6875 24.3125 25.10 27.04 1013.8414
04771.6084 24.5625 24.6875 24.3125 25.10 27.04 1013.8414
04747.9209 24.5625 24.6875 24.3125 25.10 27.04 1013.8414
04747.9209 24.5625 24.6875 24.3125 25.10 27.04 1013.8414
#terjedesi                                       nyomas  ##
#ido(usec)  T1(C)   T2(C)   T3(C)  T4(C) para(%)  (hPa)
04747.7583 24.5625 24.6875 24.3125 25.10 27.04 1013.8414
04741.4585 24.5625 24.6875 24.3125 25.10 27.11 1013.8414
04747.8706 24.5625 24.6875 24.3125 25.10 27.11 1013.8414
04772.1460 24.5625 24.6875 24.3125 25.10 27.11 1013.8414
04748.0957 24.5625 24.6875 24.3125 25.10 27.11 1013.8414
04747.8833 24.5625 24.6875 24.3125 25.10 27.11 1013.8414
04747.8706 24.5625 24.6875 24.3125 25.10 27.11 1013.8414
04747.6333 24.5625 24.6875 24.3125 25.10 27.11 1013.8414
04771.6709 24.5625 24.6875 24.3125 25.10 27.11 1013.8414
04747.9082 24.5625 24.6875 24.3125 25.10 27.11 1013.8414
04747.9209 24.5625 24.6875 24.3125 25.10 27.12 1013.7873
04796.0835 24.5625 24.6250 24.3125 25.10 27.12 1013.7873
04772.1206 24.5625 24.6250 24.3125 25.10 27.12 1013.7873
04796.3706 24.5625 24.6250 24.3125 25.10 27.12 1013.7873
04772.1333 24.5625 24.6250 24.3125 25.10 27.12 1013.7873
04747.8706 24.5625 24.6250 24.3125 25.10 27.12 1013.7873
04747.6333 24.5625 24.6250 24.3125 25.10 27.12 1013.7873
04747.6206 24.5625 24.6250 24.3125 25.10 27.12 1013.7873
04747.8833 24.5625 24.6250 24.3125 25.10 27.12 1013.7873
04796.0835 24.5625 24.6875 24.3125 25.09 27.11 1013.7166
04796.3706 24.5625 24.6875 24.3125 25.09 27.11 1013.7166
04796.5581 24.5625 24.6875 24.3125 25.09 27.11 1013.7166
04748.1084 24.5625 24.6875 24.3125 25.09 27.11 1013.7166
04747.8584 24.5625 24.6875 24.3125 25.09 27.11 1013.7166
04747.6206 24.5625 24.6875 24.3125 25.09 27.11 1013.7166
04771.4331 24.5625 24.6875 24.3125 25.09 27.11 1013.7166
04747.8960 24.5625 24.6875 24.3125 25.09 27.11 1013.7166
04747.4209 24.5625 24.6875 24.3125 25.09 27.11 1013.7166
04747.6831 24.5625 24.6875 24.3125 25.09 27.11 1013.7166
04772.1460 24.5625 24.6875 24.3125 25.10 27.12 1013.8332
04772.1084 24.5625 24.6875 24.3125 25.10 27.12 1013.8332
04747.6831 24.5625 24.6875 24.3125 25.10 27.12 1013.8332
04771.6709 24.5625 24.6875 24.3125 25.10 27.12 1013.8332