#terjedesi                      #terjedesi                      #terjedesi                      #terjedesi                      #terjedesi                      #terjedesi                      #terjedesi                      #terjedesi                      #terjedesi                      #terjedesi                      #terjedesi                      #terjedesi                      #terjedesi                      #terjedesi                      #terjedesi                      #terjedesi                      #terjedesi                      #terjedesi                      #terjedesi                      #terjedesi                      #terjedesi                      #terjedesi                      #terjedesi                      #terjedesi                      #terjedesi                      #terjedesi                      #terjedesi                      #terjedesi                      #terjedesi                      #terjedesi                      #terjedesi                      #terjedesi                      #terjedesi                      #terjedesi                      #terjedesi                      #terjedesi                      #terjedesi                      #terjedesi                      #terjedesi                      #terjedesi                      #terjedesi                      #terjedesi                      #terjedesi                      #terjedesi                      #terjedesi                      #terjedesi                      #terjedesi                      #terjedesi                      #terjedesi                      #terjedesi                      #terjedesi                      #terjedesi                      #terjedesi                      #terjedesi                      #terjedesi                                       nyomas  ##
#ido(usec)  T1(C)   T2(C)   T3(C)  T4(C) para(%)  (hPa)
05053.6582 24.5625 24.6875 24.3125 25.13 27.09 1013.8638
05047.4834 24.5625 24.6875 24.3125 25.13 27.09 1013.8638
05054.8335 24.5625 24.6875 24.3125 25.15 27.07 1013.8531
05078.6460 24.5625 24.6875 24.3125 25.15 27.07 1013.8531
05054.6084 24.5625 24.6875 24.3750 25.15 27.07 1013.8531
05052.7085 24.5625 24.6875 24.3750 25.15 27.07 1013.8531
05079.1206 24.5625 24.6875 24.3750 25.15 27.07 1013.8531
05054.6084 24.5625 24.6875 24.3750 25.15 27.07 1013.8531
05078.8706 24.5625 24.6875 24.3750 25.15 27.07 1013.8531
05054.8335 24.5625 24.6875 24.3750 25.15 27.07 1013.8531
05054.5957 24.5625 24.6875 24.3750 25.15 27.07 1013.8531
05054.6333 24.5625 24.6875 24.3750 25.13 27.08 1013.7473
05078.8335 24.5625 24.6875 24.3750 25.13 27.08 1013.7473
05079.2959 24.5625 24.6875 24.3125 25.13 27.08 1013.7473
05079.3081 24.5625 24.6875 24.3125 25.13 27.08 1013.7473
05079.0581 24.5625 24.6875 24.3125 25.13 27.08 1013.7473
05078.8208 24.5625 24.6875 24.3125 25.13 27.08 1013.7473
05078.8833 24.5625 24.6875 24.3125 25.13 27.08 1013.7473
05054.6333 24.5625 24.6875 24.3125 25.13 27.08 1013.7473
05054.8584 24.5625 24.6875 24.3125 25.13 27.08 1013.7473
05054.6206 24.5625 24.6875 24.3125 25.13 27.08 1013.7473
05078.8335 24.6250 24.6875 24.3750 25.15 27.08 1013.9073
05079.0708 24.6250 24.6875 24.3750 25.15 27.08 1013.9073
05079.0835 24.6250 24.6875 24.3750 25.15 27.08 1013.9073
05078.8706 24.6250 24.6875 24.3750 25.15 27.08 1013.9073
05054.6084 24.6250 24.6875 24.3750 25.15 27.08 1013.9073
05078.8208 24.6250 24.6875 24.3750 25.15 27.08 1013.9073
05078.6460 24.6250 24.6875 24.3750 25.15 27.08 1013.9073
05054.8960 24.6250 24.6875 24.3750 25.15 27.08 1013.9073
05054.4209 24.6250 24.6875 24.3750 25.15 27.08 1013.9073
05054.6084 24.5625 24.6875 24.3125 25.13 27.06 1013.8096
05079.0708 24.5625 24.6875 24.3125 25.13 27.06 1013.8096
05078.8833 24.5625 24.6875 24.3125 25.13 27.06 1013.8096
05054.6582 24.5625 24.6875 24.3125 25.13 27.06 1013.8096
05054.1831 24.5625 24.6875 24.3125 25.13 27.06 1013.8096
05078.8335 24.5625 24.6875 24.3125 25.13 27.06 1013.8096
05054.6084 24.5625 24.6875 24.3125 25.13 27.06 1013.8096
05054.6084 24.5625 24.6875 24.3125 25.13 27.06 1013.8096
05078.8584 24.6250 24.6875 24.3750 25.13 27.06 1013.8096
05079.1084 24.6250 24.6875 24.3750 25.13 27.07 1013.7826
05078.8833 24.6250 24.6875 24.3750 25.13 27.07 1013.7826
05054.3584 24.6250 24.6875 24.3750 25.13 27.07 1013.7826
05054.6084 24.6250 24.6875 24.3750 25.13 27.07 1013.7826
05054.6582 24.6250 24.6875 24.3750 25.13 27.07 1013.7826
05054.5957 24.6250 24.6875 24.3750 25.13 27.07 1013.7826
05078.8208 24.6250 24.6875 24.3750 25.13 27.07 1013.7826
05054.6582 24.6250 24.6875 24.3750 25.13 27.07 1013.7826
05054.4209 24.5625 24.6875 24.3750 25.13 27.07 1013.7826
05052.7583 24.5625 24.6875 24.3750 25.13 27.07 1013.7826
05078.8833 24.5625 24.6875 24.3750 25.13 27.07 1013.7826
05054.8335 24.5625 24.6875 24.3750 25.15 27.09 1013.8260
05054.3706 24.5625 24.6875 24.3750 25.15 27.09 1013.8260
05054.6206 24.5625 24.6875 24.3750 25.15 27.09 1013.8260
05054.4082 24.5625 24.6875 24.3750 25.15 27.09 1013.8260
05054.3706 24.5625 24.6875 24.3750 25.15 27.09 1013.8260
05079.1206 24.5625 24.6875 24.3750 25.15 27.09 1013.8260
05054.8960 24.5625 24.6875 24.3750 25.15 27.09 1013.8260
05079.0581 24.5625 24.6875 24.3750 25.15 27.09 1013.8260
05054.8457 24.5625 24.6875 24.3750 25.15 27.09 1013.8260
05079.0708 24.5625 24.6875 24.3750 25.15 27.30 1013.9073
05078.8208 24.5625 24.6875 24.3750 25.15 27.30 1013.9073
05054.4209 24.5625 24.6875 24.3750 25.15 27.30 1013.9073
05054.6333 24.5625 24.6875 24.3750 25.15 27.30 1013.9073
05054.5957 24.5625 24.6875 24.3750 25.15 27.30 1013.9073
05079.0708 24.5625 24.6875 24.3750 25.15 27.30 1013.9073
05052.7583 24.5625 24.6875 24.3750 25.15 27.30 1013.9073
05052.7334 24.5625 24.6875 24.3750 25.15 27.30 1013.9073
05079.0581 24.5625 24.6875 24.3750 25.15 27.30 1013.9073
05054.8457 24.5625 24.6875 24.3750 25.15 27.08 1013.9073
05079.0957 24.5625 24.6875 24.3750 25.15 27.08 1013.9073
05078.8706 24.5625 24.6875 24.3750 25.15 27.08 1013.9073
05079.0708 24.5625 24.6875 24.3750 25.15 27.08 1013.9073
05079.1084 24.5625 24.6875 24.3750 25.15 27.08 1013.9073
#terjedesi                                       nyomas  ##
#ido(usec)  T1(C)   T2(C)   T3(C)  T4(C) para(%)  (hPa)
05054.6333 24.5625 24.6875 24.3750 25.15 27.08 1013.9073
05078.8335 24.5625 24.6875 24.3750 25.15 27.08 1013.9073
05054.6084 24.5625 24.6875 24.3750 25.15 27.08 1013.9073
05078.8833 24.5625 24.6875 24.3750 25.15 27.08 1013.9073
05054.8960 24.5625 24.6875 24.3750 25.15 27.08 1013.9073
05054.8833 24.5625 24.6875 24.3750 25.15 27.08 1013.9073
05054.8833 24.5625 24.6875 24.3750 25.15 27.08 1013.9073
05054.3960 24.5625 24.6875 24.3750 25.15 27.08 1013.9073
05054.8457 24.6250 24.6875 24.3750 25.15 27.08 1013.9073
05078.8706 24.6250 24.6875 24.3750 25.15 27.08 1013.9073
05079.0835 24.6250 24.6875 24.3750 25.15 27.08 1013.9073
05054.3584 24.6250 24.6875 24.3750 25.15 27.08 1013.9073
05054.3960 24.6250 24.6875 24.3750 25.15 27.08 1013.9073
05078.8335 24.6250 24.6875 24.3750 25.15 27.08 1013.9073
05054.6084 24.6250 24.6875 24.3750 25.15 27.06 1013.7989
05055.0708 24.6250 24.6875 24.3750 25.15 27.06 1013.7989
05078.8457 24.5625 24.6875 24.3750 25.15 27.06 1013.7989
05079.3584 24.5625 24.6875 24.3750 25.15 27.06 1013.7989
05078.8335 24.5625 24.6875 24.3750 25.15 27.06 1013.7989
05054.8335 24.5625 24.6875 24.3750 25.15 27.06 1013.7989
05054.8457 24.5625 24.6875 24.3750 25.15 27.06 1013.7989
05079.0708 24.5625 24.6875 24.3750 25.15 27.06 1013.7989
05054.6460 24.5625 24.6875 24.3750 25.15 27.06 1013.7989
05054.3584 24.5625 24.6875 24.3750 25.15 27.06 1013.7989
05054.4209 24.5625 24.6875 24.3750 25.15 27.07 1013.8531
05079.1206 24.6250 24.6875 24.3125 25.15 27.07 1013.8531
05078.8833 24.6250 24.6875 24.3125 25.15 27.07 1013.8531
05054.8335 24.6250 24.6875 24.3125 25.15 27.07 1013.8531
05054.8584 24.6250 24.6875 24.3125 25.15 27.07 1013.8531
05054.6206 24.6250 24.6875 24.3125 25.15 27.07 1013.8531
05054.5957 24.6250 24.6875 24.3125 25.15 27.07 1013.8531
05054.8335 24.6250 24.6875 24.3125 25.15 27.07 1013.8531
05054.6582 24.6250 24.6875 24.3125 25.15 27.07 1013.8531
05054.6582 24.6250 24.6875 24.3750 25.14 27.07 1013.8990
05079.1206 24.5625 24.6875 24.3750 25.14 27.07 1013.8990
05079.0581 24.5625 24.6875 24.3750 25.14 27.07 1013.8990
05079.0957 24.5625 24.6875 24.3750 25.14 27.07 1013.8990
05054.1709 24.5625 24.6875 24.3750 25.14 27.07 1013.8990
05054.4209 24.5625 24.6875 24.3750 25.14 27.07 1013.8990
05054.6582 24.5625 24.6875 24.3750 25.14 27.07 1013.8990
05030.8833 24.5625 24.6875 24.3750 25.14 27.07 1013.8990
05054.6084 24.5625 24.6875 24.3750 25.14 27.07 1013.8990
05054.8457 24.5625 24.6875 24.3750 25.14 27.07 1013.8990
05078.8335 24.5625 24.6875 24.3125 25.15 27.08 1013.8531
05079.1206 24.5625 24.6875 24.3125 25.15 27.08 1013.8531
05053.8960 24.5625 24.6875 24.3125 25.15 27.08 1013.8531
05054.3584 24.5625 24.6875 24.3125 25.15 27.08 1013.8531
05054.5957 24.5625 24.6875 24.3125 25.15 27.08 1013.8531
05053.9458 24.5625 24.6875 24.3125 25.15 27.08 1013.8531
05035.1709 24.5625 24.6875 24.3125 25.15 27.08 1013.8531
05054.1831 24.5625 24.6875 24.3125 25.15 27.08 1013.8531
05078.8833 24.5625 24.6875 24.3750 25.15 27.08 1013.8531
05078.8335 24.5625 24.6875 24.3750 25.13 27.08 1013.8909
05054.4209 24.5625 24.6875 24.3750 25.13 27.08 1013.8909
05054.4209 24.5625 24.6875 24.3750 25.13 27.08 1013.8909
05033.7456 24.5625 24.6875 24.3750 25.13 27.08 1013.8909
05030.6206 24.5625 24.6875 24.3750 25.13 27.08 1013.8909
05054.8457 24.5625 24.6875 24.3750 25.13 27.08 1013.8909
05054.3706 24.5625 24.6875 24.3750 25.13 27.08 1013.8909
05054.6084 24.5625 24.6875 24.3750 25.13 27.08 1013.8909
05054.8457 24.6250 24.6875 24.3750 25.13 27.08 1013.8909
05054.8335 24.6250 24.6875 24.3750 25.13 27.09 1013.8096
05054.4082 24.6250 24.6875 24.3750 25.13 27.09 1013.8096
05054.6084 24.6250 24.6875 24.3750 25.13 27.09 1013.8096
05054.3706 24.6250 24.6875 24.3750 25.13 27.09 1013.8096
05054.4209 24.6250 24.6875 24.3750 25.13 27.09 1013.8096
05054.3706 24.6250 24.6875 24.3750 25.13 27.09 1013.8096
05054.1206 24.6250 24.6875 24.3750 25.13 27.09 1013.8096
05078.8833 24.5625 24.6875 24.3125 25.13 27.09 1013.8096
05078.8335 24.5625 24.6875 24.3125 25.13 27.09 1013.8096
05052.7583 24.5625 24.6875 24.3125 25.13 27.09 1013.8096
05079.1206 24.5625 24.6875 24.3125 25.13 27.08 1013.8638
05054.8457 24.5625 24.6875 24.3125 25.13 27.08 1013.8638
#terjedesi                                       nyomas  ##
#ido(usec)  T1(C)   T2(C)   T3(C)  T4(C) para(%)  (hPa)
05054.8706 24.5625 24.6875 24.3125 25.13 27.08 1013.8638
05054.8457 24.5625 24.6875 24.3125 25.13 27.08 1013.8638
05078.8208 24.5625 24.6875 24.3125 25.13 27.08 1013.8638
05078.8584 24.5625 24.6875 24.3750 25.13 27.08 1013.8638
05078.8335 24.5625 24.6875 24.3750 25.13 27.08 1013.8638
05079.0708 24.5625 24.6875 24.3750 25.13 27.08 1013.8638
05054.3706 24.5625 24.6875 24.3750 25.13 27.08 1013.8638
05054.1831 24.5625 24.6875 24.3750 25.14 27.08 1013.8178
05054.1206 24.5625 24.6875 24.3750 25.14 27.08 1013.8178
05054.4209 24.5625 24.6875 24.3750 25.14 27.08 1013.8178
05054.6206 24.5625 24.6875 24.3750 25.14 27.08 1013.8178
05054.6582 24.5625 24.6875 24.3750 25.14 27.08 1013.8178
05054.6582 24.5625 24.6875 24.3125 25.14 27.08 1013.8178
05078.8335 24.5625 24.6875 24.3125 25.14 27.08 1013.8178
05079.0957 24.5625 24.6875 24.3125 25.14 27.08 1013.8178
05054.3584 24.5625 24.6875 24.3125 25.14 27.08 1013.8178
05054.5957 24.5625 24.6875 24.3125 25.14 27.08 1013.8178
05054.6084 24.5625 24.6875 24.3125 25.14 27.08 1013.8178
05078.8584 24.5625 24.6875 24.3125 25.14 27.08 1013.8178
05054.6582 24.5625 24.6875 24.3125 25.14 27.08 1013.8178
05078.8833 24.5625 24.6875 24.3750 25.14 27.08 1013.8178
05079.3081 24.5625 24.6875 24.3750 25.14 27.08 1013.8178
05079.1206 24.5625 24.6875 24.3750 25.14 27.08 1013.8178
05054.6460 24.5625 24.6875 24.3750 25.14 27.08 1013.8178
05078.8208 24.5625 24.6875 24.3750 25.14 27.08 1013.8178
05078.5957 24.5625 24.6875 24.3750 25.14 27.08 1013.8178
05054.5957 24.5625 24.6875 24.3750 25.13 27.09 1013.7826
05078.8833 24.5625 24.6875 24.3750 25.13 27.09 1013.7826
05054.6582 24.5625 24.6875 24.3750 25.13 27.09 1013.7826
05054.4209 24.5625 24.6875 24.3750 25.13 27.09 1013.7826
05079.0708 24.5625 24.6875 24.3750 25.13 27.09 1013.7826
05078.8208 24.5625 24.6875 24.3750 25.13 27.09 1013.7826
05054.6582 24.5625 24.6875 24.3750 25.13 27.09 1013.7826
05054.8960 24.5625 24.6875 24.3750 25.13 27.09 1013.7826
05036.3081 24.5625 24.6875 24.3750 25.13 27.09 1013.7826
05054.6460 24.5625 24.6875 24.3750 25.13 27.09 1013.7826
05054.6460 24.5625 24.6875 24.3750 25.14 27.09 1013.8990
05078.8335 24.5625 24.6875 24.3750 25.14 27.09 1013.8990
05054.3833 24.5625 24.6875 24.3750 25.14 27.09 1013.8990
05079.0581 24.5625 24.6875 24.3750 25.14 27.09 1013.8990
05054.5957 24.5625 24.6875 24.3750 25.14 27.09 1013.8990
05054.1831 24.5625 24.6875 24.3750 25.14 27.09 1013.8990
05054.4209 24.5625 24.6875 24.3750 25.14 27.09 1013.8990
05054.4082 24.5625 24.6875 24.3750 25.14 27.09 1013.8990
05033.5210 24.5625 24.6875 24.3750 25.14 27.09 1013.8990
05054.3706 24.5625 24.6875 24.3750 25.14 27.09 1013.8990
05054.6582 24.6250 24.6875 24.3125 25.15 27.10 1013.9073
05078.8706 24.6250 24.6875 24.3125 25.15 27.10 1013.9073
05078.8584 24.6250 24.6875 24.3125 25.15 27.10 1013.9073
05054.6206 24.6250 24.6875 24.3125 25.15 27.10 1013.9073
05054.6084 24.6250 24.6875 24.3125 25.15 27.10 1013.9073
05054.3706 24.6250 24.6875 24.3125 25.15 27.10 1013.9073
05054.6084 24.6250 24.6875 24.3125 25.15 27.10 1013.9073
05054.8706 24.6250 24.6875 24.3125 25.15 27.10 1013.9073
05079.3081 24.5625 24.6875 24.3750 25.13 27.10 1013.8828
05054.8833 24.5625 24.6875 24.3750 25.13 27.10 1013.8828
05078.6460 24.5625 24.6875 24.3750 25.13 27.10 1013.8828
05054.1206 24.5625 24.6875 24.3750 25.13 27.10 1013.8828
05054.5957 24.5625 24.6875 24.3750 25.13 27.10 1013.8828
05054.3584 24.5625 24.6875 24.3750 25.13 27.10 1013.8828
05054.1831 24.5625 24.6875 24.3750 25.13 27.10 1013.8828
05054.1206 24.5625 24.6875 24.3750 25.13 27.10 1013.8828
05053.9458 24.5625 24.6875 24.3750 25.13 27.10 1013.8828
05054.3584 24.6250 24.6875 24.3750 25.13 27.10 1013.8828
05054.6582 24.6250 24.6875 24.3750 25.13 27.10 1013.8828
05054.6084 24.6250 24.6875 24.3750 25.13 27.09 1013.8367
05054.3706 24.6250 24.6875 24.3750 25.13 27.09 1013.8367
05054.1582 24.6250 24.6875 24.3750 25.13 27.09 1013.8367
05054.6084 24.6250 24.6875 24.3750 25.13 27.09 1013.8367
05054.3584 24.6250 24.6875 24.3750 25.13 27.09 1013.8367
05078.8208 24.6250 24.6875 24.3750 25.13 27.09 1013.8367
05054.6206 24.5625 24.6875 24.3750 25.13 27.09 1013.8367
05078.6460 24.5625 24.6875 24.3750 25.13 27.09 1013.8367
#terjedesi                                       nyomas  ##
#ido(usec)  T1(C)   T2(C)   T3(C)  T4(C) para(%)  (hPa)
05078.5957 24.5625 24.6875 24.3750 25.13 27.09 1013.8367
05054.4209 24.5625 24.6875 24.3750 25.15 27.09 1013.9073
05054.4209 24.5625 24.6875 24.3750 25.15 27.09 1013.9073
05054.8706 24.5625 24.6875 24.3750 25.15 27.09 1013.9073
05054.3960 24.5625 24.6875 24.3750 25.15 27.09 1013.9073
05054.4209 24.5625 24.6875 24.3750 25.15 27.09 1013.9073
05054.4209 24.5625 24.6875 24.3750 25.15 27.09 1013.9073
05054.8960 24.6250 24.6875 24.3750 25.15 27.09 1013.9073
05079.0581 24.6250 24.6875 24.3750 25.15 27.09 1013.9073
05054.6582 24.6250 24.6875 24.3750 25.15 27.09 1013.9073
05054.3706 24.6250 24.6875 24.3750 25.15 27.09 1013.8260
05054.4082 24.6250 24.6875 24.3750 25.15 27.09 1013.8260
05054.3706 24.6250 24.6875 24.3750 25.15 27.09 1013.8260
05037.5581 24.6250 24.6875 24.3750 25.15 27.09 1013.8260
05054.1333 24.6250 24.6875 24.3750 25.15 27.09 1013.8260
05054.8584 24.6250 24.6875 24.3750 25.15 27.09 1013.8260
05078.8208 24.5625 24.6875 24.3750 25.15 27.09 1013.8260
05078.8457 24.5625 24.6875 24.3750 25.15 27.09 1013.8260
05054.6582 24.5625 24.6875 24.3750 25.15 27.09 1013.8260
05033.2832 24.5625 24.6875 24.3750 25.15 27.09 1013.8260
05054.6333 24.5625 24.6875 24.3750 25.13 27.09 1013.8909
05054.1831 24.5625 24.6875 24.3750 25.13 27.09 1013.8909
05054.6084 24.5625 24.6875 24.3750 25.13 27.09 1013.8909
05054.8584 24.5625 24.6875 24.3750 25.13 27.09 1013.8909
05054.3960 24.5625 24.6875 24.3750 25.13 27.09 1013.8909
05078.8335 24.6250 24.6875 24.3750 25.13 27.09 1013.8909
05078.6460 24.6250 24.6875 24.3750 25.13 27.09 1013.8909
05053.8960 24.6250 24.6875 24.3750 25.13 27.09 1013.8909
05054.4082 24.6250 24.6875 24.3750 25.13 27.09 1013.8909
05054.1333 24.6250 24.6875 24.3750 25.13 27.09 1013.8909
05054.8960 24.6250 24.6875 24.3750 25.13 27.09 1013.8909
05034.1831 24.6250 24.6875 24.3750 25.13 27.09 1013.8909
05078.8335 24.6250 24.6875 24.3750 25.13 27.09 1013.8909
05079.0957 24.6250 24.6875 24.3750 25.13 27.09 1013.8909
05052.5210 24.6250 24.6875 24.3750 25.13 27.09 1013.8909
05079.1206 24.6250 24.6875 24.3750 25.13 27.09 1013.8909
05078.8833 24.6250 24.6875 24.3750 25.13 27.09 1013.8909
05054.6582 24.6250 24.6875 24.3750 25.13 27.09 1013.8909
05054.6582 24.6250 24.6875 24.3750 25.13 27.09 1013.8909
05054.8457 24.6250 24.6875 24.3750 25.16 27.10 1013.9240
05054.8960 24.6250 24.6875 24.3750 25.16 27.10 1013.9240
05054.8335 24.6250 24.6875 24.3750 25.16 27.10 1013.9240
05079.0708 24.6250 24.6875 24.3750 25.16 27.10 1013.9240
05079.1206 24.6250 24.6875 24.3750 25.16 27.10 1013.9240
05054.6333 24.6250 24.6875 24.3750 25.16 27.10 1013.9240
05079.0708 24.6250 24.6875 24.3750 25.16 27.10 1013.9240
05079.0957 24.6250 24.6875 24.3750 25.16 27.10 1013.9240
05054.6460 24.6250 24.6875 24.3750 25.16 27.10 1013.9240
05078.8706 24.6250 24.6875 24.3750 25.14 27.10 1013.8990
05078.8208 24.6250 24.6875 24.3750 25.14 27.10 1013.8990
05052.7334 24.5625 24.6875 24.3750 25.14 27.10 1013.8990
05079.2959 24.5625 24.6875 24.3750 25.14 27.10 1013.8990
05078.8335 24.5625 24.6875 24.3750 25.14 27.10 1013.8990
05054.8960 24.5625 24.6875 24.3750 25.14 27.10 1013.8990
05054.8335 24.5625 24.6875 24.3750 25.14 27.10 1013.8990
05054.8833 24.5625 24.6875 24.3750 25.14 27.10 1013.8990
05054.5957 24.5625 24.6875 24.3750 25.14 27.10 1013.8990
05078.8584 24.5625 24.6875 24.3750 25.14 27.10 1013.8990
05078.8335 24.6250 24.6875 24.3750 25.13 27.08 1013.9180
05079.0581 24.6250 24.6875 24.3750 25.13 27.08 1013.9180
05079.0835 24.6250 24.6875 24.3750 25.13 27.08 1013.9180
05054.8457 24.6250 24.6875 24.3750 25.13 27.08 1013.9180
05054.4209 24.6250 24.6875 24.3750 25.13 27.08 1013.9180
05054.3706 24.6250 24.6875 24.3750 25.13 27.08 1013.9180
05054.1831 24.6250 24.6875 24.3750 25.13 27.08 1013.9180
05078.8833 24.6250 24.6875 24.3750 25.13 27.08 1013.9180
05054.6084 24.6250 24.6875 24.3750 25.13 27.08 1013.9180
05054.6582 24.6250 24.6875 24.3750 25.14 27.10 1013.8449
05079.1084 24.6250 24.6875 24.3750 25.14 27.10 1013.8449
05079.3081 24.6250 24.6875 24.3750 25.14 27.10 1013.8449
05054.6582 24.6250 24.6875 24.3750 25.14 27.10 1013.8449
05054.3706 24.6250 24.6875 24.3750 25.14 27.10 1013.8449
05054.6206 24.6250 24.6875 24.3750 25.14 27.10 1013.8449
#terjedesi                                       nyomas  ##
#ido(usec)  T1(C)   T2(C)   T3(C)  T4(C) para(%)  (hPa)
05054.6206 24.6250 24.6875 24.3750 25.14 27.10 1013.8449
05054.6333 24.6250 24.6875 24.3750 25.14 27.10 1013.8449
05078.8706 24.5625 24.6875 24.3750 25.14 27.10 1013.8449
05079.1206 24.5625 24.6875 24.3750 25.13 27.10 1013.8909
05079.0708 24.5625 24.6875 24.3750 25.13 27.10 1013.8909
05079.1206 24.5625 24.6875 24.3750 25.13 27.10 1013.8909
05078.8584 24.5625 24.6875 24.3750 25.13 27.10 1013.8909
05079.0957 24.5625 24.6875 24.3750 25.13 27.10 1013.8909
05078.8706 24.5625 24.6875 24.3750 25.13 27.10 1013.8909
05054.8706 24.5625 24.6875 24.3750 25.13 27.10 1013.8909
05078.5957 24.5625 24.6875 24.3750 25.13 27.10 1013.8909
05078.8208 24.5625 24.6875 24.3750 25.13 27.10 1013.8909
05078.8833 24.5625 24.6875 24.3750 25.13 27.10 1013.8909
05079.0581 24.5625 24.6875 24.3750 25.13 27.10 1013.8909
05079.0708 24.5625 24.6875 24.3750 25.15 27.10 1013.7989
05078.8833 24.5625 24.6875 24.3750 25.15 27.10 1013.7989
05079.0708 24.5625 24.6875 24.3750 25.15 27.10 1013.7989
05078.8584 24.5625 24.6875 24.3750 25.15 27.10 1013.7989
05078.8833 24.5625 24.6875 24.3750 25.15 27.10 1013.7989
05079.3081 24.6250 24.6875 24.3750 25.15 27.10 1013.7989
05054.3706 24.6250 24.6875 24.3750 25.15 27.10 1013.7989
05079.1206 24.6250 24.6875 24.3750 25.15 27.10 1013.7989
05078.5835 24.6250 24.6875 24.3750 25.13 27.09 1013.7473
05054.6582 24.6250 24.6875 24.3750 25.13 27.09 1013.7473
05054.8584 24.6250 24.6875 24.3750 25.13 27.09 1013.7473
05078.8208 24.6250 24.6875 24.3750 25.13 27.09 1013.7473
05079.0708 24.6250 24.6875 24.3750 25.13 27.09 1013.7473
05054.8960 24.6250 24.6875 24.3750 25.13 27.09 1013.7473
05054.8960 24.5625 24.6875 24.3750 25.13 27.09 1013.7473
05052.9956 24.5625 24.6875 24.3750 25.13 27.09 1013.7473
05052.5210 24.5625 24.6875 24.3750 25.13 27.09 1013.7473
05054.8960 24.5625 24.6875 24.3750 25.13 27.09 1013.7473
05054.6582 24.5625 24.6875 24.3750 25.14 27.11 1013.7908
05030.4209 24.5625 24.6875 24.3750 25.14 27.11 1013.7908
05054.8457 24.5625 24.6875 24.3750 25.14 27.11 1013.7908
05054.6206 24.5625 24.6875 24.3750 25.14 27.11 1013.7908
05079.3584 24.5625 24.6875 24.3750 25.14 27.11 1013.7908
05079.2959 24.5625 24.6875 24.3750 25.14 27.11 1013.7908
05052.6958 24.5625 24.6875 24.3750 25.14 27.11 1013.7908
05078.8833 24.5625 24.6875 24.3750 25.14 27.11 1013.7908
05078.8335 24.5625 24.6875 24.3750 25.14 27.11 1013.7908
05078.8335 24.5625 24.6875 24.3750 25.14 27.11 1013.7908
05054.3833 24.5625 24.6875 24.3750 25.13 27.10 1013.9180
05054.6460 24.5625 24.6875 24.3750 25.13 27.10 1013.9180
05054.6206 24.5625 24.6875 24.3750 25.13 27.10 1013.9180
05030.8584 24.6250 24.6875 24.3750 25.13 27.10 1013.9180
05078.8335 24.6250 24.6875 24.3750 25.13 27.10 1013.9180
05078.8335 24.6250 24.6875 24.3750 25.13 27.10 1013.9180
05078.8584 24.6250 24.6875 24.3750 25.13 27.10 1013.9180
05078.8335 24.6250 24.6875 24.3750 25.13 27.10 1013.9180
05054.3706 24.6250 24.6875 24.3750 25.13 27.10 1013.9180
05054.6460 24.6250 24.6875 24.3750 25.13 27.10 1013.8367
05054.5957 24.6250 24.6875 24.3750 25.13 27.10 1013.8367
05079.1206 24.5625 24.6875 24.3750 25.13 27.10 1013.8367
05052.7456 24.5625 24.6875 24.3750 25.13 27.10 1013.8367
05078.8833 24.5625 24.6875 24.3750 25.13 27.10 1013.8367
05078.8833 24.5625 24.6875 24.3750 25.13 27.10 1013.8367
05030.8960 24.5625 24.6875 24.3750 25.13 27.10 1013.8367
05054.6460 24.5625 24.6875 24.3750 25.13 27.10 1013.8367
05054.6084 24.5625 24.6875 24.3750 25.13 27.10 1013.8367
05078.8833 24.5625 24.6875 24.3750 25.13 27.10 1013.8367
05054.6460 24.5625 24.6875 24.3750 25.14 27.12 1013.7908
05052.6958 24.6250 24.6875 24.3750 25.14 27.12 1013.7908
05052.7456 24.6250 24.6875 24.3750 25.14 27.12 1013.7908
05079.1206 24.6250 24.6875 24.3750 25.14 27.12 1013.7908
05078.8335 24.6250 24.6875 24.3750 25.14 27.12 1013.7908
05079.3584 24.6250 24.6875 24.3750 25.14 27.12 1013.7908
05054.6084 24.6250 24.6875 24.3750 25.14 27.12 1013.7908
05037.0581 24.6250 24.6875 24.3750 25.14 27.12 1013.7908
05054.8335 24.6250 24.6875 24.3750 25.14 27.12 1013.7908
05078.8706 24.6250 24.6875 24.3750 25.15 27.11 1013.9344
05079.3584 24.5625 24.6875 24.3750 25.15 27.11 1013.9344
05079.1206 24.5625 24.6875 24.3750 25.15 27.11 1013.9344
#terjedesi                                       nyomas  ##
#ido(usec)  T1(C)   T2(C)   T3(C)  T4(C) para(%)  (hPa)
05052.7085 24.5625 24.6875 24.3750 25.15 27.11 1013.9344
05078.6460 24.5625 24.6875 24.3750 25.15 27.11 1013.9344
05078.8833 24.5625 24.6875 24.3750 25.15 27.11 1013.9344
05079.1206 24.5625 24.6875 24.3750 25.15 27.11 1013.9344
05054.8457 24.5625 24.6875 24.3750 25.15 27.11 1013.9344
05052.7583 24.5625 24.6875 24.3750 25.15 27.11 1013.9344
05079.1206 24.5625 24.6875 24.3750 25.15 27.11 1013.9344
05079.5835 24.5625 24.6875 24.3750 25.14 27.11 1013.8990
05079.3081 24.5625 24.6875 24.3750 25.14 27.11 1013.8990
05078.8335 24.5625 24.6875 24.3750 25.14 27.11 1013.8990
05078.8335 24.5625 24.6875 24.3750 25.14 27.11 1013.8990
05079.0708 24.5625 24.6875 24.3750 25.14 27.11 1013.8990
05079.0957 24.5625 24.6875 24.3750 25.14 27.11 1013.8990
05078.8833 24.5625 24.6875 24.3750 25.14 27.11 1013.8990
05079.0708 24.5625 24.6875 24.3750 25.14 27.11 1013.8990
05052.4834 24.6250 24.6875 24.3750 25.14 27.11 1013.8990
05079.5459 24.6250 24.6875 24.3750 25.13 27.11 1013.8285
05052.7334 24.6250 24.6875 24.3750 25.13 27.11 1013.8285
05078.8335 24.6250 24.6875 24.3750 25.13 27.11 1013.8285
05054.8960 24.6250 24.6875 24.3750 25.13 27.11 1013.8285
05078.8833 24.6250 24.6875 24.3750 25.13 27.11 1013.8285
05079.0581 24.6250 24.6875 24.3750 25.13 27.11 1013.8285
05078.6460 24.6250 24.6875 24.3750 25.13 27.11 1013.8285
05078.8335 24.6250 24.6875 24.3125 25.13 27.11 1013.8285
05079.5332 24.6250 24.6875 24.3125 25.13 27.11 1013.8285
05052.9707 24.6250 24.6875 24.3125 25.14 27.12 1013.7908
05078.5957 24.6250 24.6875 24.3125 25.14 27.12 1013.7908
05054.8335 24.6250 24.6875 24.3125 25.14 27.12 1013.7908
05079.0708 24.6250 24.6875 24.3125 25.14 27.12 1013.7908
05078.8833 24.6250 24.6875 24.3125 25.14 27.12 1013.7908
05079.3584 24.6250 24.6875 24.3125 25.14 27.12 1013.7908
05078.8335 24.6250 24.6875 24.3125 25.14 27.12 1013.7908
05079.5957 24.6250 24.6875 24.3750 25.14 27.12 1013.7908
05052.4956 24.6250 24.6875 24.3750 25.14 27.12 1013.7908
05079.5957 24.6250 24.6875 24.3750 25.14 27.12 1013.7908
05054.6084 24.6250 24.6875 24.3750 25.15 27.11 1013.8531
05054.8706 24.6250 24.6875 24.3750 25.15 27.11 1013.8531
05054.6460 24.6250 24.6875 24.3750 25.15 27.11 1013.8531
05078.8335 24.6250 24.6875 24.3750 25.15 27.11 1013.8531
05078.5957 24.6250 24.6875 24.3750 25.15 27.11 1013.8531
05054.8457 24.6250 24.6875 24.3750 25.15 27.11 1013.8531
05079.1084 24.6250 24.6875 24.3750 25.15 27.11 1013.8531
05079.1084 24.6250 24.6875 24.3750 25.15 27.11 1013.8531
05078.6333 24.6250 24.6875 24.3750 25.15 27.11 1013.8531
05054.8457 24.6250 24.6875 24.3750 25.15 27.10 1013.8531
05054.4209 24.6250 24.6875 24.3750 25.15 27.10 1013.8531
05054.6084 24.6250 24.6875 24.3750 25.15 27.10 1013.8531
05054.6582 24.6250 24.6875 24.3750 25.15 27.10 1013.8531
05054.8960 24.6250 24.6875 24.3750 25.15 27.10 1013.8531
05078.8833 24.5625 24.6875 24.3125 25.15 27.10 1013.8531
05078.8208 24.5625 24.6875 24.3125 25.15 27.10 1013.8531
05079.0835 24.5625 24.6875 24.3125 25.15 27.10 1013.8531
05078.8833 24.5625 24.6875 24.3125 25.15 27.10 1013.8531
05054.6582 24.5625 24.6875 24.3125 25.15 27.10 1013.8531
05078.8833 24.5625 24.6875 24.3125 25.15 27.12 1013.9344
05054.6084 24.5625 24.6875 24.3125 25.15 27.12 1013.9344
05054.6084 24.5625 24.6875 24.3125 25.15 27.12 1013.9344
05079.0708 24.5625 24.6875 24.3750 25.15 27.12 1013.9344
05078.8335 24.5625 24.6875 24.3750 25.15 27.12 1013.9344
05052.4707 24.5625 24.6875 24.3750 25.15 27.12 1013.9344
05053.8833 24.5625 24.6875 24.3750 25.15 27.12 1013.9344
05054.6333 24.5625 24.6875 24.3750 25.15 27.12 1013.9344
05054.3706 24.5625 24.6875 24.3750 25.15 27.12 1013.9344
05054.6582 24.5625 24.6875 24.3750 25.14 27.12 1013.8720
05054.6460 24.5625 24.6875 24.3750 25.14 27.12 1013.8720
05054.4209 24.5625 24.6875 24.3750 25.14 27.12 1013.8720
05078.8833 24.5625 24.6875 24.3750 25.14 27.12 1013.8720
05079.0581 24.5625 24.6875 24.3750 25.14 27.12 1013.8720
05078.8706 24.5625 24.6875 24.3750 25.14 27.12 1013.8720
05054.8335 24.5625 24.6875 24.3750 25.14 27.12 1013.8720
05054.6084 24.5625 24.6875 24.3750 25.14 27.12 1013.8720
05054.6084 24.5625 24.6875 24.3750 25.14 27.12 1013.8720
05054.4209 24.5625 24.6875 24.3750 25.14 27.12 1013.8720
#terjedesi                                       nyomas  ##
#ido(usec)  T1(C)   T2(C)   T3(C)  T4(C) para(%)  (hPa)
05054.3706 24.5625 24.6875 24.3750 25.13 27.13 1013.8367
05072.8960 24.6250 24.6875 24.3750 25.13 27.13 1013.8367
05054.8457 24.6250 24.6875 24.3750 25.13 27.13 1013.8367
05078.8833 24.6250 24.6875 24.3750 25.13 27.13 1013.8367
05054.3960 24.6250 24.6875 24.3750 25.13 27.13 1013.8367
05054.1831 24.6250 24.6875 24.3750 25.13 27.13 1013.8367
05054.6582 24.6250 24.6875 24.3750 25.13 27.13 1013.8367
05078.6460 24.6250 24.6875 24.3750 25.13 27.13 1013.8367
05078.8833 24.6250 24.6875 24.3750 25.13 27.13 1013.8367
05030.6460 24.6250 24.6875 24.3750 25.13 27.13 1013.8367
05078.8335 24.5625 24.6875 24.3750 25.16 27.12 1013.8699
05052.5210 24.5625 24.6875 24.3750 25.16 27.12 1013.8699
05052.9458 24.5625 24.6875 24.3750 25.16 27.12 1013.8699
05078.8584 24.5625 24.6875 24.3750 25.16 27.12 1013.8699
05078.8833 24.5625 24.6875 24.3750 25.16 27.12 1013.8699
05054.8457 24.5625 24.6875 24.3750 25.16 27.12 1013.8699
05054.6582 24.5625 24.6875 24.3750 25.16 27.12 1013.8699
05054.5957 24.5625 24.6875 24.3750 25.16 27.12 1013.8699
05078.8706 24.6250 24.6875 24.3750 25.14 27.10 1013.8990
05079.1206 24.6250 24.6875 24.3750 25.14 27.10 1013.8990
05052.5083 24.6250 24.6875 24.3750 25.14 27.10 1013.8990
05054.3833 24.6250 24.6875 24.3750 25.14 27.10 1013.8990
05078.8833 24.6250 24.6875 24.3750 25.14 27.10 1013.8990
05078.8833 24.6250 24.6875 24.3750 25.14 27.10 1013.8990
05054.8335 24.6250 24.6875 24.3750 25.14 27.10 1013.8990
05054.8335 24.6250 24.6875 24.3750 25.14 27.10 1013.8990
05078.8208 24.6250 24.6875 24.3750 25.14 27.10 1013.8990
05054.6582 24.5625 24.6875 24.3750 25.14 27.10 1013.8990
05079.1206 24.5625 24.6875 24.3750 25.14 27.10 1013.8990
05079.2959 24.5625 24.6875 24.3750 25.13 26.99 1013.8367
05037.0708 24.5625 24.6875 24.3750 25.13 26.99 1013.8367
05054.6084 24.5625 24.6875 24.3750 25.13 26.99 1013.8367
05078.8833 24.5625 24.6875 24.3750 25.13 26.99 1013.8367
05078.8335 24.5625 24.6875 24.3750 25.13 26.99 1013.8367
05054.6582 24.5625 24.6875 24.3750 25.13 26.99 1013.8367
05078.5957 24.6250 24.6875 24.3750 25.13 26.99 1013.8367
05078.8833 24.6250 24.6875 24.3750 25.13 26.99 1013.8367
05078.8335 24.6250 24.6875 24.3750 25.13 26.99 1013.8367
05054.6582 24.6250 24.6875 24.3750 25.13 27.13 1013.8367
05054.6084 24.6250 24.6875 24.3750 25.13 27.13 1013.8367
05078.8833 24.6250 24.6875 24.3750 25.13 27.13 1013.8367
05054.4209 24.6250 24.6875 24.3750 25.13 27.13 1013.8367
05054.6582 24.6250 24.6875 24.3750 25.13 27.13 1013.8367
05078.6460 24.6250 24.6875 24.3750 25.13 27.13 1013.8367
05052.7085 24.5625 24.6875 24.3750 25.13 27.13 1013.8367
05052.4585 24.5625 24.6875 24.3750 25.13 27.13 1013.8367
05052.7583 24.5625 24.6875 24.3750 25.13 27.13 1013.8367
05054.4082 24.5625 24.6875 24.3750 25.15 27.13 1013.8531
05054.8833 24.5625 24.6875 24.3750 25.15 27.13 1013.8531
05079.1206 24.5625 24.6875 24.3750 25.15 27.13 1013.8531
05054.6460 24.5625 24.6875 24.3750 25.15 27.13 1013.8531
05078.6460 24.5625 24.6875 24.3750 25.15 27.13 1013.8531
05078.6206 24.5625 24.6875 24.3750 25.15 27.13 1013.8531
05079.3208 24.6250 24.6875 24.3750 25.15 27.13 1013.8531
05079.3335 24.6250 24.6875 24.3750 25.15 27.13 1013.8531
05079.1206 24.6250 24.6875 24.3750 25.15 27.13 1013.8531
05054.8960 24.6250 24.6875 24.3750 25.15 27.13 1013.8531
05054.8335 24.6250 24.6875 24.3750 25.15 27.12 1013.8531
05078.8208 24.6250 24.6875 24.3750 25.15 27.12 1013.8531
05078.8833 24.6250 24.6875 24.3750 25.15 27.12 1013.8531
05079.0708 24.6250 24.6875 24.3750 25.15 27.12 1013.8531
05078.8833 24.6250 24.6875 24.3750 25.15 27.12 1013.8531
05079.1084 24.5625 24.6875 24.3750 25.15 27.12 1013.8531
05052.6958 24.5625 24.6875 24.3750 25.15 27.12 1013.8531
05079.1084 24.5625 24.6875 24.3750 25.15 27.12 1013.8531
05078.8833 24.5625 24.6875 24.3750 25.15 27.12 1013.8531
05078.5957 24.5625 24.6875 24.3750 25.13 27.12 1013.7826
05054.8457 24.5625 24.6875 24.3750 25.13 27.12 1013.7826
05078.8457 24.5625 24.6875 24.3750 25.13 27.12 1013.7826
05079.0581 24.5625 24.6875 24.3750 25.13 27.12 1013.7826
05079.1084 24.6250 24.6875 24.3750 25.13 27.12 1013.7826
05079.0581 24.6250 24.6875 24.3750 25.13 27.12 1013.7826
05079.1206 24.6250 24.6875 24.3750 25.13 27.12 1013.7826
#terjedesi                                       nyomas  ##
#ido(usec)  T1(C)   T2(C)   T3(C)  T4(C) para(%)  (hPa)
05054.4209 24.6250 24.6875 24.3750 25.13 27.12 1013.7826
05078.8833 24.6250 24.6875 24.3750 25.13 27.12 1013.7826
05054.8960 24.6250 24.6875 24.3750 25.13 27.12 1013.7826
05078.8335 24.6250 24.6875 24.3750 25.15 27.13 1013.8531
05054.8706 24.6250 24.6875 24.3750 25.15 27.13 1013.8531
05054.6084 24.6250 24.6875 24.3750 25.15 27.13 1013.8531
05079.3208 24.5625 24.6875 24.3750 25.15 27.13 1013.8531
05079.0708 24.5625 24.6875 24.3750 25.15 27.13 1013.8531
05054.8457 24.5625 24.6875 24.3750 25.15 27.13 1013.8531
05035.6084 24.5625 24.6875 24.3750 25.15 27.13 1013.8531
05054.6460 24.5625 24.6875 24.3750 25.15 27.13 1013.8531
05078.8833 24.5625 24.6875 24.3750 25.15 27.13 1013.8531
05054.5957 24.5625 24.6875 24.3750 25.14 27.12 1013.8449
05078.8833 24.5625 24.6875 24.3750 25.14 27.12 1013.8449
05079.0581 24.6250 24.6875 24.3750 25.14 27.12 1013.8449
05079.3208 24.6250 24.6875 24.3750 25.14 27.12 1013.8449
05052.7456 24.6250 24.6875 24.3750 25.14 27.12 1013.8449
05054.8706 24.6250 24.6875 24.3750 25.14 27.12 1013.8449
05078.8208 24.6250 24.6875 24.3750 25.14 27.12 1013.8449
05079.0957 24.6250 24.6875 24.3750 25.14 27.12 1013.8449
05054.8706 24.6250 24.6875 24.3750 25.14 27.12 1013.8449
05054.6582 24.6250 24.6875 24.3750 25.14 27.12 1013.8449
05079.1084 24.6250 24.6875 24.3750 25.15 27.13 1013.7989
05079.0708 24.6250 24.6875 24.3750 25.15 27.13 1013.7989
05079.0835 24.6250 24.6875 24.3750 25.15 27.13 1013.7989
05054.8335 24.6250 24.6875 24.3750 25.15 27.13 1013.7989
05054.6084 24.6250 24.6875 24.3750 25.15 27.13 1013.7989
05054.6333 24.6250 24.6875 24.3750 25.15 27.13 1013.7989
05054.6582 24.6250 24.6875 24.3750 25.15 27.13 1013.7989
05054.8584 24.6250 24.6875 24.3750 25.15 27.13 1013.7989
05078.8335 24.6250 24.6875 24.3750 25.15 27.13 1013.7989
05079.0708 24.5625 24.6875 24.3750 25.14 27.11 1013.8449
05052.7085 24.5625 24.6875 24.3750 25.14 27.11 1013.8449
05052.6958 24.5625 24.6875 24.3750 25.14 27.11 1013.8449
05054.6084 24.5625 24.6875 24.3750 25.14 27.11 1013.8449
05054.8457 24.5625 24.6875 24.3750 25.14 27.11 1013.8449
05054.5957 24.5625 24.6875 24.3750 25.14 27.11 1013.8449
05054.8833 24.5625 24.6875 24.3750 25.14 27.11 1013.8449
05054.8833 24.5625 24.6875 24.3750 25.14 27.11 1013.8449
05079.3584 24.5625 24.6875 24.3750 25.14 27.11 1013.8449
05052.7085 24.5625 24.6875 24.3750 25.15 27.13 1013.8260
05052.7085 24.5625 24.6875 24.3750 25.15 27.13 1013.8260
05078.8335 24.5625 24.6875 24.3750 25.15 27.13 1013.8260
05079.0581 24.5625 24.6875 24.3750 25.15 27.13 1013.8260
05078.8706 24.5625 24.6875 24.3750 25.15 27.13 1013.8260
05054.6582 24.5625 24.6875 24.3750 25.15 27.13 1013.8260
05078.6333 24.5625 24.6875 24.3750 25.15 27.13 1013.8260
05078.8457 24.5625 24.6875 24.3750 25.15 27.13 1013.8260
05054.6582 24.6250 24.6875 24.3750 25.15 27.13 1013.8260
05079.2959 24.6250 24.6875 24.3750 25.15 27.13 1013.8260
05052.4834 24.6250 24.6875 24.3750 25.15 27.13 1013.9073
05079.1206 24.6250 24.6875 24.3750 25.15 27.13 1013.9073
05078.5835 24.6250 24.6875 24.3750 25.15 27.13 1013.9073
05079.3081 24.6250 24.6875 24.3750 25.15 27.13 1013.9073
05078.8335 24.6250 24.6875 24.3750 25.15 27.13 1013.9073
05054.6460 24.6250 24.6875 24.3750 25.15 27.13 1013.9073
05079.3081 24.5625 24.6875 24.3750 25.15 27.13 1013.9073
05079.2959 24.5625 24.6875 24.3750 25.15 27.13 1013.9073
05079.0708 24.5625 24.6875 24.3750 25.15 27.13 1013.9073
05054.8457 24.5625 24.6875 24.3750 25.14 27.12 1013.8720
05054.8960 24.5625 24.6875 24.3750 25.14 27.12 1013.8720
05054.6460 24.5625 24.6875 24.3750 25.14 27.12 1013.8720
05054.4209 24.5625 24.6875 24.3750 25.14 27.12 1013.8720
05054.6582 24.5625 24.6875 24.3750 25.14 27.12 1013.8720
05054.6206 24.5625 24.6875 24.3750 25.14 27.12 1013.8720
05054.8960 24.6250 24.6875 24.3750 25.14 27.12 1013.8720
05079.3208 24.6250 24.6875 24.3750 25.14 27.12 1013.8720
05079.3081 24.6250 24.6875 24.3750 25.14 27.12 1013.8720
05054.6206 24.6250 24.6875 24.3750 25.14 27.12 1013.8720
05078.5957 24.6250 24.6875 24.3750 25.15 27.12 1013.8260
05078.8706 24.6250 24.6875 24.3750 25.15 27.12 1013.8260
05078.6460 24.6250 24.6875 24.3750 25.15 27.12 1013.8260
05054.8457 24.6250 24.6875 24.3750 25.15 27.12 1013.8260
#terjedesi                                       nyomas  ##
#ido(usec)  T1(C)   T2(C)   T3(C)  T4(C) para(%)  (hPa)
05079.1206 24.6250 24.6875 24.3750 25.15 27.12 1013.8260
05071.9956 24.6250 24.6875 24.3750 25.15 27.12 1013.8260
05052.4707 24.6250 24.6875 24.3750 25.15 27.12 1013.8260
05054.6084 24.6250 24.6875 24.3750 25.15 27.12 1013.8260
05079.1206 24.6250 24.6875 24.3750 25.15 27.12 1013.8260
05054.8335 24.6250 24.6875 24.3750 25.15 27.12 1013.8531
05054.4209 24.6250 24.6875 24.3750 25.15 27.12 1013.8531
05078.8208 24.6250 24.6875 24.3750 25.15 27.12 1013.8531
05054.5957 24.6250 24.6875 24.3750 25.15 27.12 1013.8531
05054.6460 24.6250 24.6875 24.3750 25.15 27.12 1013.8531
05078.8833 24.6250 24.6875 24.3750 25.15 27.12 1013.8531
05078.6333 24.6250 24.6875 24.3750 25.15 27.12 1013.8531
05054.3706 24.6250 24.6875 24.3750 25.15 27.12 1013.8531
05054.4082 24.6250 24.6875 24.3750 25.15 27.12 1013.8531
05054.8584 24.6250 24.6875 24.3750 25.15 27.12 1013.8531
05054.6582 24.6250 24.6875 24.3750 25.13 27.10 1013.8367
05054.8960 24.6250 24.6875 24.3750 25.13 27.10 1013.8367
05055.0708 24.5625 24.6875 24.3750 25.13 27.10 1013.8367
05079.1206 24.5625 24.6875 24.3750 25.13 27.10 1013.8367
05079.1206 24.5625 24.6875 24.3750 25.13 27.10 1013.8367
05054.6582 24.5625 24.6875 24.3750 25.13 27.10 1013.8367
05054.3584 24.5625 24.6875 24.3750 25.13 27.10 1013.8367
05054.4209 24.5625 24.6875 24.3750 25.13 27.10 1013.8367
05054.6084 24.5625 24.6875 24.3750 25.13 27.10 1013.8367
05054.8584 24.5625 24.6875 24.3750 25.13 27.10 1013.8367
05054.6084 24.5625 24.6875 24.3750 25.15 27.11 1013.9073
05079.0835 24.5625 24.6875 24.3750 25.15 27.11 1013.9073
05078.8208 24.5625 24.6875 24.3750 25.15 27.11 1013.9073
05079.0708 24.5625 24.6875 24.3750 25.15 27.11 1013.9073
05078.5957 24.5625 24.6875 24.3750 25.15 27.11 1013.9073
05054.6460 24.5625 24.6875 24.3750 25.15 27.11 1013.9073
05078.8335 24.5625 24.6875 24.3750 25.15 27.11 1013.9073
05078.8335 24.5625 24.6875 24.3750 25.15 27.11 1013.9073
05078.8706 24.5625 24.6875 24.3750 25.15 27.11 1013.9073
05054.8584 24.5625 24.6875 24.3750 25.15 27.11 1013.8802
05052.7583 24.6250 24.6875 24.3750 25.15 27.11 1013.8802
05052.7583 24.6250 24.6875 24.3750 25.15 27.11 1013.8802
05052.7456 24.6250 24.6875 24.3750 25.15 27.11 1013.8802
05078.8208 24.6250 24.6875 24.3750 25.15 27.11 1013.8802
05054.8457 24.6250 24.6875 24.3750 25.15 27.11 1013.8802
05078.6460 24.6250 24.6875 24.3750 25.15 27.11 1013.8802
05054.8960 24.6250 24.6875 24.3750 25.15 27.11 1013.8802
05054.6582 24.6250 24.6875 24.3750 25.15 27.11 1013.8802
05079.0957 24.6250 24.6875 24.3750 25.16 27.12 1013.8156
05079.0581 24.6250 24.6875 24.3750 25.16 27.12 1013.8156
05052.7334 24.6250 24.6875 24.3750 25.16 27.12 1013.8156
05079.0957 24.6250 24.6875 24.3750 25.16 27.12 1013.8156
05054.8960 24.6250 24.6875 24.3750 25.16 27.12 1013.8156
05054.6084 24.6250 24.6875 24.3750 25.16 27.12 1013.8156
05054.8960 24.6250 24.6875 24.3750 25.16 27.12 1013.8156
05054.6084 24.6250 24.6875 24.3750 25.16 27.12 1013.8156
05054.8457 24.6250 24.6875 24.3750 25.16 27.12 1013.8156
05079.1206 24.6250 24.6875 24.3750 25.16 27.12 1013.8156
05079.3208 24.6250 24.6875 24.3750 25.15 27.13 1013.9155
05052.4956 24.6250 24.6875 24.3750 25.15 27.13 1013.9155
05079.1084 24.6250 24.6875 24.3750 25.15 27.13 1013.9155
05052.9956 24.6250 24.6875 24.3750 25.15 27.13 1013.9155
05078.8833 24.6250 24.6875 24.3750 25.15 27.13 1013.9155
05078.8335 24.6250 24.6875 24.3750 25.15 27.13 1013.9155
05054.6206 24.6250 24.6875 24.3750 25.15 27.13 1013.9155
05078.6333 24.6250 24.6875 24.3750 25.15 27.13 1013.9155
05052.5083 24.6250 24.6875 24.3750 25.15 27.13 1013.9155
05079.0957 24.6250 24.6875 24.3750 25.15 27.13 1013.8071
05079.0581 24.6250 24.6875 24.3750 25.15 27.13 1013.8071
05054.8457 24.6250 24.6875 24.3750 25.15 27.13 1013.8071
05079.0835 24.6250 24.6875 24.3750 25.15 27.13 1013.8071
05079.0581 24.6250 24.6875 24.3750 25.15 27.13 1013.8071
05079.0581 24.6250 24.6875 24.3750 25.15 27.13 1013.8071
05078.8833 24.6250 24.6875 24.3750 25.15 27.13 1013.8071
05079.1206 24.6250 24.6875 24.3750 25.15 27.13 1013.8071
05052.9956 24.6250 24.6875 24.3750 25.15 27.13 1013.8071
05052.5210 24.6250 24.6875 24.3750 25.15 27.13 1013.8071
05078.8833 24.6250 24.6875 24.3750 25.15 27.13 1013.8260