#terjedesi                                       nyomas  ##
#ido(usec)  T1(C)   T2(C)   T3(C)  T4(C) para(%)  (hPa)
05624.1460 24.6875 24.7500 24.4375 25.21 27.09 1013.7977
05624.3706 24.6875 24.7500 24.4375 25.21 27.09 1013.7977
05650.5459 24.6875 24.7500 24.4375 25.20 26.99 1013.8273
05650.4956 24.6875 24.7500 24.4375 25.20 26.99 1013.8273
05650.5332 24.6875 24.7500 24.4375 25.20 26.99 1013.8273
05623.9458 24.6875 24.7500 24.4375 25.20 26.99 1013.8273
05623.9458 24.6875 24.7500 24.4375 25.20 26.99 1013.8273
05623.9458 24.6875 24.7500 24.4375 25.20 26.99 1013.8273
05624.4209 24.6875 24.7500 24.4375 25.20 26.99 1013.8273
05624.3706 24.6875 24.7500 24.4375 25.20 26.99 1013.8273
05624.1206 24.6875 24.7500 24.4375 25.20 26.99 1013.8273
05623.6831 24.6875 24.7500 24.4375 25.20 26.99 1013.8273
05674.4834 24.6875 24.7500 24.4375 25.21 26.96 1013.8167
05650.2959 24.6875 24.7500 24.4375 25.21 26.96 1013.8167
05674.5332 24.6875 24.7500 24.4375 25.21 26.96 1013.8167
05674.7207 24.6875 24.7500 24.4375 25.21 26.96 1013.8167
05624.3960 24.6250 24.7500 24.3750 25.21 26.96 1013.8167
05624.6084 24.6250 24.7500 24.3750 25.21 26.96 1013.8167
05623.9458 24.6250 24.7500 24.3750 25.21 26.96 1013.8167
05674.7207 24.6250 24.7500 24.3750 25.21 26.96 1013.8167
05623.6582 24.6250 24.7500 24.3750 25.20 26.91 1013.8273
05624.1333 24.6250 24.7500 24.3750 25.20 26.91 1013.8273
05624.1333 24.6250 24.7500 24.3750 25.20 26.91 1013.8273
05624.4209 24.6250 24.7500 24.4375 25.20 26.91 1013.8273
05624.8960 24.6250 24.7500 24.4375 25.20 26.91 1013.8273
05624.8457 24.6250 24.7500 24.4375 25.20 26.91 1013.8273
05624.4209 24.6250 24.7500 24.4375 25.20 26.91 1013.8273
05624.1831 24.6250 24.7500 24.4375 25.20 26.91 1013.8273
05624.1206 24.6250 24.7500 24.4375 25.20 26.91 1013.8273
05624.6582 24.6250 24.7500 24.4375 25.20 26.91 1013.8273
05624.1831 24.6250 24.7500 24.4375 25.20 26.91 1013.8273
05647.6958 24.6250 24.7500 24.4375 25.20 26.92 1013.8084
05624.8457 24.6250 24.7500 24.4375 25.20 26.92 1013.8084
05624.6206 24.6250 24.7500 24.4375 25.20 26.92 1013.8084
05623.8960 24.6250 24.7500 24.4375 25.20 26.92 1013.8084
05624.1206 24.6250 24.7500 24.4375 25.20 26.92 1013.8084
05624.6206 24.6250 24.7500 24.4375 25.20 26.92 1013.8084
05624.4209 24.6250 24.7500 24.4375 25.20 26.92 1013.8084
05624.1206 24.6250 24.7500 24.4375 25.20 26.92 1013.8084
05624.3833 24.6875 24.7500 24.4375 25.20 26.92 1013.8084
05624.8960 24.6875 24.7500 24.4375 25.20 26.81 1013.8084
05624.8335 24.6875 24.7500 24.4375 25.20 26.81 1013.8084
05624.3706 24.6875 24.7500 24.4375 25.20 26.81 1013.8084
05623.8960 24.6875 24.7500 24.4375 25.20 26.81 1013.8084
05624.1709 24.6875 24.7500 24.4375 25.20 26.81 1013.8084
05624.1206 24.6875 24.7500 24.4375 25.20 26.81 1013.8084
05623.9458 24.6875 24.7500 24.4375 25.20 26.81 1013.8084
05624.6582 24.6875 24.7500 24.4375 25.20 26.81 1013.8084
05624.8457 24.6250 24.7500 24.4375 25.20 26.81 1013.8084
05624.6582 24.6250 24.7500 24.4375 25.20 26.89 1013.8356
05624.1831 24.6250 24.7500 24.4375 25.20 26.89 1013.8356
05624.1460 24.6250 24.7500 24.4375 25.20 26.89 1013.8356
05674.5210 24.6250 24.7500 24.4375 25.20 26.89 1013.8356
05624.1206 24.6250 24.7500 24.4375 25.20 26.89 1013.8356
05623.8960 24.6250 24.7500 24.4375 25.20 26.89 1013.8356
05674.4707 24.6250 24.7500 24.4375 25.20 26.89 1013.8356
05624.6084 24.6250 24.7500 24.4375 25.20 26.89 1013.8356
05624.8335 24.6250 24.7500 24.4375 25.20 26.89 1013.8356
05623.9458 24.6250 24.7500 24.4375 25.20 26.89 1013.8356
05674.7710 24.6250 24.7500 24.4375 25.20 26.87 1013.8544
05650.5459 24.6250 24.7500 24.4375 25.20 26.87 1013.8544
05647.9331 24.6250 24.7500 24.4375 25.20 26.87 1013.8544
05624.3706 24.6250 24.7500 24.4375 25.20 26.87 1013.8544
05624.1831 24.6250 24.7500 24.4375 25.20 26.87 1013.8544
05624.4209 24.6875 24.7500 24.4375 25.20 26.87 1013.8544
05624.6084 24.6875 24.7500 24.4375 25.20 26.87 1013.8544
05650.2832 24.6875 24.7500 24.4375 25.20 26.87 1013.8544
05647.8706 24.6875 24.7500 24.4375 25.20 26.87 1013.8544
05624.1333 24.6875 24.7500 24.4375 25.20 27.07 1013.7461
05624.1333 24.6875 24.7500 24.4375 25.20 27.07 1013.7461
05650.5459 24.6875 24.7500 24.4375 25.20 27.07 1013.7461
05650.3081 24.6250 24.7500 24.4375 25.20 27.07 1013.7461
05624.3960 24.6250 24.7500 24.4375 25.20 27.07 1013.7461
#terjedesi                                       nyomas  ##
#ido(usec)  T1(C)   T2(C)   T3(C)  T4(C) para(%)  (hPa)
05624.6582 24.6250 24.7500 24.4375 25.20 27.07 1013.7461
05643.3833 24.6250 24.7500 24.4375 25.20 27.07 1013.7461
05647.8833 24.6250 24.7500 24.4375 25.20 27.07 1013.7461
05624.1333 24.6250 24.7500 24.4375 25.20 27.07 1013.7461
05650.7334 24.6250 24.7500 24.4375 25.20 27.07 1013.7461
05647.9331 24.6250 24.7500 24.4375 25.21 26.87 1013.7896
05650.5210 24.6250 24.7500 24.4375 25.21 26.87 1013.7896
05624.4209 24.6250 24.7500 24.4375 25.21 26.87 1013.7896
05625.0835 24.6250 24.7500 24.4375 25.21 26.87 1013.7896
05623.9458 24.6250 24.7500 24.4375 25.21 26.87 1013.7896
05674.5210 24.6250 24.7500 24.4375 25.21 26.87 1013.7896
05674.7207 24.6250 24.7500 24.4375 25.21 26.87 1013.7896
05624.1333 24.6250 24.7500 24.4375 25.21 26.87 1013.7896
05624.1831 24.6250 24.7500 24.4375 25.20 26.88 1013.8356
05623.9209 24.6250 24.7500 24.4375 25.20 26.88 1013.8356
05624.8335 24.6250 24.7500 24.4375 25.20 26.88 1013.8356
05624.8335 24.6250 24.7500 24.4375 25.20 26.88 1013.8356
05623.8833 24.6250 24.7500 24.4375 25.20 26.88 1013.8356
05647.6958 24.6250 24.7500 24.4375 25.20 26.88 1013.8356
05624.3706 24.6250 24.7500 24.4375 25.20 26.88 1013.8356
05624.1831 24.6250 24.7500 24.4375 25.20 26.88 1013.8356
05650.7334 24.6250 24.7500 24.4375 25.20 26.88 1013.8356
05650.5210 24.6250 24.7500 24.4375 25.20 26.88 1013.8356
05624.6084 24.6250 24.7500 24.4375 25.21 26.87 1013.7707
05624.1831 24.6250 24.7500 24.4375 25.21 26.87 1013.7707
05623.9331 24.6250 24.7500 24.4375 25.21 26.87 1013.7707
05674.4834 24.6250 24.7500 24.4375 25.21 26.87 1013.7707
05674.4834 24.6250 24.7500 24.4375 25.21 26.87 1013.7707
05650.5459 24.6250 24.7500 24.4375 25.21 26.87 1013.7707
05650.5459 24.6250 24.7500 24.4375 25.21 26.87 1013.7707
05623.9082 24.6875 24.7500 24.4375 25.21 26.87 1013.7707
05624.8833 24.6875 24.7500 24.4375 25.21 26.87 1013.7707
05624.8335 24.6875 24.7500 24.4375 25.22 26.86 1013.8602
05624.4209 24.6875 24.7500 24.4375 25.22 26.86 1013.8602
05624.1831 24.6875 24.7500 24.4375 25.22 26.86 1013.8602
05623.8833 24.6875 24.7500 24.4375 25.22 26.86 1013.8602
05624.1206 24.6875 24.7500 24.4375 25.22 26.86 1013.8602
05650.4834 24.6875 24.7500 24.4375 25.22 26.86 1013.8602
05650.4834 24.6875 24.7500 24.4375 25.22 26.86 1013.8602
05624.6206 24.6250 24.7500 24.4375 25.22 26.86 1013.8602
05624.5957 24.6250 24.7500 24.4375 25.22 26.86 1013.8602
05649.8208 24.6250 24.7500 24.4375 25.22 26.86 1013.8602
05624.1333 24.6250 24.7500 24.4375 25.20 26.84 1013.7272
05623.8960 24.6250 24.7500 24.4375 25.20 26.84 1013.7272
05647.6831 24.6250 24.7500 24.4375 25.20 26.84 1013.7272
05674.2959 24.6250 24.7500 24.4375 25.20 26.84 1013.7272
05624.1460 24.6250 24.7500 24.4375 25.20 26.84 1013.7272
05624.6582 24.6250 24.7500 24.4375 25.20 26.84 1013.7272
05624.8833 24.6250 24.7500 24.4375 25.20 26.84 1013.7272
05623.9458 24.6250 24.7500 24.4375 25.20 26.84 1013.7272
05623.9458 24.6250 24.7500 24.4375 25.20 26.84 1013.7272
05624.3706 24.6250 24.7500 24.4375 25.20 26.83 1013.8084
05624.1206 24.6250 24.7500 24.4375 25.20 26.83 1013.8084
05624.3584 24.6250 24.7500 24.4375 25.20 26.83 1013.8084
05624.1333 24.6250 24.7500 24.4375 25.20 26.83 1013.8084
05624.8960 24.6250 24.7500 24.4375 25.20 26.83 1013.8084
05625.0835 24.6250 24.7500 24.4375 25.20 26.83 1013.8084
05624.3706 24.6250 24.7500 24.4375 25.20 26.83 1013.8084
05624.8335 24.6250 24.7500 24.4375 25.20 26.83 1013.8084
05624.6582 24.6250 24.7500 24.4375 25.20 26.83 1013.8084
05624.6084 24.6250 24.7500 24.4375 25.21 26.88 1013.7354
05624.6460 24.6250 24.7500 24.4375 25.21 26.88 1013.7354
05624.5957 24.6250 24.7500 24.4375 25.21 26.88 1013.7354
05624.6333 24.6250 24.7500 24.4375 25.21 26.88 1013.7354
05625.1333 24.6250 24.7500 24.4375 25.21 26.88 1013.7354
05624.4209 24.6250 24.7500 24.4375 25.21 26.88 1013.7354
05650.5332 24.6250 24.7500 24.4375 25.21 26.88 1013.7354
05624.1831 24.6250 24.7500 24.4375 25.21 26.88 1013.7354
05624.1206 24.6250 24.7500 24.4375 25.21 26.88 1013.7354
05624.3706 24.6250 24.7500 24.4375 25.21 26.88 1013.7354
05624.4082 24.6250 24.7500 24.4375 25.21 26.90 1013.7896
05624.8457 24.6875 24.7500 24.4375 25.21 26.90 1013.7896
05625.0835 24.6875 24.7500 24.4375 25.21 26.90 1013.7896
#terjedesi                                       nyomas  ##
#ido(usec)  T1(C)   T2(C)   T3(C)  T4(C) para(%)  (hPa)
05624.1333 24.6875 24.7500 24.4375 25.21 26.90 1013.7896
05624.1582 24.6875 24.7500 24.4375 25.21 26.90 1013.7896
05624.3706 24.6875 24.7500 24.4375 25.21 26.90 1013.7896
05674.4834 24.6875 24.7500 24.4375 25.21 26.90 1013.7896
05623.9458 24.6875 24.7500 24.4375 25.21 26.90 1013.7896
05650.5459 24.6875 24.7500 24.4375 25.21 26.90 1013.7896
05624.1831 24.6875 24.7500 24.4375 25.21 26.90 1013.7436
05624.8335 24.6875 24.7500 24.4375 25.21 26.90 1013.7436
05624.1206 24.6875 24.7500 24.4375 25.21 26.90 1013.7436
05623.9458 24.6875 24.7500 24.4375 25.21 26.90 1013.7436
05650.2583 24.6875 24.7500 24.4375 25.21 26.90 1013.7436
05624.1206 24.6875 24.7500 24.4375 25.21 26.90 1013.7436
05624.1831 24.6875 24.7500 24.4375 25.21 26.90 1013.7436
05624.1831 24.6875 24.7500 24.4375 25.21 26.90 1013.7436
05624.4082 24.6250 24.7500 24.4375 25.21 26.90 1013.7436
05624.8457 24.6250 24.7500 24.4375 25.21 26.90 1013.7436
05623.9082 24.6250 24.7500 24.4375 25.21 26.93 1013.7977
05624.3706 24.6250 24.7500 24.4375 25.21 26.93 1013.7977
05624.6084 24.6250 24.7500 24.4375 25.21 26.93 1013.7977
05624.1333 24.6250 24.7500 24.4375 25.21 26.93 1013.7977
05650.7207 24.6250 24.7500 24.4375 25.21 26.93 1013.7977
05623.9458 24.6250 24.7500 24.4375 25.21 26.93 1013.7977
05624.6460 24.6250 24.7500 24.4375 25.21 26.93 1013.7977
05624.8584 24.6250 24.7500 24.4375 25.21 26.93 1013.7977
05624.1831 24.6250 24.7500 24.4375 25.21 26.93 1013.7977
05624.1831 24.6250 24.7500 24.4375 25.21 26.94 1013.7896
05624.4209 24.6250 24.7500 24.4375 25.21 26.94 1013.7896
05650.2959 24.6250 24.7500 24.4375 25.21 26.94 1013.7896
05624.3706 24.6250 24.7500 24.4375 25.21 26.94 1013.7896
05674.4956 24.6250 24.7500 24.4375 25.21 26.94 1013.7896
05624.3833 24.6875 24.7500 24.4375 25.21 26.94 1013.7896
05624.8457 24.6875 24.7500 24.4375 25.21 26.94 1013.7896
05674.4707 24.6875 24.7500 24.4375 25.21 26.94 1013.7896
05624.1582 24.6875 24.7500 24.4375 25.21 26.94 1013.7896
05674.5210 24.6875 24.7500 24.4375 25.21 26.94 1013.7896
05623.9458 24.6875 24.7500 24.4375 25.21 26.94 1013.7896
05624.1333 24.6875 24.7500 24.4375 25.21 26.94 1013.7896
05623.8960 24.6250 24.7500 24.4375 25.21 26.94 1013.7896
05624.4209 24.6250 24.7500 24.4375 25.21 26.94 1013.7896
05624.4209 24.6250 24.7500 24.4375 25.21 26.94 1013.7896
05623.9458 24.6250 24.7500 24.4375 25.21 26.94 1013.7896
05624.5957 24.6250 24.7500 24.4375 25.21 26.94 1013.7896
05624.1831 24.6250 24.7500 24.4375 25.21 26.94 1013.7896
05624.4209 24.6250 24.7500 24.4375 25.21 26.94 1013.7896
05624.1709 24.6250 24.7500 24.4375 25.23 26.92 1013.8223
05624.3584 24.6250 24.7500 24.4375 25.23 26.92 1013.8223
05624.8960 24.6875 24.7500 24.4375 25.23 26.92 1013.8223
05624.6084 24.6875 24.7500 24.4375 25.23 26.92 1013.8223
05624.4082 24.6875 24.7500 24.4375 25.23 26.92 1013.8223
05650.4956 24.6875 24.7500 24.4375 25.23 26.92 1013.8223
05624.1460 24.6875 24.7500 24.4375 25.23 26.92 1013.8223
05624.1333 24.6875 24.7500 24.4375 25.23 26.92 1013.8223
05623.9458 24.6875 24.7500 24.4375 25.23 26.92 1013.8223
05624.1206 24.6875 24.7500 24.4375 25.21 26.94 1013.7896
05625.0708 24.6875 24.7500 24.4375 25.21 26.94 1013.7896
05624.8960 24.6875 24.7500 24.4375 25.21 26.94 1013.7896
05624.1206 24.6875 24.7500 24.4375 25.21 26.94 1013.7896
05624.1206 24.6875 24.7500 24.4375 25.21 26.94 1013.7896
05624.6582 24.6875 24.7500 24.4375 25.21 26.94 1013.7896
05624.3706 24.6875 24.7500 24.4375 25.21 26.94 1013.7896
05624.6582 24.6875 24.7500 24.4375 25.21 26.94 1013.7896
05624.3960 24.6875 24.7500 24.4375 25.21 26.94 1013.7896
05624.8457 24.6875 24.7500 24.4375 25.21 26.94 1013.7896
05624.8457 24.6875 24.7500 24.4375 25.21 26.96 1013.7354
05624.1333 24.6875 24.7500 24.4375 25.21 26.96 1013.7354
05624.1582 24.6875 24.7500 24.4375 25.21 26.96 1013.7354
05624.4082 24.6875 24.7500 24.4375 25.21 26.96 1013.7354
05623.9458 24.6875 24.7500 24.4375 25.21 26.96 1013.7354
05624.1831 24.6875 24.7500 24.4375 25.21 26.96 1013.7354
05623.9458 24.6875 24.7500 24.4375 25.21 26.96 1013.7354
05625.0835 24.6875 24.7500 24.4375 25.21 26.96 1013.7354
05624.5957 24.6875 24.7500 24.4375 25.21 26.96 1013.7354
05624.1831 24.6875 24.7500 24.4375 25.21 26.94 1013.8167
#terjedesi                                       nyomas  ##
#ido(usec)  T1(C)   T2(C)   T3(C)  T4(C) para(%)  (hPa)
05624.1460 24.6875 24.7500 24.4375 25.21 26.94 1013.8167
05617.5210 24.6875 24.7500 24.4375 25.21 26.94 1013.8167
05624.4209 24.6875 24.7500 24.4375 25.21 26.94 1013.8167
05624.1460 24.6875 24.7500 24.4375 25.21 26.94 1013.8167
05624.3833 24.6875 24.7500 24.4375 25.21 26.94 1013.8167
05625.1333 24.6875 24.7500 24.4375 25.21 26.94 1013.8167
05625.0835 24.6875 24.7500 24.4375 25.21 26.94 1013.8167
05624.6084 24.6875 24.7500 24.4375 25.21 26.94 1013.8167
05674.5083 24.6875 24.7500 24.4375 25.22 26.93 1013.7518
05624.3706 24.6875 24.7500 24.4375 25.22 26.93 1013.7518
05624.4209 24.6875 24.7500 24.4375 25.22 26.93 1013.7518
05624.1333 24.6875 24.7500 24.4375 25.22 26.93 1013.7518
05624.3833 24.6250 24.7500 24.4375 25.22 26.93 1013.7518
05624.6582 24.6250 24.7500 24.4375 25.22 26.93 1013.7518
05624.8960 24.6250 24.7500 24.4375 25.22 26.93 1013.7518
05624.1333 24.6250 24.7500 24.4375 25.22 26.93 1013.7518
05624.4209 24.6250 24.7500 24.4375 25.22 26.93 1013.7518
05624.3960 24.6250 24.7500 24.4375 25.22 26.93 1013.7518
05623.9458 24.6250 24.7500 24.4375 25.22 26.95 1013.8059
05624.1831 24.6250 24.7500 24.4375 25.22 26.95 1013.8059
05624.3960 24.6250 24.7500 24.4375 25.22 26.95 1013.8059
05624.8335 24.6875 24.7500 24.4375 25.22 26.95 1013.8059
05624.6582 24.6875 24.7500 24.4375 25.22 26.95 1013.8059
05650.4956 24.6875 24.7500 24.4375 25.22 26.95 1013.8059
05624.5957 24.6875 24.7500 24.4375 25.22 26.95 1013.8059
05624.4209 24.6875 24.7500 24.4375 25.22 26.95 1013.8059
05624.3706 24.6875 24.7500 24.4375 25.22 26.95 1013.8059
05624.3584 24.6875 24.7500 24.4375 25.22 26.92 1013.7600
05624.4209 24.6250 24.7500 24.4375 25.22 26.92 1013.7600
05625.3081 24.6250 24.7500 24.4375 25.22 26.92 1013.7600
05624.8960 24.6250 24.7500 24.4375 25.22 26.92 1013.7600
05624.6084 24.6250 24.7500 24.4375 25.22 26.92 1013.7600
05624.4209 24.6250 24.7500 24.4375 25.22 26.92 1013.7600
05624.1333 24.6250 24.7500 24.4375 25.22 26.92 1013.7600
05624.1831 24.6250 24.7500 24.4375 25.22 26.92 1013.7600
05624.6582 24.6250 24.7500 24.4375 25.22 26.92 1013.7600
05624.1831 24.6250 24.7500 24.4375 25.22 26.92 1013.7600
05624.8584 24.6250 24.7500 24.4375 25.21 26.94 1013.7436
05624.5957 24.6250 24.7500 24.4375 25.21 26.94 1013.7436
05624.4082 24.6250 24.7500 24.4375 25.21 26.94 1013.7436
05624.1831 24.6250 24.7500 24.4375 25.21 26.94 1013.7436
05624.1333 24.6250 24.7500 24.4375 25.21 26.94 1013.7436
05624.1333 24.6250 24.7500 24.4375 25.21 26.94 1013.7436
05650.5210 24.6250 24.7500 24.4375 25.21 26.94 1013.7436
05624.6582 24.6250 24.7500 24.4375 25.21 26.94 1013.7436
05624.8335 24.6250 24.7500 24.4375 25.21 26.94 1013.7436
05624.8960 24.6250 24.7500 24.4375 25.21 26.95 1013.7896
05650.4834 24.6250 24.7500 24.4375 25.21 26.95 1013.7896
05624.1709 24.6250 24.7500 24.4375 25.21 26.95 1013.7896
05624.1831 24.6250 24.7500 24.4375 25.21 26.95 1013.7896
05624.6333 24.6250 24.7500 24.4375 25.21 26.95 1013.7896
05674.2832 24.6250 24.7500 24.4375 25.21 26.95 1013.7896
05624.6206 24.6250 24.7500 24.4375 25.21 26.95 1013.7896
05625.0835 24.6250 24.7500 24.4375 25.21 26.95 1013.7896
05625.1333 24.6250 24.7500 24.4375 25.21 26.95 1013.7896
05623.9209 24.6250 24.7500 24.4375 25.21 26.96 1013.7436
05624.1831 24.6250 24.7500 24.4375 25.21 26.96 1013.7436
05674.5083 24.6250 24.7500 24.4375 25.21 26.96 1013.7436
05624.1582 24.6250 24.7500 24.4375 25.21 26.96 1013.7436
05624.4082 24.6250 24.7500 24.4375 25.21 26.96 1013.7436
05624.3584 24.6250 24.7500 24.4375 25.21 26.96 1013.7436
05625.1333 24.6250 24.7500 24.4375 25.21 26.96 1013.7436
05624.5957 24.6250 24.7500 24.4375 25.21 26.96 1013.7436
05674.4956 24.6250 24.7500 24.4375 25.21 26.96 1013.7436
05650.3081 24.6250 24.7500 24.4375 25.21 26.96 1013.7436
05623.8960 24.6250 24.7500 24.4375 25.22 26.95 1013.8059
05647.8706 24.6250 24.7500 24.4375 25.22 26.95 1013.8059
05624.1831 24.6250 24.7500 24.4375 25.22 26.95 1013.8059
05650.5210 24.6250 24.7500 24.4375 25.22 26.95 1013.8059
05624.5957 24.6250 24.7500 24.4375 25.22 26.95 1013.8059
05624.6333 24.6250 24.7500 24.4375 25.22 26.95 1013.8059
05624.1582 24.6250 24.7500 24.4375 25.22 26.95 1013.8059
05624.1460 24.6250 24.7500 24.4375 25.22 26.95 1013.8059
#terjedesi                                       nyomas  ##
#ido(usec)  T1(C)   T2(C)   T3(C)  T4(C) para(%)  (hPa)
05624.1333 24.6250 24.7500 24.4375 25.21 26.97 1013.7977
05624.1582 24.6250 24.7500 24.4375 25.21 26.97 1013.7977
05624.1206 24.6250 24.7500 24.4375 25.21 26.97 1013.7977
05624.1831 24.6250 24.7500 24.4375 25.21 26.97 1013.7977
05624.6582 24.6250 24.7500 24.4375 25.21 26.97 1013.7977
05624.1460 24.6250 24.7500 24.4375 25.21 26.97 1013.7977
05624.1333 24.6250 24.7500 24.4375 25.21 26.97 1013.7977
05624.1709 24.6250 24.7500 24.4375 25.21 26.97 1013.7977
05624.1709 24.6250 24.7500 24.4375 25.21 26.97 1013.7977
05624.1582 24.6250 24.7500 24.4375 25.21 26.97 1013.7977
05624.4209 24.6250 24.7500 24.4375 25.21 26.97 1013.7977
05674.5210 24.6250 24.7500 24.4375 25.22 26.95 1013.8059
05624.6582 24.6875 24.7500 24.4375 25.22 26.95 1013.8059
05624.6084 24.6875 24.7500 24.4375 25.22 26.95 1013.8059
05624.1831 24.6875 24.7500 24.4375 25.22 26.95 1013.8059
05623.6831 24.6875 24.7500 24.4375 25.22 26.95 1013.8059
05650.2583 24.6875 24.7500 24.4375 25.22 26.95 1013.8059
05623.6958 24.6875 24.7500 24.4375 25.22 26.95 1013.8059
05624.1831 24.6875 24.7500 24.4375 25.22 26.95 1013.8059
05674.5332 24.6250 24.7500 24.4375 25.22 26.95 1013.8059
05624.6084 24.6250 24.7500 24.4375 25.22 26.93 1013.7788
05624.5957 24.6250 24.7500 24.4375 25.22 26.93 1013.7788
05674.4956 24.6250 24.7500 24.4375 25.22 26.93 1013.7788
05674.4834 24.6250 24.7500 24.4375 25.22 26.93 1013.7788
05623.8833 24.6250 24.7500 24.4375 25.22 26.93 1013.7788
05623.9082 24.6250 24.7500 24.4375 25.22 26.93 1013.7788
05623.9458 24.6250 24.7500 24.4375 25.22 26.93 1013.7788
05624.1831 24.6250 24.7500 24.4375 25.22 26.93 1013.7788
05624.8584 24.6250 24.7500 24.4375 25.22 26.93 1013.7788
05625.3584 24.6250 24.7500 24.4375 25.21 26.95 1013.7977
05624.3706 24.6250 24.7500 24.4375 25.21 26.95 1013.7977
05624.3833 24.6250 24.7500 24.4375 25.21 26.95 1013.7977
05624.1831 24.6250 24.7500 24.4375 25.21 26.95 1013.7977
05674.5332 24.6250 24.7500 24.4375 25.21 26.95 1013.7977
05624.3960 24.6250 24.7500 24.4375 25.21 26.95 1013.7977
05624.1831 24.6875 24.7500 24.4375 25.21 26.95 1013.7977
05624.8457 24.6875 24.7500 24.4375 25.21 26.95 1013.7977
05625.1333 24.6875 24.7500 24.4375 25.21 26.95 1013.7977
05623.8960 24.6875 24.7500 24.4375 25.21 26.95 1013.7977
05674.5332 24.6875 24.7500 24.4375 25.20 26.94 1013.7272
05624.1831 24.6875 24.7500 24.4375 25.20 26.94 1013.7272
05624.1460 24.6875 24.7500 24.4375 25.20 26.94 1013.7272
05624.1831 24.6875 24.7500 24.4375 25.20 26.94 1013.7272
05624.1206 24.6875 24.7500 24.4375 25.20 26.94 1013.7272
05625.0957 24.6875 24.7500 24.4375 25.20 26.94 1013.7272
05624.8706 24.6875 24.7500 24.4375 25.20 26.94 1013.7272
05623.8960 24.6875 24.7500 24.4375 25.20 26.94 1013.7272
05624.1582 24.6875 24.7500 24.4375 25.20 26.94 1013.7272
05623.9458 24.6875 24.7500 24.4375 25.22 26.93 1013.8059
05624.1831 24.6875 24.7500 24.4375 25.22 26.93 1013.8059
05624.4082 24.6875 24.7500 24.4375 25.22 26.93 1013.8059
05624.1831 24.6250 24.7500 24.4375 25.22 26.93 1013.8059
05624.8706 24.6250 24.7500 24.4375 25.22 26.93 1013.8059
05624.8584 24.6250 24.7500 24.4375 25.22 26.93 1013.8059
05624.1831 24.6250 24.7500 24.4375 25.22 26.93 1013.8059
05624.3960 24.6250 24.7500 24.4375 25.22 26.93 1013.8059
05623.8833 24.6250 24.7500 24.4375 25.22 26.93 1013.8059
05624.1206 24.6250 24.7500 24.4375 25.22 26.93 1013.8059
05624.3833 24.6250 24.7500 24.4375 25.22 26.91 1013.7788
05624.1460 24.6250 24.7500 24.4375 25.22 26.91 1013.7788
05624.8457 24.6875 24.7500 24.4375 25.22 26.91 1013.7788
05624.6333 24.6875 24.7500 24.4375 25.22 26.91 1013.7788
05624.1206 24.6875 24.7500 24.4375 25.22 26.91 1013.7788
05624.3960 24.6875 24.7500 24.4375 25.22 26.91 1013.7788
05624.1831 24.6875 24.7500 24.4375 25.22 26.91 1013.7788
05624.6582 24.6875 24.7500 24.4375 25.22 26.91 1013.7788
05624.4209 24.6875 24.7500 24.4375 25.21 26.90 1013.7436
05624.3706 24.6250 24.7500 24.4375 25.21 26.90 1013.7436
05624.6582 24.6250 24.7500 24.4375 25.21 26.90 1013.7436
05624.8960 24.6250 24.7500 24.4375 25.21 26.90 1013.7436
05624.1333 24.6250 24.7500 24.4375 25.21 26.90 1013.7436
05624.4209 24.6250 24.7500 24.4375 25.21 26.90 1013.7436
05624.6084 24.6250 24.7500 24.4375 25.21 26.90 1013.7436
#terjedesi                                       nyomas  ##
#ido(usec)  T1(C)   T2(C)   T3(C)  T4(C) para(%)  (hPa)
05624.8457 24.6250 24.7500 24.4375 25.21 26.90 1013.7436
05619.6709 24.6250 24.7500 24.4375 25.21 26.90 1013.7436
05624.3584 24.6250 24.7500 24.4375 25.21 26.90 1013.7436
05624.3960 24.6875 24.7500 24.4375 25.21 26.93 1013.7707
05624.4209 24.6875 24.7500 24.4375 25.21 26.93 1013.7707
05624.3706 24.6875 24.7500 24.4375 25.21 26.93 1013.7707
05674.4707 24.6875 24.7500 24.4375 25.21 26.93 1013.7707
05623.9458 24.6875 24.7500 24.4375 25.21 26.93 1013.7707
05674.2583 24.6875 24.7500 24.4375 25.21 26.93 1013.7707
05674.5332 24.6875 24.7500 24.4375 25.21 26.93 1013.7707
05647.6831 24.6250 24.7500 24.4375 25.21 26.93 1013.7707
05624.3584 24.6250 24.7500 24.4375 25.21 26.93 1013.7707
05624.3960 24.6250 24.7500 24.4375 25.21 26.91 1013.8519
05623.9209 24.6250 24.7500 24.4375 25.21 26.91 1013.8519
05624.1831 24.6250 24.7500 24.4375 25.21 26.91 1013.8519
05623.6582 24.6250 24.7500 24.4375 25.21 26.91 1013.8519
05674.4834 24.6250 24.7500 24.4375 25.21 26.91 1013.8519
05623.8833 24.6250 24.7500 24.4375 25.21 26.91 1013.8519
05647.6958 24.6250 24.7500 24.4375 25.21 26.91 1013.8519
05624.8706 24.6250 24.7500 24.4375 25.21 26.91 1013.8519
05624.1333 24.6250 24.7500 24.4375 25.21 26.91 1013.8519
05674.7207 24.6250 24.7500 24.4375 25.21 26.91 1013.8519
05623.9082 24.6250 24.7500 24.4375 25.21 26.90 1013.7977
05623.9209 24.6250 24.7500 24.4375 25.21 26.90 1013.7977
05624.3960 24.6250 24.7500 24.4375 25.21 26.90 1013.7977
05623.8960 24.6250 24.7500 24.4375 25.21 26.90 1013.7977
05624.3584 24.6250 24.7500 24.4375 25.21 26.90 1013.7977
05624.6460 24.6250 24.7500 24.4375 25.21 26.90 1013.7977
05624.8457 24.6250 24.7500 24.4375 25.21 26.90 1013.7977
05623.9458 24.6250 24.7500 24.4375 25.21 26.90 1013.7977
05623.7085 24.6250 24.7500 24.4375 25.21 26.90 1013.7977
05674.5210 24.6250 24.7500 24.4375 25.22 26.88 1013.7788
05674.4834 24.6250 24.7500 24.4375 25.22 26.88 1013.7788
05623.7085 24.6250 24.7500 24.4375 25.22 26.88 1013.7788
05623.9458 24.6250 24.7500 24.4375 25.22 26.88 1013.7788
05625.1084 24.6875 24.7500 24.4375 25.22 26.88 1013.7788
05625.0957 24.6875 24.7500 24.4375 25.22 26.88 1013.7788
05624.8335 24.6875 24.7500 24.4375 25.22 26.88 1013.7788
05624.3960 24.6875 24.7500 24.4375 25.22 26.88 1013.7788
05624.4209 24.6875 24.7500 24.4375 25.22 26.88 1013.7788
05624.3584 24.6875 24.7500 24.4375 25.21 26.90 1013.7896
05623.9458 24.6875 24.7500 24.4375 25.21 26.90 1013.7896
05624.1831 24.6250 24.7500 24.4375 25.21 26.90 1013.7896
05624.3706 24.6250 24.7500 24.4375 25.21 26.90 1013.7896
05624.4209 24.6250 24.7500 24.4375 25.21 26.90 1013.7896
05624.3706 24.6250 24.7500 24.4375 25.21 26.90 1013.7896
05624.1831 24.6250 24.7500 24.4375 25.21 26.90 1013.7896
05624.1831 24.6250 24.7500 24.4375 25.21 26.90 1013.7896
05624.1460 24.6250 24.7500 24.4375 25.21 26.90 1013.7896
05624.4209 24.6250 24.7500 24.4375 25.21 26.90 1013.7896
05624.1831 24.6250 24.7500 24.4375 25.22 26.88 1013.7518
05624.8960 24.6250 24.7500 24.4375 25.22 26.88 1013.7518
05624.8457 24.6250 24.7500 24.4375 25.22 26.88 1013.7518
05624.3960 24.6250 24.7500 24.4375 25.22 26.88 1013.7518
05624.6206 24.6250 24.7500 24.4375 25.22 26.88 1013.7518
05624.6333 24.6250 24.7500 24.4375 25.22 26.88 1013.7518
05674.2959 24.6250 24.7500 24.4375 25.22 26.88 1013.7518
05624.3706 24.6250 24.7500 24.4375 25.22 26.88 1013.7518
05624.1582 24.6250 24.7500 24.4375 25.22 26.88 1013.7518
05624.6582 24.6250 24.7500 24.4375 25.23 26.87 1013.8223
05624.8960 24.6250 24.7500 24.4375 25.23 26.87 1013.8223
05623.8833 24.6250 24.7500 24.4375 25.23 26.87 1013.8223
05674.4956 24.6250 24.7500 24.4375 25.23 26.87 1013.8223
05623.9458 24.6250 24.7500 24.4375 25.23 26.87 1013.8223
05624.6206 24.6250 24.7500 24.4375 25.23 26.87 1013.8223
05624.3706 24.6250 24.7500 24.4375 25.23 26.87 1013.8223
05624.1709 24.6250 24.7500 24.4375 25.23 26.87 1013.8223
05624.3706 24.6250 24.7500 24.4375 25.23 26.87 1013.8223
05624.3584 24.6250 24.7500 24.4375 25.23 26.87 1013.8223
05624.4209 24.6250 24.7500 24.4375 25.22 26.88 1013.8059
05624.3833 24.6250 24.7500 24.4375 25.22 26.88 1013.8059
05624.1460 24.6250 24.7500 24.4375 25.22 26.88 1013.8059
05624.1582 24.6250 24.7500 24.4375 25.22 26.88 1013.8059
#terjedesi                                       nyomas  ##
#ido(usec)  T1(C)   T2(C)   T3(C)  T4(C) para(%)  (hPa)
05624.1333 24.6250 24.7500 24.4375 25.22 26.88 1013.8059
05624.1582 24.6875 24.7500 24.4375 25.22 26.88 1013.8059
05624.8457 24.6875 24.7500 24.4375 25.22 26.88 1013.8059
05624.8960 24.6875 24.7500 24.4375 25.22 26.88 1013.8059
05623.9209 24.6875 24.7500 24.4375 25.22 26.88 1013.8059
05650.5459 24.6875 24.7500 24.4375 25.21 26.87 1013.7436
05624.3584 24.6875 24.7500 24.4375 25.21 26.87 1013.7436
05647.6958 24.6875 24.7500 24.4375 25.21 26.87 1013.7436
05624.1831 24.6875 24.7500 24.4375 25.21 26.87 1013.7436
05624.3584 24.6875 24.7500 24.4375 25.21 26.87 1013.7436
05624.8833 24.6875 24.7500 24.4375 25.21 26.87 1013.7436
05624.6582 24.6875 24.7500 24.4375 25.21 26.87 1013.7436
05624.1709 24.6875 24.7500 24.4375 25.21 26.87 1013.7436
05650.5083 24.6875 24.7500 24.4375 25.21 26.87 1013.7436
05624.1582 24.6875 24.7500 24.4375 25.22 26.88 1013.8059
05624.1460 24.6875 24.7500 24.4375 25.22 26.88 1013.8059
05624.1582 24.6875 24.7500 24.4375 25.22 26.88 1013.8059
05624.4209 24.6250 24.7500 24.4375 25.22 26.88 1013.8059
05624.5957 24.6250 24.7500 24.4375 25.22 26.88 1013.8059
05625.1333 24.6250 24.7500 24.4375 25.22 26.88 1013.8059
05623.9458 24.6250 24.7500 24.4375 25.22 26.88 1013.8059
05624.3833 24.6250 24.7500 24.4375 25.22 26.88 1013.8059
05624.1831 24.6250 24.7500 24.4375 25.22 26.88 1013.8059
05624.6582 24.6250 24.7500 24.4375 25.22 26.88 1013.8059
05624.6084 24.6250 24.7500 24.4375 25.22 26.87 1013.8059
05674.7085 24.6250 24.7500 24.4375 25.22 26.87 1013.8059
05624.4209 24.6250 24.7500 24.4375 25.22 26.87 1013.8059
05624.6084 24.6250 24.7500 24.4375 25.22 26.87 1013.8059
05650.5459 24.6250 24.7500 24.4375 25.22 26.87 1013.8059
05674.4707 24.6250 24.7500 24.4375 25.22 26.87 1013.8059
05623.8960 24.6250 24.7500 24.4375 25.22 26.87 1013.8059
05624.1831 24.6250 24.7500 24.4375 25.22 26.87 1013.8059
05623.9458 24.6250 24.7500 24.4375 25.22 26.87 1013.8059
05623.9458 24.6250 24.7500 24.4375 25.21 26.86 1013.7896
05624.6084 24.6250 24.7500 24.4375 25.21 26.86 1013.7896
05624.1582 24.6250 24.7500 24.4375 25.21 26.86 1013.7896
05623.9458 24.6250 24.7500 24.4375 25.21 26.86 1013.7896
05623.9082 24.6250 24.7500 24.4375 25.21 26.86 1013.7896
05674.5332 24.6250 24.7500 24.4375 25.21 26.86 1013.7896
05674.5332 24.6250 24.7500 24.4375 25.21 26.86 1013.7896
05623.9458 24.6250 24.7500 24.4375 25.21 26.86 1013.7896
05624.1333 24.6250 24.7500 24.4375 25.21 26.86 1013.7896
05624.6582 24.6250 24.7500 24.4375 25.21 26.86 1013.7896
05624.8335 24.6250 24.7500 24.4375 25.22 26.87 1013.8412
05674.5210 24.6250 24.7500 24.4375 25.22 26.87 1013.8412
05623.8833 24.6250 24.7500 24.4375 25.22 26.87 1013.8412
05647.8833 24.6250 24.7500 24.4375 25.22 26.87 1013.8412
05647.8833 24.6250 24.7500 24.4375 25.22 26.87 1013.8412
05674.5083 24.6250 24.7500 24.4375 25.22 26.87 1013.8412
05674.7207 24.6250 24.7500 24.4375 25.22 26.87 1013.8412
05625.0835 24.6250 24.7500 24.4375 25.22 26.87 1013.8412
05624.3833 24.6250 24.7500 24.4375 25.22 26.87 1013.8412
05624.3584 24.6250 24.7500 24.4375 25.21 26.85 1013.7707
05624.1206 24.6250 24.7500 24.4375 25.21 26.85 1013.7707
05647.9331 24.6250 24.7500 24.4375 25.21 26.85 1013.7707
05623.6958 24.6250 24.7500 24.4375 25.21 26.85 1013.7707
05674.4834 24.6250 24.7500 24.4375 25.21 26.85 1013.7707
05624.1333 24.6250 24.7500 24.4375 25.21 26.85 1013.7707
05624.8706 24.6875 24.7500 24.4375 25.21 26.85 1013.7707
05624.5957 24.6875 24.7500 24.4375 25.21 26.85 1013.7707
05623.9209 24.6875 24.7500 24.4375 25.21 26.85 1013.7707
05624.1582 24.6875 24.7500 24.4375 25.22 26.87 1013.7518
05624.6582 24.6875 24.7500 24.4375 25.22 26.87 1013.7518
05624.4209 24.6875 24.7500 24.4375 25.22 26.87 1013.7518
05624.1831 24.6875 24.7500 24.4375 25.22 26.87 1013.7518
05624.8960 24.6250 24.7500 24.4375 25.22 26.87 1013.7518
05624.6084 24.6250 24.7500 24.4375 25.22 26.87 1013.7518
05624.8960 24.6250 24.7500 24.4375 25.22 26.87 1013.7518
05624.3706 24.6250 24.7500 24.4375 25.22 26.87 1013.7518
05624.4209 24.6250 24.7500 24.4375 25.22 26.87 1013.7518
05624.1831 24.6250 24.7500 24.4375 25.22 26.87 1013.7518
05624.3833 24.6250 24.7500 24.4375 25.23 26.87 1013.7682
05624.1709 24.6250 24.7500 24.4375 25.23 26.87 1013.7682
#terjedesi                                       nyomas  ##
#ido(usec)  T1(C)   T2(C)   T3(C)  T4(C) para(%)  (hPa)
05624.1582 24.6250 24.7500 24.4375 25.23 26.87 1013.7682
05624.8960 24.6250 24.7500 24.4375 25.23 26.87 1013.7682
05624.6084 24.6250 24.7500 24.4375 25.23 26.87 1013.7682
05624.1333 24.6250 24.7500 24.4375 25.23 26.87 1013.7682
05624.3706 24.6250 24.7500 24.4375 25.23 26.87 1013.7682
05624.3706 24.6250 24.7500 24.4375 25.23 26.87 1013.7682
05624.3584 24.6250 24.7500 24.4375 25.23 26.87 1013.7682
05624.6333 24.6250 24.7500 24.4375 25.22 26.87 1013.7247
05624.5957 24.6250 24.7500 24.4375 25.22 26.87 1013.7247
05624.8960 24.6250 24.7500 24.4375 25.22 26.87 1013.7247
05625.0708 24.6250 24.7500 24.4375 25.22 26.87 1013.7247
05624.4082 24.6250 24.7500 24.4375 25.22 26.87 1013.7247
05624.1206 24.6250 24.7500 24.4375 25.22 26.87 1013.7247
05624.4209 24.6250 24.7500 24.4375 25.22 26.87 1013.7247
05624.1333 24.6250 24.7500 24.4375 25.22 26.87 1013.7247
05624.1460 24.6250 24.7500 24.4375 25.22 26.87 1013.7247
05624.1206 24.6250 24.7500 24.4375 25.22 26.87 1013.7247
05624.8960 24.6875 24.7500 24.4375 25.22 26.85 1013.7788
05624.6084 24.6875 24.7500 24.4375 25.22 26.85 1013.7788
05624.6206 24.6875 24.7500 24.4375 25.22 26.85 1013.7788
05624.1831 24.6875 24.7500 24.4375 25.22 26.85 1013.7788
05624.8833 24.6875 24.7500 24.4375 25.22 26.85 1013.7788
05624.4209 24.6875 24.7500 24.4375 25.22 26.85 1013.7788
05624.6582 24.6875 24.7500 24.4375 25.22 26.85 1013.7788
05624.6460 24.6250 24.7500 24.4375 25.22 26.85 1013.7788
05625.0835 24.6250 24.7500 24.4375 25.22 26.85 1013.7788
05625.1333 24.6250 24.7500 24.4375 25.21 26.86 1013.7436
05624.1333 24.6250 24.7500 24.4375 25.21 26.86 1013.7436
05624.3833 24.6250 24.7500 24.4375 25.21 26.86 1013.7436
05624.3584 24.6250 24.7500 24.4375 25.21 26.86 1013.7436
05624.1333 24.6250 24.7500 24.4375 25.21 26.86 1013.7436
05674.5332 24.6250 24.7500 24.4375 25.21 26.86 1013.7436
05624.1831 24.6250 24.7500 24.4375 25.21 26.86 1013.7436
05624.6084 24.6250 24.7500 24.4375 25.21 26.86 1013.7436
05624.8960 24.6250 24.7500 24.4375 25.21 26.86 1013.7436
05647.9082 24.6250 24.7500 24.4375 25.22 26.86 1013.8412
05674.5332 24.6250 24.7500 24.4375 25.22 26.86 1013.8412
05624.1333 24.6250 24.7500 24.4375 25.22 26.86 1013.8412
05624.4209 24.6250 24.7500 24.4375 25.22 26.86 1013.8412
05624.8960 24.6250 24.7500 24.4375 25.22 26.86 1013.8412
05624.5957 24.6875 24.7500 24.4375 25.22 26.86 1013.8412
05624.4209 24.6875 24.7500 24.4375 25.22 26.86 1013.8412
05624.8960 24.6875 24.7500 24.4375 25.22 26.86 1013.8412
05624.1831 24.6875 24.7500 24.4375 25.22 26.86 1013.8412
05624.3584 24.6875 24.7500 24.4375 25.22 26.86 1013.8412
05624.1460 24.6875 24.7500 24.4375 25.22 26.88 1013.7518
05674.5332 24.6875 24.7500 24.4375 25.22 26.88 1013.7518
05624.3706 24.6875 24.7500 24.4375 25.22 26.88 1013.7518
05624.1333 24.6875 24.7500 24.4375 25.22 26.88 1013.7518
05624.8960 24.6250 24.7500 24.4375 25.22 26.88 1013.7518
05625.3706 24.6250 24.7500 24.4375 25.22 26.88 1013.7518
05624.6084 24.6250 24.7500 24.4375 25.22 26.88 1013.7518
05624.1333 24.6250 24.7500 24.4375 25.22 26.88 1013.7518
05624.3960 24.6250 24.7500 24.4375 25.22 26.85 1013.8059
05624.1831 24.6250 24.7500 24.4375 25.22 26.85 1013.8059
05624.8335 24.6250 24.7500 24.4375 25.22 26.85 1013.8059
05625.0835 24.6875 24.7500 24.4375 25.22 26.85 1013.8059
05625.1084 24.6875 24.7500 24.4375 25.22 26.85 1013.8059
05624.8960 24.6875 24.7500 24.4375 25.22 26.85 1013.8059
05674.4834 24.6875 24.7500 24.4375 25.22 26.85 1013.8059
05624.3833 24.6875 24.7500 24.4375 25.22 26.85 1013.8059
05624.6582 24.6875 24.7500 24.4375 25.22 26.85 1013.8059
05624.1333 24.6875 24.7500 24.4375 25.22 26.85 1013.8059
05624.1709 24.6875 24.7500 24.4375 25.22 26.85 1013.8059
05650.5459 24.6875 24.7500 24.4375 25.22 26.86 1013.8059
05624.6084 24.6875 24.7500 24.4375 25.22 26.86 1013.8059
05625.1333 24.6875 24.7500 24.4375 25.22 26.86 1013.8059
05650.4956 24.6875 24.7500 24.4375 25.22 26.86 1013.8059
05674.5332 24.6875 24.7500 24.4375 25.22 26.86 1013.8059
05623.9209 24.6875 24.7500 24.4375 25.22 26.86 1013.8059
05624.1333 24.6875 24.7500 24.4375 25.22 26.86 1013.8059
05674.7207 24.6875 24.7500 24.4375 25.22 26.86 1013.8059
05624.3706 24.6250 24.7500 24.4375 25.22 26.86 1013.8059
#terjedesi                                       nyomas  ##
#ido(usec)  T1(C)   T2(C)   T3(C)  T4(C) para(%)  (hPa)
05624.4209 24.6250 24.7500 24.4375 25.22 26.85 1013.7247
05624.4209 24.6250 24.7500 24.4375 25.22 26.85 1013.7247
05623.8960 24.6250 24.7500 24.4375 25.22 26.85 1013.7247
05624.3584 24.6250 24.7500 24.4375 25.22 26.85 1013.7247
05624.3706 24.6250 24.7500 24.4375 25.22 26.85 1013.7247
05624.1333 24.6250 24.7500 24.4375 25.22 26.85 1013.7247
05624.1831 24.6250 24.7500 24.4375 25.22 26.85 1013.7247
05624.1460 24.6250 24.7500 24.4375 25.22 26.85 1013.7247
05624.8335 24.6250 24.7500 24.4375 25.22 26.85 1013.7247
05624.4082 24.6250 24.7500 24.4375 25.22 26.86 1013.7788
05647.8833 24.6250 24.7500 24.4375 25.22 26.86 1013.7788
05624.3960 24.6250 24.7500 24.4375 25.22 26.86 1013.7788
05624.6333 24.6250 24.7500 24.4375 25.22 26.86 1013.7788
05624.6582 24.6250 24.7500 24.4375 25.22 26.86 1013.7788
05624.1333 24.6250 24.7500 24.4375 25.22 26.86 1013.7788
05624.1582 24.6875 24.7500 24.4375 25.22 26.86 1013.7788
05624.6582 24.6875 24.7500 24.4375 25.22 26.86 1013.7788
05625.1333 24.6875 24.7500 24.4375 25.22 26.86 1013.7788
05650.5459 24.6875 24.7500 24.4375 25.22 26.86 1013.7788
05624.4209 24.6875 24.7500 24.4375 25.21 26.84 1013.8438
05624.6333 24.6875 24.7500 24.4375 25.21 26.84 1013.8438
05624.4082 24.6875 24.7500 24.4375 25.21 26.84 1013.8438
05624.8584 24.6875 24.7500 24.4375 25.21 26.84 1013.8438
05624.6460 24.6875 24.7500 24.4375 25.21 26.84 1013.8438
05624.3706 24.6875 24.7500 24.4375 25.21 26.84 1013.8438
05624.6333 24.6875 24.7500 24.4375 25.21 26.84 1013.8438
05624.3706 24.6875 24.7500 24.4375 25.21 26.84 1013.8438
05624.3706 24.6875 24.7500 24.4375 25.21 26.84 1013.8438
05623.8960 24.6875 24.7500 24.4375 25.21 26.83 1013.7625
05647.9331 24.6875 24.7500 24.4375 25.21 26.83 1013.7625
05624.1709 24.6875 24.7500 24.4375 25.21 26.83 1013.7625
05623.9209 24.6250 24.7500 24.4375 25.21 26.83 1013.7625
05624.8960 24.6250 24.7500 24.4375 25.21 26.83 1013.7625