#terjedesi                                       nyomas  ##
#ido(usec)  T1(C)   T2(C)   T3(C)  T4(C) para(%)  (hPa)
05326.5581 24.6250 24.7500 24.3750 25.18 27.06 1013.8295
05322.7959 24.6250 24.6875 24.3750 25.18 27.06 1013.8295
05351.0581 24.6250 24.6875 24.3750 25.18 27.06 1013.8295
05350.5835 24.6250 24.6875 24.3750 25.18 27.06 1013.8295
05326.3335 24.6250 24.6875 24.3750 25.18 27.06 1013.8295
05326.0708 24.6250 24.6875 24.3750 25.18 27.06 1013.8295
05326.3335 24.6250 24.6875 24.3750 25.18 27.06 1013.8295
05326.3584 24.6250 24.6875 24.3750 25.19 27.07 1013.8106
05326.3335 24.6250 24.6875 24.3750 25.19 27.07 1013.8106
05326.3081 24.6250 24.6875 24.3750 25.19 27.07 1013.8106
05326.5957 24.6250 24.7500 24.3750 25.19 27.07 1013.8106
05326.5708 24.6250 24.7500 24.3750 25.19 27.07 1013.8106
05326.3584 24.6250 24.7500 24.3750 25.19 27.07 1013.8106
05325.8706 24.6250 24.7500 24.3750 25.19 27.07 1013.8106
05326.0708 24.6250 24.7500 24.3750 25.19 27.07 1013.8106
05325.8457 24.6250 24.7500 24.3750 25.19 27.07 1013.8106
05325.8335 24.6250 24.7500 24.3750 25.18 27.07 1013.8295
05325.8833 24.6250 24.7500 24.3750 25.18 27.07 1013.8295
05325.8335 24.6250 24.7500 24.3750 25.18 27.07 1013.8295
05326.7710 24.6250 24.7500 24.3750 25.18 27.07 1013.8295
05326.8081 24.6250 24.7500 24.3750 25.18 27.07 1013.8295
05326.5957 24.6250 24.7500 24.3750 25.18 27.07 1013.8295
05326.0708 24.6250 24.7500 24.3750 25.18 27.07 1013.8295
05326.0708 24.6250 24.7500 24.3750 25.18 27.07 1013.8295
05326.1206 24.6250 24.7500 24.3750 25.18 27.07 1013.8295
05325.8833 24.6250 24.7500 24.3750 25.18 27.07 1013.8295
05326.0581 24.6250 24.7500 24.3750 25.18 27.06 1013.8024
05326.3081 24.6250 24.7500 24.3750 25.18 27.06 1013.8024
05351.0210 24.6250 24.6875 24.3750 25.18 27.06 1013.8024
05326.3457 24.6250 24.6875 24.3750 25.18 27.06 1013.8024
05326.0957 24.6250 24.6875 24.3750 25.18 27.06 1013.8024
05326.1206 24.6250 24.6875 24.3750 25.18 27.06 1013.8024
05326.5459 24.6250 24.6875 24.3750 25.18 27.06 1013.8024
05326.5957 24.6250 24.6875 24.3750 25.18 27.06 1013.8024
05326.3584 24.6250 24.6875 24.3750 25.18 27.06 1013.8024
05326.5957 24.6250 24.6875 24.3750 25.18 27.05 1013.8566
05326.5581 24.6250 24.7500 24.3750 25.18 27.05 1013.8566
05326.3584 24.6250 24.7500 24.3750 25.18 27.05 1013.8566
05326.5957 24.6250 24.7500 24.3750 25.18 27.05 1013.8566
05325.8335 24.6250 24.7500 24.3750 25.18 27.05 1013.8566
05326.3584 24.6250 24.7500 24.3750 25.18 27.05 1013.8566
05326.2959 24.6250 24.7500 24.3750 25.18 27.05 1013.8566
05326.5459 24.6250 24.7500 24.3750 25.18 27.05 1013.8566
05326.0581 24.6250 24.7500 24.3750 25.18 27.05 1013.8566
05326.0708 24.6250 25.6875 24.3750 25.18 27.05 1013.8566
05326.3457 24.6250 24.6875 24.3750 25.18 27.07 1013.7942
05326.7832 24.6250 24.6875 24.3750 25.18 27.07 1013.7942
05326.0708 24.6250 24.6875 24.3750 25.18 27.07 1013.7942
05326.3457 24.6250 24.6875 24.3750 25.18 27.07 1013.7942
05326.1206 24.6250 24.6875 24.3750 25.18 27.07 1013.7942
05325.8457 24.6250 24.6875 24.3750 25.18 27.07 1013.7942
05325.8208 24.6250 24.6875 24.3750 25.18 27.07 1013.7942
05326.1206 24.6250 24.6875 24.3750 25.18 27.07 1013.7942
05326.3081 24.6250 24.7500 24.3750 25.18 27.07 1013.7942
05326.5957 24.6250 24.7500 24.3750 25.17 27.06 1013.8402
05326.8335 24.6250 24.7500 24.3750 25.17 27.06 1013.8402
05326.5957 24.6250 24.7500 24.3750 25.17 27.06 1013.8402
05325.8706 24.6250 24.7500 24.3750 25.17 27.06 1013.8402
05326.0708 24.6250 24.7500 24.3750 25.17 27.06 1013.8402
05326.0581 24.6250 24.7500 24.3750 25.17 27.06 1013.8402
05326.0835 24.6250 24.7500 24.3750 25.17 27.06 1013.8402
05326.5835 24.6250 24.7500 24.3750 25.17 27.06 1013.8402
05326.7832 24.6250 24.7500 24.3750 25.17 27.06 1013.8402
05326.2959 24.6250 24.7500 24.3750 25.18 27.06 1013.8214
05326.3457 24.6250 24.7500 24.3750 25.18 27.06 1013.8214
05326.3584 24.6250 24.7500 24.3750 25.18 27.06 1013.8214
05325.8335 24.6250 24.7500 24.3750 25.18 27.06 1013.8214
05326.3081 24.6250 24.7500 24.3750 25.18 27.06 1013.8214
05326.1206 24.6250 24.7500 24.3750 25.18 27.06 1013.8214
05325.8833 24.6250 24.7500 24.3750 25.18 27.06 1013.8214
05326.5708 24.5625 24.7500 24.3750 25.18 27.06 1013.8214
05326.7832 24.5625 24.7500 24.3750 25.18 27.06 1013.8214
05326.1206 24.5625 24.7500 24.3750 25.18 27.06 1013.8214
#terjedesi                                       nyomas  ##
#ido(usec)  T1(C)   T2(C)   T3(C)  T4(C) para(%)  (hPa)
05325.8335 24.5625 24.7500 24.3750 25.18 27.06 1013.8214
05326.0708 24.5625 24.7500 24.3750 25.17 27.07 1013.8320
05326.3335 24.5625 24.7500 24.3750 25.17 27.07 1013.8320
05325.8335 24.5625 24.7500 24.3750 25.17 27.07 1013.8320
05325.5957 24.5625 24.7500 24.3750 25.17 27.07 1013.8320
05326.7832 24.6250 24.6875 24.3750 25.17 27.07 1013.8320
05326.0957 24.6250 24.6875 24.3750 25.17 27.07 1013.8320
05326.2959 24.6250 24.6875 24.3750 25.17 27.07 1013.8320
05325.6333 24.6250 24.6875 24.3750 25.17 27.07 1013.8320
05326.1206 24.6250 24.6875 24.3750 25.19 27.06 1013.8377
05326.5459 24.6250 24.6875 24.3750 25.19 27.06 1013.8377
05325.8457 24.6250 24.6875 24.3750 25.19 27.06 1013.8377
05326.0581 24.6250 24.6875 24.3750 25.19 27.06 1013.8377
05326.3584 24.6250 24.6875 24.3750 25.19 27.06 1013.8377
05326.5957 24.6250 24.6875 24.3750 25.19 27.06 1013.8377
05326.5957 24.6250 24.6875 24.3750 25.19 27.06 1013.8377
05326.5332 24.6250 24.6875 24.3750 25.19 27.06 1013.8377
05326.3208 24.6250 24.6875 24.3750 25.19 27.06 1013.8377
05325.6206 24.6250 24.6875 24.3750 25.19 27.06 1013.8377
05326.1206 24.6250 24.6875 24.3750 25.18 27.06 1013.8214
05325.8584 24.6250 24.6875 24.3750 25.18 27.06 1013.8214
05326.0708 24.6250 24.6875 24.3750 25.18 27.06 1013.8214
05326.5459 24.6250 24.7500 24.3750 25.18 27.06 1013.8214
05326.3584 24.6250 24.7500 24.3750 25.18 27.06 1013.8214
05326.5581 24.6250 24.7500 24.3750 25.18 27.06 1013.8214
05326.3584 24.6250 24.7500 24.3750 25.18 27.06 1013.8214
05326.0581 24.6250 24.7500 24.3750 25.18 27.06 1013.8214
05325.8335 24.6250 24.7500 24.3750 25.18 27.06 1013.8214
05326.1206 24.6250 24.7500 24.3750 25.17 27.06 1013.7779
05326.3335 24.6250 24.7500 24.3750 25.17 27.06 1013.7779
05325.8833 24.6250 24.7500 24.3750 25.17 27.06 1013.7779
05326.1206 24.6250 24.7500 24.4375 25.17 27.06 1013.7779
05326.3081 24.6250 24.7500 24.4375 25.17 27.06 1013.7779
05326.5581 24.6250 24.7500 24.4375 25.17 27.06 1013.7779
05326.0581 24.6250 24.7500 24.4375 25.17 27.06 1013.7779
05326.3584 24.6250 24.7500 24.4375 25.17 27.06 1013.7779
05326.0581 24.6250 24.7500 24.4375 25.17 27.06 1013.7779
05326.5459 24.6250 24.7500 24.4375 25.20 27.04 1013.9086
05326.3081 24.6250 24.7500 24.4375 25.20 27.04 1013.9086
05326.8335 24.6250 24.6875 24.3750 25.20 27.04 1013.9086
05327.0708 24.6250 24.6875 24.3750 25.20 27.04 1013.9086
05326.5459 24.6250 24.6875 24.3750 25.20 27.04 1013.9086
05325.8833 24.6250 24.6875 24.3750 25.20 27.04 1013.9086
05326.3584 24.6250 24.6875 24.3750 25.20 27.04 1013.9086
05326.3584 24.6250 24.6875 24.3750 25.20 27.04 1013.9086
05326.3584 24.6250 24.6875 24.3750 25.20 27.04 1013.9086
05326.5459 24.6250 24.6875 24.3750 25.20 27.04 1013.9086
05325.8833 24.6250 24.6875 24.3750 25.20 27.04 1013.9086
05326.7710 24.6250 24.7500 24.3750 25.18 27.05 1013.8484
05351.0083 24.6250 24.7500 24.3750 25.18 27.05 1013.8484
05350.7583 24.6250 24.7500 24.3750 25.18 27.05 1013.8484
05326.3081 24.6250 24.7500 24.3750 25.18 27.05 1013.8484
05326.3081 24.6250 24.7500 24.3750 25.18 27.05 1013.8484
05326.3208 24.6250 24.7500 24.3750 25.18 27.05 1013.8484
05326.3081 24.6250 24.7500 24.3750 25.18 27.05 1013.8484
05325.8335 24.6250 24.7500 24.3750 25.18 27.05 1013.8484
05326.5957 24.6250 24.7500 24.3750 25.19 27.06 1013.8106
05327.0581 24.6250 24.7500 24.3750 25.19 27.06 1013.8106
05350.7583 24.6250 24.7500 24.3750 25.19 27.06 1013.8106
05326.1206 24.6250 24.7500 24.3750 25.19 27.06 1013.8106
05326.3208 24.6250 24.7500 24.3750 25.19 27.06 1013.8106
05326.1206 24.6250 24.7500 24.3750 25.19 27.06 1013.8106
05326.0581 24.6250 24.7500 24.3750 25.19 27.06 1013.8106
05326.0708 24.6250 24.7500 24.3750 25.19 27.06 1013.8106
05326.3584 24.6250 24.7500 24.3750 25.19 27.06 1013.8106
05326.5459 24.6250 24.7500 24.3750 25.19 27.06 1013.8106
05350.8208 24.6250 24.7500 24.3750 25.18 27.05 1013.8484
05351.0083 24.6250 24.7500 24.3750 25.18 27.05 1013.8484
05326.3584 24.6250 24.7500 24.3750 25.18 27.05 1013.8484
05326.0835 24.6250 24.7500 24.3750 25.18 27.05 1013.8484
05326.3584 24.6250 24.7500 24.3750 25.18 27.05 1013.8484
05326.0957 24.6250 24.7500 24.3750 25.18 27.05 1013.8484
05326.1206 24.6250 24.7500 24.3750 25.18 27.05 1013.8484
#terjedesi                                       nyomas  ##
#ido(usec)  T1(C)   T2(C)   T3(C)  T4(C) para(%)  (hPa)
05326.0835 24.6250 25.6875 24.3750 25.18 27.05 1013.8484
05343.9331 24.6250 24.6875 24.3750 25.18 27.05 1013.8484
05327.0332 24.6250 24.6875 24.3750 25.17 27.04 1013.8402
05325.8335 24.6250 24.6875 24.3750 25.17 27.04 1013.8402
05326.3335 24.6250 24.6875 24.3750 25.17 27.04 1013.8402
05326.1206 24.6250 24.6875 24.3750 25.17 27.04 1013.8402
05326.5332 24.6250 24.6875 24.3750 25.17 27.04 1013.8402
05326.3081 24.6250 24.6875 24.3750 25.17 27.04 1013.8402
05326.1206 24.6250 24.6875 24.3750 25.17 27.04 1013.8402
05326.5459 24.6250 24.6875 24.3750 25.17 27.04 1013.8402
05326.3081 24.6250 24.6875 24.3750 25.17 27.04 1013.8402
05326.5459 24.6250 24.6875 24.3750 25.17 27.04 1013.8402
05326.3335 24.6250 24.6875 24.3750 25.18 27.03 1013.8484
05326.5459 24.6250 24.6875 24.3750 25.18 27.03 1013.8484
05326.5459 24.6250 24.6875 24.3750 25.18 27.03 1013.8484
05325.8335 24.6250 24.6875 24.3750 25.18 27.03 1013.8484
05326.3335 24.6250 23.7500 24.3750 25.18 27.03 1013.8484
05327.0210 24.6250 24.7500 24.3750 25.18 27.03 1013.8484
05350.9956 24.6250 24.7500 24.3750 25.18 27.03 1013.8484
05351.0581 24.6250 24.7500 24.3750 25.18 27.03 1013.8484
05326.8081 24.6250 24.7500 24.3750 25.18 27.03 1013.8484
05325.4082 24.6250 24.7500 24.3750 25.18 27.03 1013.8484
05326.3081 24.6250 24.7500 24.3750 25.18 27.03 1013.7942
05326.3208 24.6250 24.7500 24.3750 25.18 27.03 1013.7942
05326.3081 24.6250 24.7500 24.3750 25.18 27.03 1013.7942
05326.3584 24.6250 24.7500 24.3750 25.18 27.03 1013.7942
05326.8081 24.6250 24.6875 24.3750 25.18 27.03 1013.7942
05326.5957 24.6250 24.6875 24.3750 25.18 27.03 1013.7942
05326.3208 24.6250 24.6875 24.3750 25.18 27.03 1013.7942
05326.0708 24.6250 24.6875 24.3750 25.18 27.03 1013.7942
05326.0581 24.6250 24.6875 24.3750 25.18 27.02 1013.8214
05326.3208 24.6250 24.6875 24.3750 25.18 27.02 1013.8214
05326.1206 24.6250 24.6875 24.3750 25.18 27.02 1013.8214
05326.0708 24.6250 24.6875 24.3750 25.18 27.02 1013.8214
05326.5581 24.6250 24.7500 24.3750 25.18 27.02 1013.8214
05326.5957 24.6250 24.7500 24.3750 25.18 27.02 1013.8214
05326.3584 24.6250 24.7500 24.3750 25.18 27.02 1013.8214
05326.3584 24.6250 24.7500 24.3750 25.18 27.02 1013.8214
05326.3584 24.6250 24.7500 24.3750 25.18 27.02 1013.8214
05326.5459 24.6250 24.7500 24.3750 25.18 27.02 1013.8214
05326.5957 24.6250 24.7500 24.3750 25.18 27.01 1013.8214
05326.3335 24.6250 24.7500 24.3750 25.18 27.01 1013.8214
05326.5459 24.6250 25.6875 24.3750 25.18 27.01 1013.8214
05351.2334 24.6250 24.6875 24.3750 25.18 27.01 1013.8214
05326.8335 24.6250 24.6875 24.3750 25.18 27.01 1013.8214
05326.8208 24.6250 24.6875 24.3750 25.18 27.01 1013.8214
05326.5957 24.6250 24.6875 24.3750 25.18 27.01 1013.8214
05326.5459 24.6250 24.6875 24.3750 25.18 27.01 1013.8214
05326.5708 24.6250 24.6875 24.3750 25.18 27.01 1013.8214
05326.3208 24.6250 24.6875 24.3750 25.17 27.01 1013.8402
05326.3208 24.6250 24.6875 24.3750 25.17 27.01 1013.8402
05350.7583 24.6250 24.6875 24.3750 25.17 27.01 1013.8402
05327.0581 24.6250 24.6875 24.3750 25.17 27.01 1013.8402
05326.8081 24.6250 24.6875 24.3750 25.17 27.01 1013.8402
05325.6460 24.6250 24.6875 24.3750 25.17 27.01 1013.8402
05325.8584 24.6250 24.6875 24.3750 25.17 27.01 1013.8402
05326.3335 24.6250 24.6875 24.3750 25.17 27.01 1013.8402
05326.3584 24.6250 24.6875 24.3750 25.17 27.01 1013.8402
05326.3208 24.6250 24.6875 24.3750 25.17 27.01 1013.8402
05326.5957 24.6250 24.6875 24.3750 25.19 27.02 1013.8106
05350.7959 24.6250 24.6875 24.3750 25.19 27.02 1013.8106
05326.7832 24.6250 24.6875 24.3750 25.19 27.02 1013.8106
05326.0708 24.6250 24.6875 24.3750 25.19 27.02 1013.8106
05325.8833 24.6250 24.6875 24.3750 25.19 27.02 1013.8106
05325.8833 24.6250 24.6875 24.3750 25.19 27.02 1013.8106
05326.3081 24.6250 24.6875 24.3750 25.19 27.02 1013.8106
05326.2959 24.6250 24.6875 24.3750 25.19 27.02 1013.8106
05326.3208 24.6250 24.6875 24.3750 25.19 27.02 1013.8106
05326.8335 24.6250 24.6875 24.3750 25.19 27.02 1013.8106
05326.7832 24.6250 24.6875 24.3750 25.17 27.02 1013.8320
05375.2207 24.6250 24.6875 24.3750 25.17 27.02 1013.8320
05326.5459 24.6250 24.6875 24.3750 25.17 27.02 1013.8320
05326.7832 24.6250 24.6875 24.3750 25.17 27.02 1013.8320
#terjedesi                                       nyomas  ##
#ido(usec)  T1(C)   T2(C)   T3(C)  T4(C) para(%)  (hPa)
05350.7832 24.6250 24.6875 24.3750 25.17 27.02 1013.8320
05326.5957 24.6250 24.6875 24.3750 25.17 27.02 1013.8320
05326.5459 24.6250 24.6875 24.3750 25.17 27.02 1013.8320
05351.2334 24.6250 24.7500 24.3750 25.17 27.02 1013.8320
05375.0459 24.6250 24.7500 24.3750 25.18 27.01 1013.8484
05350.7959 24.6250 24.7500 24.3750 25.18 27.01 1013.8484
05326.1206 24.6250 24.7500 24.3750 25.18 27.01 1013.8484
05326.3584 24.6250 24.7500 24.3750 25.18 27.01 1013.8484
05326.1206 24.6250 24.7500 24.3750 25.18 27.01 1013.8484
05326.0708 24.6250 24.7500 24.3750 25.18 27.01 1013.8484
05326.5957 24.6250 24.7500 24.3750 25.18 27.01 1013.8484
05326.1206 24.6250 24.7500 24.3750 25.18 27.01 1013.8484
05326.5957 24.6250 24.6875 24.3750 25.18 27.01 1013.8484
05350.9956 24.6250 24.6875 24.3750 25.18 27.01 1013.8484
05350.7832 24.6250 24.6875 24.3750 25.18 27.01 1013.8484
05326.1206 24.6250 24.6875 24.3750 25.18 27.02 1013.8214
05375.0210 24.6250 24.6875 24.3750 25.18 27.02 1013.8214
05326.5459 24.6250 24.6875 24.3750 25.18 27.02 1013.8214
05326.5957 24.6250 24.6875 24.3750 25.18 27.02 1013.8214
05350.8208 24.6250 24.6875 24.3750 25.18 27.02 1013.8214
05351.0459 24.6250 24.7500 24.3750 25.18 27.02 1013.8214
05374.9956 24.6250 24.7500 24.3750 25.18 27.02 1013.8214
05351.0581 24.6250 24.7500 24.3750 25.18 27.02 1013.8214
05326.5581 24.6250 24.7500 24.3750 25.17 27.01 1013.7861
05326.0708 24.6250 24.7500 24.3750 25.17 27.01 1013.7861
05326.5957 24.6250 24.7500 24.3750 25.17 27.01 1013.7861
05326.8335 24.6250 24.7500 24.3750 25.17 27.01 1013.7861
05326.5957 24.6250 24.7500 24.3750 25.17 27.01 1013.7861
05326.3584 24.6250 24.7500 24.3750 25.17 27.01 1013.7861
05326.3584 24.6250 24.6875 24.4375 25.17 27.01 1013.7861
05326.8335 24.6250 24.6875 24.4375 25.17 27.01 1013.7861
05351.0083 24.6250 24.6875 24.4375 25.17 27.01 1013.7861
05326.3335 24.6250 24.6875 24.4375 25.17 27.01 1013.7861
05326.5957 24.6250 24.6875 24.4375 25.18 27.01 1013.8755
05326.3584 24.6250 24.6875 24.4375 25.18 27.01 1013.8755
05326.3584 24.6250 24.6875 24.4375 25.18 27.01 1013.8755
05326.5459 24.6250 24.6875 24.4375 25.18 27.01 1013.8755
05326.5957 24.6250 24.7500 24.3750 25.18 27.01 1013.8755
05351.0083 24.6250 24.7500 24.3750 25.18 27.01 1013.8755
05351.0581 24.6250 24.7500 24.3750 25.18 27.01 1013.8755
05326.5835 24.6250 24.7500 24.3750 25.18 27.01 1013.8755
05326.3584 24.6250 24.7500 24.3750 25.18 27.01 1013.8755
05326.1206 24.6250 24.7500 24.3750 25.18 27.01 1013.8484
05326.5835 24.6250 24.7500 24.3750 25.18 27.01 1013.8484
05326.8335 24.6250 24.7500 24.3750 25.18 27.01 1013.8484
05351.0581 24.6250 24.7500 24.3750 25.18 27.01 1013.8484
05350.8208 24.6250 24.7500 24.3750 25.18 27.01 1013.8484
05374.7959 24.6250 24.7500 24.3750 25.18 27.01 1013.8484
05351.0083 24.6250 24.7500 24.3750 25.18 27.01 1013.8484
05326.2959 24.6250 24.7500 24.3750 25.18 27.01 1013.8484
05326.8335 24.6250 24.7500 24.3750 25.18 27.01 1013.8484
05326.5957 24.6250 24.7500 24.3750 25.18 27.01 1013.7942
05326.5957 24.6250 24.7500 24.3750 25.18 27.01 1013.7942
05326.5708 24.6250 24.7500 24.3750 25.18 27.01 1013.7942
05326.8208 24.6250 24.7500 24.3750 25.18 27.01 1013.7942
05326.5957 24.6250 24.7500 24.3750 25.18 27.01 1013.7942
05326.3457 24.6250 24.7500 24.3750 25.18 27.01 1013.7942
05325.8833 24.6250 24.7500 24.3750 25.18 27.01 1013.7942
05326.3584 24.6250 24.7500 24.3750 25.18 27.01 1013.7942
05326.5581 24.6250 24.7500 24.3750 25.18 27.01 1013.7942
05326.5957 24.6250 24.7500 24.3750 25.18 27.01 1013.7942
05326.1206 24.6250 24.7500 24.3750 25.18 27.01 1013.7942
05326.3081 24.6250 24.7500 24.3750 25.17 27.01 1013.8402
05350.7710 24.6250 24.7500 24.3750 25.17 27.01 1013.8402
05351.0083 24.6250 24.7500 24.3750 25.17 27.01 1013.8402
05350.9956 24.6250 24.7500 24.3750 25.17 27.01 1013.8402
05326.5957 24.6250 24.7500 24.3750 25.17 27.01 1013.8402
05325.8208 24.6250 24.7500 24.3750 25.17 27.01 1013.8402
05326.3081 24.6250 24.7500 24.3750 25.17 27.01 1013.8402
05326.3584 24.6250 24.7500 24.3750 25.17 27.01 1013.8402
05326.1206 24.6250 24.7500 24.3750 25.17 27.01 1013.8862
05326.3335 24.6250 24.7500 24.3750 25.17 27.01 1013.8862
05326.5957 24.6250 24.7500 24.3750 25.17 27.01 1013.8862
#terjedesi                                       nyomas  ##
#ido(usec)  T1(C)   T2(C)   T3(C)  T4(C) para(%)  (hPa)
05350.8208 24.6250 24.7500 24.3750 25.17 27.01 1013.8862
05321.6084 24.6250 24.7500 24.3750 25.17 27.01 1013.8862
05326.3081 24.6250 24.7500 24.3750 25.17 27.01 1013.8862
05326.0581 24.6250 24.7500 24.3750 25.17 27.01 1013.8862
05326.2959 24.6250 24.7500 24.3750 25.17 27.01 1013.8862
05326.3081 24.6250 24.7500 24.3750 25.17 27.01 1013.8862
05326.5835 24.6250 24.7500 24.3750 25.17 27.01 1013.8862
05326.8335 24.6250 24.7500 24.3750 25.18 27.02 1013.7942
05326.0708 24.6250 24.7500 24.3750 25.18 27.02 1013.7942
05326.5459 24.6250 24.7500 24.3750 25.18 27.02 1013.7942
05326.8208 24.6250 24.7500 24.3750 25.18 27.02 1013.7942
05326.5835 24.6250 24.7500 24.3750 25.18 27.02 1013.7942
05325.8208 24.6250 24.7500 24.3750 25.18 27.02 1013.7942
05325.8584 24.6250 24.7500 24.3750 25.18 27.02 1013.7942
05326.0835 24.6250 24.7500 24.3750 25.18 27.02 1013.7942
05326.5835 24.6250 24.7500 24.3750 25.18 27.02 1013.7942
05375.0459 24.6250 24.6875 24.3750 25.17 27.00 1013.8320
05326.7832 24.6250 24.6875 24.3750 25.17 27.00 1013.8320
05350.8208 24.6250 24.6875 24.3750 25.17 27.00 1013.8320
05326.3584 24.6250 24.6875 24.3750 25.17 27.00 1013.8320
05326.3584 24.6250 24.6875 24.3750 25.17 27.00 1013.8320
05326.3584 24.6250 24.6875 24.3750 25.17 27.00 1013.8320
05326.3584 24.6250 24.6875 24.3750 25.17 27.00 1013.8320
05326.0957 24.6250 24.6875 24.3750 25.17 27.00 1013.8320
05326.3584 24.6250 23.7500 24.3750 25.17 27.00 1013.8320
05350.7710 24.6250 24.7500 24.3750 25.17 27.00 1013.8320
05350.8081 24.6250 24.7500 24.3750 25.17 27.01 1013.7861
05326.3081 24.6250 24.7500 24.3750 25.17 27.01 1013.7861
05325.6460 24.6250 24.7500 24.3750 25.17 27.01 1013.7861
05326.0581 24.6250 24.7500 24.3750 25.17 27.01 1013.7861
05326.1206 24.6250 24.7500 24.3750 25.17 27.01 1013.7861
05326.3081 24.6250 24.7500 24.3750 25.17 27.01 1013.7861
05351.0581 24.6250 24.7500 24.3750 25.17 27.01 1013.7861
05326.1206 24.6250 24.6875 24.3750 25.17 27.01 1013.7861
05326.0708 24.6250 24.6875 24.3750 25.17 27.01 1013.7861
05326.7959 24.6250 24.6875 24.3750 25.17 27.01 1013.7861
05326.0708 24.6250 24.6875 24.3750 25.17 27.01 1013.8131
05326.3584 24.6250 24.6875 24.3750 25.17 27.01 1013.8131
05326.5332 24.6250 24.6875 24.3750 25.17 27.01 1013.8131
05326.3081 24.6250 24.6875 24.3750 25.17 27.01 1013.8131
05326.3335 24.6250 24.6875 24.3750 25.17 27.01 1013.8131
05350.8081 24.6250 24.7500 24.3750 25.17 27.01 1013.8131
05326.3584 24.6250 24.7500 24.3750 25.17 27.01 1013.8131
05350.7959 24.6250 24.7500 24.3750 25.17 27.01 1013.8131
05326.3584 24.6250 24.7500 24.3750 25.18 27.02 1013.8024
05326.5332 24.6250 24.7500 24.3750 25.18 27.02 1013.8024
05350.7583 24.6250 24.7500 24.3750 25.18 27.02 1013.8024
05326.3081 24.6250 24.7500 24.3750 25.18 27.02 1013.8024
05326.2959 24.6250 24.7500 24.3750 25.18 27.02 1013.8024
05326.3335 24.6250 24.7500 24.3750 25.18 27.02 1013.8024
05326.8208 24.6250 24.6875 24.3750 25.18 27.02 1013.8024
05327.0083 24.6250 24.6875 24.3750 25.18 27.02 1013.8024
05326.8208 24.6250 24.6875 24.3750 25.18 27.02 1013.8024
05326.3335 24.6250 24.6875 24.3750 25.18 27.02 1013.8024
05326.1206 24.6250 24.6875 24.3750 25.17 27.01 1013.8943
05325.8457 24.6250 24.6875 24.3750 25.17 27.01 1013.8943
05324.9209 24.6250 24.6875 24.3750 25.17 27.01 1013.8943
05349.1333 24.6250 24.6875 24.3750 25.17 27.01 1013.8943
05326.3584 24.6250 24.6875 24.3750 25.17 27.01 1013.8943
05326.8335 24.6250 24.6875 24.3750 25.17 27.01 1013.8943
05326.5459 24.6250 24.6875 24.3750 25.17 27.01 1013.8943
05326.1206 24.6250 24.6875 24.3750 25.17 27.01 1013.8943
05326.1206 24.6250 24.6875 24.3750 25.17 27.01 1013.8943
05325.8833 24.6250 24.6875 24.3750 25.17 27.00 1013.8131
05326.1206 24.6250 24.6875 24.3750 25.17 27.00 1013.8131
05326.0581 24.6250 24.6875 24.3750 25.17 27.00 1013.8131
05325.8208 24.6250 24.6875 24.3750 25.17 27.00 1013.8131
05326.3584 24.6250 24.7500 24.3750 25.17 27.00 1013.8131
05326.3584 24.6250 24.7500 24.3750 25.17 27.00 1013.8131
05326.5459 24.6250 24.7500 24.3750 25.17 27.00 1013.8131
05326.3335 24.6250 24.7500 24.3750 25.17 27.00 1013.8131
05326.3081 24.6250 24.7500 24.3750 25.17 27.00 1013.8131
05326.0957 24.6250 24.7500 24.3750 25.17 27.00 1013.8131
#terjedesi                                       nyomas  ##
#ido(usec)  T1(C)   T2(C)   T3(C)  T4(C) para(%)  (hPa)
05325.8833 24.6250 24.7500 24.3750 25.17 27.02 1013.7861
05326.3457 24.6250 24.7500 24.3750 25.17 27.02 1013.7861
05326.5459 24.6250 24.7500 24.3750 25.17 27.02 1013.7861
05326.5957 24.6250 24.7500 24.3750 25.17 27.02 1013.7861
05326.7710 24.6250 24.7500 24.3750 25.17 27.02 1013.7861
05325.8335 24.6250 24.7500 24.3750 25.17 27.02 1013.7861
05326.0708 24.6250 24.7500 24.3750 25.17 27.02 1013.7861
05326.5332 24.6250 24.7500 24.3750 25.17 27.02 1013.7861
05326.5957 24.6250 24.7500 24.3750 25.17 27.02 1013.7861
05326.5957 24.6250 24.7500 24.3750 25.17 27.02 1013.7861
05326.5459 24.6250 24.7500 24.3750 25.17 27.29 1013.8943
05326.7832 24.6250 24.6875 24.3750 25.17 27.29 1013.8943
05350.5835 24.6250 24.6875 24.3750 25.17 27.29 1013.8943
05351.0210 24.6250 24.6875 24.3750 25.17 27.29 1013.8943
05326.5459 24.6250 24.6875 24.3750 25.17 27.29 1013.8943
05326.1206 24.6250 24.6875 24.3750 25.17 27.29 1013.8943
05326.5459 24.6250 24.6875 24.3750 25.17 27.29 1013.8943
05326.8081 24.6250 24.6875 24.3750 25.17 27.29 1013.8943
05326.7710 24.6250 24.6875 24.3750 25.18 26.99 1013.7942
05351.0210 24.6250 24.7500 24.3750 25.18 26.99 1013.7942
05350.8208 24.6250 24.7500 24.3750 25.18 26.99 1013.7942
05326.7959 24.6250 24.7500 24.3750 25.18 26.99 1013.7942
05326.5957 24.6250 24.7500 24.3750 25.18 26.99 1013.7942
05326.1084 24.6250 24.7500 24.3750 25.18 26.99 1013.7942
05326.3081 24.6250 24.7500 24.3750 25.18 26.99 1013.7942
05326.5835 24.6250 24.7500 24.3750 25.18 26.99 1013.7942
05326.2959 24.6250 24.7500 24.3750 25.18 26.99 1013.7942
05326.3457 24.6250 24.7500 24.3750 25.18 26.99 1013.7942
05326.5957 24.6250 24.7500 24.3750 25.18 26.99 1013.7942
05351.0083 24.6250 24.7500 24.3750 25.18 27.00 1013.8484
05326.7832 24.6250 24.7500 24.3750 25.18 27.00 1013.8484
05326.0835 24.6250 24.7500 24.3750 25.18 27.00 1013.8484
05326.3457 24.6250 24.7500 24.3750 25.18 27.00 1013.8484
05326.7832 24.6250 24.7500 24.3750 25.18 27.00 1013.8484
05326.3584 24.6250 24.7500 24.3750 25.18 27.00 1013.8484
05326.3081 24.6250 24.7500 24.3750 25.18 27.00 1013.8484
05326.8335 24.6250 24.7500 24.3750 25.18 27.00 1013.8484
05350.8208 24.6250 24.7500 24.3750 25.18 27.01 1013.7942
05374.9956 24.6250 24.7500 24.3750 25.18 27.01 1013.7942
05326.5957 24.6250 24.7500 24.3750 25.18 27.01 1013.7942
05326.7959 24.6250 24.7500 24.3750 25.18 27.01 1013.7942
05327.0210 24.6250 24.7500 24.3750 25.18 27.01 1013.7942
05326.5332 24.6250 24.7500 24.3750 25.18 27.01 1013.7942
05326.1084 24.6250 24.7500 24.3750 25.18 27.01 1013.7942
05326.0581 24.6250 24.7500 24.3750 25.18 27.01 1013.7942
05351.0083 24.6250 24.6875 24.3750 25.18 27.01 1013.7942
05350.8208 24.6250 24.6875 24.3750 25.18 27.01 1013.7942
05351.0083 24.6250 24.6875 24.3750 25.18 27.00 1013.8484
05326.5708 24.6250 24.6875 24.3750 25.18 27.00 1013.8484
05326.5957 24.6250 24.6875 24.3750 25.18 27.00 1013.8484
05326.5957 24.6250 24.6875 24.3750 25.18 27.00 1013.8484
05326.3081 24.6250 24.6875 24.3750 25.18 27.00 1013.8484
05326.1206 24.6250 24.6875 24.3750 25.18 27.00 1013.8484
05326.1206 24.6250 24.6875 24.3750 25.18 27.00 1013.8484
05326.5459 24.6250 24.6875 24.3750 25.18 27.00 1013.8484
05375.0459 24.6250 24.6875 24.3750 25.18 27.00 1013.8484
05326.5957 24.6250 24.6875 24.3750 25.17 26.99 1013.7779
05326.1084 24.6250 24.6875 24.3750 25.17 26.99 1013.7779
05326.3081 24.6250 24.6875 24.3750 25.17 26.99 1013.7779
05326.0708 24.6250 24.6875 24.3750 25.17 26.99 1013.7779
05326.5957 24.6250 24.6875 24.3750 25.17 26.99 1013.7779
05326.5708 24.6250 24.6875 24.3750 25.17 26.99 1013.7779
05326.3081 24.6250 24.6875 24.3750 25.17 26.99 1013.7779
05350.8081 24.6250 24.7500 24.3750 25.17 26.99 1013.7779
05351.0083 24.6250 24.7500 24.3750 25.17 26.99 1013.7779
05326.5957 24.6250 24.7500 24.3750 25.18 26.99 1013.7942
05326.5708 24.6250 24.7500 24.3750 25.18 26.99 1013.7942
05326.7832 24.6250 24.7500 24.3750 25.18 26.99 1013.7942
05326.5459 24.6250 24.7500 24.3750 25.18 26.99 1013.7942
05325.8457 24.6250 24.7500 24.3750 25.18 26.99 1013.7942
05326.0957 24.6250 24.7500 24.3750 25.18 26.99 1013.7942
05326.5957 24.6250 24.6875 24.3750 25.18 26.99 1013.7942
05326.5957 24.6250 24.6875 24.3750 25.18 26.99 1013.7942
#terjedesi                                       nyomas  ##
#ido(usec)  T1(C)   T2(C)   T3(C)  T4(C) para(%)  (hPa)
05351.0581 24.6250 24.6875 24.3750 25.18 26.99 1013.7942
05322.2710 24.6250 24.6875 24.3750 25.18 26.99 1013.7942
05326.3584 24.6250 24.6875 24.3750 25.18 26.99 1013.7942
05326.3584 24.6250 24.6875 24.3750 25.17 26.99 1013.8320
05326.5708 24.6250 24.6875 24.3750 25.17 26.99 1013.8320
05326.1084 24.6250 24.6875 24.3750 25.17 26.99 1013.8320
05326.3081 24.6250 24.6875 24.3750 25.17 26.99 1013.8320
05350.8081 24.6250 24.6875 24.3750 25.17 26.99 1013.8320
05326.8208 24.6250 24.6875 24.3750 25.17 26.99 1013.8320
05326.3335 24.6250 24.6875 24.3750 25.17 26.99 1013.8320
05326.0835 24.6250 24.6875 24.3750 25.17 26.99 1013.8320
05326.5957 24.6250 24.6875 24.3750 25.17 27.00 1013.8320
05326.3584 24.6250 24.6875 24.3750 25.17 27.00 1013.8320
05326.5957 24.6250 24.6875 24.3750 25.17 27.00 1013.8320
05326.1206 24.6250 24.6875 24.3750 25.17 27.00 1013.8320
05326.8335 24.6250 24.6875 24.3750 25.17 27.00 1013.8320
05326.7710 24.6250 24.6875 24.3750 25.17 27.00 1013.8320
05326.7710 24.6250 24.6875 24.3750 25.17 27.00 1013.8320
05326.8335 24.6250 24.6875 24.3750 25.17 27.00 1013.8320
05326.8335 24.6250 24.6875 24.3750 25.17 27.00 1013.8320
05326.0957 24.6250 24.6875 24.3750 25.17 27.00 1013.8320
05326.3457 24.6250 24.6875 24.3750 25.18 27.00 1013.7942
05326.3335 24.6250 24.6875 24.3750 25.18 27.00 1013.7942
05326.7710 24.6250 24.7500 24.3750 25.18 27.00 1013.7942
05350.8208 24.6250 24.7500 24.3750 25.18 27.00 1013.7942
05374.9834 24.6250 24.7500 24.3750 25.18 27.00 1013.7942
05327.0210 24.6250 24.7500 24.3750 25.18 27.00 1013.7942
05326.5708 24.6250 24.7500 24.3750 25.18 27.00 1013.7942
05326.5708 24.6250 24.7500 24.3750 25.18 27.00 1013.7942
05326.1084 24.6250 24.7500 24.3750 25.18 27.00 1013.7942
05326.8335 24.6250 24.7500 24.3750 25.17 26.99 1013.7779
05326.5459 24.6250 24.7500 24.3750 25.17 26.99 1013.7779
05326.8335 24.6250 24.7500 24.3750 25.17 26.99 1013.7779
05326.7710 24.6250 24.7500 24.3750 25.17 26.99 1013.7779
05326.3335 24.6250 24.7500 24.3750 25.17 26.99 1013.7779
05326.3584 24.6250 24.7500 24.3750 25.17 26.99 1013.7779
05326.0835 24.6250 24.7500 24.3750 25.17 26.99 1013.7779
05326.3208 24.6250 24.7500 24.3750 25.17 26.99 1013.7779
05325.8584 24.6250 24.7500 24.3750 25.17 26.99 1013.7779
05326.2959 24.6250 24.7500 24.3750 25.17 26.99 1013.7779
05326.3584 24.6250 24.7500 24.3750 25.17 27.01 1013.8674
05351.0083 24.6250 24.7500 24.3750 25.17 27.01 1013.8674
05326.5581 24.6250 24.7500 24.3750 25.17 27.01 1013.8674
05326.1084 24.6250 24.7500 24.3750 25.17 27.01 1013.8674
05326.5835 24.6250 24.7500 24.3750 25.17 27.01 1013.8674
05326.0957 24.6250 24.7500 24.3750 25.17 27.01 1013.8674
05325.8833 24.6250 24.7500 24.3750 25.17 27.01 1013.8674
05325.8833 24.6250 24.7500 24.3750 25.17 27.01 1013.8674
05326.0708 24.6250 24.7500 24.3750 25.17 27.01 1013.8674
05326.5957 24.6250 24.7500 24.3750 25.17 27.01 1013.8674
05350.5835 24.6250 24.7500 24.3750 25.18 26.98 1013.8484
05326.5957 24.6250 24.7500 24.3750 25.18 26.98 1013.8484
05326.3081 24.6250 24.7500 24.3750 25.18 26.98 1013.8484
05326.5332 24.6250 24.7500 24.3750 25.18 26.98 1013.8484
05326.0708 24.6250 24.7500 24.3750 25.18 26.98 1013.8484
05326.1206 24.6250 24.7500 24.3750 25.18 26.98 1013.8484
05326.3081 24.6250 24.7500 24.3750 25.18 26.98 1013.8484
05326.2959 24.6250 24.7500 24.3750 25.18 26.98 1013.8484
05326.7832 24.6250 24.7500 24.3750 25.17 27.00 1013.8943
05326.8335 24.6250 24.7500 24.3750 25.17 27.00 1013.8943
05326.1206 24.6250 24.7500 24.3750 25.17 27.00 1013.8943
05326.1206 24.6250 24.7500 24.3750 25.17 27.00 1013.8943
05326.1206 24.6250 24.7500 24.3750 25.17 27.00 1013.8943
05326.0708 24.6250 24.7500 24.3750 25.17 27.00 1013.8943
05326.1084 24.6250 24.7500 24.3750 25.17 27.00 1013.8943
05326.1206 24.6250 24.7500 24.3750 25.17 27.00 1013.8943
05326.3335 24.6250 24.7500 24.3750 25.17 27.00 1013.8943
05325.8335 24.6250 24.7500 24.3750 25.17 27.00 1013.8943
05326.7710 24.6250 24.7500 24.3750 25.17 26.99 1013.7861
05325.6333 24.6250 24.7500 24.3750 25.17 26.99 1013.7861
05325.6206 24.6250 24.7500 24.3750 25.17 26.99 1013.7861
05326.0957 24.6250 24.7500 24.3750 25.17 26.99 1013.7861
05326.0708 24.6250 24.7500 24.3750 25.17 26.99 1013.7861
#terjedesi                                       nyomas  ##
#ido(usec)  T1(C)   T2(C)   T3(C)  T4(C) para(%)  (hPa)
05325.6460 24.6250 24.7500 24.3750 25.17 26.99 1013.7861
05326.5957 24.6250 24.6875 24.3750 25.17 26.99 1013.7861
05326.5332 24.6250 24.6875 24.3750 25.17 26.99 1013.7861
05326.8335 24.6250 24.6875 24.3750 25.17 26.99 1013.7861
05326.5957 24.6250 24.6875 24.3750 25.18 26.99 1013.8214
05326.0957 24.6250 24.6875 24.3750 25.18 26.99 1013.8214
05326.3584 24.6250 24.6875 24.3750 25.18 26.99 1013.8214
05326.3081 24.6250 24.6875 24.3750 25.18 26.99 1013.8214
05326.1206 24.6250 24.6875 24.3750 25.18 26.99 1013.8214
05326.0957 24.6250 24.6875 24.3750 25.18 26.99 1013.8214
05326.5332 24.6250 24.7500 24.3750 25.18 26.99 1013.8214
05350.8208 24.6250 24.7500 24.3750 25.18 26.99 1013.8214
05326.5459 24.6250 24.7500 24.3750 25.18 26.99 1013.8214
05326.5459 24.6250 24.7500 24.3750 25.18 26.99 1013.8214
05326.3584 24.6250 24.7500 24.3750 25.18 26.99 1013.8214
05326.5459 24.6250 24.7500 24.3750 25.18 26.99 1013.8214
05350.7710 24.6250 24.7500 24.3750 25.18 26.99 1013.8214
05350.7710 24.6250 24.7500 24.3750 25.18 26.99 1013.8214
05351.2832 24.6250 24.7500 24.3750 25.18 26.99 1013.8214
05375.2832 24.6250 24.7500 24.3750 25.18 26.99 1013.8214
05351.0083 24.6250 24.7500 24.3750 25.18 26.99 1013.8214
05326.3584 24.6250 24.7500 24.3750 25.18 26.99 1013.8214
05326.3584 24.6250 24.7500 24.3750 25.18 26.99 1013.8214
05326.3584 24.6250 24.7500 24.3750 25.17 26.99 1013.8943
05326.5957 24.6250 24.7500 24.3750 25.17 26.99 1013.8943
05326.5581 24.6250 24.7500 24.3750 25.17 26.99 1013.8943
05326.1206 24.6250 24.7500 24.3750 25.17 26.99 1013.8943
05327.0210 24.6250 24.7500 24.4375 25.17 26.99 1013.8943
05326.8335 24.6250 24.7500 24.4375 25.17 26.99 1013.8943
05350.7710 24.6250 24.7500 24.4375 25.17 26.99 1013.8943
05326.5459 24.6250 24.7500 24.4375 25.17 26.99 1013.8943
05326.3081 24.6250 24.7500 24.4375 25.17 26.99 1013.8943
05326.0957 24.6250 24.7500 24.4375 25.18 27.01 1013.7942
05326.0708 24.6250 24.7500 24.4375 25.18 27.01 1013.7942
05326.2959 24.6250 24.7500 24.4375 25.18 27.01 1013.7942
05326.3584 24.6250 25.6875 24.3750 25.18 27.01 1013.7942
05326.5332 24.6250 24.6875 24.3750 25.18 27.01 1013.7942
05375.0083 24.6250 24.6875 24.3750 25.18 27.01 1013.7942
05350.8081 24.6250 24.6875 24.3750 25.18 27.01 1013.7942
05326.0708 24.6250 24.6875 24.3750 25.18 27.01 1013.7942
05326.3081 24.6250 24.6875 24.3750 25.18 27.01 1013.7942
05326.3584 24.6250 24.6875 24.3750 25.18 27.01 1013.7942
05325.8833 24.6250 24.6875 24.3750 25.18 27.01 1013.7942
05326.3457 24.6250 24.6875 24.3750 25.18 27.01 1013.8214
05326.5459 24.6250 24.6875 24.3750 25.18 27.01 1013.8214
05375.0210 24.6250 24.7500 24.3750 25.18 27.01 1013.8214
05351.0083 24.6250 24.7500 24.3750 25.18 27.01 1013.8214
05326.5957 24.6250 24.7500 24.3750 25.18 27.01 1013.8214
05326.1084 24.6250 24.7500 24.3750 25.18 27.01 1013.8214
05326.3457 24.6250 24.7500 24.3750 25.18 27.01 1013.8214
05326.3457 24.6250 24.7500 24.3750 25.18 27.01 1013.8214
05326.1206 24.6250 24.7500 24.3750 25.18 27.00 1013.8484
05325.8208 24.6250 24.7500 24.3750 25.18 27.00 1013.8484
05350.7832 24.6250 24.6875 24.3750 25.18 27.00 1013.8484
05326.8208 24.6250 24.6875 24.3750 25.18 27.00 1013.8484
05326.8335 24.6250 24.6875 24.3750 25.18 27.00 1013.8484
05326.0708 24.6250 24.6875 24.3750 25.18 27.00 1013.8484
05326.5581 24.6250 24.6875 24.3750 25.18 27.00 1013.8484
05326.3584 24.6250 24.6875 24.3750 25.18 27.00 1013.8484
05326.0708 24.6250 24.6875 24.3750 25.18 27.00 1013.8484
05325.8833 24.6250 24.6875 24.3750 25.18 27.00 1013.8484
05326.0957 24.6250 23.7500 24.3750 25.17 27.00 1013.8131
05326.8335 24.6250 24.7500 24.3750 25.17 27.00 1013.8131
05326.5957 24.6250 24.7500 24.3750 25.17 27.00 1013.8131
05326.3081 24.6250 24.7500 24.3750 25.17 27.00 1013.8131
05326.1084 24.6250 24.7500 24.3750 25.17 27.00 1013.8131
05326.5459 24.6250 24.7500 24.3750 25.17 27.00 1013.8131
05326.5957 24.6250 24.7500 24.3750 25.17 27.00 1013.8131
05326.3335 24.6250 24.7500 24.3750 25.17 27.00 1013.8131
05326.2959 24.6250 24.7500 24.3750 25.17 27.00 1013.8131
05350.8208 24.6250 24.7500 24.3750 25.17 27.02 1013.8402
05326.5459 24.6250 24.7500 24.3750 25.17 27.02 1013.8402
05350.5581 24.6250 24.7500 24.3750 25.17 27.02 1013.8402
#terjedesi                                       nyomas  ##
#ido(usec)  T1(C)   T2(C)   T3(C)  T4(C) para(%)  (hPa)
05326.0708 24.6250 24.7500 24.3750 25.17 27.02 1013.8402
05321.1206 24.6250 24.7500 24.3750 25.17 27.02 1013.8402
05326.3584 24.6250 24.7500 24.3750 25.17 27.02 1013.8402
05326.8208 24.6250 24.7500 24.3750 25.17 27.02 1013.8402
05326.3584 24.6250 24.7500 24.3750 25.17 27.02 1013.8402
05350.8081 24.6250 24.7500 24.3750 25.17 27.02 1013.8402
05326.5835 24.6250 24.7500 24.3750 25.17 27.01 1013.8402
05326.8081 24.6250 24.7500 24.3750 25.17 27.01 1013.8402
05326.5708 24.6250 24.7500 24.3750 25.17 27.01 1013.8402
05326.3208 24.6250 24.7500 24.3750 25.17 27.01 1013.8402
05326.3081 24.6250 24.7500 24.3750 25.17 27.01 1013.8402
05350.5210 24.6250 24.7500 24.3750 25.17 27.01 1013.8402
05326.3584 24.6250 24.7500 24.3750 25.17 27.01 1013.8402
05326.5957 24.6250 24.7500 24.3750 25.17 27.01 1013.8402
05326.8335 24.6250 24.7500 24.3750 25.17 27.01 1013.8402
05326.7710 24.6250 24.7500 24.3750 25.17 27.01 1013.8402
05326.3584 24.6250 24.7500 24.3750 25.17 27.01 1013.8402
05326.3335 24.6250 24.7500 24.3750 25.17 27.01 1013.8402
05327.0459 24.6250 24.7500 24.3750 25.17 27.01 1013.8402
05326.5708 24.6250 24.7500 24.3750 25.17 27.01 1013.8402
05326.0708 24.6250 24.7500 24.3750 25.17 27.01 1013.8402
05326.3584 24.6250 24.7500 24.3750 25.17 27.01 1013.8402
05326.7959 24.6250 24.6875 24.3750 25.17 27.01 1013.8402
05326.7832 24.6250 24.6875 24.3750 25.17 27.01 1013.8402
05326.7710 24.6250 24.6875 24.3750 25.17 27.01 1013.8402
05326.0581 24.6250 24.6875 24.3750 25.18 27.00 1013.8295
05326.2959 24.6250 24.6875 24.3750 25.18 27.00 1013.8295
05326.0708 24.6250 24.6875 24.3750 25.18 27.00 1013.8295
05326.0957 24.6250 24.6875 24.3750 25.18 27.00 1013.8295
05326.0708 24.6250 24.6875 24.3750 25.18 27.00 1013.8295
05326.2959 24.6250 24.6875 24.3750 25.18 27.00 1013.8295
05326.0581 24.6250 24.7500 24.3750 25.18 27.00 1013.8295
05350.8081 24.6250 24.7500 24.3750 25.18 27.00 1013.8295