#terjedesi                                       nyomas  ##
#ido(usec)  T1(C)   T2(C)   T3(C)  T4(C) para(%)  (hPa)
06494.4707 24.6875 24.8125 24.5000 25.27 27.04 1013.7527
06538.6333 24.6875 24.8125 24.5000 25.27 27.04 1013.7527
06495.4082 24.6875 24.8125 24.5000 25.27 27.04 1013.7527
06494.4585 24.6875 24.8125 24.5000 25.27 27.04 1013.7527
06494.6958 24.6875 24.8125 24.5000 25.27 27.04 1013.7527
06493.9834 24.6875 24.8125 24.5000 25.27 27.04 1013.7527
06494.2334 24.6875 24.8125 24.5000 25.26 27.05 1013.7364
06494.6958 24.6875 24.8125 24.5000 25.26 27.05 1013.7364
06494.7207 24.6875 24.8125 24.5000 25.26 27.05 1013.7364
06468.8081 24.6875 24.8125 24.5000 25.26 27.05 1013.7364
06495.6958 24.6875 24.8125 24.5000 25.26 27.05 1013.7364
06494.7334 24.6875 24.8125 24.5000 25.26 27.05 1013.7364
06494.9834 24.6875 24.8125 24.5000 25.26 27.05 1013.7364
06494.7207 24.6875 24.8125 24.5000 25.26 27.05 1013.7364
06468.1206 24.6875 24.8125 24.5000 25.26 27.05 1013.7364
06468.1460 24.6875 24.8125 24.5000 25.26 27.05 1013.7364
06520.8208 24.6875 24.8125 24.5000 25.26 27.04 1013.7093
06494.9585 24.6875 24.8125 24.5000 25.26 27.04 1013.7093
06494.9707 24.6875 24.8125 24.5000 25.26 27.04 1013.7093
06520.8208 24.6875 24.8125 24.5000 25.26 27.04 1013.7093
06494.4834 24.6875 24.8125 24.5000 25.26 27.04 1013.7093
06494.6831 24.6875 24.8125 24.5000 25.26 27.04 1013.7093
06494.4834 24.6875 24.8125 24.5000 25.26 27.04 1013.7093
06494.4585 24.6875 24.8125 24.5000 25.26 27.04 1013.7093
06521.0835 24.6875 24.8125 24.5000 25.27 27.05 1013.7257
06494.6958 24.6875 24.8125 24.5000 25.27 27.05 1013.7257
06494.7456 24.6875 24.8125 24.5000 25.27 27.05 1013.7257
06521.0459 24.6875 24.8125 24.5000 25.27 27.05 1013.7257
06520.5957 24.6875 24.8125 24.5000 25.27 27.05 1013.7257
06494.2710 24.6875 24.8125 24.5000 25.27 27.05 1013.7257
06494.6958 24.6875 24.8125 24.5000 25.27 27.05 1013.7257
06521.1084 24.6875 24.8125 24.5000 25.27 27.05 1013.7257
06520.8208 24.6875 24.8125 24.5000 25.27 27.05 1013.7257
06521.2832 24.6875 24.8125 24.5000 25.27 27.05 1013.7257
06494.9585 24.6875 24.8125 24.5000 25.26 27.05 1013.7175
06521.3457 24.6875 24.8125 24.5000 25.26 27.05 1013.7175
06521.0708 24.6875 24.8125 24.5000 25.26 27.05 1013.7175
06494.2710 24.6875 24.8125 24.5000 25.26 27.05 1013.7175
06494.2456 24.6875 24.8125 24.5000 25.26 27.05 1013.7175
06520.6333 24.6875 24.8125 24.5000 25.26 27.05 1013.7175
06494.0332 24.6875 24.8125 24.5000 25.26 27.05 1013.7175
06494.9834 24.6875 24.8125 24.5000 25.26 27.05 1013.7175
06495.2207 24.6875 24.8125 24.5000 25.26 27.05 1013.7175
06494.5083 24.6875 24.8125 24.5000 25.26 27.05 1013.6822
06494.7456 24.6875 24.8125 24.5000 25.26 27.05 1013.6822
06494.4956 24.6875 24.8125 24.5000 25.26 27.05 1013.6822
06494.4834 24.6875 24.8125 24.5000 25.26 27.05 1013.6822
06521.1084 24.6875 24.8125 24.5000 25.26 27.05 1013.6822
06494.2583 24.6875 24.8125 24.5000 25.26 27.05 1013.6822
06495.1958 24.6875 24.8125 24.5000 25.26 27.05 1013.6822
06521.3457 24.6875 24.8125 24.5000 25.26 27.05 1013.6822
06494.2207 24.6875 24.8125 24.5000 25.26 27.05 1013.6822
06494.4834 24.6875 24.8125 24.5000 25.27 27.05 1013.7257
06494.7456 24.6875 24.8125 24.5000 25.27 27.05 1013.7257
06494.9331 24.6875 24.8125 24.5000 25.27 27.05 1013.7257
06494.4707 24.6875 24.8125 24.5000 25.27 27.05 1013.7257
06494.2710 24.6875 24.8125 24.5000 25.27 27.05 1013.7257
06468.1460 24.6875 24.8125 24.5000 25.27 27.05 1013.7257
06494.9834 24.6875 24.8125 24.5000 25.27 27.05 1013.7257
06494.4585 24.6875 24.8125 24.5000 25.27 27.05 1013.7257
06494.2710 24.6875 24.8125 24.5000 25.27 27.05 1013.7257
06494.4585 24.6875 24.8125 24.5000 25.27 27.05 1013.7257
06494.7456 24.6875 24.8125 24.5000 25.27 27.05 1013.7257
06494.4585 24.6875 24.8125 24.5000 25.27 27.05 1013.7257
06494.2710 24.6875 24.8125 24.5000 25.27 27.05 1013.7257
06494.9331 24.6875 24.8125 24.5000 25.27 27.05 1013.7257
06495.4082 24.6875 24.8125 24.5000 25.27 27.05 1013.7257
06521.1084 24.6875 24.8125 24.5000 25.27 27.05 1013.7257
06494.7207 24.6875 24.8125 24.5000 25.27 27.05 1013.7257
06494.4956 24.6875 24.8125 24.5000 25.27 27.05 1013.7257
06494.6958 24.6875 24.8125 24.5000 25.27 27.05 1013.7257
06494.6958 24.6875 24.8125 24.5000 25.27 27.05 1013.7257
06495.1831 24.6875 24.8125 24.5000 25.27 27.05 1013.7257
#terjedesi                                       nyomas  ##
#ido(usec)  T1(C)   T2(C)   T3(C)  T4(C) para(%)  (hPa)
06495.2207 24.6875 24.8125 24.5000 25.27 27.05 1013.7257
06495.4585 24.6875 24.8125 24.5000 25.27 27.05 1013.7257
06494.2710 24.6875 24.8125 24.5000 25.27 27.05 1013.7257
06521.1084 24.6875 24.8125 24.5000 25.27 27.05 1013.7257
06494.6958 24.6875 24.8125 24.5000 25.27 27.05 1013.7257
06468.1333 24.6875 24.8125 24.5000 25.27 27.05 1013.7257
06521.2959 24.6875 24.8125 24.5000 25.27 27.05 1013.7257
06521.3208 24.6875 24.8125 24.5000 25.27 27.05 1013.7257
06495.3960 24.6875 24.8125 24.5000 25.27 27.05 1013.7257
06495.2207 24.6875 24.8125 24.5000 25.27 27.05 1013.7257
06494.7456 24.6875 24.8125 24.5000 25.27 27.05 1013.7257
06494.9585 24.6875 24.8125 24.5000 25.27 27.05 1013.7257
06494.7207 24.6875 24.8125 24.5000 25.27 27.05 1013.7257
06494.9458 24.6875 24.8125 24.5000 25.27 27.05 1013.7257
06494.9834 24.6875 24.8125 24.5000 25.27 27.05 1013.7257
06494.7456 24.6875 24.8125 24.5000 25.27 27.05 1013.7257
06494.9331 24.6875 24.8125 24.5000 25.27 27.05 1013.7257
06494.9585 24.6875 24.8125 24.5000 25.27 27.04 1013.6715
06494.2207 24.6875 24.8125 24.5000 25.27 27.04 1013.6715
06494.4458 24.6875 24.8125 24.5000 25.27 27.04 1013.6715
06521.3457 24.6875 24.8125 24.5000 25.27 27.04 1013.6715
06521.0459 24.6875 24.8125 24.5000 25.27 27.04 1013.6715
06521.0835 24.6875 24.8125 24.5000 25.27 27.04 1013.6715
06494.2583 24.6875 24.8125 24.5000 25.27 27.04 1013.6715
06494.9331 24.6875 24.8125 24.5000 25.27 27.04 1013.6715
06494.9331 24.6875 24.8125 24.5000 25.27 27.04 1013.6715
06520.8335 24.6875 24.8125 24.5000 25.27 27.04 1013.7798
06494.2207 24.6875 24.8125 24.5000 25.27 27.04 1013.7798
06494.2207 24.6875 24.8125 24.5000 25.27 27.04 1013.7798
06544.0957 24.6875 24.8125 24.5000 25.27 27.04 1013.7798
06521.1084 24.6875 24.8125 24.5000 25.27 27.04 1013.7798
06494.5083 24.6875 24.8125 24.5000 25.27 27.04 1013.7798
06569.9834 24.6875 24.8125 24.5000 25.27 27.04 1013.7798
06468.3457 24.6875 24.8125 24.5000 25.27 27.04 1013.7798
06494.4585 24.6875 24.8125 24.5000 25.27 27.04 1013.7798
06520.6333 24.6875 24.8125 24.5000 25.27 27.05 1013.6800
06521.1084 24.6875 24.8125 24.5000 25.27 27.05 1013.6800
06521.0708 24.6875 24.8125 24.5000 25.27 27.05 1013.6800
06544.5581 24.6875 24.8125 24.5000 25.27 27.05 1013.6800
06521.0581 24.6875 24.8125 24.5000 25.27 27.05 1013.6800
06495.4082 24.6875 24.8125 24.5000 25.27 27.05 1013.6800
06494.9707 24.6875 24.8125 24.5000 25.27 27.05 1013.6800
06494.4834 24.6875 24.8125 24.5000 25.27 27.05 1013.6800
06521.1084 24.6875 24.8125 24.5000 25.27 27.05 1013.6800
06521.0957 24.6875 24.8125 24.5000 25.26 27.04 1013.6551
06494.4585 24.6875 24.8125 24.5000 25.26 27.04 1013.6551
06494.4956 24.6875 24.8125 24.5000 25.26 27.04 1013.6551
06520.8706 24.6875 24.8125 24.5000 25.26 27.04 1013.6551
06494.9331 24.6875 24.8125 24.5000 25.26 27.04 1013.6551
06494.9458 24.6875 24.8125 24.5000 25.26 27.04 1013.6551
06520.8335 24.6875 24.8125 24.5000 25.26 27.04 1013.6551
06493.9707 24.6875 24.8125 24.5000 25.26 27.04 1013.6551
06521.3208 24.6875 24.8125 24.5000 25.26 27.04 1013.6551
06521.0957 24.6875 24.8125 24.5000 25.26 27.04 1013.6551
06494.2710 24.6875 24.8125 24.5000 25.27 27.05 1013.7798
06543.9082 24.6875 24.8125 24.5000 25.27 27.05 1013.7798
06495.1709 24.6875 24.8125 24.5000 25.27 27.05 1013.7798
06495.1582 24.6875 24.8125 24.5000 25.27 27.05 1013.7798
06494.2710 24.6875 24.8125 24.5000 25.27 27.05 1013.7798
06494.6958 24.6875 24.8125 24.5000 25.27 27.05 1013.7798
06494.2710 24.6875 24.8125 24.5000 25.27 27.05 1013.7798
06494.6958 24.6875 24.8125 24.5000 25.27 27.05 1013.7798
06520.6333 24.6875 24.8125 24.5000 25.27 27.05 1013.7798
06494.2583 24.6875 24.8125 24.5000 25.26 27.04 1013.6904
06494.9331 24.6875 24.8125 24.5000 25.26 27.04 1013.6904
06494.9834 24.6875 24.8125 24.5000 25.26 27.04 1013.6904
06494.7456 24.6875 24.8125 24.5000 25.26 27.04 1013.6904
06521.1084 24.6875 24.8125 24.5000 25.26 27.04 1013.6904
06521.0581 24.6875 24.8125 24.5000 25.26 27.04 1013.6904
06494.4956 24.6875 24.8125 24.5000 25.26 27.04 1013.6904
06494.9331 24.6875 24.8125 24.5000 25.26 27.04 1013.6904
06494.9458 24.6875 24.8125 24.5000 25.26 27.04 1013.6904
06495.4082 24.6875 24.8125 24.5000 25.26 27.04 1013.6904
#terjedesi                                       nyomas  ##
#ido(usec)  T1(C)   T2(C)   T3(C)  T4(C) para(%)  (hPa)
06546.2334 24.6875 24.8125 24.5000 25.27 26.96 1013.7342
06487.3833 24.6875 24.8125 24.5000 25.27 26.96 1013.7342
06494.4956 24.6875 24.8125 24.5000 25.27 26.96 1013.7342
06494.4834 24.6875 24.8125 24.5000 25.27 26.96 1013.7342
06521.0581 24.6875 24.8125 24.5000 25.27 26.96 1013.7342
06494.0083 24.6875 24.8125 24.5000 25.27 26.96 1013.7342
06520.8706 24.6875 24.8125 24.5000 25.27 26.96 1013.7342
06495.2207 24.6875 24.8125 24.5000 25.27 26.96 1013.7342
06494.9331 24.6875 24.8125 24.5000 25.27 26.96 1013.7342
06520.8208 24.6875 24.8125 24.5000 25.27 27.04 1013.6986
06520.8584 24.6875 24.8125 24.5000 25.27 27.04 1013.6986
06520.8208 24.6875 24.8125 24.5000 25.27 27.04 1013.6986
06521.0708 24.6875 24.8125 24.5000 25.27 27.04 1013.6986
06521.2832 24.6875 24.8125 24.5000 25.27 27.04 1013.6986
06521.0581 24.6875 24.8125 24.5000 25.27 27.04 1013.6986
06495.1958 24.6875 24.8125 24.5000 25.27 27.04 1013.6986
06545.9834 24.6875 24.8125 24.5000 25.27 27.04 1013.6986
06494.5083 24.6875 24.8125 24.5000 25.27 27.04 1013.6986
06494.2710 24.6875 24.8125 24.5000 25.27 27.04 1013.6986
06494.4834 24.6875 24.8125 24.5000 25.27 27.04 1013.6986
06521.0581 24.6875 24.8125 24.5000 25.27 27.04 1013.6986
06494.9209 24.6875 24.8125 24.5000 25.27 27.04 1013.6986
06494.4956 24.6875 24.8125 24.5000 25.27 27.04 1013.6986
06495.4082 24.6875 24.8125 24.5000 25.27 27.04 1013.6986
06495.4082 24.6875 24.8125 24.5000 25.27 27.04 1013.6986
06494.7456 24.6875 24.8125 24.5000 25.27 27.04 1013.6986
06494.9834 24.6875 24.8125 24.5000 25.27 27.04 1013.6986
06494.2583 24.6875 24.8125 24.5000 25.26 27.03 1013.7175
06494.5083 24.6875 24.8125 24.5000 25.26 27.03 1013.7175
06494.7456 24.6875 24.8125 24.5000 25.26 27.03 1013.7175
06494.9458 24.6875 24.8125 24.5000 25.26 27.03 1013.7175
06570.0332 24.6875 24.8125 24.5000 25.26 27.03 1013.7175
06570.5083 24.6875 24.8125 24.5000 25.26 27.03 1013.7175
06494.5083 24.6875 24.8125 24.5000 25.26 27.03 1013.7175
06494.4458 24.6875 24.8125 24.5000 25.26 27.03 1013.7175
06521.3208 24.6875 24.8125 24.5000 25.26 27.03 1013.7175
06494.2207 24.6875 24.8125 24.5000 25.26 27.04 1013.6551
06494.2710 24.6875 24.8125 24.5000 25.26 27.04 1013.6551
06494.7456 24.6875 24.8125 24.5000 25.26 27.04 1013.6551
06495.4209 24.6875 24.8125 24.5000 25.26 27.04 1013.6551
06495.1582 24.6875 24.8125 24.5000 25.26 27.04 1013.6551
06494.7334 24.6875 24.8125 24.5000 25.26 27.04 1013.6551
06494.7085 24.6875 24.8125 24.5000 25.26 27.04 1013.6551
06494.6958 24.6875 24.8125 24.5000 25.26 27.04 1013.6551
06494.6958 24.6875 24.8125 24.5000 25.26 27.04 1013.6551
06494.7456 24.6875 24.8125 24.5000 25.26 27.04 1013.6551
06494.9458 24.6875 24.8125 24.5000 25.27 27.04 1013.7257
06569.9834 24.6875 24.8125 24.5000 25.27 27.04 1013.7257
06468.8081 24.6875 24.8125 24.5000 25.27 27.04 1013.7257
06494.9209 24.6875 24.8125 24.5000 25.27 27.04 1013.7257
06494.5083 24.6875 24.8125 24.5000 25.27 27.04 1013.7257
06494.9585 24.6875 24.8125 24.5000 25.27 27.04 1013.7257
06494.9331 24.6875 24.8125 24.5000 25.27 27.04 1013.7257
06494.5083 24.6875 24.8125 24.5000 25.27 27.04 1013.7257
06494.7456 24.6875 24.8125 24.5000 25.27 27.04 1013.7257
06494.9458 24.6875 24.8125 24.5000 25.27 27.03 1013.7257
06494.9834 24.6875 24.8125 24.5000 25.27 27.03 1013.7257
06521.3457 24.6875 24.8125 24.5000 25.27 27.03 1013.7257
06521.0581 24.6875 24.8125 24.5000 25.27 27.03 1013.7257
06494.6958 24.6875 24.8125 24.5000 25.27 27.03 1013.7257
06521.0581 24.6875 24.8125 24.5000 25.27 27.03 1013.7257
06494.2710 24.6875 24.8125 24.5000 25.27 27.03 1013.7257
06494.6831 24.6875 24.8125 24.5000 25.27 27.03 1013.7257
06494.9209 24.6875 24.8125 24.5000 25.27 27.03 1013.7257
06494.9707 24.6875 24.8125 24.5000 25.27 27.03 1013.6715
06520.8457 24.6875 24.8125 24.5000 25.27 27.03 1013.6715
06494.2710 24.6875 24.8125 24.5000 25.27 27.03 1013.6715
06494.7334 24.6875 24.8125 24.5000 25.27 27.03 1013.6715
06494.4585 24.6875 24.8125 24.5000 25.27 27.03 1013.6715
06494.2085 24.6875 24.8125 24.5000 25.27 27.03 1013.6715
06494.5083 24.6875 24.8125 24.4375 25.27 27.03 1013.6715
06494.7456 24.6875 24.8125 24.4375 25.27 27.03 1013.6715
06494.9209 24.6875 24.8125 24.4375 25.27 27.03 1013.6715
#terjedesi                                       nyomas  ##
#ido(usec)  T1(C)   T2(C)   T3(C)  T4(C) para(%)  (hPa)
06494.2207 24.6875 24.8125 24.4375 25.27 27.03 1013.6715
06494.5083 24.6875 24.8125 24.4375 25.27 27.04 1013.7342
06494.2710 24.6875 24.8125 24.4375 25.27 27.04 1013.7342
06494.2710 24.6875 24.8125 24.4375 25.27 27.04 1013.7342
06494.4458 24.6875 24.8125 24.4375 25.27 27.04 1013.7342
06494.2456 24.6875 24.8125 24.4375 25.27 27.04 1013.7342
06495.1582 24.6875 24.8125 24.5000 25.27 27.04 1013.7342
06494.9209 24.6875 24.8125 24.5000 25.27 27.04 1013.7342
06521.1084 24.6875 24.8125 24.5000 25.27 27.04 1013.7342
06470.0459 24.6875 24.8125 24.5000 25.27 27.04 1013.7342
06520.8208 24.6875 24.8125 24.5000 25.27 27.03 1013.7798
06494.2710 24.6875 24.8125 24.5000 25.27 27.03 1013.7798
06494.2456 24.6875 24.8125 24.5000 25.27 27.03 1013.7798
06494.4458 24.6875 24.8125 24.5000 25.27 27.03 1013.7798
06495.1709 24.6875 24.8125 24.5000 25.27 27.03 1013.7798
06521.0581 24.6875 24.8125 24.5000 25.27 27.03 1013.7798
06521.0581 24.6875 24.8125 24.5000 25.27 27.03 1013.7798
06494.7334 24.6875 24.8125 24.5000 25.27 27.03 1013.7798
06521.3457 24.6875 24.8125 24.5000 25.27 27.03 1013.7798
06494.2710 24.6875 24.8125 24.5000 25.27 27.03 1013.7798
06494.4458 24.6875 24.8125 24.5000 25.26 27.04 1013.7175
06469.9956 24.6875 24.8125 24.5000 25.26 27.04 1013.7175
06494.7334 24.6875 24.8125 24.5000 25.26 27.04 1013.7175
06494.6958 24.6875 24.8125 24.5000 25.26 27.04 1013.7175
06520.6084 24.6875 24.8125 24.5000 25.26 27.04 1013.7175
06520.6333 24.6875 24.8125 24.5000 25.26 27.04 1013.7175
06520.8081 24.6875 24.8125 24.5000 25.26 27.04 1013.7175
06494.2085 24.6875 24.8125 24.5000 25.26 27.04 1013.7175
06494.0083 24.6875 24.8125 24.5000 25.26 27.03 1013.6633
06494.0332 24.6875 24.8125 24.5000 25.26 27.03 1013.6633
06470.5210 24.6875 24.8125 24.5000 25.26 27.03 1013.6633
06468.6206 24.6875 24.8125 24.5000 25.26 27.03 1013.6633
06469.5581 24.6875 24.8125 24.5000 25.26 27.03 1013.6633
06469.5708 24.6875 24.8125 24.5000 25.26 27.03 1013.6633
06520.3706 24.6875 24.8125 24.5000 25.26 27.03 1013.6633
06521.0957 24.6875 24.8125 24.5000 25.26 27.03 1013.6633
06494.4834 24.6875 24.8125 24.5000 25.26 27.03 1013.6633
06494.4585 24.6875 24.8125 24.5000 25.26 27.03 1013.6633
06494.9585 24.6875 24.8125 24.5000 25.26 27.02 1013.6822
06494.9209 24.6875 24.8125 24.5000 25.26 27.02 1013.6822
06521.3457 24.6875 24.8125 24.5000 25.26 27.02 1013.6822
06521.0581 24.6875 24.8125 24.5000 25.26 27.02 1013.6822
06493.9834 24.6875 24.8125 24.5000 25.26 27.02 1013.6822
06520.8457 24.6875 24.8125 24.5000 25.26 27.02 1013.6822
06520.8706 24.6875 24.8125 24.5000 25.26 27.02 1013.6822
06494.0210 24.6875 24.8125 24.5000 25.26 27.02 1013.6822
06494.9458 24.6875 24.8125 24.5000 25.26 27.02 1013.6822
06494.6831 24.6875 24.8125 24.5000 25.26 27.02 1013.7634
06494.2583 24.6875 24.8125 24.5000 25.26 27.02 1013.7634
06520.8335 24.6875 24.8125 24.5000 25.26 27.02 1013.7634
06521.0459 24.6875 24.8125 24.5000 25.26 27.02 1013.7634
06494.2710 24.6875 24.8125 24.5000 25.26 27.02 1013.7634
06521.1084 24.6875 24.8125 24.5000 25.26 27.02 1013.7634
06494.4834 24.6875 24.8125 24.5000 25.26 27.02 1013.7634
06521.3457 24.6875 24.8125 24.5000 25.26 27.02 1013.7634
06494.7207 24.6875 24.8125 24.5000 25.26 27.02 1013.7634
06494.9331 24.6875 24.8125 24.5000 25.26 27.03 1013.7093
06494.2334 24.6875 24.8125 24.5000 25.26 27.03 1013.7093
06494.6958 24.6875 24.8125 24.5000 25.26 27.03 1013.7093
06521.0581 24.6875 24.8125 24.5000 25.26 27.03 1013.7093
06521.1084 24.6875 24.8125 24.5000 25.26 27.03 1013.7093
06494.4585 24.6875 24.8125 24.5000 25.26 27.03 1013.7093
06468.3833 24.6875 24.8125 24.5000 25.26 27.03 1013.7093
06494.9834 24.6875 24.8125 24.5000 25.26 27.03 1013.7093
06521.0459 24.6875 24.8125 24.5000 25.26 27.03 1013.7093
06494.2583 24.6875 24.8125 24.5000 25.26 27.03 1013.7093
06494.4834 24.6875 24.8125 24.5000 25.26 27.04 1013.7634
06494.2207 24.6875 24.8125 24.5000 25.26 27.04 1013.7634
06494.2710 24.6875 24.8125 24.5000 25.26 27.04 1013.7634
06520.8706 24.6875 24.8125 24.5000 25.26 27.04 1013.7634
06494.7456 24.6875 24.8125 24.5000 25.26 27.04 1013.7634
06494.9331 24.6875 24.8125 24.5000 25.26 27.04 1013.7634
06493.9834 24.6875 24.8125 24.5000 25.26 27.04 1013.7634
#terjedesi                                       nyomas  ##
#ido(usec)  T1(C)   T2(C)   T3(C)  T4(C) para(%)  (hPa)
06494.2207 24.6875 24.8125 24.5000 25.26 27.04 1013.7634
06521.0835 24.6875 24.8125 24.5000 25.26 27.05 1013.7093
06520.8584 24.6875 24.8125 24.5000 25.26 27.05 1013.7093
06521.0459 24.6875 24.8125 24.5000 25.26 27.05 1013.7093
06494.5083 24.6875 24.8125 24.5000 25.26 27.05 1013.7093
06495.1709 24.6875 24.8125 24.5000 25.26 27.05 1013.7093
06494.7456 24.6875 24.8125 24.5000 25.26 27.05 1013.7093
06520.5708 24.6875 24.8125 24.5000 25.26 27.05 1013.7093
06494.4585 24.6875 24.8125 24.5000 25.26 27.05 1013.7093
06521.0459 24.6875 24.8125 24.5000 25.26 27.05 1013.7093
06494.6958 24.6875 24.8125 24.5000 25.26 27.05 1013.7093
06521.2832 24.6875 24.8125 24.5000 25.26 27.05 1013.7093
06494.6958 24.6875 24.8125 24.5000 25.27 27.05 1013.7342
06494.4707 24.6875 24.8125 24.5000 25.27 27.05 1013.7342
06494.7207 24.6875 24.8125 24.5000 25.27 27.05 1013.7342
06520.1582 24.6875 24.8125 24.5000 25.27 27.05 1013.7342
06521.2959 24.6875 24.8125 24.5000 25.27 27.05 1013.7342
06520.8706 24.6875 24.8125 24.5000 25.27 27.05 1013.7342
06493.9834 24.6875 24.8125 24.5000 25.27 27.05 1013.7342
06493.9956 24.6875 24.8125 24.5000 25.27 27.05 1013.7342
06521.3457 24.6875 24.8125 24.5000 25.27 27.04 1013.6986
06570.2710 24.6875 24.8125 24.5000 25.27 27.04 1013.6986
06494.4707 24.6875 24.8125 24.5000 25.27 27.04 1013.6986
06494.5083 24.6875 24.8125 24.5000 25.27 27.04 1013.6986
06520.8208 24.6875 24.8125 24.5000 25.27 27.04 1013.6986
06520.6333 24.6875 24.8125 24.5000 25.27 27.04 1013.6986
06521.3208 24.6875 24.8125 24.5000 25.27 27.04 1013.6986
06494.7334 24.6875 24.8125 24.5000 25.27 27.04 1013.6986
06494.0332 24.6875 24.8125 24.5000 25.27 27.04 1013.6986
06495.1709 24.6875 24.8125 24.5000 25.27 27.04 1013.6986
06494.6831 24.6875 24.8125 24.5000 25.26 27.05 1013.6551
06520.8457 24.6875 24.8125 24.5000 25.26 27.05 1013.6551
06521.1084 24.6875 24.8125 24.5000 25.26 27.05 1013.6551
06521.0581 24.6875 24.8125 24.5000 25.26 27.05 1013.6551
06494.6958 24.6875 24.8125 24.5000 25.26 27.05 1013.6551
06494.2710 24.6875 24.8125 24.5000 25.26 27.05 1013.6551
06494.2710 24.6875 24.8125 24.5000 25.26 27.05 1013.6551
06495.2085 24.6875 24.8125 24.5000 25.26 27.05 1013.6551
06495.2207 24.6875 24.8125 24.5000 25.26 27.05 1013.6551
06521.2959 24.6875 24.8125 24.5000 25.27 27.05 1013.7342
06494.7456 24.6875 24.8125 24.5000 25.27 27.05 1013.7342
06494.9331 24.6875 24.8125 24.5000 25.27 27.05 1013.7342
06494.9834 24.6875 24.8125 24.5000 25.27 27.05 1013.7342
06521.3457 24.6875 24.8125 24.5000 25.27 27.05 1013.7342
06494.5083 24.6875 24.8125 24.5000 25.27 27.05 1013.7342
06494.4585 24.6875 24.8125 24.5000 25.27 27.05 1013.7342
06494.9331 24.6875 24.8125 24.5000 25.27 27.05 1013.7342
06520.3457 24.6875 24.8125 24.5000 25.27 27.05 1013.7342
06520.6333 24.6875 24.8125 24.5000 25.27 27.04 1013.7257
06494.2583 24.6875 24.8125 24.5000 25.27 27.04 1013.7257
06520.8081 24.6875 24.8125 24.5000 25.27 27.04 1013.7257
06520.8584 24.6875 24.8125 24.5000 25.27 27.04 1013.7257
06521.0835 24.6875 24.8125 24.5000 25.27 27.04 1013.7257
06468.1460 24.6875 24.8125 24.5000 25.27 27.04 1013.7257
06494.7456 24.6875 24.8125 24.5000 25.27 27.04 1013.7257
06521.2959 24.6875 24.8125 24.5000 25.27 27.04 1013.7257
06494.2710 24.6875 24.8125 24.5000 25.27 27.04 1013.7257
06520.8706 24.6875 24.8125 24.5000 25.27 27.04 1013.7257
06520.5957 24.6875 24.8125 24.5000 25.26 27.07 1013.7093
06494.6958 24.6875 24.8125 24.5000 25.26 27.07 1013.7093
06520.8208 24.6875 24.8125 24.5000 25.26 27.07 1013.7093
06494.9707 24.6875 24.8125 24.5000 25.26 27.07 1013.7093
06468.5957 24.6875 24.8125 24.5000 25.26 27.07 1013.7093
06494.4956 24.6875 24.8125 24.5000 25.26 27.07 1013.7093
06494.4585 24.6875 24.8125 24.5000 25.26 27.07 1013.7093
06520.8706 24.6875 24.8125 24.5000 25.26 27.07 1013.7093
06521.0581 24.6875 24.8125 24.5000 25.26 27.07 1013.7093
06520.3960 24.6875 24.8125 24.5000 25.26 27.08 1013.6822
06494.2456 24.6875 24.8125 24.5000 25.26 27.08 1013.6822
06494.7456 24.6875 24.8125 24.5000 25.26 27.08 1013.6822
06494.9834 24.6875 24.8125 24.5000 25.26 27.08 1013.6822
06521.0581 24.6875 24.8125 24.5000 25.26 27.08 1013.6822
06467.6333 24.6875 24.8125 24.5000 25.26 27.08 1013.6822
#terjedesi                                       nyomas  ##
#ido(usec)  T1(C)   T2(C)   T3(C)  T4(C) para(%)  (hPa)
06494.2456 24.6875 24.8125 24.5000 25.26 27.08 1013.6822
06521.2959 24.6875 24.8125 24.5000 25.26 27.08 1013.6822
06468.1206 24.6875 24.8125 24.5000 25.26 27.08 1013.6822
06521.2832 24.6875 24.8125 24.5000 25.26 27.08 1013.6822
06495.1582 24.6875 24.8125 24.5000 25.27 27.06 1013.7527
06494.9458 24.6875 24.8125 24.5000 25.27 27.06 1013.7527
06521.0708 24.6875 24.8125 24.5000 25.27 27.06 1013.7527
06521.0581 24.6875 24.8125 24.5000 25.27 27.06 1013.7527
06520.8208 24.6875 24.8125 24.5000 25.27 27.06 1013.7527
06521.2959 24.6875 24.8125 24.5000 25.27 27.06 1013.7527
06494.2085 24.6875 24.8125 24.5000 25.27 27.06 1013.7527
06494.4707 24.6875 24.8125 24.5000 25.27 27.06 1013.7527
06468.3335 24.6875 24.8125 24.5000 25.26 27.07 1013.6904
06495.4585 24.6875 24.8125 24.5000 25.26 27.07 1013.6904
06520.8706 24.6875 24.8125 24.5000 25.26 27.07 1013.6904
06494.4707 24.6875 24.8125 24.5000 25.26 27.07 1013.6904
06494.2456 24.6875 24.8125 24.5000 25.26 27.07 1013.6904
06520.8706 24.6875 24.8125 24.5000 25.26 27.07 1013.6904
06494.4458 24.6875 24.8125 24.5000 25.26 27.07 1013.6904
06494.6831 24.6875 24.8125 24.5000 25.26 27.07 1013.6904
06494.6958 24.6875 24.8125 24.5000 25.26 27.07 1013.6904
06468.0957 24.6875 24.8125 24.5000 25.26 27.07 1013.6904
06521.2832 24.6875 24.8125 24.5000 25.27 27.07 1013.6715
06494.2583 24.6875 24.8125 24.5000 25.27 27.07 1013.6715
06521.2959 24.6875 24.8125 24.5000 25.27 27.07 1013.6715
06494.9834 24.6875 24.8125 24.5000 25.27 27.07 1013.6715
06494.5083 24.6875 24.8125 24.5000 25.27 27.07 1013.6715
06521.0957 24.6875 24.8125 24.5000 25.27 27.07 1013.6715
06495.2207 24.6875 24.8125 24.5000 25.27 27.07 1013.6715
06495.4082 24.6875 24.8125 24.5000 25.27 27.07 1013.6715
06494.9834 24.6875 24.8125 24.5000 25.27 27.07 1013.6715
06494.5083 24.6875 24.8125 24.5000 25.27 27.08 1013.7342
06494.5083 24.6875 24.8125 24.5000 25.27 27.08 1013.7342
06521.0708 24.6875 24.8125 24.5000 25.27 27.08 1013.7342
06520.8457 24.6875 24.8125 24.5000 25.27 27.08 1013.7342
06520.5957 24.6875 24.8125 24.5000 25.27 27.08 1013.7342
06494.9585 24.6875 24.8125 24.5000 25.27 27.08 1013.7342
06570.2710 24.6875 24.8125 24.5000 25.27 27.08 1013.7342
06494.4585 24.6875 24.8125 24.5000 25.27 27.08 1013.7342
06494.6958 24.6875 24.8125 24.5000 25.27 27.08 1013.7342
06521.0459 24.6875 24.8125 24.5000 25.27 27.07 1013.7257
06521.3457 24.6875 24.8125 24.5000 25.27 27.07 1013.7257
06494.2085 24.6875 24.8125 24.5000 25.27 27.07 1013.7257
06494.2710 24.6875 24.8125 24.5000 25.27 27.07 1013.7257
06468.5581 24.6875 24.8125 24.5000 25.27 27.07 1013.7257
06494.9331 24.6875 24.8125 24.5000 25.27 27.07 1013.7257
06494.5083 24.6875 24.8125 24.5000 25.27 27.07 1013.7257
06494.2710 24.6875 24.8125 24.5000 25.27 27.07 1013.7257
06494.7456 24.6875 24.8125 24.5000 25.27 27.07 1013.7257
06494.6831 24.6875 24.8125 24.5000 25.27 27.07 1013.7257
06520.5708 24.6875 24.8125 24.5000 25.27 27.07 1013.7257
06521.0581 24.6875 24.8125 24.5000 25.27 27.07 1013.7257
06494.7207 24.6875 24.8125 24.5000 25.27 27.07 1013.7257
06494.4585 24.6875 24.8125 24.5000 25.27 27.07 1013.7257
06521.1084 24.6875 24.8125 24.5000 25.27 27.07 1013.7257
06467.6460 24.6875 24.8125 24.5000 25.27 27.07 1013.7257
06521.0835 24.6875 24.8125 24.5000 25.27 27.07 1013.7257
06493.9834 24.6875 24.8125 24.5000 25.27 27.07 1013.7257
06494.4585 24.6875 24.8125 24.5000 25.27 27.07 1013.7257
06494.2085 24.6875 24.8125 24.5000 25.26 27.08 1013.6633
06494.9834 24.6875 24.8125 24.5000 25.26 27.08 1013.6633
06495.2207 24.6875 24.8125 24.5000 25.26 27.08 1013.6633
06520.8208 24.6875 24.8125 24.5000 25.26 27.08 1013.6633
06494.4585 24.6875 24.8125 24.5000 25.26 27.08 1013.6633
06520.8457 24.6875 24.8125 24.5000 25.26 27.08 1013.6633
06521.3457 24.6875 24.8125 24.5000 25.26 27.08 1013.6633
06521.1084 24.6875 24.8125 24.5000 25.26 27.08 1013.6633
06520.8706 24.6875 24.8125 24.5000 25.26 27.08 1013.6633
06494.9209 24.6875 24.8125 24.5000 25.27 27.08 1013.6715
06494.9209 24.6875 24.8125 24.5000 25.27 27.08 1013.6715
06494.4707 24.6875 24.8125 24.5000 25.27 27.08 1013.6715
06494.0210 24.6875 24.8125 24.5000 25.27 27.08 1013.6715
06469.9834 24.6875 24.8125 24.5000 25.27 27.08 1013.6715
#terjedesi                                       nyomas  ##
#ido(usec)  T1(C)   T2(C)   T3(C)  T4(C) para(%)  (hPa)
06520.5835 24.6875 24.8125 24.5000 25.27 27.08 1013.6715
06516.3457 24.6875 24.8125 24.5000 25.27 27.08 1013.6715
06493.9834 24.6875 24.8125 24.5000 25.27 27.08 1013.6715
06494.4458 24.6875 24.8125 24.5000 25.27 27.08 1013.6715
06494.9707 24.6875 24.8125 24.5000 25.27 27.08 1013.6715
06494.7456 24.6875 24.8125 24.5000 25.27 27.09 1013.7257
06521.3457 24.6875 24.8125 24.5000 25.27 27.09 1013.7257
06521.0581 24.6875 24.8125 24.5000 25.27 27.09 1013.7257
06520.8457 24.6875 24.8125 24.5000 25.27 27.09 1013.7257
06520.3457 24.6875 24.8125 24.5000 25.27 27.09 1013.7257
06494.2207 24.6875 24.8125 24.5000 25.27 27.09 1013.7257
06495.2207 24.6875 24.8125 24.5000 25.27 27.09 1013.7257
06468.0957 24.6875 24.8125 24.5000 25.27 27.09 1013.7257
06494.6958 24.6875 24.8125 24.5000 25.27 27.09 1013.7257
06494.2207 24.6875 24.8125 24.5000 25.27 27.08 1013.7257
06494.4956 24.6875 24.8125 24.5000 25.27 27.08 1013.7257
06521.0581 24.6875 24.8125 24.5000 25.27 27.08 1013.7257
06494.7085 24.6875 24.8125 24.5000 25.27 27.08 1013.7257
06469.8081 24.6875 24.8125 24.5000 25.27 27.08 1013.7257
06494.9834 24.6875 24.8125 24.5000 25.27 27.08 1013.7257
06570.0332 24.6875 24.8125 24.5000 25.27 27.08 1013.7257
06494.5083 24.6875 24.8125 24.5000 25.27 27.08 1013.7257
06494.0332 24.6875 24.8125 24.5000 25.27 27.08 1013.7257
06520.5835 24.6875 24.8125 24.5000 25.27 27.09 1013.6986
06521.1084 24.6875 24.8125 24.5000 25.27 27.09 1013.6986
06494.4585 24.6875 24.8125 24.5000 25.27 27.09 1013.6986
06521.1084 24.6875 24.8125 24.5000 25.27 27.09 1013.6986
06569.9834 24.6875 24.8125 24.5000 25.27 27.09 1013.6986
06495.4585 24.6875 24.8125 24.5000 25.27 27.09 1013.6986
06521.3457 24.6875 24.8125 24.5000 25.27 27.09 1013.6986
06494.5083 24.6875 24.8125 24.5000 25.27 27.09 1013.6986
06520.8706 24.6875 24.8125 24.5000 25.27 27.09 1013.6986
06521.2959 24.6875 24.8125 24.5000 25.27 27.09 1013.7257
06494.2710 24.6875 24.8125 24.5000 25.27 27.09 1013.7257
06494.2710 24.6875 24.8125 24.5000 25.27 27.09 1013.7257
06494.7456 24.6875 24.8125 24.5000 25.27 27.09 1013.7257
06494.5083 24.6875 24.8125 24.5000 25.27 27.09 1013.7257
06494.2207 24.6875 24.8125 24.5000 25.27 27.09 1013.7257
06521.1084 24.6875 24.8125 24.5000 25.27 27.09 1013.7257
06520.8081 24.6875 24.8125 24.5000 25.27 27.09 1013.7257
06521.2959 24.6875 24.8125 24.5000 25.27 27.09 1013.7257
06493.9834 24.6875 24.8125 24.5000 25.27 27.09 1013.7257
06521.0459 24.6875 24.8125 24.5000 25.27 27.10 1013.7257
06494.9834 24.6875 24.8125 24.5000 25.27 27.10 1013.7257
06494.2085 24.6875 24.8125 24.5000 25.27 27.10 1013.7257
06494.2456 24.6875 24.8125 24.5000 25.27 27.10 1013.7257
06494.6831 24.6875 24.8125 24.5000 25.27 27.10 1013.7257
06521.0835 24.6875 24.8125 24.5000 25.27 27.10 1013.7257
06521.2832 24.6875 24.8125 24.5000 25.27 27.10 1013.7257
06521.0459 24.6875 24.8125 24.5000 25.27 27.10 1013.7257
06494.2085 24.6875 24.8125 24.5000 25.27 27.10 1013.7257
06494.9834 24.6875 24.8125 24.5000 25.26 27.09 1013.7093
06495.1709 24.6875 24.8125 24.5000 25.26 27.09 1013.7093
06494.4458 24.6875 24.8125 24.5000 25.26 27.09 1013.7093
06494.7456 24.6875 24.8125 24.5000 25.26 27.09 1013.7093
06521.0581 24.6875 24.8125 24.5000 25.26 27.09 1013.7093
06521.0708 24.6875 24.8125 24.5000 25.26 27.09 1013.7093
06470.0459 24.6875 24.8125 24.5000 25.26 27.09 1013.7093
06494.2207 24.6875 24.8125 24.5000 25.26 27.09 1013.7093
06467.8960 24.6875 24.8125 24.5000 25.26 27.09 1013.7093
06494.5083 24.6875 24.8125 24.5000 25.26 27.10 1013.7175
06520.6333 24.6875 24.8125 24.5000 25.26 27.10 1013.7175
06520.5957 24.6875 24.8125 24.5000 25.26 27.10 1013.7175
06520.5835 24.6875 24.8125 24.5000 25.26 27.10 1013.7175
06494.2456 24.6875 24.8125 24.5000 25.26 27.10 1013.7175
06521.0835 24.6875 24.8125 24.5000 25.26 27.10 1013.7175
06494.4707 24.6875 24.8125 24.5000 25.26 27.10 1013.7175
06494.7085 24.6875 24.8125 24.5000 25.26 27.10 1013.7175
06494.9331 24.6875 24.8125 24.5000 25.26 27.10 1013.7175
06470.0083 24.6875 24.8125 24.5000 25.26 27.10 1013.7175
06467.6084 24.6875 24.8125 24.5000 25.27 27.11 1013.7257
06494.9707 24.6875 24.8125 24.5000 25.27 27.11 1013.7257
06494.2207 24.6875 24.8125 24.5000 25.27 27.11 1013.7257
#terjedesi                                       nyomas  ##
#ido(usec)  T1(C)   T2(C)   T3(C)  T4(C) para(%)  (hPa)
06520.8208 24.6875 24.8125 24.5000 25.27 27.11 1013.7257
06520.5835 24.6875 24.8125 24.5000 25.27 27.11 1013.7257
06494.9331 24.6875 24.8125 24.5000 25.27 27.11 1013.7257
06494.4707 24.6875 24.8125 24.5000 25.27 27.11 1013.7257
06494.2207 24.6875 24.8125 24.5000 25.27 27.11 1013.7257
06521.0581 24.6875 24.8125 24.5000 25.27 27.11 1013.7257
06494.2085 24.6875 24.8125 24.5000 25.29 26.85 1013.7046
06494.4707 24.6875 24.8125 24.5000 25.29 26.85 1013.7046
06521.3081 24.6875 24.8125 24.5000 25.29 26.85 1013.7046
06494.7085 24.6875 24.8125 24.5000 25.29 26.85 1013.7046
06570.2207 24.6875 24.8125 24.5000 25.29 26.85 1013.7046
06495.6958 24.6875 24.8125 24.5000 25.29 26.85 1013.7046
06494.9331 24.6875 24.8125 24.5000 25.29 26.85 1013.7046
06494.9834 24.6875 24.8125 24.5000 25.29 26.85 1013.7046
06494.4834 24.6875 24.8125 24.5000 25.29 26.85 1013.7046
06494.6958 24.6875 24.8125 24.5000 25.27 27.10 1013.6986
06494.7456 24.6875 24.8125 24.5000 25.27 27.10 1013.6986
06494.9458 24.6875 24.8125 24.5000 25.27 27.10 1013.6986
06468.1333 24.6875 24.8125 24.5000 25.27 27.10 1013.6986
06468.5581 24.6875 24.8125 24.5000 25.27 27.10 1013.6986
06521.3208 24.6875 24.8125 24.5000 25.27 27.10 1013.6986
06494.6831 24.6875 24.8125 24.5000 25.27 27.10 1013.6986
06520.8208 24.6875 24.8125 24.5000 25.27 27.10 1013.6986
06494.6958 24.6875 24.8125 24.5000 25.27 27.10 1013.6986
06521.1084 24.6875 24.8125 24.5000 25.27 27.10 1013.6715
06494.5083 24.6875 24.8125 24.5000 25.27 27.10 1013.6715
06495.1709 24.6875 24.8125 24.5000 25.27 27.10 1013.6715
06495.3960 24.6875 24.8125 24.5000 25.27 27.10 1013.6715
06494.4834 24.6875 24.8125 24.5000 25.27 27.10 1013.6715
06521.2832 24.6875 24.8125 24.5000 25.27 27.10 1013.6715
06494.7456 24.6875 24.8125 24.5000 25.27 27.10 1013.6715
06494.0332 24.6875 24.8125 24.5000 25.27 27.10 1013.6715
06521.0459 24.6875 24.8125 24.5000 25.27 27.10 1013.6715
06521.5332 24.6875 24.8125 24.5000 25.27 27.10 1013.6715
06494.7207 24.6875 24.8125 24.5000 25.26 27.11 1013.6362
06545.5708 24.6875 24.8125 24.5000 25.26 27.11 1013.6362
06521.0581 24.6875 24.8125 24.5000 25.26 27.11 1013.6362
06521.0581 24.6875 24.8125 24.5000 25.26 27.11 1013.6362
06494.2583 24.6875 24.8125 24.5000 25.26 27.11 1013.6362
06467.3833 24.6875 24.8125 24.5000 25.26 27.11 1013.6362
06494.2710 24.6875 24.8125 24.5000 25.26 27.11 1013.6362
06521.1084 24.6875 24.8125 24.5000 25.26 27.11 1013.6362
06494.7456 24.6875 24.8125 24.5000 25.26 27.11 1013.6362
06521.5210 24.6875 24.8125 24.5000 25.26 27.11 1013.7093
06494.4956 24.6875 24.8125 24.5000 25.26 27.11 1013.7093
06521.0708 24.6875 24.8125 24.5000 25.26 27.11 1013.7093
06520.3457 24.6875 24.8125 24.5000 25.26 27.11 1013.7093
06520.8335 24.6875 24.8125 24.5000 25.26 27.11 1013.7093
06520.8081 24.6875 24.8125 24.5000 25.26 27.11 1013.7093
06494.0332 24.6875 24.8125 24.5000 25.26 27.11 1013.7093
06494.9331 24.6875 24.8125 24.5000 25.26 27.11 1013.7093
06495.1831 24.6875 24.8125 24.5000 25.26 27.11 1013.7093
06494.2710 24.6875 24.8125 24.5000 25.27 27.11 1013.6715
06494.4585 24.6875 24.8125 24.5000 25.27 27.11 1013.6715
06494.6958 24.6875 24.8125 24.5000 25.27 27.11 1013.6715
06494.6958 24.6875 24.8125 24.5000 25.27 27.11 1013.6715
06520.8208 24.6875 24.8125 24.5000 25.27 27.11 1013.6715
06494.7207 24.6875 24.8125 24.5000 25.27 27.11 1013.6715
06570.4458 24.6875 24.8125 24.5000 25.27 27.11 1013.6715
06495.4331 24.6875 24.8125 24.5000 25.27 27.11 1013.6715
06521.0459 24.6875 24.8125 24.5000 25.27 27.11 1013.6715
06521.0957 24.6875 24.8125 24.5000 25.27 27.11 1013.6715
06520.6333 24.6875 24.8125 24.5000 25.27 27.12 1013.6443
06521.0708 24.6875 24.8125 24.5000 25.27 27.12 1013.6443
06521.0459 24.6875 24.8125 24.5000 25.27 27.12 1013.6443
06494.6958 24.6875 24.8125 24.5000 25.27 27.12 1013.6443
06495.2085 24.6875 24.8125 24.5000 25.27 27.12 1013.6443
06495.3960 24.6875 24.8125 24.5000 25.27 27.12 1013.6443
06494.5083 24.6875 24.8125 24.5000 25.27 27.12 1013.6443
06494.7334 24.6875 24.8125 24.5000 25.27 27.12 1013.6443
06494.2456 24.6875 24.8125 24.5000 25.27 27.11 1013.6715
06495.1709 24.6875 24.8125 24.5000 25.27 27.11 1013.6715
06494.4458 24.6875 24.8125 24.5000 25.27 27.11 1013.6715
#terjedesi                                       nyomas  ##
#ido(usec)  T1(C)   T2(C)   T3(C)  T4(C) para(%)  (hPa)
06494.6958 24.6875 24.8125 24.5000 25.27 27.11 1013.6715
06491.1831 24.6875 24.8125 24.5000 25.27 27.11 1013.6715
06494.9209 24.6875 24.8125 24.5000 25.27 27.11 1013.6715
06520.8706 24.6875 24.8125 24.5000 25.27 27.11 1013.6715
06521.0581 24.6875 24.8125 24.5000 25.27 27.11 1013.6715
06494.2710 24.6875 24.8125 24.5000 25.27 27.11 1013.6715
06521.5581 24.6875 24.8125 24.5000 25.27 27.11 1013.6715
06520.5835 24.6875 24.8125 24.5000 25.27 27.11 1013.6715
06520.5708 24.6875 24.8125 24.5000 25.26 27.13 1013.6633
06495.4082 24.6875 24.8125 24.5000 25.26 27.13 1013.6633
06495.2207 24.6875 24.8125 24.5000 25.26 27.13 1013.6633
06493.7456 24.6875 24.8125 24.5000 25.26 27.13 1013.6633
06521.0459 24.6875 24.8125 24.5000 25.26 27.13 1013.6633
06520.8584 24.6875 24.8125 24.5000 25.26 27.13 1013.6633
06520.8208 24.6875 24.8125 24.5000 25.26 27.13 1013.6633
06494.7456 24.6875 24.8125 24.5000 25.26 27.13 1013.6633
06521.0581 24.6875 24.8125 24.5000 25.28 27.12 1013.6882
06494.7456 24.6875 24.8125 24.5000 25.28 27.12 1013.6882
06494.7456 24.6875 24.8125 24.5000 25.28 27.12 1013.6882
06521.3457 24.6875 24.8125 24.5000 25.28 27.12 1013.6882
06520.6084 24.6875 24.8125 24.5000 25.28 27.12 1013.6882
06494.4707 24.6875 24.8125 24.5000 25.28 27.12 1013.6882
06494.7456 24.6875 24.8125 24.5000 25.28 27.12 1013.6882
06494.2710 24.6875 24.8125 24.5000 25.28 27.12 1013.6882
06521.5332 24.6875 24.8125 24.5000 25.28 27.12 1013.6882
06494.9331 24.6875 24.8125 24.5000 25.28 27.12 1013.6882
06495.4082 24.6875 24.8125 24.5000 25.26 27.11 1013.6281
06520.8208 24.6875 24.8125 24.5000 25.26 27.11 1013.6281
06494.6958 24.6875 24.8125 24.5000 25.26 27.11 1013.6281
06494.6958 24.6875 24.8125 24.5000 25.26 27.11 1013.6281
06495.1831 24.6875 24.8125 24.5000 25.26 27.11 1013.6281
06494.5083 24.6875 24.8125 24.5000 25.26 27.11 1013.6281
06494.4956 24.6875 24.8125 24.5000 25.26 27.11 1013.6281