#terjedesi                                       nyomas  ##
#ido(usec)  T1(C)   T2(C)   T3(C)  T4(C) para(%)  (hPa)
06178.5957 24.6875 24.8125 24.5000 25.24 27.04 1013.7307
06172.2207 24.6875 24.8125 24.5000 25.24 27.04 1013.7307
06179.0581 24.6875 24.8125 24.5000 25.24 27.04 1013.7307
06152.4956 24.6875 24.8125 24.5000 25.23 27.05 1013.7496
06227.2583 24.6875 24.8125 24.5000 25.23 27.05 1013.7496
06178.6333 24.6875 24.8125 24.5000 25.23 27.05 1013.7496
06179.0581 24.6875 24.8125 24.5000 25.23 27.05 1013.7496
06179.2959 24.6875 24.8125 24.5000 25.23 27.05 1013.7496
06178.6333 24.6875 24.8125 24.5000 25.23 27.05 1013.7496
06228.9834 24.6875 24.8125 24.5000 25.23 27.05 1013.7496
06179.0459 24.6875 24.8125 24.5000 25.23 27.05 1013.7496
06179.0581 24.6875 24.8125 24.5000 25.23 27.05 1013.7496
06179.1084 24.6875 24.8125 24.5000 25.24 27.04 1013.6765
06178.3706 24.6875 24.8125 24.5000 25.24 27.04 1013.6765
06229.1831 24.6875 24.8125 24.5000 25.24 27.04 1013.6765
06178.8208 24.6875 24.8125 24.5000 25.24 27.04 1013.6765
06178.6333 24.6875 24.8125 24.5000 25.24 27.04 1013.6765
06179.0459 24.6875 24.8125 24.5000 25.24 27.04 1013.6765
06253.3960 24.6875 24.8125 24.5000 25.24 27.04 1013.6765
06179.2832 24.6875 24.7500 24.5000 25.24 27.04 1013.6765
06179.2832 24.6875 24.7500 24.5000 25.24 27.04 1013.6765
06179.0581 24.6875 24.7500 24.5000 25.24 27.04 1013.6765
06178.3457 24.6875 24.7500 24.5000 25.24 27.04 1013.6765
06151.7959 24.6875 24.7500 24.5000 25.24 27.04 1013.6765
06229.2085 24.6875 24.7500 24.5000 25.24 27.04 1013.6765
06229.4331 24.6875 24.7500 24.5000 25.24 27.04 1013.6765
06178.8335 24.6875 24.8125 24.4375 25.24 27.04 1013.6765
06179.2959 24.6875 24.8125 24.4375 25.24 27.04 1013.6765
06179.1084 24.6875 24.8125 24.4375 25.24 27.04 1013.6765
06178.6333 24.6875 24.8125 24.4375 25.24 27.04 1013.6765
06205.2207 24.6875 24.8125 24.4375 25.24 27.04 1013.6765
06178.8706 24.6875 24.8125 24.4375 25.24 27.05 1013.7307
06178.3960 24.6875 24.8125 24.4375 25.24 27.05 1013.7307
06204.9331 24.6875 24.8125 24.4375 25.24 27.05 1013.7307
06228.9331 24.6875 24.8125 24.4375 25.24 27.05 1013.7307
06179.0835 24.6875 24.8125 24.5000 25.24 27.05 1013.7307
06179.0581 24.6875 24.8125 24.5000 25.24 27.05 1013.7307
06178.5835 24.6875 24.8125 24.5000 25.24 27.05 1013.7307
06204.7207 24.6875 24.8125 24.5000 25.24 27.05 1013.7307
06228.7456 24.6875 24.8125 24.5000 25.24 27.05 1013.6765
06204.6958 24.6875 24.8125 24.5000 25.24 27.05 1013.6765
06204.9331 24.6875 24.8125 24.5000 25.24 27.05 1013.6765
06178.3584 24.6875 24.8125 24.5000 25.24 27.05 1013.6765
06179.1084 24.6875 24.8125 24.5000 25.24 27.05 1013.6765
06178.8706 24.6875 24.8125 24.5000 25.24 27.05 1013.6765
06229.1582 24.6875 24.8125 24.5000 25.24 27.05 1013.6765
06178.1582 24.6875 24.8125 24.5000 25.24 27.05 1013.6765
06204.9331 24.6875 24.8125 24.5000 25.24 27.05 1013.6765
06178.1582 24.6875 24.8125 24.5000 25.24 27.05 1013.6765
06204.6958 24.6875 24.8125 24.5000 25.24 27.05 1013.6765
06178.1084 24.6875 24.8125 24.5000 25.24 27.05 1013.7036
06178.6084 24.6875 24.8125 24.5000 25.24 27.05 1013.7036
06178.5835 24.6875 24.8125 24.5000 25.24 27.05 1013.7036
06204.7456 24.6875 24.8125 24.5000 25.24 27.05 1013.7036
06205.1709 24.6875 24.8125 24.5000 25.24 27.05 1013.7036
06178.1582 24.6875 24.8125 24.5000 25.24 27.05 1013.7036
06204.7456 24.6875 24.8125 24.5000 25.24 27.05 1013.7036
06178.3960 24.6875 24.8125 24.5000 25.24 27.05 1013.7036
06228.9585 24.6875 24.8125 24.5000 25.24 27.05 1013.7036
06179.0957 24.6875 24.8125 24.5000 25.24 27.05 1013.7036
06178.8584 24.6875 24.8125 24.5000 25.24 27.05 1013.7036
06178.0957 24.6875 24.8125 24.5000 25.24 27.05 1013.7036
06178.3833 24.6875 24.8125 24.5000 25.24 27.05 1013.7036
06178.1084 24.6875 24.8125 24.5000 25.24 27.05 1013.7036
06205.2207 24.6875 24.8125 24.5000 25.24 27.05 1013.7036
06204.9458 24.6875 24.8125 24.5000 25.24 27.05 1013.7036
06178.5708 24.6875 24.8125 24.5000 25.24 27.05 1013.7036
06179.1084 24.6875 24.8125 24.5000 25.24 27.05 1013.7036
06178.6333 24.6875 24.8125 24.5000 25.25 27.06 1013.7471
06204.9331 24.6875 24.8125 24.5000 25.25 27.06 1013.7471
06178.1084 24.6875 24.8125 24.5000 25.25 27.06 1013.7471
06228.9707 24.6875 24.8125 24.5000 25.25 27.06 1013.7471
06178.3457 24.6875 24.8125 24.5000 25.25 27.06 1013.7471
#terjedesi                                       nyomas  ##
#ido(usec)  T1(C)   T2(C)   T3(C)  T4(C) para(%)  (hPa)
06204.7085 24.6875 24.8125 24.5000 25.25 27.06 1013.7471
06178.3960 24.6875 24.8125 24.4375 25.25 27.06 1013.7471
06178.8457 24.6875 24.8125 24.4375 25.25 27.06 1013.7471
06228.9834 24.6875 24.8125 24.4375 25.25 27.06 1013.7471
06228.9707 24.6875 24.8125 24.4375 25.24 27.07 1013.7578
06204.7583 24.6875 24.8125 24.4375 25.24 27.07 1013.7578
06178.3706 24.6875 24.8125 24.4375 25.24 27.07 1013.7578
06178.3960 24.6875 24.8125 24.4375 25.24 27.07 1013.7578
06178.3584 24.6875 24.8125 24.4375 25.24 27.07 1013.7578
06178.5835 24.6875 24.8125 24.4375 25.24 27.07 1013.7578
06179.5210 24.6875 24.8125 24.5000 25.24 27.07 1013.7578
06178.3457 24.6875 24.8125 24.5000 25.24 27.07 1013.7578
06178.1206 24.6875 24.8125 24.5000 25.24 27.07 1013.7578
06204.9458 24.6875 24.8125 24.5000 25.24 27.07 1013.7389
06204.7583 24.6875 24.8125 24.5000 25.24 27.07 1013.7389
06204.2832 24.6875 24.8125 24.5000 25.24 27.07 1013.7389
06229.1709 24.6875 24.8125 24.5000 25.24 27.07 1013.7389
06178.3706 24.6875 24.8125 24.5000 25.24 27.07 1013.7389
06178.8335 24.6875 24.8125 24.5000 25.24 27.07 1013.7389
06178.8081 24.6875 24.8125 24.5000 25.24 27.07 1013.7389
06204.7583 24.6875 24.8125 24.5000 25.24 27.07 1013.7389
06178.6333 24.6875 24.8125 24.5000 25.24 27.07 1013.7389
06178.6333 24.6875 24.8125 24.5000 25.24 27.07 1013.7389
06228.9585 24.6875 24.8125 24.5000 25.24 27.07 1013.7389
06204.9458 24.6875 24.8125 24.5000 25.24 27.00 1013.7307
06204.9458 24.6875 24.8125 24.5000 25.24 27.00 1013.7307
06179.2959 24.6875 24.8125 24.5000 25.24 27.00 1013.7307
06178.8081 24.6875 24.8125 24.5000 25.24 27.00 1013.7307
06228.9585 24.6875 24.8125 24.5000 25.24 27.00 1013.7307
06229.1831 24.6875 24.8125 24.5000 25.24 27.00 1013.7307
06178.3706 24.6875 24.8125 24.5000 25.24 27.00 1013.7307
06178.5708 24.6875 24.8125 24.5000 25.24 27.00 1013.7307
06178.8081 24.6875 24.8125 24.5000 25.25 27.08 1013.7471
06178.1582 24.6875 24.8125 24.5000 25.25 27.08 1013.7471
06178.8208 24.6875 24.8125 24.5000 25.25 27.08 1013.7471
06179.0957 24.6875 24.8125 24.5000 25.25 27.08 1013.7471
06178.3833 24.6875 24.8125 24.5000 25.25 27.08 1013.7471
06204.7583 24.6875 24.8125 24.5000 25.25 27.08 1013.7471
06204.9707 24.6875 24.8125 24.5000 25.25 27.08 1013.7471
06177.9209 24.6875 24.8125 24.5000 25.25 27.08 1013.7471
06204.4585 24.6875 24.8125 24.5000 25.25 27.08 1013.7471
06204.9458 24.6875 24.8125 24.5000 25.25 27.08 1013.7471
06178.6084 24.6875 24.8125 24.5000 25.25 27.07 1013.8284
06178.8208 24.6875 24.8125 24.5000 25.25 27.07 1013.8284
06177.8706 24.6875 24.8125 24.5000 25.25 27.07 1013.8284
06177.9209 24.6875 24.8125 24.5000 25.25 27.07 1013.8284
06228.9331 24.6875 24.8125 24.5000 25.25 27.07 1013.8284
06229.1582 24.6875 24.8125 24.5000 25.25 27.07 1013.8284
06204.9956 24.6875 24.8125 24.5000 25.25 27.07 1013.8284
06204.7583 24.6875 24.8125 24.5000 25.25 27.07 1013.8284
06178.6333 24.6875 24.8125 24.5000 25.25 27.07 1013.8284
06178.6333 24.6875 24.8125 24.5000 25.24 27.08 1013.7930
06204.6958 24.6875 24.8125 24.5000 25.24 27.08 1013.7930
06177.9209 24.6875 24.8125 24.5000 25.24 27.08 1013.7930
06153.4585 24.6875 24.8125 24.5000 25.24 27.08 1013.7930
06204.9956 24.6875 24.8125 24.5000 25.24 27.08 1013.7930
06204.4707 24.6875 24.8125 24.5000 25.24 27.08 1013.7930
06177.8833 24.6875 24.8125 24.5000 25.24 27.08 1013.7930
06178.5708 24.6875 24.8125 24.4375 25.24 27.08 1013.7930
06178.8335 24.6875 24.8125 24.4375 25.24 27.08 1013.7930
06204.6958 24.6875 24.8125 24.4375 25.25 27.07 1013.7552
06204.2583 24.6875 24.8125 24.4375 25.25 27.07 1013.7552
06204.5210 24.6875 24.8125 24.4375 25.25 27.07 1013.7552
06204.4834 24.6875 24.8125 24.4375 25.25 27.07 1013.7552
06204.7085 24.6875 24.8125 24.4375 25.25 27.07 1013.7552
06204.5210 24.6875 24.8125 24.5000 25.25 27.07 1013.7552
06204.9331 24.6875 24.8125 24.5000 25.25 27.07 1013.7552
06178.3584 24.6875 24.8125 24.5000 25.25 27.07 1013.7552
06204.7583 24.6875 24.8125 24.5000 25.25 27.07 1013.7552
06177.9209 24.6875 24.8125 24.5000 25.25 27.07 1013.7552
06177.8706 24.6875 24.8125 24.5000 25.25 27.09 1013.6929
06204.7207 24.6875 24.8125 24.5000 25.25 27.09 1013.6929
06204.7456 24.6875 24.8125 24.5000 25.25 27.09 1013.6929
#terjedesi                                       nyomas  ##
#ido(usec)  T1(C)   T2(C)   T3(C)  T4(C) para(%)  (hPa)
06204.5210 24.6875 24.8125 24.5000 25.25 27.09 1013.6929
06171.2710 24.6875 24.8125 24.5000 25.25 27.09 1013.6929
06178.8706 24.6875 24.8125 24.5000 25.25 27.09 1013.6929
06177.6831 24.6875 24.8125 24.5000 25.25 27.09 1013.6929
06204.4585 24.6875 24.8125 24.5000 25.25 27.09 1013.6929
06228.7456 24.6875 24.8125 24.5000 25.25 27.09 1013.6929
06204.7085 24.6875 24.8125 24.5000 25.25 27.09 1013.7200
06178.1333 24.6875 24.8125 24.5000 25.25 27.09 1013.7200
06204.5210 24.6875 24.8125 24.5000 25.25 27.09 1013.7200
06253.3960 24.6875 24.8125 24.5000 25.25 27.09 1013.7200
06178.6206 24.6875 24.8125 24.5000 25.25 27.09 1013.7200
06204.7085 24.6875 24.8125 24.5000 25.25 27.09 1013.7200
06204.7085 24.6875 24.8125 24.5000 25.25 27.09 1013.7200
06228.9585 24.6875 24.8125 24.5000 25.25 27.09 1013.7200
06228.9707 24.6875 24.8125 24.5000 25.25 27.09 1013.7200
06204.7583 24.6875 24.8125 24.5000 25.25 27.09 1013.7200
06204.9585 24.6875 24.8125 24.5000 25.25 27.08 1013.7471
06178.8584 24.6875 24.8125 24.5000 25.25 27.08 1013.7471
06253.4458 24.6875 24.8125 24.5000 25.25 27.08 1013.7471
06178.3960 24.6875 24.8125 24.5000 25.25 27.08 1013.7471
06204.9707 24.6875 24.8125 24.5000 25.25 27.08 1013.7471
06178.1084 24.6875 24.8125 24.5000 25.25 27.08 1013.7471
06253.2085 24.6875 24.8125 24.5000 25.25 27.08 1013.7471
06178.5708 24.6875 24.8125 24.5000 25.25 27.08 1013.7471
06178.3960 24.6875 24.8125 24.5000 25.25 27.08 1013.7471
06178.8706 24.6875 24.8125 24.5000 25.25 27.08 1013.7471
06229.4585 24.6875 24.8125 24.5000 25.25 27.08 1013.7471
06178.5835 24.6875 24.8125 24.5000 25.25 27.08 1013.7471
06178.8457 24.6875 24.8125 24.5000 25.25 27.08 1013.7471
06228.9331 24.6875 24.8125 24.5000 25.25 27.08 1013.7471
06178.5957 24.6875 24.8125 24.5000 25.25 27.08 1013.7471
06204.7456 24.6875 24.8125 24.5000 25.25 27.08 1013.7471
06178.3706 24.6875 24.8125 24.5000 25.25 27.08 1013.7471
06179.0835 24.6875 24.8125 24.5000 25.25 27.08 1013.7471
06178.8081 24.6875 24.8125 24.5000 25.25 27.08 1013.7471
06229.2207 24.6875 24.8125 24.5000 25.26 27.08 1013.7364
06228.9707 24.6875 24.8125 24.5000 25.26 27.08 1013.7364
06229.1709 24.6875 24.8125 24.5000 25.26 27.08 1013.7364
06229.1709 24.6875 24.8125 24.5000 25.26 27.08 1013.7364
06178.8208 24.6875 24.8125 24.5000 25.26 27.08 1013.7364
06229.2207 24.6875 24.8125 24.5000 25.26 27.08 1013.7364
06178.8706 24.6875 24.8125 24.5000 25.26 27.08 1013.7364
06178.8457 24.6875 24.8125 24.5000 25.26 27.08 1013.7364
06204.9458 24.6875 24.8125 24.5000 25.26 27.08 1013.7364
06178.6333 24.6875 24.8125 24.5000 25.25 27.08 1013.6929
06178.1084 24.6875 24.8125 24.5000 25.25 27.08 1013.6929
06178.3335 24.6875 24.8125 24.5000 25.25 27.08 1013.6929
06205.1831 24.6875 24.8125 24.5000 25.25 27.08 1013.6929
06204.7583 24.6875 24.8125 24.5000 25.25 27.08 1013.6929
06178.6333 24.6875 24.8125 24.4375 25.25 27.08 1013.6929
06178.6084 24.6875 24.8125 24.4375 25.25 27.08 1013.6929
06178.3335 24.6875 24.8125 24.4375 25.25 27.08 1013.6929
06178.1333 24.6875 24.8125 24.4375 25.25 27.08 1013.6929
06178.1084 24.6875 24.8125 24.4375 25.25 27.08 1013.7471
06178.3457 24.6875 24.8125 24.4375 25.25 27.08 1013.7471
06178.6333 24.6875 24.8125 24.4375 25.25 27.08 1013.7471
06204.4707 24.6875 24.8125 24.4375 25.25 27.08 1013.7471
06228.9209 24.6875 24.8125 24.4375 25.25 27.08 1013.7471
06178.6084 24.6875 24.8125 24.4375 25.25 27.08 1013.7471
06204.4834 24.6875 24.8125 24.4375 25.25 27.08 1013.7471
06204.7456 24.6875 24.8125 24.4375 25.25 27.08 1013.7471
06204.4956 24.6875 24.8125 24.4375 25.25 27.08 1013.7471
06177.9209 24.6875 24.8125 24.4375 25.25 27.08 1013.7471
06178.3457 24.6875 24.8125 24.4375 25.25 27.08 1013.6929
06178.6333 24.6875 24.8125 24.4375 25.25 27.08 1013.6929
06178.8208 24.6875 24.8125 24.5000 25.25 27.08 1013.6929
06229.1709 24.6875 24.8125 24.5000 25.25 27.08 1013.6929
06204.9331 24.6875 24.8125 24.5000 25.25 27.08 1013.6929
06228.9458 24.6875 24.8125 24.5000 25.25 27.08 1013.6929
06178.3833 24.6875 24.8125 24.5000 25.25 27.08 1013.6929
06178.6333 24.6875 24.8125 24.5000 25.25 27.08 1013.6929
06178.3457 24.6875 24.8125 24.5000 25.25 27.08 1013.6929
06152.0332 24.6875 24.8125 24.5000 25.25 27.09 1013.7471
#terjedesi                                       nyomas  ##
#ido(usec)  T1(C)   T2(C)   T3(C)  T4(C) para(%)  (hPa)
06152.5083 24.6875 24.8125 24.5000 25.25 27.09 1013.7471
06178.8706 24.6875 24.8125 24.5000 25.25 27.09 1013.7471
06228.9707 24.6875 24.8125 24.5000 25.25 27.09 1013.7471
06178.3960 24.6875 24.8125 24.5000 25.25 27.09 1013.7471
06204.9956 24.6875 24.8125 24.5000 25.25 27.09 1013.7471
06204.9956 24.6875 24.8125 24.5000 25.25 27.09 1013.7471
06178.3960 24.6875 24.8125 24.5000 25.25 27.09 1013.7471
06204.9458 24.6875 24.8125 24.5000 25.25 27.09 1013.7471
06179.0581 24.6875 24.8125 24.5000 25.25 27.09 1013.7471
06178.5835 24.6875 24.8125 24.5000 25.25 27.08 1013.7200
06204.9331 24.6875 24.8125 24.5000 25.25 27.08 1013.7200
06204.9458 24.6875 24.8125 24.5000 25.25 27.08 1013.7200
06177.8584 24.6875 24.8125 24.5000 25.25 27.08 1013.7200
06178.3706 24.6875 24.8125 24.5000 25.25 27.08 1013.7200
06178.3457 24.6875 24.8125 24.5000 25.25 27.08 1013.7200
06178.3584 24.6875 24.8125 24.5000 25.25 27.08 1013.7200
06226.8457 24.6875 24.8125 24.5000 25.25 27.08 1013.7200
06152.2207 24.6875 24.8125 24.5000 25.25 27.08 1013.7200
06229.2207 24.6875 24.8125 24.5000 25.25 27.09 1013.7552
06178.3833 24.6875 24.8125 24.5000 25.25 27.09 1013.7552
06178.3960 24.6875 24.8125 24.5000 25.25 27.09 1013.7552
06178.5957 24.6875 24.8125 24.5000 25.25 27.09 1013.7552
06228.9331 24.6875 24.8125 24.5000 25.25 27.09 1013.7552
06204.4707 24.6875 24.8125 24.5000 25.25 27.09 1013.7552
06178.8208 24.6875 24.8125 24.5000 25.25 27.09 1013.7552
06178.8081 24.6875 24.8125 24.5000 25.25 27.09 1013.7552
06204.7085 24.6875 24.8125 24.5000 25.25 27.09 1013.7552
06204.7583 24.6875 24.8125 24.5000 25.24 27.08 1013.7930
06204.9458 24.6875 24.8125 24.5000 25.24 27.08 1013.7930
06204.7207 24.6875 24.8125 24.5000 25.24 27.08 1013.7930
06204.5210 24.6875 24.8125 24.5000 25.24 27.08 1013.7930
06178.1582 24.6875 24.8125 24.5000 25.24 27.08 1013.7930
06178.6333 24.6875 24.8125 24.5000 25.24 27.08 1013.7930
06178.8706 24.6875 24.8125 24.5000 25.24 27.08 1013.7930
06228.9707 24.6875 24.8125 24.5000 25.24 27.08 1013.7930
06204.9834 24.6875 24.8125 24.5000 25.24 27.08 1013.7930
06178.0957 24.6875 24.8125 24.5000 25.24 27.08 1013.7930
06204.7456 24.6875 24.8125 24.5000 25.25 27.10 1013.7200
06178.1582 24.6875 24.8125 24.5000 25.25 27.10 1013.7200
06204.7207 24.6875 24.8125 24.5000 25.25 27.10 1013.7200
06178.8584 24.6875 24.8125 24.4375 25.25 27.10 1013.7200
06178.5835 24.6875 24.8125 24.4375 25.25 27.10 1013.7200
06204.9956 24.6875 24.8125 24.4375 25.25 27.10 1013.7200
06204.0459 24.6875 24.8125 24.4375 25.25 27.10 1013.7200
06204.7583 24.6875 24.8125 24.4375 25.25 27.10 1013.7200
06178.1582 24.6875 24.8125 24.4375 25.25 27.10 1013.7200
06204.7085 24.6875 24.8125 24.4375 25.25 27.08 1013.7471
06177.9209 24.6875 24.8125 24.4375 25.25 27.08 1013.7471
06151.9834 24.6875 24.8125 24.4375 25.25 27.08 1013.7471
06179.0708 24.6875 24.8125 24.4375 25.25 27.08 1013.7471
06204.7334 24.6875 24.8125 24.4375 25.25 27.08 1013.7471
06204.7583 24.6875 24.8125 24.4375 25.25 27.08 1013.7471
06178.1460 24.6875 24.8125 24.4375 25.25 27.08 1013.7471
06204.9956 24.6875 24.8125 24.4375 25.25 27.08 1013.7471
06204.7583 24.6875 24.8125 24.4375 25.25 27.08 1013.7471
06178.3457 24.6875 24.8125 24.4375 25.25 27.08 1013.7471
06179.0835 24.6875 24.8125 24.4375 25.26 27.08 1013.7717
06178.8706 24.6875 24.8125 24.4375 25.26 27.08 1013.7717
06178.3960 24.6875 24.8125 24.4375 25.26 27.08 1013.7717
06178.1206 24.6875 24.8125 24.4375 25.26 27.08 1013.7717
06178.3335 24.6875 24.8125 24.4375 25.26 27.08 1013.7717
06228.7456 24.6875 24.8125 24.4375 25.26 27.08 1013.7717
06178.1084 24.6875 24.8125 24.4375 25.26 27.08 1013.7717
06178.1582 24.6875 24.8125 24.5000 25.26 27.08 1013.7717
06178.3833 24.6875 24.8125 24.5000 25.26 27.08 1013.7717
06203.5459 24.6875 24.8125 24.5000 25.26 27.09 1013.7093
06178.8457 24.6875 24.8125 24.5000 25.26 27.09 1013.7093
06178.8208 24.6875 24.8125 24.5000 25.26 27.09 1013.7093
06178.3335 24.6875 24.8125 24.5000 25.26 27.09 1013.7093
06228.7456 24.6875 24.8125 24.5000 25.26 27.09 1013.7093
06178.8081 24.6875 24.8125 24.5000 25.26 27.09 1013.7093
06178.8208 24.6875 24.8125 24.5000 25.26 27.09 1013.7093
06178.8081 24.6875 24.8125 24.5000 25.26 27.09 1013.7093
#terjedesi                                       nyomas  ##
#ido(usec)  T1(C)   T2(C)   T3(C)  T4(C) para(%)  (hPa)
06178.8706 24.6875 24.8125 24.5000 25.26 27.09 1013.7093
06178.1582 24.6875 24.8125 24.5000 25.25 27.08 1013.7471
06177.9209 24.6875 24.8125 24.5000 25.25 27.08 1013.7471
06178.5708 24.6875 24.8125 24.5000 25.25 27.08 1013.7471
06205.1709 24.6875 24.8125 24.5000 25.25 27.08 1013.7471
06178.5708 24.6875 24.8125 24.5000 25.25 27.08 1013.7471
06228.7456 24.6875 24.8125 24.5000 25.25 27.08 1013.7471
06179.1084 24.6875 24.8125 24.5000 25.25 27.08 1013.7471
06152.2085 24.6875 24.8125 24.5000 25.25 27.08 1013.7471
06178.8457 24.6875 24.8125 24.5000 25.25 27.08 1013.7471
06178.1333 24.6875 24.8125 24.5000 25.25 27.08 1013.7471
06178.3960 24.6875 24.8125 24.5000 25.26 27.08 1013.7093
06178.8706 24.6875 24.8125 24.5000 25.26 27.08 1013.7093
06178.6333 24.6875 24.8125 24.5000 25.26 27.08 1013.7093
06178.3457 24.6875 24.8125 24.5000 25.26 27.08 1013.7093
06178.6333 24.6875 24.8125 24.5000 25.26 27.08 1013.7093
06179.2959 24.6875 24.8125 24.5000 25.26 27.08 1013.7093
06178.1084 24.6875 24.8125 24.5000 25.26 27.08 1013.7093
06228.9834 24.6875 24.8125 24.5000 25.26 27.08 1013.7093
06177.6709 24.6875 24.8125 24.5000 25.25 27.09 1013.6658
06178.8208 24.6875 24.8125 24.5000 25.25 27.09 1013.6658
06178.6333 24.6875 24.8125 24.5000 25.25 27.09 1013.6658
06204.6958 24.6875 24.8125 24.5000 25.25 27.09 1013.6658
06179.0581 24.6875 24.8125 24.5000 25.25 27.09 1013.6658
06179.1084 24.6875 24.8125 24.5000 25.25 27.09 1013.6658
06228.7456 24.6875 24.8125 24.5000 25.25 27.09 1013.6658
06178.6206 24.6875 24.8125 24.5000 25.25 27.09 1013.6658
06204.7583 24.6875 24.8125 24.5000 25.25 27.09 1013.6658
06229.1831 24.6875 24.8125 24.5000 25.25 27.09 1013.6658
06229.1958 24.6875 24.8125 24.5000 25.25 27.09 1013.6658
06204.9458 24.6875 24.8125 24.5000 25.25 27.07 1013.7552
06178.6206 24.6875 24.8125 24.5000 25.25 27.07 1013.7552
06179.2959 24.6875 24.8125 24.5000 25.25 27.07 1013.7552
06178.1084 24.6875 24.8125 24.5000 25.25 27.07 1013.7552
06204.7085 24.6875 24.8125 24.5000 25.25 27.07 1013.7552
06204.7207 24.6875 24.8125 24.5000 25.25 27.07 1013.7552
06204.7085 24.6875 24.8125 24.5000 25.25 27.07 1013.7552
06204.4707 24.6875 24.8125 24.5000 25.25 27.07 1013.7552
06204.2334 24.6875 24.8125 24.5000 25.25 27.08 1013.7471
06178.3457 24.6875 24.8125 24.5000 25.25 27.08 1013.7471
06178.8706 24.6875 24.8125 24.5000 25.25 27.08 1013.7471
06204.9458 24.6875 24.8125 24.5000 25.25 27.08 1013.7471
06178.3584 24.6875 24.8125 24.5000 25.25 27.08 1013.7471
06204.9458 24.6875 24.8125 24.5000 25.25 27.08 1013.7471
06177.9209 24.6875 24.8125 24.5000 25.25 27.08 1013.7471
06205.1709 24.6875 24.8125 24.5000 25.25 27.08 1013.7471
06204.7085 24.6875 24.8125 24.5000 25.25 27.08 1013.7471
06178.6333 24.6875 24.8125 24.5000 25.25 27.08 1013.7471
06178.8584 24.6875 24.8125 24.5000 25.26 27.09 1013.7093
06178.1084 24.6875 24.8125 24.5000 25.26 27.09 1013.7093
06177.8706 24.6875 24.8125 24.5000 25.26 27.09 1013.7093
06204.4956 24.6875 24.8125 24.5000 25.26 27.09 1013.7093
06204.4707 24.6875 24.8125 24.5000 25.26 27.09 1013.7093
06204.9956 24.6875 24.8125 24.5000 25.26 27.09 1013.7093
06204.7583 24.6875 24.8125 24.5000 25.26 27.09 1013.7093
06178.6084 24.6875 24.8125 24.5000 25.26 27.09 1013.7093
06178.8081 24.6875 24.8125 24.5000 25.26 27.09 1013.7093
06204.7334 24.6875 24.8125 24.5000 25.26 27.09 1013.7717
06204.7583 24.6875 24.8125 24.5000 25.26 27.09 1013.7717
06178.1084 24.6875 24.8125 24.5000 25.26 27.09 1013.7717
06229.2207 24.6875 24.8125 24.5000 25.26 27.09 1013.7717
06178.5957 24.6875 24.8125 24.5000 25.26 27.09 1013.7717
06178.3960 24.6875 24.8125 24.5000 25.26 27.09 1013.7717
06152.6958 24.6875 24.8125 24.5000 25.26 27.09 1013.7717
06179.2832 24.6875 24.8125 24.5000 25.26 27.09 1013.7717
06178.8457 24.6875 24.8125 24.5000 25.26 27.09 1013.7717
06178.6206 24.6875 24.8125 24.5000 25.26 27.09 1013.7364
06178.8208 24.6875 24.8125 24.5000 25.26 27.09 1013.7364
06178.5957 24.6875 24.8125 24.5000 25.26 27.09 1013.7364
06178.5708 24.6875 24.8125 24.5000 25.26 27.09 1013.7364
06178.1582 24.6875 24.8125 24.5000 25.26 27.09 1013.7364
06179.3457 24.6875 24.8125 24.5000 25.26 27.09 1013.7364
06178.8706 24.6875 24.8125 24.5000 25.26 27.09 1013.7364
#terjedesi                                       nyomas  ##
#ido(usec)  T1(C)   T2(C)   T3(C)  T4(C) para(%)  (hPa)
06228.9331 24.6875 24.8125 24.5000 25.26 27.09 1013.7364
06204.9956 24.6875 24.8125 24.5000 25.26 27.09 1013.7364
06178.6333 24.6875 24.8125 24.5000 25.26 27.09 1013.7364
06228.7207 24.6875 24.8125 24.5000 25.26 27.08 1013.7634
06228.9707 24.6875 24.8125 24.5000 25.26 27.08 1013.7634
06178.3960 24.6875 24.8125 24.5000 25.26 27.08 1013.7634
06178.8457 24.6875 24.8125 24.5000 25.26 27.08 1013.7634
06178.6333 24.6875 24.8125 24.5000 25.26 27.08 1013.7634
06229.1709 24.6875 24.8125 24.5000 25.26 27.08 1013.7634
06229.1709 24.6875 24.8125 24.5000 25.26 27.08 1013.7634
06178.8706 24.6875 24.8125 24.5000 25.26 27.08 1013.7634
06178.5835 24.6875 24.8125 24.5000 25.26 27.08 1013.7634
06178.3335 24.6875 24.8125 24.5000 25.26 27.08 1013.7093
06204.9834 24.6875 24.8125 24.4375 25.26 27.08 1013.7093
06152.4458 24.6875 24.8125 24.4375 25.26 27.08 1013.7093
06179.0957 24.6875 24.8125 24.4375 25.26 27.08 1013.7093
06178.1582 24.6875 24.8125 24.4375 25.26 27.08 1013.7093
06228.9707 24.6875 24.8125 24.4375 25.26 27.08 1013.7093
06204.9834 24.6875 24.8125 24.4375 25.26 27.08 1013.7093
06178.3960 24.6875 24.8125 24.4375 25.26 27.08 1013.7093
06228.9834 24.6875 24.8125 24.4375 25.26 27.08 1013.7093
06178.1084 24.6875 24.8125 24.4375 25.26 27.08 1013.7093
06178.8081 24.6875 24.8125 24.5000 25.26 27.09 1013.7634
06178.8706 24.6875 24.8125 24.5000 25.26 27.09 1013.7634
06151.2583 24.6875 24.8125 24.5000 25.26 27.09 1013.7634
06178.3960 24.6875 24.8125 24.5000 25.26 27.09 1013.7634
06178.5835 24.6875 24.8125 24.5000 25.26 27.09 1013.7634
06204.9331 24.6875 24.8125 24.5000 25.26 27.09 1013.7634
06178.3960 24.6875 24.8125 24.5000 25.26 27.09 1013.7634
06178.5835 24.6875 24.8125 24.5000 25.26 27.09 1013.7634
06179.8081 24.6875 24.8125 24.5000 25.26 27.09 1013.7634
06179.1084 24.6875 24.8125 24.5000 25.26 27.08 1013.7364
06178.8208 24.6875 24.8125 24.5000 25.26 27.08 1013.7364
06228.9834 24.6875 24.8125 24.5000 25.26 27.08 1013.7364
06204.9956 24.6875 24.8125 24.5000 25.26 27.08 1013.7364
06228.9458 24.6875 24.8125 24.5000 25.26 27.08 1013.7364
06204.9956 24.6875 24.8125 24.5000 25.26 27.08 1013.7364
06178.1206 24.6875 24.8125 24.5000 25.26 27.08 1013.7364
06253.4082 24.6875 24.8125 24.5000 25.26 27.08 1013.7364
06178.8081 24.6875 24.8125 24.5000 25.26 27.08 1013.7364
06228.9331 24.6875 24.8125 24.5000 25.26 27.09 1013.7634
06178.8584 24.6875 24.8125 24.5000 25.26 27.09 1013.7634
06178.0957 24.6875 24.8125 24.5000 25.26 27.09 1013.7634
06178.3960 24.6875 24.8125 24.5000 25.26 27.09 1013.7634
06178.3960 24.6875 24.8125 24.5000 25.26 27.09 1013.7634
06204.9707 24.6875 24.8125 24.5000 25.26 27.09 1013.7634
06178.8208 24.6875 24.8125 24.5000 25.26 27.09 1013.7634
06152.5083 24.6875 24.8125 24.5000 25.26 27.09 1013.7634
06228.9834 24.6875 24.8125 24.5000 25.26 27.09 1013.7634
06178.1084 24.6875 24.8125 24.5000 25.26 27.09 1013.7634
06204.9585 24.6875 24.8125 24.5000 25.26 27.09 1013.7634
06178.5835 24.6875 24.8125 24.5000 25.26 27.09 1013.7634
06178.6333 24.6875 24.8125 24.5000 25.26 27.09 1013.7634
06178.3335 24.6875 24.8125 24.5000 25.26 27.09 1013.7634
06229.2085 24.6875 24.8125 24.4375 25.26 27.09 1013.7634
06178.6333 24.6875 24.8125 24.4375 25.26 27.09 1013.7634
06228.9834 24.6875 24.8125 24.4375 25.26 27.09 1013.7634
06204.9956 24.6875 24.8125 24.4375 25.26 27.09 1013.7634
06178.1084 24.6875 24.8125 24.4375 25.26 27.09 1013.7634
06229.2207 24.6875 24.8125 24.4375 25.26 27.10 1013.7634
06178.8208 24.6875 24.8125 24.4375 25.26 27.10 1013.7634
06229.2207 24.6875 24.8125 24.5000 25.26 27.10 1013.7634
06179.1084 24.6875 24.8125 24.5000 25.26 27.10 1013.7634
06179.1084 24.6875 24.8125 24.5000 25.26 27.10 1013.7634
06178.3960 24.6875 24.8125 24.5000 25.26 27.10 1013.7634
06178.3706 24.6875 24.8125 24.5000 25.26 27.10 1013.7634
06178.6333 24.6875 24.8125 24.5000 25.26 27.10 1013.7634
06178.3960 24.6875 24.8125 24.5000 25.26 27.10 1013.7634
06178.1582 24.6875 24.8125 24.5000 25.26 27.10 1013.7634
06178.5708 24.6875 24.8125 24.5000 25.26 27.08 1013.7634
06179.1084 24.6875 24.8125 24.5000 25.26 27.08 1013.7634
06178.8208 24.6875 24.8125 24.5000 25.26 27.08 1013.7634
06204.7583 24.6875 24.8125 24.5000 25.26 27.08 1013.7634
#terjedesi                                       nyomas  ##
#ido(usec)  T1(C)   T2(C)   T3(C)  T4(C) para(%)  (hPa)
06178.1582 24.6875 24.8125 24.5000 25.26 27.08 1013.7634
06228.9834 24.6875 24.8125 24.5000 25.26 27.08 1013.7634
06178.1084 24.6875 24.8125 24.5000 25.26 27.08 1013.7634
06229.1709 24.6875 24.8125 24.5000 25.26 27.08 1013.7634
06204.9331 24.6875 24.8125 24.5000 25.26 27.08 1013.7634
06179.2832 24.6875 24.8125 24.5000 25.26 27.08 1013.7634
06179.0459 24.6875 24.8125 24.5000 25.26 27.08 1013.7634
06178.6084 24.6875 24.8125 24.5000 25.26 27.08 1013.7634
06178.1084 24.6875 24.8125 24.5000 25.26 27.08 1013.7634
06204.9707 24.6875 24.8125 24.5000 25.26 27.08 1013.7634
06204.9956 24.6875 24.8125 24.5000 25.26 27.08 1013.7634
06203.7583 24.6875 24.8125 24.5000 25.26 27.08 1013.7634
06204.7207 24.6875 24.8125 24.5000 25.26 27.08 1013.7634
06179.2959 24.6875 24.8125 24.5000 25.26 27.08 1013.7634
06179.3208 24.6875 24.8125 24.5000 25.25 27.10 1013.7552
06178.3457 24.6875 24.8125 24.5000 25.25 27.10 1013.7552
06178.8706 24.6875 24.8125 24.5000 25.25 27.10 1013.7552
06228.9707 24.6875 24.8125 24.5000 25.25 27.10 1013.7552
06179.3208 24.6875 24.8125 24.5000 25.25 27.10 1013.7552
06178.6333 24.6875 24.8125 24.5000 25.25 27.10 1013.7552
06204.9956 24.6875 24.8125 24.5000 25.25 27.10 1013.7552
06178.8081 24.6875 24.8125 24.5000 25.25 27.10 1013.7552
06226.8457 24.6875 24.8125 24.5000 25.25 27.10 1013.7552
06228.9834 24.6875 24.8125 24.5000 25.25 27.10 1013.7552
06178.8706 24.6875 24.8125 24.5000 25.26 27.09 1013.7364
06178.1582 24.6875 24.8125 24.5000 25.26 27.09 1013.7364
06178.3960 24.6875 24.8125 24.5000 25.26 27.09 1013.7364
06204.7583 24.6875 24.8125 24.5000 25.26 27.09 1013.7364
06178.1460 24.6875 24.8125 24.5000 25.26 27.09 1013.7364
06152.4956 24.6875 24.8125 24.5000 25.26 27.09 1013.7364
06179.0581 24.6875 24.8125 24.5000 25.26 27.09 1013.7364
06203.7583 24.6875 24.8125 24.5000 25.26 27.09 1013.7364
06178.3335 24.6875 24.8125 24.5000 25.26 27.09 1013.7364
06204.4585 24.6875 24.8125 24.5000 25.25 27.10 1013.7011
06204.6958 24.6875 24.8125 24.5000 25.25 27.10 1013.7011
06178.1084 24.6875 24.8125 24.5000 25.25 27.10 1013.7011
06178.5835 24.6875 24.8125 24.5000 25.25 27.10 1013.7011
06178.8208 24.6875 24.8125 24.5000 25.25 27.10 1013.7011
06227.0459 24.6875 24.8125 24.5000 25.25 27.10 1013.7011
06204.7334 24.6875 24.8125 24.5000 25.25 27.10 1013.7011
06204.9331 24.6875 24.8125 24.5000 25.25 27.10 1013.7011
06178.5835 24.6875 24.8125 24.5000 25.25 27.10 1013.7011
06228.9834 24.6875 24.8125 24.5000 25.25 27.10 1013.7011
06178.3457 24.6875 24.8125 24.5000 25.26 27.10 1013.7093
06228.7456 24.6875 24.8125 24.5000 25.26 27.10 1013.7093
06178.8208 24.6875 24.8125 24.4375 25.26 27.10 1013.7093
06178.8584 24.6875 24.8125 24.4375 25.26 27.10 1013.7093
06204.7456 24.6875 24.8125 24.4375 25.26 27.10 1013.7093
06204.9956 24.6875 24.8125 24.4375 25.26 27.10 1013.7093
06204.9956 24.6875 24.8125 24.4375 25.26 27.10 1013.7093
06204.7583 24.6875 24.8125 24.4375 25.26 27.10 1013.7093
06204.7334 24.6875 24.8125 24.4375 25.26 27.10 1013.7093
06178.3457 24.6875 24.8125 24.5000 25.25 27.08 1013.7552
06179.1084 24.6875 24.8125 24.5000 25.25 27.08 1013.7552
06178.8706 24.6875 24.8125 24.5000 25.25 27.08 1013.7552
06228.9834 24.6875 24.8125 24.5000 25.25 27.08 1013.7552
06178.5708 24.6875 24.8125 24.5000 25.25 27.08 1013.7552
06178.5835 24.6875 24.8125 24.5000 25.25 27.08 1013.7552
06204.9585 24.6875 24.8125 24.5000 25.25 27.08 1013.7552
06204.6958 24.6875 24.8125 24.5000 25.25 27.08 1013.7552
06178.1333 24.6875 24.8125 24.5000 25.25 27.08 1013.7552
06178.8208 24.6875 24.8125 24.5000 25.25 27.08 1013.7552
06178.6206 24.6875 24.8125 24.5000 25.26 27.09 1013.8176
06204.7583 24.6875 24.8125 24.5000 25.26 27.09 1013.8176
06204.9956 24.6875 24.8125 24.5000 25.26 27.09 1013.8176
06178.3457 24.6875 24.8125 24.5000 25.26 27.09 1013.8176
06204.7085 24.6875 24.8125 24.5000 25.26 27.09 1013.8176
06204.5210 24.6875 24.8125 24.5000 25.26 27.09 1013.8176
06204.7583 24.6875 24.8125 24.5000 25.26 27.09 1013.8176
06179.0459 24.6875 24.8125 24.5000 25.26 27.09 1013.8176
06179.1084 24.6875 24.8125 24.5000 25.26 27.09 1013.8176
06204.7334 24.6875 24.8125 24.5000 25.26 27.08 1013.7364
06178.3706 24.6875 24.8125 24.5000 25.26 27.08 1013.7364
#terjedesi                                       nyomas  ##
#ido(usec)  T1(C)   T2(C)   T3(C)  T4(C) para(%)  (hPa)
06178.3960 24.6875 24.8125 24.5000 25.26 27.08 1013.7364
06178.5835 24.6875 24.8125 24.5000 25.26 27.08 1013.7364
06204.7456 24.6875 24.8125 24.5000 25.26 27.08 1013.7364
06204.9458 24.6875 24.8125 24.5000 25.26 27.08 1013.7364
06178.5957 24.6875 24.8125 24.5000 25.26 27.08 1013.7364
06178.6084 24.6875 24.8125 24.5000 25.26 27.08 1013.7364
06204.7583 24.6875 24.8125 24.5000 25.26 27.08 1013.7364
06178.1084 24.6875 24.8125 24.5000 25.27 27.08 1013.7257
06177.9209 24.6875 24.8125 24.5000 25.27 27.08 1013.7257
06178.1084 24.6875 24.8125 24.5000 25.27 27.08 1013.7257
06177.9209 24.6875 24.8125 24.5000 25.27 27.08 1013.7257
06204.7583 24.6875 24.8125 24.5000 25.27 27.08 1013.7257
06178.5835 24.6875 24.8125 24.5000 25.27 27.08 1013.7257
06178.6333 24.6875 24.8125 24.5000 25.27 27.08 1013.7257
06178.1460 24.6875 24.8125 24.5000 25.27 27.08 1013.7257
06204.4834 24.6875 24.8125 24.5000 25.27 27.08 1013.7257
06229.1582 24.6875 24.8125 24.5000 25.27 27.08 1013.7257
06204.9585 24.6875 24.8125 24.5000 25.26 27.07 1013.7175
06204.9707 24.6875 24.8125 24.5000 25.26 27.07 1013.7175
06204.6958 24.6875 24.8125 24.5000 25.26 27.07 1013.7175
06178.8457 24.6875 24.8125 24.5000 25.26 27.07 1013.7175
06178.8335 24.6875 24.8125 24.5000 25.26 27.07 1013.7175
06204.9331 24.6875 24.8125 24.5000 25.26 27.07 1013.7175
06204.7085 24.6875 24.8125 24.5000 25.26 27.07 1013.7175
06204.7456 24.6875 24.8125 24.5000 25.26 27.07 1013.7175
06177.8584 24.6875 24.8125 24.5000 25.26 27.07 1013.7175
06204.9458 24.6875 24.8125 24.5000 25.26 27.17 1013.7634
06229.1582 24.6875 24.8125 24.5000 25.26 27.17 1013.7634
06179.0957 24.6875 24.8125 24.5000 25.26 27.17 1013.7634
06152.2334 24.6875 24.8125 24.5000 25.26 27.17 1013.7634
06178.0957 24.6875 24.8125 24.5000 25.26 27.17 1013.7634
06204.9956 24.6875 24.8125 24.5000 25.26 27.17 1013.7634
06178.1582 24.6875 24.8125 24.5000 25.26 27.17 1013.7634
06177.9209 24.6875 24.8125 24.5000 25.26 27.17 1013.7634
06204.2832 24.6875 24.8125 24.5000 25.26 27.17 1013.7634
06204.4707 24.6875 24.8125 24.5000 25.26 27.17 1013.7634
06178.5708 24.6875 24.8125 24.5000 25.26 27.07 1013.7364
06178.6333 24.6875 24.8125 24.5000 25.26 27.07 1013.7364
06177.9209 24.6875 24.8125 24.5000 25.26 27.07 1013.7364
06229.1582 24.6875 24.8125 24.5000 25.26 27.07 1013.7364
06204.7583 24.6875 24.8125 24.5000 25.26 27.07 1013.7364
06178.5835 24.6875 24.8125 24.5000 25.26 27.07 1013.7364
06228.9331 24.6875 24.8125 24.5000 25.26 27.07 1013.7364
06178.6333 24.6875 24.8125 24.5000 25.26 27.07 1013.7364
06178.3960 24.6875 24.8125 24.5000 25.26 27.07 1013.7364
06178.5957 24.6875 24.8125 24.5000 25.25 27.05 1013.7011
06178.6084 24.6875 24.8125 24.5000 25.25 27.05 1013.7011
06178.1582 24.6875 24.8125 24.5000 25.25 27.05 1013.7011
06178.5708 24.6875 24.8125 24.5000 25.25 27.05 1013.7011
06178.3960 24.6875 24.8125 24.5000 25.25 27.05 1013.7011
06205.1958 24.6875 24.8125 24.5000 25.25 27.05 1013.7011
06178.3960 24.6875 24.8125 24.5000 25.25 27.05 1013.7011
06227.0332 24.6875 24.8125 24.5000 25.25 27.05 1013.7011
06179.0835 24.6875 24.8125 24.5000 25.25 27.05 1013.7011
06178.6084 24.6875 24.8125 24.5000 25.25 27.06 1013.7742
06204.9458 24.6875 24.8125 24.5000 25.25 27.06 1013.7742
06204.9458 24.6875 24.8125 24.5000 25.25 27.06 1013.7742
06178.1460 24.6875 24.8125 24.5000 25.25 27.06 1013.7742
06178.3457 24.6875 24.8125 24.5000 25.25 27.06 1013.7742
06228.9458 24.6875 24.8125 24.5000 25.25 27.06 1013.7742
06178.8208 24.6875 24.8125 24.5000 25.25 27.06 1013.7742
06178.6333 24.6875 24.8125 24.5000 25.25 27.06 1013.7742
06178.8584 24.6875 24.8125 24.5000 25.25 27.06 1013.7742
06228.7456 24.6875 24.8125 24.5000 25.25 27.06 1013.7742
06229.1709 24.6875 24.8125 24.5000 25.24 27.05 1013.7389
06204.9331 24.6875 24.8125 24.5000 25.24 27.05 1013.7389
06228.9331 24.6875 24.8125 24.5000 25.24 27.05 1013.7389
06178.6333 24.6875 24.8125 24.5000 25.24 27.05 1013.7389
06179.3457 24.6875 24.8125 24.5000 25.24 27.05 1013.7389
06227.0332 24.6875 24.8125 24.5000 25.24 27.05 1013.7389
06178.8584 24.6875 24.8125 24.5000 25.24 27.05 1013.7389
06178.3335 24.6875 24.8125 24.5000 25.24 27.05 1013.7389
06229.1831 24.6875 24.8125 24.5000 25.26 27.05 1013.7364
#terjedesi                                       nyomas  ##
#ido(usec)  T1(C)   T2(C)   T3(C)  T4(C) para(%)  (hPa)
06178.3457 24.6875 24.8125 24.5000 25.26 27.05 1013.7364
06199.0083 24.6875 24.8125 24.5000 25.26 27.05 1013.7364
06229.4082 24.6875 24.8125 24.5000 25.26 27.05 1013.7364
06228.9585 24.6875 24.8125 24.5000 25.26 27.05 1013.7364
06179.1084 24.6875 24.8125 24.5000 25.26 27.05 1013.7364
06204.7085 24.6875 24.8125 24.5000 25.26 27.05 1013.7364
06178.6333 24.6875 24.8125 24.5000 25.26 27.05 1013.7364
06204.7085 24.6875 24.8125 24.5000 25.26 27.05 1013.7364
06229.2207 24.6875 24.8125 24.5000 25.26 27.05 1013.7364
06178.6084 24.6875 24.8125 24.5000 25.26 27.05 1013.7364
06178.5835 24.6875 24.8125 24.5000 25.26 27.03 1013.7634
06179.1084 24.6875 24.8125 24.4375 25.26 27.03 1013.7634
06151.7959 24.6875 24.8125 24.4375 25.26 27.03 1013.7634
06204.9707 24.6875 24.8125 24.4375 25.26 27.03 1013.7634
06204.9331 24.6875 24.8125 24.4375 25.26 27.03 1013.7634
06177.8960 24.6875 24.8125 24.4375 25.26 27.03 1013.7634
06178.5835 24.6875 24.8125 24.4375 25.26 27.03 1013.7634
06178.5835 24.6875 24.8125 24.4375 25.26 27.03 1013.7634
06178.8457 24.6875 24.8125 24.5000 25.25 27.05 1013.7471
06227.0708 24.6875 24.8125 24.5000 25.25 27.05 1013.7471
06179.3335 24.6875 24.8125 24.5000 25.25 27.05 1013.7471
06178.8208 24.6875 24.8125 24.5000 25.25 27.05 1013.7471
06151.9834 24.6875 24.8125 24.5000 25.25 27.05 1013.7471
06152.2207 24.6875 24.8125 24.5000 25.25 27.05 1013.7471
06205.2334 24.6875 24.8125 24.5000 25.25 27.05 1013.7471
06178.3833 24.6875 24.8125 24.5000 25.25 27.05 1013.7471
06178.8208 24.6875 24.8125 24.5000 25.25 27.05 1013.7471
06178.8706 24.6875 24.8125 24.5000 25.25 27.05 1013.7471
06152.4956 24.6875 24.8125 24.5000 25.25 27.06 1013.7200
06179.5835 24.6875 24.8125 24.5000 25.25 27.06 1013.7200
06179.0581 24.6875 24.8125 24.5000 25.25 27.06 1013.7200
06178.5835 24.6875 24.8125 24.5000 25.25 27.06 1013.7200
06178.3584 24.6875 24.8125 24.5000 25.25 27.06 1013.7200