2.06306004	741	-0.077093 -0.029209  0.609558
2.06825995	743	-0.074459 -0.028970  0.599981
2.07349610	740	-0.074698 -0.036391  0.593995
2.07871198	744	-0.070389 -0.029209  0.581067
2.08378791	744	-0.073022 -0.033758  0.573166
2.08888006	744	-0.068952 -0.038067  0.566223
2.09395599	743	-0.061530 -0.041659  0.562871
2.09904789	746	-0.067755 -0.039983  0.550661
2.10414409	746	-0.059136 -0.044532  0.547070
2.10924410	744	-0.057221 -0.045489  0.544915
2.11434793	745	-0.066798 -0.035434  0.544675
2.11945199	746	-0.056263 -0.045011  0.537732
2.12455201	746	-0.062727 -0.049559  0.529353
2.12964391	747	-0.051714 -0.039504  0.539408
2.13472390	746	-0.050038 -0.045489  0.516903
2.13980793	748	-0.050757 -0.046926  0.519058
2.14489603	747	-0.054348 -0.050038  0.522888
2.14997601	748	-0.052432 -0.056503  0.535817
2.15506410	746	-0.050517 -0.044771  0.534620
2.16014409	748	-0.050038 -0.040940  0.529353
2.16523194	747	-0.050038 -0.046447  0.539648
2.17032003	746	-0.051714 -0.042856  0.536296
2.17541599	748	-0.049799 -0.040222  0.561674
2.18049192	743	-0.055784 -0.032082  0.547788
2.18557190	742	-0.056503 -0.038786  0.559280
2.19065594	742	-0.059376 -0.036391  0.578912
2.19575190	743	-0.056503 -0.035194  0.581067
2.20083999	741	-0.055784 -0.026815  0.587052
2.20594406	741	-0.070868 -0.028251  0.589207
2.21103191	742	-0.066798 -0.033040  0.604769
2.21611595	738	-0.063925 -0.031364  0.610036
2.22121191	736	-0.074219 -0.030406  0.621289
2.22631192	735	-0.068234 -0.024660  0.640203
2.23139190	735	-0.067755 -0.023224  0.656483
2.23648810	732	-0.077332 -0.024181  0.667018
2.24159598	733	-0.070149 -0.017956  0.680425
2.24668407	730	-0.072783 -0.025378  0.701255
2.25178408	729	-0.079966 -0.019872  0.721126
2.25687599	730	-0.074938 -0.018914  0.733576
2.26197600	727	-0.076374 -0.020351  0.747223
2.26707196	727	-0.076374 -0.020590  0.764940
2.27216005	725	-0.073501 -0.016759  0.780502
2.27725195	722	-0.078529 -0.018196  0.803486
2.28235602	719	-0.070389 -0.028491  0.833174
2.28745198	717	-0.067995 -0.019632  0.843708
2.29255604	716	-0.073980 -0.017956  0.865974
2.29766798	714	-0.069671 -0.018675  0.888958
2.30277204	710	-0.068952 -0.019872  0.904520
2.30787205	709	-0.068952 -0.025618  0.929899
2.31297993	705	-0.069431 -0.020351  0.942588
2.31808400	704	-0.065122 -0.027772  0.974191
2.32318401	703	-0.063685 -0.026815  0.996457
2.32828807	701	-0.061530 -0.028251  1.023750
2.33337593	696	-0.065361 -0.017956  1.054396
2.33847188	695	-0.067276 -0.020351  1.068761
2.34356403	691	-0.057939 -0.018435  1.101082
2.34865188	689	-0.061052 -0.024660  1.126221
2.35373997	687	-0.061530 -0.014126  1.146572
2.35883593	683	-0.063925 -0.024660  1.169316
2.36392402	681	-0.067276 -0.016759  1.207623
2.36902403	676	-0.071346 -0.017956  1.215524
2.37411189	675	-0.061770 -0.018435  1.246648
2.37920808	673	-0.058179 -0.016520  1.285434
2.38430809	668	-0.065840 -0.014126  1.316558
2.38940405	664	-0.067755 -0.022745  1.346725
2.39450788	663	-0.062727 -0.016999  1.368033
2.39959597	659	-0.051714 -0.026815  1.387905
2.40469598	652	-0.049799 -0.023463  1.417832
2.40978002	650	-0.061530 -0.010774  1.440337
2.41486406	647	-0.055306 -0.011013  1.473856
2.41996002	644	-0.061770 -0.015802  1.496840
2.42503595	641	-0.067037 -0.012450  1.522936
2.43012404	633	-0.064882 -0.002634  1.564834
2.43520808	633	-0.068952 -0.006704  1.584706
2.44027996	626	-0.066079 -0.014844  1.610324
2.44537210	625	-0.062009 -0.011971  1.634984
2.45046401	619	-0.073501 0.000479  1.635941
2.45551609	616	-0.073262 -0.003831  1.683586
2.46061205	609	-0.064403 -0.011971  1.724526
2.46570801	606	-0.077811 -0.000479  1.727878
2.47079610	603	-0.076135 0.011731  1.755890
2.47585606	596	-0.066798 0.007661  1.765227
2.48092389	594	-0.080444 0.001197  1.794197
2.48598003	590	-0.079487 0.000239  1.834898
2.49103188	587	-0.083557 0.005507  1.848784
2.49608397	581	-0.086190 0.016520  1.867698
2.50110793	577	-0.076853 0.007183  1.891640
2.50614404	574	-0.075177 -0.004310  1.915103
2.51123189	571	-0.075177 0.012450  1.931143
2.51626801	565	-0.072544 0.014604  1.948142
2.52131605	561	-0.077093 0.015083  1.960113
2.52636408	556	-0.072783 0.000479  1.961250
2.53139591	551	-0.069431 0.012929  1.961250
2.53644800	547	-0.065840 0.019632  1.961250
2.54148793	542	-0.073741 0.016759  1.961250
2.54653596	538	-0.070389 0.016759  1.961250
2.55157995	534	-0.071107 0.006464  1.961250
2.55663990	528	-0.068713 0.019393  1.961250
2.56169199	521	-0.061291 0.025139  1.961250
2.56675195	519	-0.076135 0.024660  1.961250
2.57179999	514	-0.066319 0.018435  1.961250
##inga 
#ido(sec)  szog(ADC)     ax(g)    ay(g)   az(g)
2.57738804	509	-0.059854 0.020590  1.961250
2.58259606	504	-0.066319 0.020111  1.961250
2.58784008	502	-0.061530 0.014126  1.961250
2.59305191	494	-0.062249 0.021069  1.961250
2.59809994	490	-0.062488 0.024899  1.961250
2.60314011	485	-0.059854 0.032561  1.961250
2.60818791	479	-0.059136 0.022984  1.961250
2.61324000	473	-0.057221 0.017477  1.961250
2.61829590	471	-0.056263 0.016999  1.961250
2.62333989	465	-0.056742 0.030167  1.961250
2.62840008	458	-0.059136 0.029448  1.961250
2.63346409	453	-0.053390 0.022984  1.961250
2.63851594	450	-0.051235 0.012929  1.961250
2.64357590	448	-0.048841 0.024181  1.961250
2.64861607	444	-0.044292 0.031364  1.961250
2.65365600	439	-0.046926 0.026815  1.961250
2.65870404	434	-0.033279 0.027533  1.961250
2.66375207	432	-0.036631 0.028491  1.961250
2.66880798	423	-0.043335 0.024660  1.961250
2.67384409	419	-0.034237 0.030406  1.961250
2.67889189	415	-0.034476 0.024421  1.961250
2.68393206	409	-0.035673 0.028730  1.961250
2.68897199	408	-0.031364 0.026336  1.961250
2.69403195	404	-0.028970 0.038546  1.961250
2.69908809	400	-0.032082 0.034955  1.961250
2.70414400	396	-0.030406 0.036631  1.961250
2.70918393	391	-0.036152 0.025378  1.961250
2.71423196	387	-0.038067 0.032800  1.955564
2.71926403	380	-0.039265 0.037828  1.930186
2.72431993	378	-0.045968 0.046926  1.910554
2.72935605	373	-0.045011 0.042138  1.891161
2.73439598	366	-0.039265 0.038546  1.877035
2.73944401	363	-0.040222 0.045489  1.855966
2.74447989	359	-0.039504 0.052672  1.837531
2.74952793	357	-0.047165 0.049081  1.808322
2.75458002	352	-0.045011 0.046686  1.784141
2.75962805	347	-0.042616 0.048362  1.759002
2.76467990	343	-0.040940 0.059136  1.733384
2.76972794	339	-0.047405 0.060094  1.707527
2.77478003	339	-0.038786 0.058179  1.687656
2.77983999	331	-0.047644 0.042377  1.656531
2.78487992	328	-0.043335 0.055306  1.634744
2.78993201	325	-0.045489 0.060573  1.607451
2.79497194	322	-0.037349 0.056742  1.587819
2.80003185	320	-0.046926 0.056742  1.564356
2.80507993	314	-0.038067 0.053151  1.530358
2.81012010	312	-0.043813 0.052672  1.505459
2.81516790	306	-0.044053 0.061291  1.475053
2.82022399	306	-0.046926 0.062727  1.448956
2.82526798	301	-0.051954 0.058657  1.435788
2.83032398	299	-0.051714 0.062249  1.401073
2.83538389	294	-0.039504 0.072544  1.375455
2.84043598	290	-0.046447 0.066558  1.348161
2.84549999	288	-0.050278 0.064164  1.317037
2.85055999	285	-0.047405 0.069431  1.287828
2.85561609	284	-0.047165 0.058897  1.256704
2.86067199	279	-0.038786 0.061052  1.234198
2.86571598	276	-0.032321 0.059854  1.211933
2.87075996	274	-0.037110 0.059854  1.169795
2.87580394	271	-0.031603 0.056024  1.148966
2.88084793	269	-0.028012 0.060333  1.122390
2.88587589	265	-0.026815 0.059615  1.106828
2.89093589	264	-0.022984 0.064643  1.083365
2.89598388	264	-0.014844 0.056503  1.052720
2.90104389	262	-0.016759 0.055066  1.029017
2.90610790	259	-0.017956 0.055066  1.010343
2.91117191	256	-0.009337 0.047165  0.982092
2.91621208	252	-0.012450 0.056981  0.954798
2.92126007	253	-0.018435 0.052432  0.923434
2.92631607	250	-0.007901 0.047884  0.917688
2.93134803	245	-0.004788 0.047165  0.894465
2.93637990	246	-0.005267 0.046926  0.859510
2.94141597	240	-0.007901 0.053869  0.843469
2.94644403	238	-0.001676 0.049320  0.821442
2.95147609	239	0.005985 0.050757  0.807556
2.95649194	238	-0.003591 0.048123  0.780502
2.96154804	234	-0.004310 0.047165  0.771883
2.96659202	234	-0.003352 0.050038  0.750335
2.97164011	232	-0.005267 0.052672  0.720887
2.97667999	232	-0.002873 0.056742  0.697663
2.98173189	228	-0.007661 0.053151  0.690241
2.98677997	228	-0.009098 0.055545  0.674200
2.99179601	227	-0.006704 0.054587  0.663666
2.99683189	226	-0.016041 0.056503  0.655047
3.00186800	223	-0.016759 0.059854  0.633499
3.00690388	222	-0.016520 0.058657  0.625120
3.01194405	224	-0.016280 0.065122  0.612431
3.01697611	222	-0.022266 0.053390  0.600220
3.02201604	220	-0.016280 0.061052  0.588968
3.02707195	220	-0.016280 0.063685  0.582982
3.03211593	219	-0.021787 0.064403  0.562392
3.03717589	218	-0.025378 0.064643  0.559040
3.04222011	217	-0.024421 0.061052  0.546351
3.04728007	217	-0.021787 0.067276  0.537732
3.05233192	217	-0.027772 0.066079  0.541084
3.05739188	214	-0.025618 0.067995  0.519297
3.06244802	216	-0.022745 0.067995  0.519536
3.06748390	215	-0.022266 0.062727  0.522888
3.07252001	213	-0.023224 0.068713  0.511875
3.07756805	215	-0.024181 0.064403  0.501820
3.08261203	216	-0.029688 0.068234  0.509720
##inga 
#ido(sec)  szog(ADC)     ax(g)    ay(g)   az(g)
3.08820009	215	-0.026575 0.058418  0.511396
3.09342408	214	-0.023702 0.064164  0.510917
3.09863996	216	-0.022026 0.064643  0.511875
3.10385990	215	-0.022266 0.066798  0.506369
3.10890793	212	-0.019632 0.063685  0.504932
3.11396789	215	-0.018435 0.061291  0.516185
3.11901593	216	-0.017477 0.056503  0.509481
3.12407994	216	-0.016280 0.054108  0.521212
3.12914800	217	-0.020590 0.056263  0.522649
3.13418006	216	-0.015083 0.056263  0.523128
3.13922405	218	-0.016280 0.056503  0.536296
3.14426803	218	-0.008619 0.052672  0.542521
3.14931607	218	-0.013407 0.050517  0.554013
3.15435600	220	-0.014365 0.052672  0.559280
3.15939593	221	-0.009816 0.050757  0.565505
3.16441988	223	-0.009337 0.051235  0.573645
3.16945195	225	-0.007661 0.056742  0.599263
3.17449188	225	-0.006464 0.051235  0.604769
3.17952799	225	-0.007661 0.044771  0.607642
3.18457198	227	-0.006225 0.053630  0.617458
3.18961596	229	-0.009098 0.046926  0.636612
3.19465208	228	-0.007901 0.049559  0.652174
3.19969201	230	-0.006704 0.048362  0.673003
3.20472788	231	-0.006704 0.053390  0.678989
3.20975208	232	-0.011971 0.044292  0.701973
3.21479201	234	-0.005985 0.044771  0.720408
3.21982002	236	-0.006464 0.046447  0.738843
3.22483992	238	-0.013886 0.048841  0.745786
3.22989201	239	-0.012689 0.048602  0.772840
3.23493194	241	-0.013168 0.049081  0.784093
3.23997998	243	-0.013168 0.050517  0.818330
3.24502801	242	-0.015562 0.055066  0.835807
3.25008010	246	-0.020351 0.054348  0.845384
3.25513195	250	-0.017956 0.047405  0.873396
3.26019597	251	-0.021069 0.052432  0.899971
3.26524806	253	-0.022266 0.051954  0.914815
3.27029609	256	-0.021069 0.052193  0.935884
3.27534389	256	-0.029927 0.050278  0.968684
3.28037190	260	-0.026097 0.054348  0.980416
3.28540802	262	-0.030645 0.063685  1.009864
3.29044795	264	-0.026575 0.053630  1.033088
3.29549193	264	-0.039983 0.055784  1.059424
3.30054807	267	-0.036152 0.054827  1.085041
3.30559611	271	-0.034476 0.060573  1.107068
3.31065201	272	-0.036391 0.058418  1.139868
3.31570005	275	-0.038786 0.054587  1.168119
3.32075190	277	-0.037828 0.051235  1.192779
3.32579994	282	-0.032800 0.054108  1.209060
3.33084797	285	-0.039504 0.051235  1.235635
3.33590388	288	-0.042616 0.051235  1.269393
3.34095597	289	-0.036152 0.052672  1.292138
3.34601593	294	-0.039025 0.057221  1.321346
3.35104393	296	-0.041419 0.053630  1.347922
3.35608792	301	-0.035913 0.052672  1.377370
3.36114406	304	-0.038786 0.052193  1.402749
3.36617994	307	-0.041659 0.046686  1.430282
3.37122011	312	-0.040940 0.046686  1.452787
3.37625193	316	-0.033518 0.047644  1.477208
3.38130402	319	-0.040940 0.049799  1.509050
3.38634395	318	-0.034237 0.041659  1.525330
3.39140009	319	-0.039025 0.039983  1.559807
3.39645600	328	-0.040462 0.043574  1.583988
3.40150403	332	-0.038546 0.044532  1.605057
3.40655994	337	-0.038546 0.040701  1.634265
3.41159605	340	-0.043095 0.042856  1.658926
3.41664791	342	-0.044771 0.037110  1.683586
3.42168402	348	-0.039983 0.039983  1.717583
3.42672395	350	-0.042856 0.043813  1.737694
3.43176007	356	-0.051714 0.040940  1.767621
3.43680000	359	-0.041659 0.036870  1.783423
3.44184803	361	-0.046686 0.038786  1.795394
3.44689202	367	-0.045011 0.033758  1.821490
3.45192408	370	-0.045250 0.042616  1.852614
3.45697188	377	-0.043574 0.033279  1.873204
3.46203207	381	-0.050517 0.031124  1.888288
3.46709990	384	-0.051235 0.031364  1.910793
3.47216391	389	-0.053869 0.040222  1.928749
3.47722792	394	-0.055066 0.030167  1.939284
3.48227190	397	-0.047165 0.031603  1.960113
3.48731589	402	-0.048602 0.033279  1.961250
3.49236011	407	-0.056263 0.039025  1.961250
3.49740791	410	-0.051714 0.035434  1.961250
3.50245189	410	-0.054108 0.026575  1.961250
3.50749206	417	-0.050278 0.022026  1.961250
3.51253604	421	-0.050757 0.023702  1.961250
3.51758003	425	-0.049320 0.022984  1.961250
3.52261590	428	-0.057460 0.023224  1.961250
3.52766394	435	-0.060573 0.026336  1.961250
3.53271603	439	-0.050757 0.017238  1.961250
3.53776407	445	-0.050278 0.016999  1.961250
3.54280400	448	-0.056024 0.027054  1.961250
3.54785609	454	-0.060094 0.021308  1.961250
3.55289602	455	-0.056263 0.015802  1.961250
3.55793595	461	-0.065361 0.011013  1.961250
3.56298804	466	-0.055066 0.020111  1.961250
3.56802797	471	-0.058897 0.019632  1.961250
3.57306003	476	-0.064403 0.014126  1.961250
3.57809996	476	-0.064403 0.014126  1.961250
3.58312797	483	-0.059376 0.012450  1.961250
3.58816790	491	-0.066319 0.010534  1.961250
3.59321999	495	-0.062967 0.011971  1.961250
##inga 
#ido(sec)  szog(ADC)     ax(g)    ay(g)   az(g)
3.59880805	502	-0.063206 0.007901  1.961250
3.60400795	505	-0.057939 0.009337  1.961250
3.60921192	507	-0.062727 0.011253  1.961250
3.61444807	513	-0.060094 0.008619  1.961250
3.61949205	519	-0.065122 0.006943  1.961250
3.62454795	524	-0.067276 0.004310  1.961250
3.62959194	526	-0.068234 -0.000958  1.961250
3.63466000	534	-0.067037 0.001915  1.961250
3.63969206	535	-0.073262 0.002873  1.961250
3.64473199	541	-0.062967 0.004549  1.961250
3.64977192	544	-0.075656 0.006225  1.961250
3.65481591	548	-0.074938 0.002394  1.961250
3.65984392	551	-0.078529 -0.003112  1.961250
3.66494393	561	-0.073980 0.000718  1.953888
3.66998791	563	-0.071825 -0.001676  1.948621
3.67508411	570	-0.079966 -0.002873  1.932101
3.68017196	575	-0.086669 0.001197  1.917497
3.68522810	577	-0.077093 0.003831  1.905765
3.69028401	581	-0.080923 -0.004070  1.870571
3.69537210	587	-0.083557 -0.005267  1.834658
3.70045995	591	-0.080923 -0.004310  1.824124
3.70555210	592	-0.080444 0.000958  1.800900
3.71059203	596	-0.088824 -0.003112  1.788690
3.71566796	599	-0.080923 -0.011971  1.767142
3.72074794	606	-0.084754 -0.008858  1.737215
3.72582793	609	-0.079008 -0.000239  1.720695
3.73090410	614	-0.074219 -0.004549  1.696754
3.73598790	618	-0.080923 -0.005267  1.666347
3.74108004	620	-0.078529 -0.016999  1.635223
3.74617195	623	-0.074219 -0.011971  1.620619
3.75126791	630	-0.077332 -0.006704  1.594522
3.75636005	635	-0.073741 -0.021308  1.559567
3.76145601	639	-0.076374 -0.019632  1.533231
3.76656007	639	-0.068234 -0.018196  1.506895
3.77165198	645	-0.062488 -0.024421  1.482475
3.77674388	646	-0.071107 -0.021548  1.453026
3.78184795	652	-0.064882 -0.025618  1.430521
3.78695201	656	-0.065361 -0.028012  1.415677
3.79204797	657	-0.057700 -0.023463  1.374497
3.79713201	661	-0.068234 -0.018914  1.340260
3.80223608	666	-0.061530 -0.031603  1.318234
3.80731601	668	-0.053869 -0.035673  1.291659
3.81241607	673	-0.063925 -0.026097  1.266280
3.81751613	676	-0.072544 -0.024181  1.235874
3.82261610	679	-0.067276 -0.026097  1.217200
3.82769203	681	-0.064164 -0.036870  1.192300
3.83277206	681	-0.063925 -0.038067  1.157106
3.83786392	687	-0.069431 -0.023702  1.139868
3.84296798	687	-0.061052 -0.024421  1.118320
3.84805984	691	-0.070389 -0.035673  1.101322
3.85315990	695	-0.073262 -0.040462  1.066127
3.85826797	696	-0.073980 -0.025139  1.036200
3.86335611	699	-0.071825 -0.017956  1.021356
3.86845989	702	-0.066558 -0.024660  0.993584
3.87355995	705	-0.074219 -0.033997  0.970600
3.87864398	705	-0.071107 -0.028012  0.950488
3.88373203	707	-0.071825 -0.021069  0.927025
3.88881607	710	-0.075895 -0.024899  0.900211
3.89391212	710	-0.080923 -0.033518  0.884409
3.89899206	713	-0.075656 -0.029448  0.859270
3.90406799	712	-0.081881 -0.023702  0.850651
3.90915603	716	-0.078050 -0.022266  0.819766
3.91423606	718	-0.084993 -0.029209  0.801092
3.91932392	721	-0.086430 -0.033279  0.779544
3.92440013	722	-0.083317 -0.027054  0.771164
3.92948799	723	-0.082360 -0.022266  0.748180
3.93457202	724	-0.085951 -0.026575  0.731421
3.93966007	729	-0.076374 -0.033040  0.715141
3.94475193	731	-0.075895 -0.030406  0.714423
3.94982795	732	-0.074219 -0.028251  0.690960
3.95492792	732	-0.073741 -0.030645  0.672524
3.96002407	732	-0.071586 -0.043574  0.652892
3.96512794	735	-0.061291 -0.034476  0.654568
3.97022008	733	-0.067037 -0.036631  0.635654
3.97531204	734	-0.069671 -0.028730  0.613388
3.98040390	736	-0.058657 -0.037110  0.614346
3.98548793	738	-0.055784 -0.039025  0.608839
3.99058008	740	-0.058418 -0.043813  0.597587
3.99568386	740	-0.059376 -0.043095  0.577476
4.00078392	740	-0.059854 -0.039265  0.589207
4.00587606	741	-0.053151 -0.048602  0.576997
4.01097583	741	-0.051235 -0.048362  0.561674
4.01606798	741	-0.046447 -0.046686  0.560716
4.02116012	743	-0.050278 -0.039025  0.559280
4.02624797	743	-0.052672 -0.043335  0.555210
4.03135204	743	-0.053630 -0.045968  0.553294
4.03645610	743	-0.059136 -0.047165  0.550421
4.04156398	744	-0.055306 -0.035194  0.543478
4.04667186	743	-0.054827 -0.042377  0.543718
4.05178403	743	-0.052911 -0.043095  0.540126
4.05687999	742	-0.055306 -0.038546  0.548267
4.06198406	744	-0.054348 -0.038067  0.545154
4.06706809	743	-0.063925 -0.034237  0.541084
4.07217216	741	-0.063925 -0.033279  0.546591
4.07727193	743	-0.056742 -0.037828  0.559519
4.08235979	741	-0.064882 -0.028491  0.564786
4.08744382	740	-0.066319 -0.022266  0.566941
4.09254407	738	-0.068713 -0.024899  0.574124
4.09762811	741	-0.069431 -0.027533  0.577236
4.10272789	739	-0.063685 -0.025378  0.590404
4.10781621	738	-0.068473 -0.021308  0.595671
##inga 
#ido(sec)  szog(ADC)     ax(g)    ay(g)   az(g)
4.11344003	734	-0.079247 -0.023224  0.604290
4.11868810	733	-0.077332 -0.022745  0.609797
4.12391185	734	-0.067516 -0.023224  0.620331
4.12916803	732	-0.076614 -0.021787  0.639724
4.13426399	731	-0.071107 -0.020590  0.644991
4.13933992	732	-0.070389 -0.025378  0.662469
4.14442396	730	-0.075177 -0.024660  0.677792
4.14951181	728	-0.072304 -0.028251  0.689044
4.15459585	730	-0.071346 -0.022266  0.702212
4.15969610	729	-0.072544 -0.019632  0.721126
4.16478395	725	-0.070868 -0.023942  0.732858
4.16987609	722	-0.066079 -0.027533  0.753926
4.17497587	720	-0.066798 -0.023942  0.768531
4.18005609	719	-0.068952 -0.023463  0.793670
4.18516016	719	-0.059136 -0.026815  0.802049
4.19026422	717	-0.055066 -0.026815  0.819527
4.19537210	713	-0.054827 -0.025139  0.847778
4.20047998	712	-0.053390 -0.024181  0.870044
4.20557594	708	-0.056503 -0.024899  0.884409
4.21065998	707	-0.056263 -0.028012  0.911703
4.21576023	702	-0.052432 -0.027054  0.929659
4.22084808	705	-0.057460 -0.022984  0.949531
4.22593593	701	-0.050757 -0.028012  0.973472
4.23104000	699	-0.057221 -0.030406  0.999569
4.23613214	696	-0.061770 -0.026815  1.016807
4.24124383	693	-0.052672 -0.021308  1.045537
4.24635982	689	-0.056263 -0.024899  1.061818
4.25146389	688	-0.060812 -0.015083  1.088872
4.25656414	686	-0.058657 -0.024421  1.102519
4.26166820	682	-0.064643 -0.017956  1.146093
4.26677179	678	-0.065361 -0.017477  1.169795
4.27187585	677	-0.073262 -0.018914  1.183921
4.27699184	674	-0.068473 -0.017956  1.216242
4.28209590	673	-0.068234 -0.015802  1.245691
4.28719615	669	-0.065122 -0.013886  1.282082
4.29228782	665	-0.067755 -0.017238  1.296687
4.29739618	664	-0.072783 -0.013886  1.322783
4.30248022	659	-0.069910 -0.014365  1.351753
4.30756378	655	-0.074459 -0.007422  1.372103
4.31265211	652	-0.070628 -0.009098  1.404185
4.31772804	646	-0.069910 -0.005746  1.446323
4.32280397	645	-0.082360 -0.004070  1.455660
4.32787609	643	-0.077571 -0.002634  1.477686
4.33296394	638	-0.077811 -0.005028  1.508332
4.33803606	634	-0.078768 -0.005267  1.535625
4.34311580	630	-0.080684 -0.004070  1.553103
4.34819602	625	-0.075177 -0.000958  1.588537
4.35328006	620	-0.083557 -0.002873  1.594283
4.35836410	616	-0.079008 -0.004549  1.629956
4.36345195	617	-0.077811 0.004070  1.664432
4.36850023	609	-0.079966 -0.001676  1.688613
4.37357997	604	-0.071825 0.000958  1.711837
4.37864398	602	-0.070389 -0.000718  1.725484
4.38373613	596	-0.065361 -0.001437  1.761396
4.38882780	591	-0.070868 -0.005267  1.762593
4.39390420	589	-0.068713 -0.005267  1.790605
4.39899587	586	-0.067276 -0.006225  1.823406
4.40410804	582	-0.063685 0.005267  1.832264
4.40918016	578	-0.069431 0.005985  1.861234
4.41424417	572	-0.059615 0.003352  1.872726
4.41930389	568	-0.061291 0.001197  1.896907
4.42435598	563	-0.055545 0.005267  1.918933
4.42941188	559	-0.055545 0.011971  1.929707
4.43444395	554	-0.061052 0.003831  1.943114
4.43947601	550	-0.063446 0.007901  1.961250
4.44452381	545	-0.057939 0.002155  1.961250
4.44955587	540	-0.069671 0.010534  1.961250
4.45460414	535	-0.058657 0.010295  1.961250
4.45964384	532	-0.062009 0.009337  1.961250
4.46466779	528	-0.062009 0.010534  1.961250
4.46971178	524	-0.067995 0.017477  1.961250
4.47475576	520	-0.066319 0.018675  1.961250
4.47981977	513	-0.062967 0.018196  1.961250
4.48486804	509	-0.070628 0.016999  1.961250
4.48991584	504	-0.060094 0.008380  1.961250
4.49495220	502	-0.068234 0.026815  1.961250
4.50000810	496	-0.067037 0.021787  1.961250
4.50504398	489	-0.062488 0.025139  1.961250
4.51008415	486	-0.069671 0.022745  1.961250
4.51513195	481	-0.066798 0.030167  1.961250
4.52018022	476	-0.063925 0.035434  1.961250
4.52523183	472	-0.062009 0.023224  1.961250
4.53026008	465	-0.056742 0.020590  1.961250
4.53530788	464	-0.059136 0.031364  1.961250
4.54035997	454	-0.060573 0.030885  1.961250
4.54540777	453	-0.061770 0.029688  1.961250
4.55044794	450	-0.055066 0.031843  1.961250
4.55550384	447	-0.062009 0.040222  1.961250
4.56056022	442	-0.056742 0.033518  1.961250
4.56559610	433	-0.055784 0.033040  1.961250
4.57063198	431	-0.056742 0.029688  1.961250
4.57567977	425	-0.057221 0.033997  1.961250
4.58072376	422	-0.052193 0.035194  1.961250
4.58576393	421	-0.052432 0.041659  1.961250
4.59080791	414	-0.046447 0.032321  1.961250
4.59585189	410	-0.038307 0.025139  1.961250
4.60089588	405	-0.042138 0.036391  1.961250
4.60594797	401	-0.046926 0.038067  1.961250
4.61100006	399	-0.031843 0.035913  1.961250
4.61604785	394	-0.031843 0.027533  1.946227
4.62111616	389	-0.038786 0.032321  1.913187
##inga 
#ido(sec)  szog(ADC)     ax(g)    ay(g)   az(g)
4.62671613	385	-0.037349 0.041419  1.909117
4.63196420	381	-0.033997 0.042138  1.888767
4.63720417	376	-0.041898 0.035434  1.863149
4.64243221	371	-0.032082 0.032561  1.848544
4.64747190	367	-0.040222 0.041180  1.828673
4.65250015	364	-0.028251 0.051954  1.803773
4.65754413	359	-0.030167 0.039025  1.793957
4.66258382	353	-0.033758 0.043813  1.774085
4.66761589	351	-0.030885 0.040940  1.736258
4.67265176	346	-0.034716 0.044053  1.719019
4.67770385	342	-0.032082 0.047884  1.694838
4.68274402	340	-0.035194 0.039504  1.664671
4.68779611	336	-0.031843 0.044771  1.633787
4.69284820	332	-0.029448 0.045489  1.619900
4.69789600	327	-0.030885 0.049081  1.597395
4.70294380	324	-0.030885 0.049081  1.569623
4.70798778	322	-0.035194 0.051235  1.538020
4.71301221	320	-0.025857 0.044532  1.518148
4.71805620	314	-0.030885 0.042856  1.498276
4.72309589	313	-0.031364 0.056742  1.458533
4.72814798	309	-0.033518 0.050038  1.427887
4.73320817	306	-0.030406 0.047165  1.407297
4.73825597	300	-0.033758 0.057700  1.393651
4.74330806	299	-0.036870 0.054587  1.358696
4.74834394	293	-0.036152 0.061052  1.331402
4.75340795	292	-0.034955 0.058179  1.310573
4.75846004	288	-0.038546 0.061530  1.290462
4.76351594	285	-0.037828 0.064643  1.254070
4.76857614	283	-0.047884 0.063206  1.229889
4.77362823	281	-0.045011 0.064643  1.213130
4.77867603	277	-0.037589 0.062249  1.177935
4.78371620	275	-0.044053 0.062249  1.148966
4.78875207	272	-0.040940 0.064164  1.126939
4.79377985	269	-0.047165 0.068234  1.109462
4.79882383	267	-0.039025 0.064164  1.074746
4.80387210	265	-0.042856 0.066079  1.054156
4.80891609	265	-0.045011 0.063685  1.027820
4.81397199	261	-0.036870 0.067995  1.006033
4.81902408	261	-0.028491 0.060333  0.979219
4.82408809	259	-0.037828 0.064643  0.951446
4.82913208	256	-0.027533 0.068473  0.933729
4.83419179	253	-0.027772 0.060812  0.917209
4.83926010	252	-0.026336 0.059136  0.898535
4.84432411	250	-0.018196 0.058897  0.864298
4.84938812	246	-0.016041 0.056742  0.856637
4.85443592	245	-0.009337 0.060094  0.825991
4.85946798	244	-0.013647 0.054587  0.816415
4.86451578	240	-0.011013 0.053630  0.792952
4.86954021	239	-0.011013 0.046447  0.766376
4.87457990	239	-0.005267 0.052193  0.756560
4.87959623	237	-0.004788 0.046926  0.744110
4.88462400	235	-0.003352 0.056263  0.722563
4.88965988	234	-0.000239 0.051475  0.706761
4.89470386	232	0.003352 0.053869  0.692396
4.89972782	232	-0.003831 0.051235  0.686171
4.90477991	231	-0.000958 0.046447  0.669891
4.90982818	227	0.002155 0.048123  0.651935
4.91486406	227	0.001915 0.053151  0.637091
4.91986799	226	0.002394 0.048841  0.626556
4.92488813	223	-0.002873 0.045489  0.612431
4.92992401	225	0.000718 0.048602  0.593995
4.93493604	223	-0.001197 0.055066  0.597108
4.93997192	225	-0.004310 0.054348  0.581546
4.94501209	223	-0.006225 0.050517  0.578673
4.95007610	223	-0.000479 0.053630  0.562392
4.95510005	222	-0.006943 0.050038  0.553294
4.96013212	221	-0.003112 0.061530  0.558322
4.96517181	221	-0.011731 0.056503  0.548267
4.97024822	219	-0.015562 0.055784  0.537732
4.97529983	220	-0.013168 0.061770  0.534141
4.98034811	220	-0.008380 0.062967  0.532704
4.98538017	220	-0.015802 0.062009  0.532944
4.99041604	220	-0.020351 0.058657  0.528395
4.99546384	220	-0.024181 0.057460  0.520255
5.00050020	219	-0.013647 0.058657  0.524804
5.00554418	220	-0.018914 0.063925  0.519297
5.01059579	219	-0.023942 0.063206  0.521931
5.01563978	218	-0.023224 0.065840  0.527437
5.02068805	220	-0.026336 0.063446  0.531986
5.02575206	219	-0.030406 0.061052  0.532944
5.03079223	221	-0.030885 0.058897  0.535338
5.03584814	220	-0.037349 0.059615  0.540605
5.04090404	221	-0.031843 0.062967  0.548985
5.04595184	223	-0.028251 0.066079  0.554970
5.05099201	222	-0.033758 0.061291  0.551619
5.05603218	223	-0.026336 0.059136  0.565265
5.06107616	223	-0.028012 0.059376  0.573645
5.06612014	224	-0.026097 0.063925  0.578912
5.07116413	226	-0.028730 0.056981  0.591601
5.07620000	226	-0.024660 0.058897  0.605487
5.08124017	227	-0.023702 0.059854  0.606206
5.08627176	229	-0.022984 0.050038  0.623683
5.09132003	231	-0.018914 0.059854  0.642118
5.09636402	233	-0.012210 0.054348  0.653371
5.10141611	233	-0.015802 0.055784  0.673482
5.10647201	235	-0.012929 0.051235  0.689044
5.11152410	234	-0.012210 0.051235  0.692636
5.11656379	237	-0.016520 0.043095  0.712268
5.12159585	240	-0.015083 0.052193  0.734534
5.12661981	241	-0.010056 0.049320  0.741956
5.13165187	242	-0.008858 0.045729  0.766137
##inga 
#ido(sec)  szog(ADC)     ax(g)    ay(g)   az(g)
5.13722801	244	-0.003591 0.045489  0.786487
5.14245176	245	-0.008140 0.037110  0.803247
5.14767599	246	-0.006225 0.043574  0.825034
5.15289592	250	-0.009577 0.047884  0.839159
5.15793991	252	-0.010534 0.042616  0.860707
5.16299200	253	-0.015802 0.043095  0.883691
5.16804409	257	-0.001915 0.040222  0.898535
5.17309188	260	-0.010774 0.043574  0.923913
5.17813205	260	-0.013647 0.041419  0.939475
5.18318414	261	-0.015323 0.040940  0.972994
5.18822383	263	-0.016280 0.046447  0.991668
5.19326400	266	-0.020590 0.043813  1.019920
5.19828796	268	-0.014604 0.046447  1.046016
5.20333576	267	-0.021069 0.046926  1.065888
5.20837593	272	-0.021308 0.044292  1.091266
5.21342420	275	-0.018675 0.044532  1.111377
5.21847581	278	-0.025618 0.047405  1.151360
5.22351217	280	-0.033997 0.052193  1.168359
5.22856378	282	-0.029448 0.055306  1.185118
5.23362779	288	-0.037110 0.054587  1.211454
5.23866796	290	-0.033040 0.052432  1.238508
5.24372005	291	-0.035194 0.056742  1.261013
5.24877595	295	-0.044532 0.053630  1.281124
5.25381994	297	-0.041180 0.051475  1.310333
5.25886392	301	-0.039983 0.054827  1.342415
5.26390790	305	-0.040940 0.051714  1.369948
5.26894378	304	-0.045968 0.050996  1.393172
5.27397584	312	-0.049081 0.049799  1.411846
5.27902412	316	-0.053869 0.055545  1.442253
5.28408002	319	-0.051235 0.053151  1.478644
5.28912401	320	-0.053390 0.051235  1.492291
5.29416799	323	-0.053869 0.052672  1.516951
5.29922008	325	-0.056981 0.049559  1.550469
5.30427980	331	-0.048602 0.047644  1.583270
5.30932807	334	-0.054108 0.049320  1.600268
5.31437587	338	-0.056981 0.050996  1.620619
5.31943607	342	-0.050038 0.046926  1.659644
5.32448005	347	-0.050757 0.044532  1.677839
5.32952022	350	-0.052432 0.049559  1.702021
5.33456802	355	-0.057460 0.048602  1.714710
5.33959579	359	-0.055306 0.046447  1.738412
5.34463977	362	-0.051475 0.038786  1.766664
5.34968376	366	-0.050996 0.042138  1.783423
5.35472822	369	-0.052193 0.042138  1.803773
5.35977220	377	-0.050038 0.037828  1.816702
5.36481618	381	-0.049799 0.037349  1.844235
5.36986017	382	-0.046686 0.027772  1.868177
5.37491989	389	-0.040701 0.033518  1.880866
5.37996816	392	-0.046926 0.031843  1.900259
5.38503980	396	-0.044532 0.026097  1.916060
5.39010000	401	-0.044532 0.028970  1.928749
5.39515209	407	-0.047405 0.025618  1.950536
5.40019989	408	-0.042377 0.026097  1.961250
5.40524005	413	-0.038307 0.022984  1.961250
5.41027593	417	-0.046686 0.019872  1.961250
5.41532802	419	-0.044053 0.023702  1.961250
5.42036390	426	-0.046686 0.018196  1.961250
5.42541217	429	-0.046447 0.015562  1.961250
5.43045616	433	-0.041898 0.022745  1.961250
5.43550014	435	-0.048123 0.020111  1.961250
5.44053602	444	-0.042377 0.016759  1.961250
5.44558000	446	-0.043095 0.005507  1.961250
5.45061206	450	-0.045968 0.012450  1.961250
5.45566415	456	-0.045489 0.020829  1.961250
5.46071577	457	-0.042856 0.007661  1.961250
5.46576404	463	-0.049559 0.005746  1.961250
5.47081184	466	-0.044053 0.004788  1.961250
5.47584009	473	-0.043095 0.006464  1.961250
5.48087596	476	-0.054108 0.011492  1.961250
5.48590421	480	-0.047405 0.018675  1.961250
5.49094390	485	-0.051954 0.000718  1.961250
5.49597597	492	-0.061052 0.006464  1.961250
5.50101184	495	-0.057939 0.009816  1.961250
5.50605201	502	-0.068713 0.015562  1.961250
5.51110410	502	-0.068952 0.015323  1.961250
5.51614809	508	-0.060333 0.013647  1.961250
5.52119588	514	-0.072544 0.013886  1.961250
5.52624797	518	-0.068952 0.013647  1.961250
5.53128385	525	-0.067037 0.012450  1.961250
5.53631210	529	-0.081881 0.006225  1.961250
5.54134798	533	-0.082839 0.005746  1.961250
5.54638385	537	-0.084036 0.011971  1.961250
5.55142402	540	-0.085951 0.017717  1.961250
5.55646419	543	-0.085951 0.019393  1.961250
5.56150388	549	-0.091936 0.011013  1.949579
5.56654787	552	-0.096485 0.012210  1.933777
5.57158803	559	-0.094331 0.013647  1.926116
5.57664823	564	-0.088345 0.011492  1.919412
5.58168792	567	-0.096485 0.014844  1.893316
5.58674001	573	-0.091697 0.009098  1.882302
5.59180402	577	-0.086669 0.004070  1.849263
5.59685993	581	-0.087387 0.002394  1.829870
5.60190391	585	-0.090739 -0.003591  1.819335
5.60697984	589	-0.083796 -0.002873  1.800421
5.61205577	592	-0.082839 -0.001197  1.779113
5.61714410	595	-0.079247 -0.007901  1.749186
5.62222003	597	-0.080444 -0.004549  1.730272
5.62729978	604	-0.075895 -0.008858  1.706570
5.63238000	609	-0.065840 -0.009816  1.693402
5.63746023	613	-0.064882 -0.018196  1.673051
5.64256000	616	-0.065840 -0.021308  1.637139
##inga 
#ido(sec)  szog(ADC)     ax(g)    ay(g)   az(g)
5.64817190	620	-0.057700 -0.023942  1.611281
5.65341186	622	-0.052432 -0.025139  1.594043
5.65865182	628	-0.047165 -0.023224  1.558849
5.66390419	632	-0.045489 -0.026097  1.529401
5.66900396	638	-0.051954 -0.033279  1.510008
5.67409181	637	-0.053390 -0.033997  1.481996
5.67917585	643	-0.050278 -0.032800  1.458294
5.68426799	647	-0.046447 -0.029688  1.433155
5.68936777	650	-0.050996 -0.026815  1.400594
5.69445610	651	-0.052193 -0.032321  1.376413
5.69956016	657	-0.059376 -0.036631  1.353189
5.70466423	662	-0.059854 -0.028251  1.331402
5.70975589	665	-0.063446 -0.024181  1.294532
5.71485614	666	-0.057221 -0.029688  1.278012
5.71995210	669	-0.058657 -0.022266  1.249282
5.72504377	673	-0.068713 -0.032082  1.229171
5.73014783	677	-0.072304 -0.022745  1.201159
5.73524379	678	-0.082599 -0.024660  1.188230
5.74033594	682	-0.072304 -0.025857  1.145375
5.74544382	682	-0.071346 -0.028012  1.139150
5.75054788	685	-0.087148 -0.022984  1.094139
5.75565195	686	-0.085233 -0.015083  1.079295
5.76075601	691	-0.086190 -0.017717  1.058466
5.76586008	693	-0.088585 -0.018914  1.025905
5.77096414	697	-0.093612 -0.018914  1.007709
5.77606010	699	-0.091936 -0.013407  0.980176
5.78115606	700	-0.099598 -0.017717  0.964375
5.78625583	705	-0.089782 -0.015562  0.956953
5.79135179	706	-0.096725 -0.018435  0.911224
5.79643583	707	-0.090739 -0.009816  0.906914
5.80152797	708	-0.097204 -0.013407  0.874832
5.80660820	707	-0.088824 -0.024899  0.856158
5.81168794	711	-0.094570 -0.030406  0.832456
5.81676816	715	-0.081641 -0.024899  0.819288
5.82185220	713	-0.085472 -0.026575  0.798458
5.82694387	717	-0.079966 -0.030406  0.777150
5.83201980	718	-0.075656 -0.036391  0.776671
5.83710002	721	-0.068234 -0.042377  0.746744
5.84218788	720	-0.067755 -0.033997  0.735491
5.84728002	723	-0.067037 -0.031843  0.715380
5.85237598	726	-0.066079 -0.036631  0.710592
5.85747194	727	-0.055066 -0.046686  0.694790
5.86255216	727	-0.047405 -0.042616  0.679707
5.86763620	729	-0.054827 -0.042377  0.664145
5.87271595	730	-0.048841 -0.039743  0.657441
5.87781190	730	-0.056742 -0.053390  0.643794
5.88290023	732	-0.055306 -0.038546  0.632302
5.88798809	732	-0.054827 -0.039983  0.618895
5.89308023	735	-0.044771 -0.045968  0.613867
5.89817190	735	-0.044532 -0.047644  0.603572
5.90327215	733	-0.045489 -0.052672  0.597347
5.90837621	734	-0.044292 -0.048602  0.588968
5.91346406	734	-0.048602 -0.040940  0.581067
5.91855192	735	-0.047644 -0.044532  0.579391
5.92364788	734	-0.050278 -0.045729  0.565984
5.92874002	735	-0.048602 -0.045489  0.570293
5.93383216	737	-0.058657 -0.040462  0.569575
5.93893623	735	-0.057221 -0.046447  0.561674
5.94403219	734	-0.053151 -0.042138  0.564308
5.94913578	735	-0.058179 -0.043095  0.558562
5.95421981	737	-0.063925 -0.039025  0.573405
5.95929622	738	-0.070149 -0.032321  0.557843
5.96439218	737	-0.066079 -0.033518  0.562871
5.96946811	736	-0.070149 -0.030406  0.565265
5.97454786	736	-0.067755 -0.029688  0.567420
5.97963190	736	-0.071346 -0.029688  0.569575
5.98472785	736	-0.073980 -0.034476  0.576997
5.98981618	736	-0.078768 -0.029688  0.583700
5.99489212	735	-0.076614 -0.022984  0.590165
5.99997186	732	-0.072304 -0.020590  0.591362
6.00505590	732	-0.084275 -0.016520  0.596868
6.01013612	733	-0.078290 -0.017238  0.603093
6.01522397	731	-0.090021 -0.018435  0.612909
6.02031993	732	-0.088106 -0.022505  0.631105
6.02540397	732	-0.082839 -0.014126  0.648822
6.03049993	731	-0.082599 -0.016280  0.639245
6.03558778	731	-0.078050 -0.018914  0.657681
6.04066801	730	-0.080923 -0.022026  0.667257
6.04575204	729	-0.074938 -0.018914  0.686890
6.05084800	726	-0.075895 -0.013647  0.696227
6.05595207	724	-0.078768 -0.019872  0.708916
6.06103992	723	-0.076135 -0.026815  0.725915
6.06613206	717	-0.072304 -0.024660  0.735252
6.07122421	716	-0.066079 -0.022984  0.755602
6.07630014	717	-0.064643 -0.025139  0.769249
6.08140420	716	-0.057460 -0.026815  0.787924
6.08650398	712	-0.061291 -0.030645  0.809471
6.09160423	710	-0.060094 -0.028730  0.827906
6.09669208	710	-0.051714 -0.029688  0.836765
6.10179615	708	-0.049799 -0.032561  0.864777
6.10690021	705	-0.053630 -0.031843  0.889198
6.11199998	701	-0.049081 -0.036152  0.908351
6.11709213	704	-0.045968 -0.032082  0.922237
6.12217617	700	-0.044771 -0.033279  0.935645
6.12727212	695	-0.044292 -0.037110  0.971797
6.13235998	697	-0.044532 -0.032321  0.989274
6.13744783	692	-0.044771 -0.038786  1.015610
6.14253187	689	-0.045489 -0.030645  1.028539
6.14761590	687	-0.045011 -0.031124  1.044819
6.15271186	685	-0.045250 -0.025857  1.069958
6.15778779	683	-0.050278 -0.022026  1.101561
##inga 
#ido(sec)  szog(ADC)     ax(g)    ay(g)   az(g)
6.16340780	678	-0.052432 -0.027294  1.124785
6.16866016	678	-0.057700 -0.024899  1.145135
6.17390823	674	-0.057700 -0.025139  1.180569
6.17913579	674	-0.062488 -0.017956  1.216482
6.18422794	667	-0.062727 -0.014844  1.227974
6.18932390	664	-0.071346 -0.012929  1.255267
6.19443607	664	-0.068234 -0.016999  1.278970
6.19952392	660	-0.072065 -0.015083  1.304348
6.20460796	657	-0.071346 -0.009098  1.333796
6.20969581	652	-0.081641 -0.011971  1.345049
6.21479988	650	-0.079247 -0.006704  1.377849
6.21987199	646	-0.083796 -0.005985  1.411368
6.22496414	642	-0.089303 0.006704  1.428845
6.23000001	639	-0.094091 0.005746  1.464279
6.23505210	634	-0.090021 0.005746  1.498276
6.24009609	632	-0.084275 -0.005985  1.517190
6.24519586	626	-0.088345 0.005028  1.533231
6.25025177	621	-0.095049 0.010774  1.558609
6.25530004	620	-0.090260 0.006464  1.590931
6.26034021	617	-0.087148 0.000718  1.612000
6.26537179	612	-0.084993 0.002155  1.628998
6.27041196	609	-0.087387 0.001676  1.652222
6.27545213	605	-0.084036 0.008140  1.678558
6.28048801	599	-0.081163 0.007901  1.701303
6.28554010	593	-0.081881 0.003591  1.726441
6.29058408	591	-0.081163 0.006225  1.737933
6.29562807	589	-0.074938 0.011253  1.763551
6.30068016	584	-0.076614 0.006464  1.784620
6.30573987	580	-0.068473 -0.003112  1.816702
6.31083583	575	-0.054827 0.000000  1.827955
6.31585979	571	-0.060094 0.006225  1.830349
6.32091617	570	-0.061770 -0.002155  1.866022
6.32601213	562	-0.056024 -0.005028  1.894034
6.33109998	560	-0.047165 -0.004788  1.908160
6.33618021	555	-0.057939 -0.001437  1.906005
6.34126806	550	-0.053869 0.002634  1.922764
6.34632015	547	-0.042138 0.001915  1.946227
6.35137176	540	-0.045011 -0.000718  1.961071
6.35645198	538	-0.043574 -0.001676  1.961250
6.36153984	533	-0.045011 0.000958  1.961250
6.36657190	527	-0.048841 0.007422  1.961250
6.37160396	524	-0.053151 -0.000239  1.961250
6.37668800	521	-0.046686 0.004310  1.961250
6.38171577	514	-0.054348 0.004549  1.961250
6.38675594	510	-0.047884 0.016280  1.961250
6.39179611	502	-0.049559 0.013168  1.961250
6.39684820	502	-0.055545 0.011731  1.961250
6.40189218	498	-0.054827 0.014844  1.961250
6.40695190	493	-0.046208 0.021069  1.961250
6.41200780	487	-0.055784 0.023224  1.961250
6.41705179	481	-0.057221 0.013168  1.961250
6.42210817	477	-0.057700 0.018196  1.961250
6.42714786	472	-0.058897 0.018675  1.961250
6.43219184	467	-0.052193 0.029688  1.961250
6.43723583	463	-0.053869 0.030167  1.961250
6.44227981	459	-0.062249 0.025618  1.961250
6.44732379	454	-0.062488 0.022745  1.961250
6.45236396	450	-0.070149 0.032800  1.961250
6.45739603	448	-0.065600 0.043813  1.961250
6.46243619	445	-0.066319 0.031124  1.961250
6.46748399	438	-0.057700 0.024660  1.961250
6.47252416	432	-0.061770 0.036870  1.961250
6.47756814	430	-0.064882 0.048602  1.961250
6.48261976	424	-0.069910 0.041419  1.961250
6.48765993	421	-0.064882 0.033758  1.961250
6.49270820	416	-0.063925 0.033758  1.961250
6.49774789	409	-0.066798 0.044292  1.961250
6.50279998	409	-0.059615 0.049559  1.961071
6.50783586	403	-0.059136 0.043335  1.933538
6.51288795	401	-0.055306 0.034237  1.944551
6.51793622	397	-0.048362 0.040940  1.915103
6.52296400	392	-0.052911 0.043813  1.893316
6.52801179	388	-0.055545 0.045968  1.876077
6.53306388	384	-0.046447 0.042138  1.861712
6.53811979	380	-0.046686 0.031843  1.849741
6.54317998	376	-0.048602 0.049559  1.834179
6.54822397	369	-0.048841 0.048123  1.806167
6.55327177	367	-0.036631 0.045250  1.783423
6.55831193	361	-0.035434 0.036870  1.770255
6.56335210	360	-0.036391 0.046447  1.755650
6.56838798	356	-0.036152 0.052432  1.723090
6.57342386	352	-0.034476 0.047405  1.705133
6.57846403	345	-0.030406 0.038786  1.678318
6.58349990	343	-0.033758 0.036152  1.646955
6.58854389	340	-0.027054 0.042138  1.633068
6.59359979	338	-0.026815 0.045489  1.613197
6.59865188	332	-0.028730 0.051235  1.577763
6.60370397	328	-0.026575 0.040940  1.555737
6.60875177	323	-0.021548 0.042138  1.548554
6.61382007	322	-0.024899 0.043335  1.505219
6.61888408	320	-0.025618 0.051235  1.481756
6.62394809	316	-0.018196 0.050757  1.465715
6.62900018	312	-0.016520 0.048123  1.434112
6.63403177	309	-0.026336 0.041419  1.416874
6.63908004	304	-0.019632 0.044053  1.382159
6.64412021	301	-0.023463 0.047644  1.356780
6.64917612	301	-0.020111 0.049799  1.336909
6.65421199	297	-0.019632 0.046686  1.312488
6.65925979	293	-0.024899 0.049799  1.279448
6.66430807	289	-0.016280 0.051714  1.260295
6.66935586	288	-0.019872 0.054827  1.233001
##inga 
#ido(sec)  szog(ADC)     ax(g)    ay(g)   az(g)
6.67495584	283	-0.027772 0.050517  1.194455
6.68019580	281	-0.028251 0.049559  1.193976
6.68541622	279	-0.027533 0.056981  1.157106
6.69065999	274	-0.027054 0.062009  1.130531
6.69570779	273	-0.035194 0.061770  1.107068
6.70075607	269	-0.031843 0.057700  1.076662
6.70580387	268	-0.035194 0.063685  1.061339
6.71086406	266	-0.034716 0.062488  1.042425
6.71590805	265	-0.036870 0.059854  1.002681
6.72094392	264	-0.033040 0.063206  0.987119
6.72597217	263	-0.035913 0.064882  0.968684
6.73100805	261	-0.037349 0.064164  0.945700
6.73604393	260	-0.034716 0.064643  0.918885
6.74109983	257	-0.032321 0.068952  0.903084
6.74615621	253	-0.034716 0.070149  0.880100
6.75120019	251	-0.033518 0.062249  0.856876
6.75625610	252	-0.028251 0.063206  0.836526
6.76130819	249	-0.032800 0.059854  0.822161
6.76634407	247	-0.022505 0.062967  0.804683
6.77139186	245	-0.031603 0.058897  0.782657
6.77644014	243	-0.025618 0.059136  0.760870
6.78147220	243	-0.021069 0.061052  0.751053
6.78651189	241	-0.016041 0.056024  0.735012
6.79154777	238	-0.022984 0.060094  0.717056
6.79658412	237	-0.020351 0.057939  0.702452
6.80162811	235	-0.016280 0.051954  0.690481
6.80667591	234	-0.009098 0.057700  0.672046
6.81170797	232	-0.013407 0.056263  0.659596
6.81676387	233	-0.013407 0.055306  0.652174
6.82182788	232	-0.008380 0.056024  0.638527
6.82686805	231	-0.005028 0.051714  0.624641
6.83190822	230	-0.007661 0.050996  0.610994
6.83696413	227	-0.008380 0.053151  0.604769
6.84200382	227	-0.001437 0.049320  0.603812
6.84702777	226	-0.000479 0.052193  0.588968
6.85205221	227	0.005028 0.049559  0.583222
6.85707187	226	0.001197 0.052672  0.572927
6.86208391	226	-0.002873 0.053869  0.563350
6.86711978	223	-0.001915 0.054827  0.566462
6.87215614	226	-0.002394 0.049799  0.565505
6.87719583	224	-0.001437 0.048362  0.554013
6.88224411	226	-0.004788 0.053630  0.550661
6.88728380	225	-0.006225 0.050517  0.543957
6.89233207	225	-0.002634 0.055545  0.539408
6.89737987	226	0.000000 0.055066  0.547548
6.90235185	223	-0.005267 0.053869  0.545154
6.90738821	225	-0.008619 0.051954  0.532465
6.91242790	225	-0.010774 0.061052  0.537972
6.91747188	226	-0.014365 0.058418  0.542521
6.92252779	226	-0.017956 0.052432  0.550182
6.92756795	224	-0.017238 0.061770  0.545872
6.93262386	226	-0.017717 0.056981  0.561195
6.93766403	223	-0.016999 0.054587  0.555928
6.94271993	223	-0.032561 0.052432  0.564786
6.94778394	227	-0.026815 0.055545  0.576039
6.95283603	225	-0.027054 0.061291  0.576997
6.95790386	227	-0.025378 0.061530  0.584898
6.96296405	226	-0.028491 0.056024  0.592798
6.96803188	229	-0.028012 0.054827  0.604051
6.97307586	230	-0.026336 0.059854  0.614825
6.97812795	233	-0.026097 0.062967  0.620331
6.98317623	233	-0.026336 0.060333  0.633260
6.98821592	234	-0.028491 0.059136  0.650737
6.99326419	234	-0.023942 0.059376  0.647864
6.99831199	233	-0.029927 0.055784  0.665342
7.00335979	235	-0.025857 0.060812  0.682819
7.00840806	239	-0.025618 0.053630  0.694072
7.01345205	240	-0.024421 0.049320  0.706282
7.01850414	242	-0.025378 0.056981  0.722802
7.02355623	242	-0.027533 0.060094  0.744110
7.02860784	245	-0.016999 0.056024  0.749138
7.03367614	245	-0.019632 0.051475  0.767334
7.03872394	248	-0.021069 0.056981  0.794867
7.04377222	250	-0.019153 0.054827  0.804683
7.04883193	253	-0.015323 0.049559  0.828864
7.05387210	254	-0.021787 0.053869  0.850651
7.05891180	257	-0.020590 0.046208  0.871959
7.06394004	260	-0.013168 0.048602  0.883451
7.06898021	261	-0.014844 0.053390  0.907872
7.07403182	262	-0.021548 0.047884  0.927744
7.07908821	264	-0.020590 0.048841  0.949531
7.08410787	266	-0.011253 0.043813  0.972515
7.08916807	267	-0.024899 0.046447  0.999330
7.09421205	268	-0.012929 0.048362  1.019201
7.09926414	272	-0.015562 0.045250  1.038115
7.10431623	274	-0.018196 0.046208  1.062775
7.10937976	274	-0.012210 0.048602  1.093421
7.11443996	277	-0.018914 0.043335  1.116165
7.11948776	282	-0.021787 0.048362  1.126700
7.12453222	282	-0.022505 0.048841  1.162134
7.12957620	288	-0.026336 0.041659  1.187751
7.13462018	290	-0.022505 0.044292  1.204990
7.13966417	291	-0.026575 0.049081  1.239944
7.14470815	295	-0.031364 0.046686  1.270829
7.14976787	298	-0.025139 0.046686  1.293335
7.15482807	299	-0.027294 0.047165  1.306742
7.15988397	304	-0.032321 0.047165  1.338345
7.16494417	308	-0.037828 0.052193  1.361808
7.17000007	310	-0.031364 0.041898  1.375216
7.17505216	315	-0.041180 0.042616  1.412565
7.18011617	317	-0.036631 0.048602  1.444886
##inga 
#ido(sec)  szog(ADC)     ax(g)    ay(g)   az(g)
7.18571996	319	-0.044771 0.044771  1.467152
7.19097185	322	-0.048123 0.048123  1.493967
7.19621992	327	-0.046447 0.042138  1.506416
7.20144414	333	-0.052432 0.042377  1.540174
7.20649576	336	-0.049320 0.043335  1.555497
7.21153211	339	-0.052911 0.044292  1.589016
7.21658420	342	-0.052432 0.047405  1.620858
7.22162008	347	-0.057700 0.049320  1.641209
7.22664403	352	-0.055784 0.047405  1.658686
7.23168420	353	-0.055066 0.044771  1.689092
7.23672389	358	-0.052432 0.036391  1.708485
7.24177217	360	-0.057700 0.046447  1.709922
7.24681615	365	-0.056263 0.039265  1.743919
7.25186777	370	-0.057221 0.044771  1.767861
7.25692415	374	-0.057700 0.047165  1.796351
7.26197195	380	-0.055066 0.041659  1.804252
7.26702022	379	-0.056981 0.039025  1.827715
7.27206420	385	-0.057700 0.038067  1.852854
7.27710390	391	-0.050278 0.039504  1.857403
7.28213214	396	-0.052672 0.031124  1.879908
7.28716802	400	-0.058418 0.032321  1.896428
7.29220390	405	-0.050517 0.034237  1.905047
7.29724788	408	-0.055784 0.026336  1.936171
7.30230808	410	-0.049559 0.029688  1.938087
7.30736017	413	-0.048362 0.027294  1.958677
7.31241989	420	-0.049081 0.020351  1.960831
7.31746816	423	-0.053151 0.022745  1.961250
7.32251596	425	-0.043335 0.027533  1.961250
7.32757997	429	-0.045011 0.015323  1.961250
7.33264017	435	-0.047884 0.022266  1.961250
7.33769607	440	-0.044053 0.020111  1.961250
7.34273195	447	-0.049559 0.018914  1.961250
7.34777212	449	-0.046447 0.002394  1.961250
7.35280418	454	-0.045729 0.012450  1.961250
7.35784387	456	-0.046447 0.007661  1.961250
7.36288022	461	-0.053390 0.014604  1.961250
7.36791610	463	-0.045968 0.012929  1.961250
7.37295579	471	-0.047165 0.011253  1.961250
7.37799978	475	-0.043095 0.002394  1.961250
7.38304376	478	-0.051235 0.009337  1.961250
7.38809204	482	-0.050517 0.010295  1.961250
7.39313983	487	-0.055784 0.002394  1.961250
7.39819622	490	-0.060333 0.001915  1.961250
7.40324401	495	-0.052432 0.005507  1.961250
7.40828418	501	-0.058897 0.009098  1.961250
7.41333198	505	-0.058179 0.006943  1.961250
7.41836404	509	-0.064403 0.006943  1.961250
7.42340421	515	-0.064643 0.005028  1.961250
7.42845201	521	-0.063446 0.012210  1.961250
7.43349981	526	-0.069671 0.005746  1.961250
7.43853998	529	-0.075177 0.008140  1.961250
7.44357585	535	-0.067037 0.002634  1.961250
7.44862794	536	-0.078290 0.003352  1.958677
7.45368385	539	-0.080923 0.007901  1.941439
7.45873212	544	-0.077332 0.014126  1.937129
7.46379184	547	-0.093373 0.009098  1.919173
7.46886014	552	-0.088345 0.016999  1.916300
7.47390794	558	-0.096964 0.010534  1.887091
7.47896385	561	-0.095049 0.009577  1.881584
7.48401212	569	-0.102471 0.007422  1.862431
7.48905611	573	-0.090979 0.014604  1.849023
7.49409198	577	-0.100555 0.013407  1.828194
7.49913215	581	-0.090739 0.005507  1.795394
7.50417184	585	-0.092655 -0.003112  1.778395
7.50927209	586	-0.093134 0.005985  1.751820
7.51432418	591	-0.084754 0.008140  1.733384
7.51936388	594	-0.089303 -0.004788  1.729314
7.52443599	597	-0.086190 -0.006704  1.690529
7.52952384	600	-0.075417 -0.015083  1.691486
7.53460788	606	-0.073741 -0.007183  1.659644
7.53970003	611	-0.069910 -0.015802  1.630914
7.54479980	613	-0.067037 -0.018435  1.614873
7.54989576	619	-0.057221 -0.022026  1.591649
7.55499219	623	-0.053151 -0.024660  1.568426
7.56009578	624	-0.048123 -0.030406  1.523894
7.56519222	628	-0.046208 -0.031843  1.511684
7.57029581	635	-0.046686 -0.039743  1.488221
7.57539606	637	-0.043574 -0.029448  1.466673
7.58050012	641	-0.046926 -0.031364  1.444407
7.58562421	642	-0.045968 -0.029209  1.412325
7.59072399	648	-0.050517 -0.041659  1.395566
7.59582376	651	-0.041898 -0.037828  1.361329
7.60092782	655	-0.050757 -0.036391  1.333796
7.60603189	656	-0.049559 -0.030645  1.308897
7.61113595	660	-0.051235 -0.030406  1.295489
7.61623191	663	-0.051714 -0.030406  1.259337
7.62130784	665	-0.055545 -0.027054  1.225101
7.62639999	668	-0.066079 -0.020351  1.208581
7.63148784	673	-0.064403 -0.023224  1.192779
7.63658380	676	-0.072304 -0.026815  1.183442
7.64167213	678	-0.075177 -0.021787  1.149205
7.64676380	680	-0.081641 -0.022266  1.126461
7.65186405	682	-0.080444 -0.016999  1.095815
7.65695190	684	-0.084754 -0.022266  1.073549
7.66204786	685	-0.084514 -0.020590  1.047692
7.66712379	690	-0.089303 -0.015083  1.020398
7.67220401	692	-0.088585 -0.014365  0.994781
7.67729187	693	-0.092655 -0.019872  0.986162
7.68238401	696	-0.092655 -0.026336  0.958389
7.68747615	697	-0.093134 -0.013647  0.923913
7.69257211	699	-0.096007 -0.010295  0.918167
##inga 
#ido(sec)  szog(ADC)     ax(g)    ay(g)   az(g)
7.69818401	704	-0.094570 -0.013168  0.892070
7.70341205	703	-0.091697 -0.016280  0.877945
7.70864009	705	-0.094331 -0.020111  0.856397
7.71386384	708	-0.089782 -0.016041  0.844666
7.71896409	709	-0.085233 -0.023224  0.818090
7.72405195	713	-0.085233 -0.025857  0.795106
7.72915220	714	-0.077571 -0.029927  0.786487
7.73425579	714	-0.073501 -0.028251  0.767094
7.73934412	716	-0.066319 -0.031364  0.753208
7.74445199	717	-0.061291 -0.038307  0.732618
7.74955177	720	-0.060333 -0.035194  0.733576
7.75464820	722	-0.055545 -0.038067  0.723760
7.75973606	720	-0.056742 -0.035913  0.693354
7.76483583	722	-0.056024 -0.040940  0.677073
7.76991987	725	-0.057939 -0.047165  0.677313
7.77501201	726	-0.048362 -0.045250  0.655047
7.78011178	728	-0.049559 -0.045729  0.656962
7.78520393	727	-0.051954 -0.042377  0.640203
7.79029607	730	-0.050038 -0.044532  0.632542
7.79538393	728	-0.047165 -0.048362  0.632781
7.80047178	731	-0.052911 -0.043813  0.605966
7.80556821	732	-0.046208 -0.044771  0.610276
7.81064796	732	-0.056503 -0.050757  0.606924
7.81572389	732	-0.044053 -0.044292  0.595671
7.82080411	732	-0.051475 -0.045729  0.591362
7.82589578	733	-0.050996 -0.040222  0.584658
7.83098411	732	-0.053151 -0.037589  0.583222
7.83607578	730	-0.057700 -0.037589  0.579870
7.84115219	734	-0.060333 -0.043335  0.581546
7.84624385	734	-0.062488 -0.040462  0.578433
7.85132789	732	-0.061530 -0.036152  0.576278
7.85641622	734	-0.065600 -0.037828  0.577236
7.86149597	731	-0.067995 -0.039743  0.571011
7.86658382	734	-0.063685 -0.036152  0.579391
7.87167596	730	-0.073741 -0.023942  0.589207
7.87678003	733	-0.073262 -0.029209  0.582025
7.88187599	732	-0.075656 -0.026815  0.587531
7.88697576	730	-0.073022 -0.025618  0.599981
7.89207983	729	-0.072065 -0.019153  0.601896
7.89716815	731	-0.076853 -0.022266  0.606206
7.90225982	730	-0.072304 -0.013647  0.610994
7.90734815	729	-0.075417 -0.020351  0.620810
7.91244792	731	-0.079726 -0.022266  0.628950
7.91754388	731	-0.071346 -0.023224  0.635894
7.92265605	729	-0.079247 -0.019393  0.652892
7.92776012	724	-0.077093 -0.022266  0.659596
7.93286800	722	-0.079966 -0.028491  0.675637
7.93796777	724	-0.075177 -0.021787  0.674200
7.94306421	719	-0.067995 -0.017956  0.689523