0.73194799	644	-0.011971 -0.049081  1.023511
0.73704395	644	-0.007183 -0.053630  1.012737
0.74214401	647	-0.008140 -0.060573  0.999569
0.74722805	649	-0.011013 -0.042377  0.984486
0.75233197	650	-0.014604 -0.055306  0.962938
0.75742797	653	-0.003352 -0.059376  0.968205
0.76252799	652	-0.014604 -0.052432  0.955756
0.76762003	658	-0.014365 -0.050278  0.929899
0.77270402	658	-0.019153 -0.041898  0.919364
0.77780003	659	-0.029927 -0.044292  0.902126
0.78288002	660	-0.027054 -0.047644  0.904520
0.78796796	663	-0.034237 -0.044292  0.887522
0.79305200	663	-0.032800 -0.028970  0.877945
0.79812803	665	-0.036152 -0.039265  0.868129
0.80321598	664	-0.046926 -0.039743  0.857594
0.80829601	667	-0.050278 -0.037828  0.843947
0.81337604	667	-0.061052 -0.020351  0.845863
0.81845598	669	-0.074459 -0.022505  0.824555
0.82353601	671	-0.073980 -0.023942  0.825034
0.82861204	670	-0.079966 -0.024181  0.814260
0.83370399	672	-0.092655 -0.009577  0.814260
0.83878002	673	-0.102950 0.001915  0.792952
0.84381999	672	-0.106301 -0.000479  0.798458
0.84889202	675	-0.109174 -0.011731  0.798219
0.85398797	673	-0.112766 0.004549  0.785051
0.85904397	673	-0.125215 0.006704  0.768770
0.86410398	676	-0.124258 0.013168  0.772362
0.86915597	675	-0.118751 0.000000  0.769967
0.87417201	675	-0.128807 -0.000479  0.760391
0.87925996	677	-0.122821 0.007661  0.760870
0.88430795	677	-0.119709 0.003591  0.754405
0.88934793	676	-0.110850 -0.005507  0.753208
0.89442005	677	-0.115399 -0.008619  0.760151
0.89950799	676	-0.104626 -0.010534  0.749617
0.90460004	678	-0.103907 -0.000958  0.745547
0.90967998	677	-0.088106 -0.019393  0.762306
0.91476802	677	-0.081881 -0.022266  0.747462
0.91985206	678	-0.070149 -0.021308  0.756560
0.92492799	679	-0.064882 -0.018435  0.755602
0.93000802	678	-0.055784 -0.023224  0.750575
0.93510398	678	-0.050757 -0.038307  0.756560
0.94018402	677	-0.042377 -0.037828  0.761827
0.94527206	676	-0.042138 -0.031843  0.758236
0.95037593	676	-0.026097 -0.035434  0.761348
0.95545206	675	-0.028491 -0.041659  0.770925
0.96054000	676	-0.021548 -0.051475  0.771404
0.96562805	672	-0.020829 -0.046208  0.782896
0.97071599	671	-0.020351 -0.041419  0.782896
0.97580804	674	-0.017238 -0.041419  0.788163
0.98089199	671	-0.013407 -0.056024  0.800374
0.98598804	669	-0.018914 -0.050038  0.804204
0.99107599	669	-0.016759 -0.043335  0.811865
0.99617595	665	-0.015323 -0.040222  0.814260
1.00126004	666	-0.019393 -0.049559  0.820724
1.00636398	666	-0.014844 -0.053869  0.837244
1.01146805	665	-0.017956 -0.042138  0.844187
1.01658797	663	-0.027772 -0.036391  0.851130
1.02169203	662	-0.030406 -0.032561  0.866932
1.02680397	663	-0.030645 -0.028970  0.876508
1.03189599	661	-0.035913 -0.037828  0.904999
##inga 
#ido(sec)  szog(ADC)     ax(g)    ay(g)   az(g)
1.03753197	659	-0.047405 -0.036152  0.893507
1.04276001	656	-0.050996 -0.023942  0.912660
1.04797601	657	-0.039743 -0.026336  0.927983
1.05321204	654	-0.060094 -0.018675  0.934926
1.05828404	653	-0.073741 -0.020590  0.949052
1.06337201	649	-0.072783 -0.007661  0.971318
1.06845200	648	-0.087387 -0.001676  0.983289
1.07353603	645	-0.090739 0.001197  0.993823
1.07855999	645	-0.094331 0.002634  0.991429
1.08359599	642	-0.101034 0.003352  1.021595
1.08863603	642	-0.104865 0.012210  1.050326
1.09368001	640	-0.116118 0.007661  1.029257
1.09875202	637	-0.122582 0.016041  1.048650
1.10380399	634	-0.113723 0.019393  1.092463
1.10886800	632	-0.118272 0.011492  1.100125
1.11393201	629	-0.118751 0.023224  1.092224
1.11899602	629	-0.113005 0.022266  1.121193
1.12406003	627	-0.108696 0.013407  1.152557
1.12912404	624	-0.110611 0.011971  1.166683
1.13417196	622	-0.101513 0.011971  1.160937
1.13922798	616	-0.101034 0.024899  1.186554
1.14427196	616	-0.095288 0.017238  1.203792
1.14930796	615	-0.084993 0.000718  1.221030
1.15434801	611	-0.084275 0.001197  1.226776
1.15939605	609	-0.073022 0.002394  1.247366
1.16443598	607	-0.068952 -0.001915  1.254070
1.16951596	602	-0.060573 -0.006225  1.278970
1.17458403	596	-0.054348 -0.010056  1.287828
1.17967605	593	-0.040701 -0.016280  1.303630
1.18474805	592	-0.033997 -0.014365  1.325895
1.18984401	589	-0.025139 -0.025618  1.340260
1.19495594	588	-0.026815 -0.024181  1.335472
1.20005202	587	-0.028491 -0.014844  1.381680
1.20514404	585	-0.016520 -0.028251  1.406340
1.21023595	581	-0.016280 -0.028730  1.407058
1.21534001	577	-0.024899 -0.022026  1.410889
1.22044003	573	-0.014365 -0.017717  1.423099
1.22554802	572	-0.019393 -0.031603  1.435309
1.23065602	569	-0.018914 -0.027294  1.466673
1.23576796	564	-0.015323 -0.030167  1.476010
1.24088001	562	-0.022984 -0.019872  1.484869
1.24599194	557	-0.017956 -0.019393  1.505698
1.25110399	555	-0.021308 -0.021069  1.509050
1.25619995	550	-0.031124 -0.018675  1.514078
1.26131594	547	-0.031364 -0.010295  1.524852
1.26642394	545	-0.027294 -0.008858  1.528922
1.27152395	541	-0.044053 -0.009816  1.546878
1.27661204	538	-0.037828 -0.002873  1.542569
1.28170001	537	-0.045011 0.002394  1.565074
1.28674804	532	-0.049799 0.004310  1.587579
1.29180002	526	-0.062249 0.005028  1.592846
1.29685199	524	-0.072065 0.013647  1.577524
1.30190801	520	-0.075417 0.020590  1.605057
1.30695605	518	-0.075895 0.023224  1.617027
1.31199598	512	-0.088106 0.034476  1.625886
1.31704401	510	-0.091458 0.030645  1.616070
1.32209205	506	-0.100077 0.040701  1.625168
1.32713198	502	-0.098401 0.033997  1.642166
1.33217203	500	-0.103428 0.042138  1.639533
1.33722794	496	-0.114921 0.041419  1.635941
1.34229195	492	-0.108456 0.039504  1.632829
1.34734797	488	-0.103428 0.044771  1.654855
1.35240805	485	-0.100077 0.043335  1.661799
1.35746002	480	-0.101513 0.051714  1.653898
1.36251997	476	-0.100795 0.038067  1.647912
1.36756002	474	-0.092894 0.038067  1.662996
1.37259602	470	-0.084514 0.039265  1.677121
1.37764000	464	-0.085472 0.040462  1.650067
1.38268005	463	-0.075177 0.033997  1.646715
1.38771999	456	-0.063925 0.024899  1.650546
1.39277195	455	-0.060333 0.028970  1.646476
1.39781200	451	-0.049799 0.023942  1.641687
1.40285596	450	-0.049799 0.018675  1.629477
1.40790405	447	-0.036391 0.015802  1.632111
1.41297197	444	-0.040701 0.019393  1.632829
1.41801204	438	-0.027533 0.021548  1.627322
1.42307605	436	-0.022984 0.019632  1.619182
1.42814006	433	-0.026815 0.003831  1.614633
1.43319597	431	-0.021548 0.007661  1.618943
1.43825197	425	-0.018196 0.011253  1.602662
1.44329204	422	-0.020590 0.010534  1.578481
1.44832000	419	-0.009577 0.008140  1.587819
1.45335998	416	-0.005267 0.005746  1.583270
1.45838403	411	-0.007901 0.005985  1.572256
1.46342000	410	-0.005746 0.014604  1.566510
1.46844005	408	-0.008140 0.022745  1.542808
1.47348794	402	-0.002155 0.011731  1.541371
1.47854804	402	-0.007661 0.002873  1.530119
1.48358798	399	-0.009337 0.016041  1.513838
1.48863992	396	-0.008858 0.021308  1.497079
1.49369201	393	-0.009098 0.011731  1.499713
1.49873995	387	-0.012929 0.019153  1.469786
1.50379600	384	-0.012450 0.020351  1.461406
1.50883998	383	-0.017477 0.028012  1.452308
1.51387596	380	-0.017717 0.025139  1.441534
1.51891193	376	-0.018914 0.026336  1.428845
1.52396001	370	-0.022745 0.022505  1.391017
1.52900400	368	-0.032321 0.030167  1.391735
1.53405199	367	-0.035913 0.042616  1.395327
1.53909597	365	-0.045489 0.047644  1.372343
1.54414405	361	-0.046686 0.039504  1.344570
##inga 
#ido(sec)  szog(ADC)     ax(g)    ay(g)   az(g)
1.54973196	356	-0.050038 0.036391  1.326374
1.55497207	355	-0.059615 0.047884  1.326853
1.56019601	351	-0.063925 0.062727  1.307221
1.56542801	350	-0.065840 0.060094  1.282561
1.57048797	345	-0.070389 0.056024  1.266041
1.57553997	344	-0.069192 0.058657  1.255028
1.58058404	342	-0.071107 0.074459  1.246409
1.58562803	339	-0.087387 0.068234  1.215284
1.59067201	337	-0.077093 0.063685  1.201877
1.59571194	334	-0.079726 0.064164  1.187751
1.60073194	332	-0.074459 0.067995  1.183202
1.60577201	329	-0.080205 0.074459  1.157585
1.61081194	326	-0.073980 0.065122  1.144177
1.61585998	324	-0.066798 0.054587  1.132685
1.62090802	324	-0.066558 0.060573  1.113293
1.62597203	323	-0.065122 0.071107  1.085041
1.63102807	320	-0.055784 0.064403  1.087675
1.63609600	316	-0.047884 0.051475  1.074267
1.64115200	316	-0.035673 0.043095  1.052959
1.64619994	314	-0.036631 0.059615  1.031890
1.65124406	313	-0.032321 0.056263  1.026144
1.65628395	312	-0.011731 0.034955  1.011540
1.66132793	308	-0.016280 0.029209  1.005076
1.66636395	305	-0.005746 0.039983  0.971557
1.67139601	306	0.003352 0.037828  0.963656
1.67641997	304	0.003352 0.036391  0.958150
1.68145203	303	0.007661 0.023702  0.932293
1.68648395	301	0.011253 0.017238  0.932772
1.69152402	299	0.011731 0.032321  0.911463
1.69655599	297	0.011492 0.032561  0.897577
1.70159602	297	0.011253 0.022745  0.891352
1.70663595	295	0.012689 0.022266  0.873875
1.71166801	292	0.009098 0.020590  0.871481
1.71668004	291	0.008858 0.025378  0.849694
1.72169599	292	0.015802 0.031843  0.853045
1.72670803	289	0.016280 0.030885  0.831258
1.73172402	289	0.008380 0.024181  0.820724
1.73675594	287	0.002634 0.036631  0.815696
1.74179601	288	-0.000958 0.034955  0.814020
1.74684000	287	-0.002394 0.035673  0.802289
1.75188803	285	-0.006464 0.038067  0.792473
1.75693998	284	-0.012450 0.044292  0.785290
1.76199197	282	-0.022984 0.052432  0.775474
1.76704797	282	-0.028970 0.053151  0.772840
1.77208399	284	-0.035913 0.059136  0.757518
1.77712001	281	-0.040462 0.055306  0.758236
1.78216004	283	-0.046686 0.063206  0.763264
1.78719196	280	-0.050517 0.072304  0.747462
1.79222002	281	-0.050517 0.061052  0.742913
1.79726004	278	-0.057939 0.061530  0.742434
1.80229997	279	-0.058657 0.071346  0.740040
1.80734395	280	-0.054827 0.069192  0.742913
1.81239204	278	-0.062009 0.069431  0.735731
1.81743202	279	-0.058897 0.066319  0.731661
1.82248001	280	-0.061530 0.071586  0.726633
1.82752799	277	-0.058179 0.072304  0.734294
1.83259201	277	-0.060333 0.075656  0.729027
1.83763198	280	-0.054108 0.071346  0.734294
1.84267997	280	-0.046686 0.061052  0.731182
1.84772396	278	-0.044532 0.062967  0.737407
1.85275993	280	-0.045011 0.063685  0.741477
1.85780801	280	-0.038307 0.050996  0.735731
1.86284809	281	-0.021308 0.051714  0.744350
1.86788406	281	-0.029209 0.046926  0.742434
1.87292394	280	-0.018196 0.050038  0.745307
1.87797594	280	-0.012210 0.039025  0.753448
1.88303604	282	-0.006943 0.044292  0.758954
1.88808002	285	-0.001437 0.032082  0.758954
1.89313201	286	0.003112 0.032800  0.766137
1.89815607	284	0.002634 0.034955  0.773559
1.90319204	287	0.005267 0.025857  0.771164
1.90821599	288	0.004070 0.028251  0.781459
1.91321191	288	0.010295 0.022026  0.793909
1.91823596	287	0.013647 0.028730  0.803247
1.92326793	290	0.016759 0.022745  0.809232
1.92829999	290	0.006943 0.021548  0.820006
1.93333196	292	0.010295 0.024181  0.822879
1.93835601	291	0.011971 0.025139  0.837483
1.94340400	293	0.000958 0.030645  0.845863
1.94843196	296	-0.000718 0.028730  0.859989
1.95346794	297	-0.002394 0.034237  0.863819
1.95851192	296	-0.006704 0.032321  0.883691
1.96353998	300	-0.009098 0.033518  0.888240
1.96856002	302	-0.011492 0.041419  0.900689
1.97360000	302	-0.021787 0.045489  0.916012
1.97863998	305	-0.026575 0.047165  0.926786
1.98367595	307	-0.033040 0.051235  0.940912
1.98871192	308	-0.038307 0.044292  0.950728
1.99375610	310	-0.042856 0.053390  0.968924
1.99880399	313	-0.046686 0.048602  0.974670
2.00385189	314	-0.048841 0.058179  0.989514
2.00890398	314	-0.056742 0.056503  1.010103
2.01396393	317	-0.060333 0.059376  1.015849
2.01902389	320	-0.062009 0.058179  1.036200
2.02407193	320	-0.057460 0.057700  1.049607
2.02910804	320	-0.063206 0.057221  1.068282
2.03414392	320	-0.066079 0.058418  1.089111
2.03918004	325	-0.066319 0.055066  1.099646
2.04421997	327	-0.059376 0.059136  1.114011
2.04925990	330	-0.067516 0.056981  1.123587
2.05430388	332	-0.062967 0.053869  1.145135
##inga 
#ido(sec)  szog(ADC)     ax(g)    ay(g)   az(g)
2.05988788	331	-0.053630 0.055066  1.159740
2.06509590	337	-0.057221 0.056503  1.176499
2.07033205	340	-0.044771 0.047165  1.190146
2.07554411	342	-0.042616 0.042616  1.193019
2.08060789	343	-0.041659 0.041419  1.219594
2.08565592	345	-0.035434 0.042856  1.240902
2.09072399	347	-0.042616 0.040462  1.251915
2.09578800	352	-0.028012 0.035673  1.275378
2.10084009	355	-0.034476 0.023942  1.291898
2.10588788	357	-0.023702 0.033518  1.298602
2.11092400	359	-0.026575 0.028491  1.312727
2.11596393	361	-0.018435 0.025139  1.342176
2.12100005	364	-0.021548 0.022026  1.345767
2.12604808	368	-0.017956 0.015802  1.363963
2.13109993	371	-0.010056 0.021308  1.379764
2.13613200	373	-0.009098 0.008380  1.372103
2.14116406	380	-0.011731 0.013407  1.399397
2.14622807	382	-0.013407 0.015562  1.414241
2.15128397	384	-0.013407 0.016999  1.424057
2.15633201	385	-0.010774 0.010295  1.444407
2.16138792	389	-0.012210 0.008140  1.460927
2.16645193	392	-0.017238 0.006704  1.463800
2.17149996	394	-0.021787 0.015083  1.474574
2.17655992	400	-0.028730 0.016280  1.487981
2.18160390	404	-0.032321 0.019632  1.511205
2.18664407	407	-0.026575 0.012689  1.516472
2.19169592	408	-0.028970 0.015802  1.532513
2.19674801	411	-0.044053 0.020351  1.524852
2.20180010	412	-0.050278 0.028730  1.544484
2.20684003	415	-0.047884 0.023942  1.565792
2.21189188	417	-0.052432 0.022026  1.561243
2.21693992	422	-0.055545 0.022026  1.573932
2.22199988	424	-0.059854 0.034476  1.580875
2.22705197	429	-0.070149 0.031843  1.588537
2.23210406	434	-0.066558 0.030406  1.606972
2.23717188	436	-0.074459 0.029688  1.606972
2.24224400	438	-0.077093 0.032082  1.606254
2.24730801	445	-0.079726 0.033279  1.625407
2.25234794	447	-0.078050 0.037828  1.629238
2.25738406	451	-0.081402 0.027294  1.625407
2.26243209	451	-0.083557 0.033758  1.629956
2.26748394	456	-0.085712 0.039983  1.644800
2.27253198	457	-0.080205 0.031364  1.638096
2.27756810	462	-0.084993 0.024899  1.639533
2.28261995	465	-0.079966 0.031364  1.650067
2.28766393	469	-0.079966 0.020351  1.637139
2.29272389	470	-0.073980 0.021308  1.649828
2.29777598	475	-0.066798 0.019153  1.654855
2.30282807	476	-0.070868 0.017717  1.639533
2.30787992	483	-0.058657 0.017956  1.642885
2.31293201	486	-0.060573 0.015323  1.637617
2.31798791	491	-0.060812 0.007183  1.641209
2.32304406	495	-0.059136 -0.005507  1.631392
2.32811594	499	-0.052193 0.002155  1.635223
2.33315610	503	-0.053151 -0.007661  1.622774
2.33824801	503	-0.040701 -0.007901  1.626125
2.34332799	507	-0.038786 -0.007422  1.612239
2.34840393	511	-0.035194 -0.002394  1.612478
2.35349202	515	-0.031603 -0.009337  1.606732
2.35858392	517	-0.039983 -0.015083  1.589016
2.36367607	525	-0.031364 -0.013647  1.587579
2.36878395	526	-0.034237 -0.016041  1.595719
2.37386798	530	-0.036631 -0.011492  1.565792
2.37897205	534	-0.039025 -0.010295  1.567707
2.38405609	537	-0.032082 -0.024899  1.563637
2.38913989	540	-0.042138 -0.013407  1.551666
2.39424395	542	-0.042138 -0.011013  1.532752
2.39933991	546	-0.042377 -0.015323  1.523655
2.40443611	550	-0.057700 -0.011492  1.520781
2.40953207	551	-0.048362 -0.013647  1.511444
2.41462802	556	-0.047884 -0.007901  1.492291
2.41970801	560	-0.061291 -0.005267  1.484629
2.42479991	560	-0.059376 -0.000239  1.473137
2.42988395	567	-0.061770 -0.009577  1.460927
2.43497204	570	-0.065361 -0.005985  1.450872
2.44007205	572	-0.069910 0.000718  1.437225
2.44511604	575	-0.073262 -0.001915  1.422381
2.45021200	577	-0.091218 0.003112  1.406819
2.45526790	580	-0.083078 -0.013647  1.391975
2.46035599	582	-0.085712 -0.001676  1.380483
2.46546006	586	-0.086669 0.010056  1.361329
2.47050809	589	-0.093373 0.003591  1.350556
2.47556400	590	-0.088345 0.003831  1.332599
2.48059606	590	-0.093373 -0.005267  1.317516
2.48568391	593	-0.089782 0.001915  1.308897
2.49072790	598	-0.097443 0.003112  1.283279
2.49576807	602	-0.092655 -0.000479  1.270351
2.50084805	603	-0.091458 -0.001437  1.256943
2.50593996	608	-0.094570 0.004070  1.234198
2.51097607	609	-0.086669 -0.006464  1.233001
2.51606392	612	-0.085233 -0.001437  1.214566
2.52115988	614	-0.075656 -0.009098  1.204032
2.52624011	615	-0.080923 -0.012689  1.181048
2.53132390	621	-0.072544 -0.012689  1.166922
2.53641605	620	-0.067516 -0.014844  1.147050
2.54152393	623	-0.069431 -0.025139  1.130291
2.54662394	627	-0.057460 -0.023463  1.122630
2.55171608	630	-0.057221 -0.024421  1.102758
2.55683207	631	-0.056503 -0.021308  1.095336
2.56192803	632	-0.054108 -0.027294  1.076662
2.56703209	635	-0.047405 -0.035194  1.067803
##inga 
#ido(sec)  szog(ADC)     ax(g)    ay(g)   az(g)
2.57264804	637	-0.045729 -0.029927  1.042664
2.57788801	637	-0.042856 -0.029927  1.038115
2.58312010	641	-0.046208 -0.038786  1.014892
2.58834004	643	-0.038786 -0.038067  0.999808
2.59344005	645	-0.035913 -0.033279  0.979458
2.59854388	648	-0.042138 -0.033279  0.966769
2.60364007	650	-0.033040 -0.037110  0.954559
2.60871601	649	-0.040222 -0.034476  0.948573
2.61380004	651	-0.043335 -0.039265  0.932053
2.61889600	654	-0.046926 -0.039983  0.924152
2.62397193	656	-0.047405 -0.039743  0.910027
2.62905192	658	-0.052911 -0.035194  0.903323
2.63414001	659	-0.055306 -0.030406  0.897098
2.63921999	658	-0.057460 -0.028730  0.874832
2.64430403	661	-0.056024 -0.029448  0.870283
2.64938807	662	-0.062488 -0.031603  0.865256
2.65447592	664	-0.063206 -0.027054  0.849454
2.65955591	664	-0.066319 -0.026097  0.841314
2.66465592	664	-0.071346 -0.027294  0.841553
2.66975998	667	-0.073262 -0.017477  0.831977
2.67486405	669	-0.076374 -0.022505  0.817612
2.67996001	669	-0.079726 -0.018914  0.815457
2.68504810	669	-0.084514 -0.015323  0.801092
2.69013595	669	-0.087387 -0.016280  0.797979
2.69522809	670	-0.081641 -0.020590  0.789360
2.70030808	671	-0.083796 -0.014604  0.791994
2.70539593	671	-0.085233 -0.014365  0.783854
2.71050000	674	-0.094091 -0.011492  0.774995
2.71560406	672	-0.088824 -0.013168  0.783614
2.72069191	672	-0.090979 -0.008619  0.774516
2.72578406	675	-0.087148 -0.021069  0.768531
2.73087191	675	-0.083796 -0.017477  0.764221
2.73596405	672	-0.088345 -0.011971  0.754166
2.74105191	675	-0.080205 -0.014844  0.758715
2.74614810	673	-0.081881 -0.021787  0.768052
2.75124788	672	-0.069910 -0.023463  0.757997
2.75636005	674	-0.074459 -0.021548  0.763264
2.76146411	673	-0.070389 -0.021308  0.769249
2.76656389	675	-0.062249 -0.028012  0.759673
2.77166795	674	-0.064403 -0.028730  0.757278
2.77676796	674	-0.051714 -0.027054  0.769728
2.78187203	672	-0.047884 -0.027772  0.766137
2.78696799	674	-0.050757 -0.031364  0.766137
2.79207205	673	-0.044053 -0.034955  0.778108
2.79715204	672	-0.042616 -0.029927  0.783614
2.80224800	670	-0.044053 -0.030406  0.781938
2.80733604	670	-0.045729 -0.030645  0.781220
2.81241607	669	-0.043335 -0.031603  0.782417
2.81750793	668	-0.037828 -0.034476  0.797740
2.82258796	668	-0.041898 -0.030885  0.799176
2.82767200	664	-0.037349 -0.031843  0.802528
2.83275203	666	-0.039265 -0.032321  0.815457
2.83784389	665	-0.040462 -0.039743  0.828625
2.84293193	666	-0.044771 -0.033279  0.830301
2.84802389	663	-0.042856 -0.028491  0.839159
2.85311203	664	-0.050757 -0.019153  0.849215
2.85820007	663	-0.049799 -0.022266  0.857834
2.86329603	659	-0.051235 -0.017717  0.855679
2.86839599	660	-0.057700 -0.016759  0.872199
2.87348003	655	-0.061052 -0.026336  0.891831
2.87857198	657	-0.058179 -0.020590  0.898535
2.88366012	653	-0.065600 -0.019872  0.912421
2.88874797	654	-0.060812 -0.019393  0.920082
2.89384384	652	-0.070389 -0.011971  0.926547
2.89893198	649	-0.071346 -0.011013  0.948334
2.90403604	645	-0.073501 -0.011013  0.957192
2.90914011	645	-0.072304 -0.011253  0.968924
2.91423606	645	-0.081641 -0.006225  0.985443
2.91933202	643	-0.082360 -0.009577  1.000287
2.92442016	642	-0.081402 -0.007901  1.004118
2.92950010	638	-0.081641 -0.004549  1.037158
2.93460006	637	-0.088824 0.001437  1.036439
2.93966007	632	-0.079966 -0.002634  1.052480
2.94476013	633	-0.083557 -0.003591  1.062536
2.94986009	631	-0.082360 -0.004788  1.077140
2.95494794	626	-0.077811 -0.004070  1.098449
2.96003608	625	-0.080444 -0.002634  1.108744
2.96514396	624	-0.078290 -0.000239  1.123587
2.97022008	624	-0.077571 -0.001437  1.142262
2.97531204	618	-0.075417 -0.001197  1.154951
2.98040008	618	-0.074219 0.000239  1.160697
2.98544406	617	-0.073262 -0.004549  1.184639
2.99053592	611	-0.063685 -0.007183  1.201638
2.99561996	608	-0.058179 -0.012210  1.212651
3.00072002	609	-0.056263 -0.004070  1.230128
3.00580000	606	-0.056742 -0.009337  1.244015
3.01087594	602	-0.048841 -0.007901  1.255028
3.01594805	596	-0.048123 -0.013886  1.265802
3.02104401	595	-0.046686 -0.015083  1.284716
3.02613592	591	-0.037828 -0.018196  1.307460
3.03123211	589	-0.041659 -0.018914  1.331881
3.03632807	587	-0.041659 -0.014126  1.341458
3.04142808	586	-0.042856 -0.018914  1.341458
3.04653191	584	-0.042616 -0.014844  1.361569
3.05163598	579	-0.047165 -0.013407  1.384792
3.05672407	578	-0.041898 -0.011492  1.383595
3.06180810	575	-0.045729 -0.006464  1.410649
3.06690788	574	-0.044053 -0.012689  1.420465
3.07199597	570	-0.050517 -0.010774  1.423578
3.07708811	567	-0.050038 -0.005746  1.449435
3.08217191	561	-0.047884 -0.009098  1.456857
##inga 
#ido(sec)  szog(ADC)     ax(g)    ay(g)   az(g)
3.08780002	558	-0.055066 -0.001915  1.472180
3.09299993	555	-0.060094 -0.006225  1.478883
3.09822392	550	-0.057221 0.002394  1.492770
3.10342788	546	-0.065122 0.010534  1.503065
3.10849595	541	-0.059376 0.005746  1.520303
3.11353588	538	-0.065600 0.002873  1.524373
3.11855602	539	-0.069910 0.005028  1.537062
3.12360811	534	-0.068473 0.017956  1.549033
3.12865591	533	-0.069910 0.015323  1.555737
3.13370394	528	-0.075177 0.015083  1.572496
3.13876008	523	-0.074698 0.017956  1.556694
3.14380788	522	-0.068234 0.016041  1.569862
3.14885210	516	-0.080205 0.022266  1.586621
3.15389609	515	-0.080684 0.025139  1.588776
3.15894007	510	-0.082120 0.027054  1.600029
3.16400408	506	-0.073741 0.022505  1.600986
3.16906404	504	-0.072544 0.025139  1.612000
3.17413210	500	-0.080444 0.028491  1.606732
3.17917990	494	-0.085233 0.025857  1.636181
3.18423199	493	-0.068473 0.025378  1.624449
3.18928003	489	-0.069910 0.022745  1.622055
3.19432806	485	-0.065600 0.028491  1.628998
3.19936800	481	-0.071346 0.030645  1.628041
3.20441603	477	-0.067276 0.028730  1.634984
3.20946407	475	-0.057939 0.018914  1.625407
3.21451997	472	-0.056024 0.019153  1.632829
3.21955204	468	-0.056503 0.020590  1.627083
3.22460007	465	-0.054827 0.028491  1.635223
3.22964811	461	-0.048841 0.013407  1.632350
3.23470401	456	-0.044053 0.011492  1.626604
3.23974800	453	-0.043813 0.021069  1.620619
3.24481201	451	-0.042616 0.023224  1.622055
3.24987602	448	-0.033279 0.014844  1.621098
3.25494003	446	-0.030167 0.015562  1.618225
3.25999999	444	-0.032321 0.013407  1.608648
3.26505589	439	-0.033758 0.018675  1.602662
3.27010393	435	-0.026336 0.021308  1.603141
3.27515602	431	-0.029927 0.011731  1.579439
3.28020405	430	-0.025139 0.011492  1.585424
3.28525996	425	-0.024181 0.018196  1.576326
3.29032397	421	-0.020351 0.019632  1.566271
3.29537200	418	-0.025618 0.019632  1.555737
3.30043196	416	-0.025378 0.016999  1.550948
3.30548000	412	-0.027294 0.017956  1.545202
3.31053996	410	-0.029209 0.031603  1.528682
3.31558799	408	-0.020590 0.023463  1.517430
3.32063603	404	-0.030645 0.021548  1.510726
3.32570791	402	-0.031843 0.018914  1.501389
3.33076405	399	-0.036391 0.035434  1.479841
3.33582401	396	-0.037110 0.035434  1.481756
3.34087991	389	-0.040222 0.024660  1.468828
3.34591603	386	-0.039983 0.035913  1.448477
3.35095596	385	-0.042377 0.038786  1.444407
3.35599994	383	-0.041898 0.044292  1.427648
3.36104393	379	-0.047405 0.041898  1.414959
3.36608791	377	-0.047644 0.044771  1.396284
3.37112808	372	-0.048841 0.040940  1.379286
3.37615990	369	-0.046926 0.040940  1.374018
3.38121604	366	-0.052672 0.051954  1.363484
3.38626790	365	-0.057221 0.047884  1.346007
3.39132809	359	-0.057221 0.045968  1.331402
3.39637589	358	-0.050517 0.044053  1.317995
3.40143203	357	-0.051714 0.056024  1.296926
3.40649604	353	-0.045489 0.045729  1.273463
3.41153192	349	-0.053630 0.041659  1.275139
3.41657209	347	-0.052672 0.045968  1.269632
3.42161607	345	-0.055306 0.050996  1.234917
3.42665600	340	-0.053869 0.053390  1.219833
3.43168807	342	-0.046208 0.047644  1.216003
3.43673205	339	-0.044532 0.048123  1.194455
3.44178390	337	-0.041419 0.052432  1.179132
3.44683599	333	-0.044292 0.056503  1.158064
3.45189595	332	-0.037828 0.051954  1.152318
3.45695996	330	-0.035434 0.044771  1.133882
3.46201205	327	-0.028491 0.044053  1.115208
3.46706390	324	-0.035434 0.040222  1.099646
3.47212004	324	-0.025618 0.040222  1.085999
3.47719192	322	-0.024660 0.044292  1.074267
3.48224806	321	-0.029448 0.039265  1.057987
3.48729205	319	-0.023224 0.040701  1.050326
3.49234008	318	-0.013647 0.036870  1.033327
3.49739193	316	-0.018914 0.039983  1.017047
3.50243997	311	-0.005028 0.037349  1.005794
3.50747609	313	-0.011013 0.039504  0.992147
3.51250791	311	-0.008619 0.039743  0.977543
3.51755595	309	-0.011971 0.044053  0.963178
3.52259993	308	-0.009577 0.035673  0.959347
3.52764797	302	-0.011492 0.036152  0.934208
3.53269195	304	-0.012689 0.041419  0.927504
3.53774404	299	-0.019393 0.039025  0.927025
3.54279589	301	-0.010056 0.040222  0.902365
3.54784393	299	-0.013647 0.041180  0.891352
3.55289602	296	-0.017956 0.043574  0.880578
3.55794405	295	-0.012450 0.041180  0.876748
3.56297206	294	-0.019872 0.050038  0.853285
3.56802392	293	-0.017956 0.044532  0.838920
3.57307195	294	-0.020351 0.048841  0.842990
3.57811188	290	-0.022745 0.043335  0.829822
3.58314800	291	-0.025139 0.049799  0.818090
3.58818006	289	-0.030167 0.053151  0.812823
3.59322404	286	-0.035913 0.055784  0.796064
##inga 
#ido(sec)  szog(ADC)     ax(g)    ay(g)   az(g)
3.59880805	288	-0.035434 0.054827  0.797500
3.60401606	286	-0.036391 0.052672  0.791036
3.60924005	287	-0.036870 0.054348  0.776432
3.61443591	285	-0.033758 0.058179  0.782417
3.61949610	285	-0.038307 0.056742  0.771164
3.62453603	283	-0.037589 0.058897  0.768531
3.62958788	284	-0.033758 0.057460  0.768052
3.63463211	285	-0.041180 0.052672  0.750335
3.63965988	284	-0.042377 0.057700  0.765179
3.64470005	283	-0.038067 0.049559  0.746505
3.64974808	283	-0.037349 0.056503  0.747941
3.65478396	284	-0.036870 0.059136  0.739322
3.65982794	282	-0.029927 0.054827  0.741716
3.66487193	284	-0.023224 0.056503  0.738843
3.66993594	283	-0.029688 0.051235  0.737167
3.67498803	283	-0.023463 0.051235  0.740758
3.68003988	284	-0.024899 0.050996  0.742913
3.68509602	284	-0.022266 0.044532  0.739561
3.69014811	283	-0.011492 0.047405  0.734294
3.69519591	283	-0.011971 0.043813  0.751772
3.70023608	284	-0.012689 0.047884  0.744829
3.70527601	285	-0.011013 0.042856  0.740519
3.71031188	285	-0.012210 0.039504  0.755602
3.71533989	285	-0.009098 0.040462  0.750814
3.72036409	286	-0.010056 0.034955  0.759912
3.72540402	287	-0.013647 0.040462  0.767813
3.73043608	287	-0.005746 0.042616  0.764940
3.73547601	289	-0.009816 0.033040  0.779305
3.74052405	289	-0.010774 0.044532  0.787684
3.74557590	289	-0.017956 0.031124  0.787924
3.75062799	289	-0.011253 0.045729  0.797979
3.75569200	290	-0.012689 0.035434  0.804683
3.76074004	292	-0.012929 0.040462  0.805641
3.76578807	291	-0.014365 0.039025  0.820245
3.77082395	293	-0.016041 0.039025  0.822161
3.77586793	295	-0.022984 0.040222  0.832934
3.78091192	297	-0.024899 0.041180  0.845623
3.78595209	295	-0.028491 0.046926  0.852088
3.79099988	298	-0.033997 0.046208  0.861186
3.79604411	299	-0.029688 0.043335  0.870523
3.80109596	302	-0.027533 0.045968  0.890155
3.80615596	303	-0.031124 0.045011  0.896619
3.81121616	305	-0.041180 0.047165  0.902365
3.81626396	304	-0.038307 0.050517  0.922237
3.82132005	305	-0.034237 0.051235  0.926547
3.82637996	308	-0.043574 0.054587  0.945940
3.83143215	309	-0.040462 0.046447  0.952404
3.83646392	313	-0.047644 0.041898  0.969163
3.84149188	313	-0.046447 0.052432  0.984725
3.84652805	316	-0.033997 0.047644  1.000766
3.85156803	317	-0.043095 0.045968  1.012737
3.85660409	320	-0.038067 0.045729  1.023511
3.86165599	320	-0.040940 0.043095  1.026623
3.86668395	321	-0.037589 0.044292  1.048171
3.87172794	321	-0.032321 0.049799  1.067324
3.87679195	324	-0.038307 0.039743  1.079056
3.88183994	328	-0.036391 0.037110  1.096054
3.88688392	330	-0.033040 0.046447  1.108504
3.89192790	330	-0.029448 0.037349  1.128855
3.89697599	332	-0.028970 0.035434  1.128376
3.90201587	335	-0.030885 0.035194  1.148247
3.90705604	339	-0.019632 0.028730  1.156388
3.91210384	341	-0.032321 0.034476  1.183921
3.91715192	340	-0.031843 0.031364  1.199722
3.92219591	345	-0.028012 0.034955  1.212411
3.92723989	347	-0.032082 0.035673  1.219594
3.93228006	351	-0.023224 0.033040  1.240184
3.93733596	352	-0.024181 0.034237  1.251437
3.94239215	357	-0.028730 0.034476  1.272266
3.94743614	358	-0.030885 0.034237  1.282561
3.95248394	359	-0.033518 0.029927  1.303869
3.95754413	364	-0.037110 0.026336  1.319192
3.96261196	366	-0.036152 0.035194  1.321825
3.96767215	370	-0.034716 0.031603  1.336430
3.97271995	371	-0.035434 0.027294  1.365160
3.97776794	379	-0.040940 0.033040  1.374018
3.98279590	381	-0.041180 0.031603  1.380962
3.98783206	382	-0.043574 0.037110  1.391017
3.99286384	384	-0.045729 0.034476  1.411607
3.99792003	388	-0.044771 0.031843  1.430760
4.00296020	390	-0.046208 0.034476  1.440816
4.00800418	396	-0.052193 0.032561  1.437943
4.01305580	398	-0.040940 0.022026  1.464279
4.01810407	401	-0.053390 0.033279  1.474334
4.02314805	405	-0.041180 0.025618  1.492051
4.02820014	407	-0.049799 0.024899  1.501868
4.03328418	408	-0.056503 0.023942  1.511684
4.03834009	409	-0.045968 0.025857  1.512881
4.04340410	414	-0.047405 0.024899  1.529640
4.04844808	418	-0.049799 0.026575  1.535386
4.05349206	419	-0.048841 0.018675  1.551188
4.05855178	422	-0.052193 0.021548  1.556455
4.06360816	424	-0.050278 0.017238  1.566271
4.06864404	430	-0.054108 0.019393  1.564834
4.07368803	433	-0.044053 0.020590  1.578002
4.07872819	436	-0.050757 0.018675  1.584467
4.08378410	440	-0.051475 0.017956  1.590213
4.08881998	443	-0.049799 0.015562  1.593086
4.09387588	447	-0.048602 0.015083  1.594043
4.09892797	450	-0.048362 0.014844  1.604099
4.10397195	453	-0.051954 0.013647  1.611521
##inga 
#ido(sec)  szog(ADC)     ax(g)    ay(g)   az(g)
4.10956811	454	-0.045489 0.016999  1.621337
4.11481618	458	-0.050038 0.014604  1.608648
4.12003612	460	-0.049799 0.006464  1.620140
4.12524414	466	-0.052432 0.004788  1.617985
4.13030385	469	-0.050996 0.017238  1.626365
4.13533592	472	-0.049559 0.006704  1.632111
4.14037609	475	-0.054348 0.004549  1.627562
4.14540386	477	-0.053630 0.017956  1.618943
4.15045213	482	-0.054348 0.009577  1.611042
4.15549993	487	-0.051954 0.011731  1.610084
4.16054391	490	-0.050996 0.002394  1.619900
4.16559600	495	-0.050038 -0.003352  1.611042
4.17067623	497	-0.056503 0.006943  1.612718
4.17573213	503	-0.053869 0.009577  1.599789
4.18078804	503	-0.054587 0.005507  1.603381
4.18584823	506	-0.057460 -0.004310  1.598592
4.19093179	510	-0.057221 0.003591  1.582312
4.19600820	515	-0.064164 0.009098  1.593325
4.20105218	518	-0.069192 0.007422  1.579678
4.20609998	523	-0.066558 0.005746  1.570820
4.21113204	523	-0.064882 0.002634  1.566031
4.21616792	528	-0.067995 0.008619  1.554061
4.22120380	533	-0.067755 0.006943  1.548793
4.22624397	534	-0.069671 0.005028  1.544963
4.23129177	538	-0.074698 0.005028  1.531795
4.23634004	538	-0.073501 0.002634  1.520781
4.24138784	542	-0.073501 0.006704  1.514078
4.24643611	548	-0.064403 -0.000718  1.498755
4.25152397	550	-0.076135 0.000239  1.498755
4.25657987	552	-0.079247 0.000958  1.476968
4.26164388	557	-0.073980 0.002155  1.467152
4.26669979	560	-0.075656 -0.001915  1.466434
4.27179622	561	-0.070868 -0.004070  1.448238
4.27687215	568	-0.063925 -0.010534  1.428845
4.28196001	571	-0.068234 -0.004070  1.415917
4.28704023	571	-0.073022 -0.008380  1.402030
4.29211997	575	-0.070628 -0.015802  1.391017
4.29719591	577	-0.065361 -0.011971  1.372821
4.30228376	579	-0.063925 -0.009816  1.369470
4.30737209	584	-0.062249 -0.003591  1.345767
4.31245994	585	-0.063446 -0.013168  1.341218
4.31755208	590	-0.059136 -0.016041  1.317995
4.32264804	591	-0.057700 -0.016520  1.301235
4.32772779	592	-0.058418 -0.016759  1.296687
4.33282423	593	-0.052432 -0.022984  1.278251
4.33792018	599	-0.060812 -0.024181  1.264126
4.34300804	601	-0.058418 -0.023463  1.247845
4.34811210	605	-0.055545 -0.019632  1.243057
4.35319995	607	-0.056503 -0.022266  1.224861
4.35829591	611	-0.059854 -0.021548  1.208341
4.36338806	612	-0.060094 -0.021787  1.190146
4.36847591	614	-0.059615 -0.020829  1.173147
4.37356376	617	-0.047884 -0.016280  1.170513
4.37865209	619	-0.056981 -0.024181  1.160697
4.38374805	622	-0.057700 -0.022266  1.125982
4.38884019	624	-0.058418 -0.021069  1.125503
4.39393186	627	-0.057700 -0.016280  1.102519
4.39902019	629	-0.060333 -0.024899  1.089830
4.40410804	628	-0.060573 -0.030406  1.073789
4.40920019	632	-0.058179 -0.022266  1.062057
4.41430377	633	-0.057460 -0.020351  1.044340
4.41939592	635	-0.066558 -0.024421  1.031651
4.42448377	637	-0.063206 -0.024660  1.016328
4.42958021	640	-0.064643 -0.025139  1.006033
4.43469190	642	-0.068952 -0.015802  0.994781
4.43979597	642	-0.073501 -0.015083  0.982810
4.44488811	646	-0.067276 -0.020829  0.964854
4.44997978	647	-0.066798 -0.021069  0.957910
4.45506811	647	-0.073262 -0.019632  0.944742
4.46017217	650	-0.075417 -0.010295  0.935166
4.46526002	652	-0.073501 -0.011253  0.927744
4.47035217	653	-0.074219 -0.024660  0.913858
4.47544002	655	-0.079247 -0.022026  0.893268
4.48051977	656	-0.076135 -0.019632  0.891592
4.48561191	658	-0.072304 -0.021787  0.885846
4.49069595	659	-0.079008 -0.016280  0.870523
4.49577617	659	-0.078529 -0.017717  0.855918
4.50086402	658	-0.070149 -0.016999  0.855679
4.50594377	663	-0.073980 -0.015802  0.840835
4.51103210	663	-0.072783 -0.022266  0.837244
4.51612806	663	-0.071586 -0.025618  0.830061
4.52122783	666	-0.070389 -0.024899  0.811626
4.52630805	666	-0.068234 -0.016999  0.822639
4.53140783	667	-0.067755 -0.023702  0.813541
4.53649187	665	-0.064403 -0.027533  0.803007
4.54157590	667	-0.065600 -0.025378  0.796543
4.54667186	667	-0.065600 -0.022505  0.795346
4.55176019	668	-0.062967 -0.027294  0.789839
4.55685997	666	-0.057221 -0.030167  0.791276
4.56194782	666	-0.056981 -0.037828  0.776432
4.56703615	669	-0.051235 -0.026815  0.773559
4.57214403	670	-0.051954 -0.029927  0.774995
4.57725191	670	-0.055066 -0.028730  0.774277
4.58234786	667	-0.051714 -0.033279  0.774995
4.58744812	667	-0.051954 -0.032321  0.771164
4.59253597	668	-0.051714 -0.031843  0.762785
4.59763193	668	-0.052193 -0.030167  0.766616
4.60271978	670	-0.053151 -0.037349  0.763503
4.60781192	667	-0.050996 -0.034716  0.762546
4.61289978	669	-0.053630 -0.031124  0.764461
4.61800003	669	-0.050038 -0.026336  0.776911
##inga 
#ido(sec)  szog(ADC)     ax(g)    ay(g)   az(g)
4.62364006	668	-0.058179 -0.025378  0.783854
4.62888002	665	-0.053390 -0.028730  0.778586
4.63409185	669	-0.056263 -0.032082  0.775474
4.63931179	668	-0.059376 -0.016280  0.787206
4.64439201	668	-0.062009 -0.024899  0.788881
4.64947223	666	-0.062488 -0.016759  0.794149
4.65455198	665	-0.056742 -0.023463  0.797979
4.65962791	666	-0.069910 -0.016999  0.801571
4.66471195	666	-0.063446 -0.021548  0.808514
4.66980791	665	-0.067995 -0.025378  0.814499
4.67489576	662	-0.069431 -0.016041  0.816654
4.67998790	664	-0.072544 -0.012689  0.834131
4.68508005	662	-0.071346 -0.018196  0.840117
4.69016408	658	-0.070868 -0.014844  0.855679
4.69525623	658	-0.067755 -0.015323  0.861425
4.70033979	657	-0.066319 -0.011013  0.864777
4.70542383	656	-0.068952 -0.010774  0.880578
4.71050786	654	-0.072544 -0.015083  0.880578
4.71558809	653	-0.067037 -0.010774  0.897338
4.72067594	653	-0.069192 -0.013647  0.902365
4.72576379	651	-0.066798 -0.005267  0.921519
4.73085212	650	-0.072544 -0.008619  0.922955
4.73595619	646	-0.066319 -0.014844  0.934208
4.74104404	645	-0.066558 -0.014844  0.952164
4.74612379	644	-0.065840 -0.017238  0.955995
4.75121212	641	-0.059854 -0.009098  0.978261
4.75629997	639	-0.057700 -0.014844  0.987598
4.76139211	639	-0.066798 -0.018914  0.997175
4.76651191	635	-0.057700 -0.017477  0.999569
4.77160406	633	-0.057460 -0.013168  1.023032
4.77671194	634	-0.056742 -0.011731  1.030454
4.78182792	630	-0.059854 -0.023702  1.044819
4.78693199	630	-0.057700 -0.018914  1.058705
4.79201984	628	-0.054348 -0.013168  1.076422
4.79713582	626	-0.056742 -0.016041  1.088154
4.80223989	625	-0.053630 -0.016280  1.105152
4.80734014	619	-0.059615 -0.014365  1.126221
4.81244421	619	-0.055306 -0.013886  1.138910
4.81754779	617	-0.055306 -0.009577  1.149445
4.82264423	616	-0.053390 -0.015083  1.170513
4.82772016	612	-0.052432 -0.008858  1.179132
4.83280420	610	-0.057221 -0.009098  1.187751
4.83788394	608	-0.059136 -0.011013  1.207144
4.84297990	604	-0.052672 -0.013886  1.228452
4.84807205	602	-0.055784 -0.011731  1.240423
4.85317611	597	-0.066079 -0.009816  1.252634
4.85825204	592	-0.056742 -0.007901  1.264844
4.86333608	590	-0.055545 -0.006225  1.289983
4.86842012	590	-0.058657 -0.008858  1.298362
4.87349987	589	-0.057221 -0.006225  1.312249
4.87858819	586	-0.056263 -0.001915  1.328290
4.88365983	584	-0.062727 -0.004310  1.335472
4.88875579	581	-0.063925 -0.004549  1.344331
4.89384412	579	-0.064882 -0.009816  1.362766
4.89894390	575	-0.062727 -0.002394  1.371385
4.90402793	573	-0.063206 0.001915  1.399157
4.90907621	570	-0.064643 0.005985  1.402030
4.91411590	568	-0.070628 0.005028  1.412325
4.91916418	562	-0.067516 0.001915  1.425493
4.92421197	560	-0.071825 0.011253  1.437943
4.92927980	556	-0.072065 0.013407  1.453266
4.93435192	553	-0.066798 0.008380  1.466194
4.93941593	548	-0.063446 0.008140  1.478165
4.94445610	546	-0.069910 0.012210  1.480559
4.94948005	542	-0.063685 0.008619  1.497558
4.95452404	540	-0.068234 0.010056  1.511444
4.95956802	536	-0.066079 0.005746  1.512641
4.96459197	536	-0.066558 0.011492  1.527964
4.96963977	530	-0.063206 0.019632  1.527485
4.97468376	527	-0.062727 0.010295  1.540174
4.97974014	523	-0.059615 0.011492  1.540174
4.98479604	522	-0.059136 0.006943  1.560285
4.98985195	517	-0.060094 0.007183  1.567947
4.99490022	514	-0.055306 0.014126  1.577524
4.99996423	508	-0.052911 0.011492  1.571299
5.00502777	505	-0.050996 0.010295  1.589255
5.01007604	503	-0.052432 0.014604  1.591888
5.01513576	502	-0.053390 0.009577  1.592846
5.02018785	496	-0.050757 0.005028  1.598113
5.02522420	494	-0.051235 0.011492  1.599550
5.03025197	487	-0.049799 0.006225  1.608169
5.03528785	484	-0.048841 0.015562  1.599550
5.04033613	481	-0.050278 0.013647  1.605057
5.04538822	478	-0.047884 0.010774  1.606254
5.05044412	472	-0.054827 0.016041  1.608408
5.05547618	473	-0.046208 0.016999  1.610084
5.06052398	467	-0.054827 0.020351  1.607211
5.06558418	464	-0.051475 0.022745  1.621576
5.07063579	461	-0.049799 0.013647  1.606493
5.07569599	458	-0.045250 0.013407  1.606972
5.08075618	452	-0.052911 0.024181  1.613436
5.08580398	449	-0.055306 0.026336  1.597395
5.09086418	447	-0.047165 0.022984  1.600508
5.09592008	446	-0.048841 0.019872  1.581833
5.10095596	443	-0.044532 0.028012  1.590452
5.10600805	440	-0.045489 0.029927  1.583509
5.11105203	435	-0.052672 0.027294  1.575369
5.11610794	432	-0.050757 0.028012  1.568665
5.12115621	430	-0.047884 0.022984  1.571777
5.12620019	424	-0.039504 0.032082  1.557891
5.13124418	420	-0.047165 0.030645  1.548075
##inga 
#ido(sec)  szog(ADC)     ax(g)    ay(g)   az(g)
5.13684797	421	-0.038786 0.025139  1.537780
5.14209604	414	-0.046447 0.029448  1.526527
5.14733219	409	-0.046926 0.029688  1.522218
5.15256786	411	-0.048362 0.040222  1.508092
5.15762376	406	-0.046208 0.029688  1.504262
5.16269588	403	-0.040701 0.034716  1.494924
5.16774797	400	-0.046926 0.033758  1.477447
5.17280006	399	-0.046447 0.032561  1.460688
5.17784786	397	-0.038307 0.037110  1.458294
5.18287611	392	-0.046447 0.031124  1.444886
5.18791580	387	-0.042616 0.029688  1.430282
5.19296789	387	-0.037589 0.034955  1.423578
5.19802379	384	-0.046926 0.039743  1.404903
5.20307207	380	-0.034237 0.038786  1.397721
5.20813179	377	-0.030885 0.033997  1.381201
5.21316003	372	-0.037349 0.033518  1.365639
5.21821594	370	-0.038067 0.034476  1.352471
5.22326421	367	-0.037589 0.036391  1.342176
5.22831583	367	-0.035673 0.041419  1.330684
5.23337984	363	-0.030885 0.031843  1.324220
5.23844003	360	-0.035673 0.040940  1.293574
5.24349594	358	-0.034476 0.042138  1.287589
5.24854421	355	-0.023942 0.037110  1.273224
5.25357580	353	-0.026336 0.038786  1.266041
5.25861597	350	-0.027294 0.033758  1.247366
5.26366806	345	-0.024421 0.039743  1.227495
5.26872777	345	-0.028012 0.038067  1.208102
5.27375602	343	-0.029448 0.038307  1.193019
5.27881622	342	-0.032321 0.036870  1.187751
5.28386020	340	-0.028251 0.039265  1.171710
5.28891611	336	-0.026815 0.039983  1.158782
5.29396820	333	-0.030885 0.042616  1.144896
5.29901218	333	-0.026815 0.043335  1.126461
5.30408000	331	-0.025378 0.042138  1.113293
5.30914020	328	-0.028970 0.045011  1.097012
5.31419181	324	-0.037589 0.043095  1.080971
5.31924390	324	-0.033040 0.045011  1.073070
5.32428789	323	-0.035913 0.048841  1.044819
5.32933187	321	-0.030645 0.040222  1.042185
5.33436822	317	-0.033518 0.048123  1.035482
5.33939981	316	-0.036152 0.051954  1.020638
5.34444379	316	-0.041180 0.051235  1.008906
5.34948015	313	-0.036870 0.049081  0.990950
5.35450410	312	-0.035913 0.055306  0.973472
5.35955619	312	-0.031843 0.057221  0.960305
5.36461591	309	-0.034476 0.049559  0.948334
5.36967182	309	-0.030885 0.053151  0.926547
5.37472391	308	-0.034476 0.055784  0.927025
5.37978410	304	-0.037828 0.047884  0.910506
5.38482379	302	-0.033518 0.050038  0.903563
5.38987207	303	-0.035913 0.045729  0.898774
5.39491176	299	-0.029688 0.047644  0.882733
5.39994812	300	-0.032321 0.050517  0.869326
5.40499210	298	-0.023224 0.053390  0.858073
5.41003608	295	-0.023702 0.047884  0.850891
5.41508817	294	-0.027533 0.047405  0.850651
5.42013597	296	-0.019872 0.051714  0.844666
5.42517995	294	-0.019632 0.047165  0.826470
5.43022823	294	-0.016759 0.042377  0.816175
5.43527603	293	-0.014844 0.054827  0.815696
5.44033193	293	-0.013886 0.043574  0.804204
5.44539213	290	-0.018196 0.045250  0.800134
5.45043611	290	-0.012210 0.047644  0.793430
5.45547580	289	-0.008858 0.041180  0.784572
5.46049976	289	-0.017956 0.048841  0.776671
5.46554422	288	-0.011731 0.037589  0.770686
5.47058820	288	-0.008380 0.042377  0.767334
5.47561216	286	-0.008858 0.044771  0.767094
5.48063611	288	-0.018196 0.042138  0.766137
5.48568010	287	-0.013407 0.042138  0.765658
5.49071216	284	-0.014126 0.042377  0.757757
5.49577617	284	-0.010295 0.046926  0.751293
5.50082397	286	-0.015802 0.049799  0.759912
5.50585985	286	-0.019872 0.041659  0.756081
5.51091623	288	-0.017238 0.037110  0.761348
5.51596784	287	-0.017956 0.050517  0.747941
5.52102422	287	-0.022505 0.049799  0.748420
5.52607202	287	-0.025139 0.045011  0.750096
5.53111219	286	-0.023224 0.048841  0.746983
5.53615999	285	-0.026336 0.044292  0.750096
5.54121208	286	-0.029688 0.052911  0.759433
5.54625177	289	-0.027294 0.050038  0.758954
5.55129623	288	-0.028970 0.053151  0.764940
5.55633592	290	-0.030885 0.046686  0.778108
5.56137180	290	-0.030645 0.050517  0.765179
5.56640005	290	-0.034476 0.046926  0.779065
5.57144784	290	-0.030167 0.049320  0.782896
5.57649612	292	-0.037828 0.055545  0.786487
5.58155584	290	-0.036391 0.046208  0.789839
5.58661603	293	-0.032082 0.053151  0.797022
5.59165191	293	-0.035434 0.051954  0.805641
5.59668779	294	-0.032800 0.046208  0.808514
5.60171222	296	-0.031843 0.047405  0.817612
5.60676002	298	-0.029927 0.045489  0.819527
5.61180400	299	-0.033279 0.045250  0.833413
5.61683988	300	-0.029209 0.049081  0.846102
5.62188816	301	-0.030167 0.044771  0.844426
5.62694406	302	-0.026097 0.043095  0.849694
5.63199186	303	-0.024660 0.040701  0.866692
5.63704013	302	-0.024181 0.040462  0.884170
5.64209222	306	-0.023942 0.040462  0.889676
##inga 
#ido(sec)  szog(ADC)     ax(g)    ay(g)   az(g)
5.64769220	305	-0.022266 0.042616  0.898295
5.65292406	308	-0.023942 0.042616  0.908111
5.65814781	310	-0.020111 0.043335  0.922477
5.66337203	310	-0.020590 0.037828  0.943066
5.66840791	315	-0.020111 0.040222  0.956234
5.67344808	315	-0.016759 0.035673  0.961262
5.67848014	316	-0.015323 0.043095  0.973233
5.68352413	319	-0.023942 0.040940  0.979937
5.68856000	319	-0.022266 0.042138  0.991908
5.69359588	319	-0.024660 0.038067  1.012737
5.69863605	318	-0.024181 0.035913  1.018244
5.70370006	322	-0.023463 0.034237  1.037636
5.70875978	323	-0.025378 0.034716  1.039552
5.71381616	328	-0.027054 0.037349  1.064691
5.71887207	328	-0.018435 0.042377  1.085041
5.72392416	331	-0.029688 0.037589  1.097491
5.72898387	332	-0.029927 0.035673  1.112814
5.73404788	335	-0.032321 0.039265  1.131488
5.73909997	339	-0.038546 0.042138  1.139629
5.74416017	339	-0.038786 0.037349  1.164767
5.74920415	342	-0.038307 0.040222  1.163331
5.75424003	343	-0.037828 0.040701  1.183921
5.75927591	345	-0.042616 0.036391  1.194694
5.76431179	349	-0.047405 0.038546  1.201877
5.76935195	351	-0.040701 0.046926  1.223664
5.77439594	353	-0.044532 0.044053  1.244493
5.77944803	357	-0.047884 0.040222  1.261971
5.78450012	356	-0.046686 0.032800  1.263886
5.78953981	358	-0.045968 0.037349  1.275857
5.79459190	364	-0.050278 0.045489  1.295250
5.79962396	365	-0.049559 0.040701  1.312009
5.80467987	369	-0.053390 0.036391  1.325417
5.80971622	373	-0.051235 0.028970  1.333796
5.81475591	376	-0.054827 0.039504  1.351274
5.81979179	378	-0.045011 0.037349  1.369709
5.82484006	382	-0.048602 0.033518  1.376173
5.82986783	384	-0.048602 0.039504  1.391975
5.83491182	386	-0.048602 0.030406  1.402509
5.83995580	390	-0.049320 0.039504  1.414719
5.84499216	394	-0.048362 0.026815  1.425733
5.85004377	395	-0.043574 0.028730  1.437225
5.85509204	400	-0.036391 0.028491  1.450393
5.86015605	405	-0.039504 0.021787  1.464279
5.86522006	407	-0.040701 0.022026  1.473377
5.87027978	408	-0.032082 0.022745  1.490375
5.87533998	410	-0.031124 0.015083  1.494685
5.88040781	413	-0.030885 0.024899  1.506177
5.88545608	416	-0.033518 0.016520  1.507614
5.89049577	418	-0.031364 0.018914  1.515754
5.89554405	422	-0.027772 0.015802  1.536583
5.90057992	425	-0.035434 0.011013  1.540893
5.90563201	429	-0.035673 0.013647  1.550948
5.91067600	433	-0.039983 0.019632  1.550948
5.91573190	434	-0.034716 0.008140  1.555976
5.92077207	436	-0.036391 0.010056  1.573453
5.92581987	442	-0.041180 0.005746  1.560046
5.93087577	446	-0.045968 0.015562  1.575608
5.93593215	447	-0.045968 0.013647  1.583509
5.94100379	450	-0.048841 0.010534  1.583270
5.94606399	453	-0.051235 0.011731  1.586143
5.95113182	457	-0.050996 0.011492  1.594043
5.95618009	459	-0.049320 0.011492  1.587579
5.96122789	463	-0.056503 0.014126  1.598113
5.96625185	466	-0.056981 0.009098  1.601705
5.97129201	469	-0.063446 0.011492  1.597156
5.97634792	473	-0.063446 0.016280  1.595480
5.98139619	477	-0.062009 0.018196  1.603620
5.98642015	480	-0.062009 0.013886  1.597395
5.99145984	484	-0.067516 0.012929  1.595959
5.99651193	486	-0.065840 0.010056  1.594283
6.00156402	490	-0.058897 0.014604  1.591888
6.00662422	495	-0.065122 0.016041  1.589494
6.01168012	498	-0.066319 0.008380  1.592128
6.01674795	500	-0.069192 0.012210  1.576087
6.02180814	504	-0.073501 0.013647  1.571777
6.02685213	506	-0.071825 0.018196  1.577045
6.03191184	508	-0.071107 0.007901  1.576566
6.03695583	514	-0.077571 0.016759  1.566989
6.04200410	518	-0.077571 0.018435  1.569862
6.04705190	521	-0.075656 0.012450  1.548315
6.05210399	525	-0.074219 0.004310  1.538498
6.05714416	528	-0.072304 0.004549  1.540174
6.06218814	530	-0.062009 -0.003352  1.529879
6.06726789	536	-0.071107 0.004549  1.511205
6.07230806	537	-0.071825 0.004549  1.508811
6.07737207	538	-0.059615 -0.004788  1.506895
6.08245992	543	-0.065600 -0.006464  1.495403
6.08754014	546	-0.062009 -0.008380  1.485826
6.09263181	550	-0.056981 -0.001915  1.475292
6.09771585	551	-0.052911 -0.006225  1.454223
6.10280418	556	-0.056981 -0.008858  1.447280
6.10789585	561	-0.050996 -0.009816  1.443928
6.11299610	561	-0.057939 -0.013168  1.436267
6.11810016	565	-0.055784 -0.010056  1.415198
6.12319612	568	-0.058657 -0.011492  1.401312
6.12830018	572	-0.049559 -0.012929  1.385510
6.13339996	572	-0.045968 -0.016999  1.382877
6.13848400	576	-0.050278 -0.014365  1.358456
6.14357614	579	-0.055066 -0.023942  1.347922
6.14865589	583	-0.050278 -0.015802  1.336430
6.15373182	586	-0.048841 -0.024421  1.318474
##inga 
#ido(sec)  szog(ADC)     ax(g)    ay(g)   az(g)
6.15936803	585	-0.055784 -0.020351  1.301475
6.16463184	590	-0.061052 -0.016280  1.288786
6.16987991	590	-0.051714 -0.022745  1.280167
6.17512798	593	-0.058897 -0.016999  1.264365
6.18020820	596	-0.058418 -0.018196  1.248803
6.18530416	600	-0.062488 -0.013647  1.230128
6.19040012	601	-0.064882 -0.016280  1.227255
6.19548797	605	-0.065361 -0.018914  1.213848
6.20058822	608	-0.074938 -0.013886  1.188709
6.20566797	610	-0.066319 -0.013168  1.181048
6.21076393	612	-0.064882 -0.015562  1.159021
6.21586418	616	-0.067755 -0.018196  1.145853
6.22095584	617	-0.070628 -0.013647  1.129812
6.22604799	619	-0.073262 -0.016999  1.115926
6.23115205	621	-0.069431 -0.016520  1.108025
6.23625612	624	-0.072304 -0.016280  1.088632
6.24134778	626	-0.074938 -0.015323  1.085041
6.24644422	627	-0.075417 -0.016759  1.066846
6.25154399	629	-0.069671 -0.012929  1.048889
6.25663995	632	-0.072783 -0.017717  1.038834
6.26174402	634	-0.078050 -0.015323  1.017525
6.26683998	634	-0.071346 -0.016520  1.018004
6.27193593	637	-0.071346 -0.016520  1.008667
6.27703189	639	-0.075895 -0.019632  0.986880
6.28212404	639	-0.073022 -0.019153  0.975388
6.28722381	643	-0.069671 -0.023942  0.967726
6.29233217	646	-0.067037 -0.026575  0.946179
6.29743194	645	-0.070868 -0.018196  0.936363
6.30251216	647	-0.069671 -0.021548  0.927025
6.30761623	647	-0.072783 -0.025378  0.913618
6.31271600	650	-0.067755 -0.025378  0.899971
6.31781196	652	-0.061052 -0.024181  0.896859
6.32291984	653	-0.058657 -0.027772  0.896859
6.32801580	655	-0.059854 -0.027533  0.888240
6.33311986	653	-0.057221 -0.033518  0.865974
6.33822822	658	-0.056742 -0.029688  0.861904
6.34332799	657	-0.056981 -0.028491  0.854961
6.34842395	659	-0.053630 -0.029688  0.837244
6.35351610	659	-0.053151 -0.037349  0.841075
6.35860013	660	-0.056503 -0.032082  0.829343
6.36367988	661	-0.054348 -0.027533  0.832695
6.36877202	662	-0.056263 -0.032082  0.816893
6.37385177	663	-0.054587 -0.030406  0.811147
6.37892818	664	-0.057700 -0.026575  0.802289
6.38401603	664	-0.058897 -0.031124  0.801571
6.38910388	665	-0.058179 -0.025857  0.802528
6.39419984	665	-0.055306 -0.024660  0.791036
6.39927577	666	-0.065600 -0.030406  0.782178
6.40436792	665	-0.067037 -0.026815  0.797022
6.40945577	666	-0.062009 -0.028970  0.777389
6.41453218	666	-0.065361 -0.024421  0.787445
6.41963195	666	-0.064882 -0.028491  0.774995
6.42471599	666	-0.066319 -0.026097  0.775474
6.42982006	666	-0.064164 -0.019393  0.778347
6.43491983	666	-0.068234 -0.017238  0.771164
6.44001197	666	-0.067995 -0.022984  0.782657
6.44509220	666	-0.073262 -0.016999  0.777629
6.45018386	664	-0.076135 -0.024181  0.793909
6.45528793	666	-0.065840 -0.025139  0.784572
6.46039199	666	-0.070868 -0.021787  0.784572
6.46549606	666	-0.067276 -0.017956  0.786487
6.47058820	666	-0.070149 -0.018675  0.794388
6.47568798	663	-0.066558 -0.017477  0.804922
6.48078393	664	-0.072544 -0.019632  0.804922
6.48587608	663	-0.071346 -0.016280  0.804444
6.49096393	664	-0.066319 -0.017717  0.808753
6.49606418	662	-0.060573 -0.020111  0.803007
6.50115203	662	-0.062249 -0.022984  0.819766
6.50625991	662	-0.063206 -0.015323  0.826231
6.51137208	659	-0.064164 -0.017238  0.827906