66.75273132	569	-0.076135 -0.007901  1.052959
66.75801086	572	-0.072544 -0.010056  1.051762
66.76327514	573	-0.074219 -0.006943  1.044819
66.76853179	572	-0.070149 -0.007901  1.029257
66.77373504	575	-0.073980 -0.000958  1.037397
66.77893066	576	-0.064164 -0.005267  1.021117
66.78413391	577	-0.069671 -0.007183  1.028778
66.78932189	579	-0.070389 -0.010534  1.015849
66.79452514	578	-0.065361 -0.008858  1.014174
66.79974365	578	-0.069192 -0.011971  1.002921
66.80493927	581	-0.063685 -0.008619  1.003879
66.81014251	583	-0.065361 -0.016520  0.989992
66.81533813	583	-0.058179 -0.008380  0.994062
66.82052612	584	-0.057700 -0.016759  0.987598
66.82572174	585	-0.052193 -0.026575  0.983767
66.83091735	586	-0.054587 -0.016759  0.978740
66.83611297	586	-0.052672 -0.009816  0.971557
66.84130096	585	-0.053869 -0.018435  0.972036
66.84651947	586	-0.052672 -0.027054  0.972036
66.85171508	589	-0.051475 -0.019393  0.967726
66.85691070	588	-0.051714 -0.017956  0.957910
66.86212158	590	-0.047884 -0.021308  0.964375
66.86732482	590	-0.050038 -0.023702  0.955037
66.87252807	589	-0.049559 -0.025139  0.954559
66.87773132	591	-0.051235 -0.022266  0.950010
66.88291168	590	-0.054348 -0.022745  0.942348
66.88811492	591	-0.052672 -0.025857  0.948094
66.89330291	590	-0.048841 -0.024899  0.941630
66.89849853	589	-0.052193 -0.020829  0.942109
66.90369415	591	-0.053630 -0.020111  0.932293
66.90889739	592	-0.055545 -0.016999  0.944742
66.91409301	590	-0.057460 -0.013407  0.941630
66.91928863	592	-0.056503 -0.016759  0.940672
66.92449951	592	-0.062727 -0.018196  0.932053
66.92970275	589	-0.066319 -0.010534  0.938996
66.93491363	589	-0.069431 -0.021308  0.941630
66.94010925	592	-0.073022 -0.010534  0.942588
66.94530487	590	-0.071825 -0.009337  0.936602
66.95050048	591	-0.073262 -0.004070  0.939475
66.95568847	592	-0.072544 -0.007901  0.938039
66.96089172	592	-0.074459 -0.006943  0.937799
66.96608734	590	-0.075177 -0.001437  0.943785
66.97128295	592	-0.080923 -0.005985  0.946179
66.97647857	591	-0.073741 -0.004549  0.936842
66.98168182	589	-0.077332 -0.000718  0.949531
66.98689270	591	-0.072783 -0.007422  0.937560
66.99208831	589	-0.070868 -0.003591  0.944503
66.99729919	590	-0.070628 -0.006704  0.950728
67.00250244	589	-0.073022 -0.004549  0.953840
67.00770568	590	-0.074938 -0.007661  0.953122
67.01290130	589	-0.071586 -0.009577  0.952164
67.01808929	588	-0.065600 -0.008619  0.963417
67.02328491	586	-0.066558 -0.010056  0.965572
67.02848815	587	-0.054108 -0.008380  0.961741
67.03367614	585	-0.055545 -0.010295  0.967248
67.03887939	586	-0.054348 -0.010774  0.975627
67.04406738	585	-0.052672 -0.014126  0.975148
67.04927062	584	-0.046686 -0.008858  0.978979
67.05446624	585	-0.045489 -0.008619  0.985204
67.05966186	584	-0.045729 -0.016520  0.991429
67.06486511	582	-0.045011 -0.011253  0.990232
67.07006835	579	-0.039265 -0.016280  0.998372
67.07527160	579	-0.041180 -0.012689  1.001006
67.08046722	579	-0.041180 -0.018435  1.003160
67.08566284	577	-0.041419 -0.015562  1.013934
67.09085845	577	-0.037349 -0.012450  1.021835
67.09605407	576	-0.046447 -0.011731  1.025905
67.10124969	572	-0.045011 -0.011013  1.029017
67.10644531	574	-0.040940 -0.012210  1.036200
67.11163330	574	-0.047884 -0.009816  1.050565
67.11682891	572	-0.047884 -0.007901  1.044340
67.12203216	571	-0.047884 -0.013407  1.054635
67.12723541	567	-0.049799 -0.011013  1.045777
67.13243103	569	-0.052432 -0.006464  1.058226
67.13763427	566	-0.052193 -0.008619  1.066367
67.14282989	564	-0.058657 -0.002634  1.075225
67.14803314	561	-0.061530 -0.002155  1.077380
67.15322113	559	-0.063685 0.000958  1.081929
67.15837097	558	-0.062967 0.004549  1.091506
67.16353607	558	-0.070628 0.004788  1.089830
67.16867065	557	-0.065840 0.004788  1.108025
67.17382049	553	-0.067755 0.009098  1.107068
67.17899322	552	-0.070389 0.005507  1.123109
67.18414306	549	-0.072544 0.011492  1.124066
67.18928527	550	-0.065122 0.006943  1.131488
67.19443511	549	-0.075895 0.010295  1.130291
67.19957733	547	-0.076135 0.005985  1.138671
67.20472717	545	-0.066798 0.011013  1.135079
67.20986938	541	-0.067276 0.008140  1.142262
67.21501922	541	-0.067037 0.005028  1.154233
67.22016143	537	-0.068473 0.011971  1.153754
67.22531127	538	-0.059615 0.005985  1.168119
67.23047637	537	-0.063206 0.003352  1.164528
67.23563385	536	-0.054348 0.009337  1.176020
67.24079132	531	-0.066319 0.007661  1.170992
67.24594879	531	-0.057460 0.005028  1.191103
67.25110626	530	-0.052672 0.003352  1.180329
67.25627136	526	-0.052193 0.004788  1.190146
67.26145172	525	-0.046447 -0.000239  1.198286
67.26663970	524	-0.047405 -0.000718  1.204271
67.27184295	521	-0.045729 -0.000718  1.204990
##inga 
#ido(sec)  szog(ADC)     ax(g)    ay(g)   az(g)
67.27756500	516	-0.043335 -0.004788  1.208341
67.28283691	517	-0.041180 0.000000  1.225819
67.28804016	512	-0.037110 0.000958  1.227495
67.29329681	512	-0.036870 0.000239  1.220312
67.29844665	507	-0.044053 -0.001915  1.232762
67.30363464	504	-0.036631 0.000958  1.224382
67.30878448	506	-0.042377 -0.002394  1.242099
67.31396484	504	-0.038307 0.002394  1.233720
67.31910705	502	-0.040222 -0.001437  1.232044
67.32430267	502	-0.039504 -0.000958  1.249521
67.32949066	499	-0.040222 0.005746  1.244733
67.33462524	496	-0.045968 -0.000239  1.241860
67.33982086	491	-0.043095 0.003831  1.242578
67.34497833	491	-0.041180 0.006225  1.253591
67.35012817	489	-0.044053 0.004788  1.251437
67.35526275	486	-0.046447 0.014844  1.255028
67.36042022	485	-0.049320 0.011253  1.251676
67.36557006	480	-0.055066 0.014365  1.262929
67.37071990	479	-0.056742 0.010534  1.255985
67.37586975	477	-0.057460 0.016520  1.254788
67.38102722	473	-0.056263 0.026336  1.259098
67.38619232	472	-0.063925 0.025378  1.261492
67.39134216	472	-0.062009 0.022266  1.244254
67.39651489	469	-0.064403 0.028730  1.263407
67.40167999	466	-0.065600 0.023942  1.254549
67.40682983	464	-0.069431 0.027294  1.260534
67.41200256	462	-0.062009 0.023942  1.261971
67.41716766	457	-0.070149 0.026336  1.248324
67.42233276	457	-0.065361 0.024181  1.260774
67.42749786	453	-0.064643 0.030645  1.250239
67.43264007	452	-0.059854 0.026575  1.252634
67.43779754	450	-0.059615 0.026815  1.240663
67.44295501	450	-0.060573 0.027054  1.240663
67.44809722	447	-0.057221 0.030167  1.241620
67.45324707	447	-0.051475 0.023224  1.241620
67.45839691	445	-0.057939 0.016041  1.233241
67.46354675	442	-0.050038 0.020829  1.233480
67.46868896	438	-0.041659 0.017238  1.229410
67.47383880	438	-0.042616 0.016280  1.229410
67.47897338	434	-0.040701 0.014365  1.228931
67.48413085	433	-0.033279 0.018675  1.221749
67.48926544	432	-0.036870 0.024899  1.213848
67.49442291	431	-0.032321 0.019632  1.207144
67.49957275	429	-0.032321 0.016041  1.205229
67.50473022	424	-0.035913 0.016759  1.205947
67.50987243	424	-0.026336 0.017238  1.193737
67.51502227	422	-0.029448 0.017717  1.188948
67.52017974	421	-0.025618 0.011731  1.193976
67.52532958	418	-0.028012 0.011731  1.190624
67.53049468	417	-0.028251 0.018435  1.181527
67.53566741	416	-0.025378 0.019393  1.169077
67.54083251	411	-0.031364 0.020829  1.172429
67.54598999	411	-0.029448 0.022266  1.166204
67.55114746	410	-0.031364 0.016759  1.156148
67.55630493	409	-0.029688 0.024899  1.152557
67.56147003	407	-0.029448 0.024899  1.142980
67.56663513	404	-0.030406 0.017956  1.139629
67.57179260	402	-0.029927 0.026575  1.136516
67.57695770	402	-0.037349 0.025857  1.122390
67.58211517	399	-0.039743 0.021548  1.118081
67.58726501	399	-0.034237 0.024181  1.121912
67.59241485	399	-0.038786 0.033518  1.120714
67.59756469	397	-0.044292 0.029688  1.106828
67.60270690	394	-0.045729 0.033279  1.100843
67.60785675	393	-0.044053 0.036870  1.102519
67.61299133	390	-0.044292 0.032561  1.084084
67.61814117	389	-0.045011 0.037110  1.074507
67.62328338	388	-0.049081 0.029927  1.071155
67.62843322	385	-0.045489 0.035194  1.063733
67.63356781	385	-0.045968 0.030645  1.062536
67.63871765	383	-0.048841 0.040462  1.057508
67.64385223	382	-0.045250 0.032561  1.048171
67.64900970	380	-0.051475 0.044292  1.048650
67.65414428	381	-0.051714 0.038786  1.040988
67.65930175	379	-0.048602 0.036152  1.035721
67.66445922	378	-0.045489 0.042856  1.027581
67.66960144	377	-0.045489 0.035913  1.028778
67.67474365	375	-0.045489 0.041180  1.020159
67.67987823	373	-0.046926 0.034476  1.016807
67.68503570	371	-0.045250 0.035194  1.003639
67.69019317	368	-0.044292 0.034237  1.003879
67.69535064	369	-0.041419 0.036391  0.995738
67.70051574	369	-0.041180 0.032561  0.984246
67.70567321	366	-0.037589 0.037110  0.984246
67.71083068	366	-0.038546 0.029927  0.989514
67.71600341	366	-0.029209 0.038067  0.980416
67.72116088	366	-0.030645 0.032082  0.972036
67.72631835	365	-0.032561 0.024660  0.978022
67.73149108	365	-0.024899 0.031603  0.965811
67.73664093	363	-0.022745 0.025618  0.967008
67.74180603	363	-0.028491 0.024421  0.959586
67.74696350	362	-0.025618 0.022266  0.966290
67.75211334	361	-0.024181 0.032082  0.958150
67.75725555	358	-0.029448 0.021308  0.946418
67.76239776	358	-0.024899 0.028012  0.945940
67.76753234	358	-0.024899 0.022266  0.937560
67.77267456	360	-0.017477 0.024899  0.933729
67.77781677	358	-0.021787 0.023224  0.935884
67.78295898	358	-0.023463 0.025378  0.949770
67.78810119	356	-0.020829 0.025857  0.939954
67.79325103	356	-0.017238 0.027294  0.927504
##inga 
#ido(sec)  szog(ADC)     ax(g)    ay(g)   az(g)
67.79891204	357	-0.021548 0.031603  0.929899
67.80419158	358	-0.025857 0.022026  0.927983
67.80947113	357	-0.025378 0.027294  0.919604
67.81473541	357	-0.033758 0.034716  0.926068
67.81988525	358	-0.032800 0.031124  0.918885
67.82503509	355	-0.029688 0.030167  0.919125
67.83018493	357	-0.030885 0.037589  0.926068
67.83532714	357	-0.025378 0.039743  0.927265
67.84047698	357	-0.041898 0.040701  0.919843
67.84561920	356	-0.038546 0.034716  0.926307
67.85076141	357	-0.038786 0.037349  0.920082
67.85590362	357	-0.045250 0.042138  0.929420
67.86104583	357	-0.041419 0.037349  0.937081
67.86618041	356	-0.049320 0.042138  0.931096
67.87133026	359	-0.044532 0.039983  0.928223
67.87648010	358	-0.042377 0.040222  0.930617
67.88162231	359	-0.048123 0.038546  0.928941
67.88676452	357	-0.048841 0.044532  0.943545
67.89191436	360	-0.045011 0.034476  0.934208
67.89705657	360	-0.047405 0.040222  0.944264
67.90222167	359	-0.044532 0.036152  0.940433
67.90739440	361	-0.045489 0.035913  0.937081
67.91255187	362	-0.045489 0.037110  0.940672
67.91770935	360	-0.040222 0.036870  0.947855
67.92286682	364	-0.042616 0.036391  0.955277
67.92802429	364	-0.035913 0.030645  0.956234
67.93316650	363	-0.047884 0.033518  0.958868
67.93833923	366	-0.045011 0.034955  0.956234
67.94350433	365	-0.035673 0.031124  0.965811
67.94866180	366	-0.031843 0.029927  0.971078
67.95381164	367	-0.037828 0.030167  0.972275
67.95896911	368	-0.032321 0.026097  0.965811
67.96411132	369	-0.029688 0.029209  0.985922
67.96926116	368	-0.029688 0.027533  0.985204
67.97440338	372	-0.028012 0.023224  0.991908
67.97956085	372	-0.021548 0.019393  0.989992
67.98470306	374	-0.024660 0.025139  0.997175
67.98985290	376	-0.020590 0.022505  1.007230
67.99500274	376	-0.020111 0.024181  1.019201
68.00014495	376	-0.026815 0.027533  1.011061
68.00529479	379	-0.025378 0.022505  1.025426
68.01044464	381	-0.026815 0.021308  1.027581
68.01558685	381	-0.031603 0.021787  1.038594
68.02073669	382	-0.026097 0.021308  1.035961
68.02588653	381	-0.035194 0.021308  1.037876
68.03103637	385	-0.034237 0.024421  1.050804
68.03617858	386	-0.033279 0.026815  1.050326
68.04132843	388	-0.035434 0.023224  1.056550
68.04647064	389	-0.040701 0.023702  1.066127
68.05162048	390	-0.039265 0.027533  1.069000
68.05677032	393	-0.040462 0.028251  1.076422
68.06192016	393	-0.043095 0.027294  1.079774
68.06709289	396	-0.046926 0.027054  1.086957
68.07225799	396	-0.050278 0.030167  1.100364
68.07742309	396	-0.048841 0.030885  1.102040
68.08257293	400	-0.055545 0.035913  1.110659
68.08774566	402	-0.052193 0.030406  1.109701
68.09290313	404	-0.053630 0.034476  1.116165
68.09808349	405	-0.062009 0.027772  1.125024
68.10322570	405	-0.052193 0.032321  1.137234
68.10839843	406	-0.057700 0.025618  1.134361
68.11354827	409	-0.058657 0.028970  1.145614
68.11870574	410	-0.062488 0.028251  1.143220
68.12385559	410	-0.056503 0.028970  1.148726
68.12900543	410	-0.060333 0.031124  1.152078
68.13416290	417	-0.049559 0.032082  1.162373
68.13930511	416	-0.048602 0.029209  1.172908
68.14445495	417	-0.055545 0.031124  1.175541
68.14959716	419	-0.053869 0.022026  1.187273
68.15475463	423	-0.052432 0.028251  1.188470
68.15988922	425	-0.049799 0.023702  1.196131
68.16503906	425	-0.042856 0.016041  1.193976
68.17018890	427	-0.044532 0.011971  1.196610
68.17533111	428	-0.036391 0.020351  1.199722
68.18046569	433	-0.037828 0.009577  1.209538
68.18561553	434	-0.036870 0.009098  1.216482
68.19075012	434	-0.034237 0.004549  1.213848
68.19590759	437	-0.034476 0.013168  1.212651
68.20104217	439	-0.036391 0.011013  1.220073
68.20619201	443	-0.024660 0.006464  1.225579
68.21134185	447	-0.022505 0.005507  1.224382
68.21647644	446	-0.024181 0.002394  1.235635
68.22163391	449	-0.033518 0.000479  1.232523
68.22678375	450	-0.032321 0.003112  1.234198
68.23194122	449	-0.035913 0.003112  1.232283
68.23710632	455	-0.035913 0.009577  1.235396
68.24226379	454	-0.032321 0.001437  1.238269
68.24742126	457	-0.041898 0.006225  1.254070
68.25259399	457	-0.039743 0.004070  1.241142
68.25774383	459	-0.043574 0.004310  1.248803
68.26289367	461	-0.044771 0.011731  1.251915
68.26806640	463	-0.054827 0.012210  1.252394
68.27322387	467	-0.053630 0.009577  1.259577
68.27837371	468	-0.055306 0.012450  1.253352
68.28352355	470	-0.055784 0.012689  1.258140
68.28867340	474	-0.066079 0.012689  1.249521
68.29382324	476	-0.065361 0.015083  1.250479
68.29897308	478	-0.062488 0.011253  1.257901
68.30412292	479	-0.071346 0.017477  1.251437
68.30926513	481	-0.070389 0.020111  1.253112
68.31439971	482	-0.070868 0.016041  1.259098
##inga 
#ido(sec)  szog(ADC)     ax(g)    ay(g)   az(g)
68.32006072	487	-0.071825 0.014604  1.251197
68.32532501	491	-0.067755 0.012929  1.249761
68.33062744	492	-0.070868 0.012210  1.250239
68.33589172	494	-0.073022 0.017477  1.246169
68.34104156	495	-0.070389 0.008380  1.250000
68.34617614	497	-0.075417 0.007661  1.245930
68.35132598	502	-0.068713 0.011253  1.236353
68.35646057	502	-0.062967 0.012450  1.229889
68.36161804	502	-0.068473 0.004310  1.238747
68.36675262	505	-0.060573 0.008619  1.228452
68.37191772	506	-0.064164 0.008619  1.217439
68.37707519	509	-0.053630 0.004070  1.234677
68.38221740	511	-0.064882 0.002155  1.223664
68.38735961	514	-0.063446 -0.002394  1.224382
68.39254760	517	-0.058657 0.002155  1.220552
68.39770507	518	-0.054348 -0.001197  1.208820
68.40289306	519	-0.043574 -0.005507  1.205229
68.40809631	525	-0.052911 -0.010774  1.194455
68.41329956	523	-0.051475 -0.003831  1.200441
68.41851043	525	-0.044532 -0.008140  1.191343
68.42371368	527	-0.042377 -0.014604  1.188709
68.42891693	531	-0.041659 -0.011253  1.189427
68.43412780	534	-0.039743 -0.013647  1.171710
68.43932342	533	-0.039504 -0.017717  1.170992
68.44451141	535	-0.039265 -0.007183  1.170513
68.44971466	538	-0.040940 -0.014365  1.162134
68.45489501	539	-0.041659 -0.014365  1.150402
68.46009826	541	-0.043574 -0.010534  1.153036
68.46527862	540	-0.046686 -0.013647  1.152557
68.47048187	543	-0.050517 -0.016280  1.143699
68.47567749	544	-0.053630 -0.007422  1.135798
68.48088073	546	-0.053390 -0.014365  1.136995
68.48607635	550	-0.053869 -0.013886  1.128615
68.49127960	550	-0.060094 -0.006943  1.114729
68.49649810	549	-0.058897 -0.007901  1.119517
68.50167846	552	-0.064164 -0.005267  1.097970
68.50688171	556	-0.065122 -0.007183  1.110898
68.51208496	557	-0.061770 0.000718  1.101322
68.51723480	559	-0.072544 -0.003112  1.086717
68.52243041	558	-0.072304 -0.001915  1.083126
68.52763366	559	-0.073501 -0.004070  1.080013
68.53281402	563	-0.073741 0.004549  1.069718
68.53795623	566	-0.068234 -0.005028  1.071155
68.54315185	567	-0.074938 -0.001437  1.076901
68.54835510	568	-0.072544 -0.001437  1.059184
68.55355072	570	-0.076614 -0.003112  1.047453
68.55876159	571	-0.071107 -0.000958  1.046016
68.56394958	571	-0.071586 0.002634  1.045058
68.56910705	572	-0.067276 -0.006464  1.040031
68.57431793	574	-0.068713 -0.005985  1.024469
68.57952117	572	-0.068952 -0.007901  1.030693
68.58471679	574	-0.067755 -0.005028  1.023990
68.58991241	576	-0.062488 -0.008858  1.016568
68.59510040	577	-0.062488 -0.011492  1.011301
68.60029602	578	-0.064164 -0.011013  1.005555
68.60549926	580	-0.057700 -0.016041  1.007709
68.61068725	579	-0.061291 -0.013168  0.993105
68.61589050	580	-0.061291 -0.011253  0.989514
68.62110137	582	-0.056263 -0.019393  0.991189
68.62630462	583	-0.054108 -0.010534  0.978740
68.63151550	583	-0.053630 -0.019393  0.978740
68.63671875	582	-0.051954 -0.023942  0.979937
68.64192962	584	-0.055545 -0.022505  0.976346
68.64712524	585	-0.054108 -0.019632  0.963417
68.65232849	586	-0.052193 -0.017956  0.964375
68.65751647	587	-0.051235 -0.023463  0.955037
68.66271972	587	-0.040701 -0.023702  0.956474
68.66792297	587	-0.050517 -0.025378  0.956474
68.67311859	585	-0.050517 -0.020590  0.954319
68.67832183	589	-0.052193 -0.023942  0.959107
68.68351745	589	-0.047405 -0.020351  0.948813
68.68872833	589	-0.048841 -0.022745  0.953361
68.69391632	590	-0.051714 -0.017477  0.949531
68.69912719	590	-0.055066 -0.021548  0.954559
68.70432281	590	-0.062488 -0.011971  0.950249
68.70953369	589	-0.054827 -0.023463  0.945700
68.71472167	590	-0.058418 -0.011731  0.939236
68.71991729	590	-0.060573 -0.015562  0.942348
68.72512054	590	-0.070868 -0.014844  0.941391
68.73032379	588	-0.060573 -0.009577  0.937081
68.73551940	589	-0.063925 -0.007661  0.934447
68.74072265	589	-0.062727 -0.009816  0.927983
68.74590301	591	-0.070149 -0.009816  0.943785
68.75110626	591	-0.067995 -0.013168  0.944264
68.75630187	590	-0.074938 -0.007901  0.951686
68.76150512	590	-0.072065 -0.010295  0.938518
68.76670074	589	-0.074698 -0.004070  0.947855
68.77190399	588	-0.076135 -0.003112  0.948334
68.77710723	589	-0.076374 0.000000  0.954080
68.78221130	587	-0.066319 -0.001915  0.950967
68.78740692	589	-0.073262 -0.005746  0.951925
68.79259490	587	-0.066798 -0.003591  0.947855
68.79779052	587	-0.070149 0.000239  0.951207
68.80292510	585	-0.068713 -0.003352  0.957671
68.80812835	587	-0.066798 -0.004310  0.963896
68.81333160	586	-0.063685 -0.004549  0.967008
68.81851196	583	-0.059136 -0.006943  0.962220
68.82371520	586	-0.058418 -0.004310  0.967248
68.82891082	586	-0.059615 -0.000479  0.969163
68.83411407	583	-0.058418 -0.005507  0.978979
68.83931732	584	-0.049799 -0.006225  0.976346
##inga 
#ido(sec)  szog(ADC)     ax(g)    ay(g)   az(g)
68.84505462	582	-0.053390 -0.008858  0.985443
68.85031890	579	-0.059136 -0.016280  0.988316
68.85558319	578	-0.045968 -0.011971  0.984486
68.86086273	580	-0.049799 -0.014604  0.984965
68.86606597	579	-0.039983 -0.013886  0.996935
68.87126159	578	-0.041659 -0.016999  1.008906
68.87647247	577	-0.047405 -0.015323  1.012019
68.88166046	576	-0.040222 -0.009577  1.007709
68.88686370	575	-0.044532 -0.012689  1.014652
68.89206695	573	-0.046447 -0.016999  1.024469
68.89724731	573	-0.039743 -0.008858  1.028539
68.90245056	570	-0.041898 -0.012929  1.035242
68.90763092	571	-0.041898 -0.012929  1.034763
68.91283416	568	-0.043335 -0.009337  1.044819
68.91801452	569	-0.047884 -0.011253  1.053678
68.92323303	567	-0.049799 -0.011013  1.052002
68.92842864	565	-0.054587 -0.011013  1.059184
68.93363189	564	-0.056981 -0.005507  1.066367
68.93883514	560	-0.056024 -0.004549  1.063733
68.94403076	561	-0.062488 0.002634  1.076422
68.94920349	558	-0.063446 -0.003591  1.089830
68.95438385	558	-0.060094 -0.000718  1.087435
68.95957946	557	-0.069910 0.000479  1.094857
68.96472167	555	-0.068234 0.001915  1.093660
68.96985626	553	-0.066079 0.009098  1.100125
68.97500610	551	-0.071825 0.007661  1.113293
68.98014831	547	-0.069910 0.010056  1.114250
68.98529815	549	-0.065600 0.003591  1.119278
68.99043273	548	-0.070149 0.008380  1.131009
68.99556732	544	-0.068713 0.012450  1.134840
69.00070190	541	-0.066319 0.008619  1.133643
69.00583648	541	-0.062249 0.005746  1.153036
69.01099395	537	-0.065361 0.002155  1.151121
69.01614379	537	-0.068952 0.010295  1.151121
69.02129364	538	-0.062488 0.000958  1.155669
69.02642822	536	-0.057700 0.004310  1.160697
69.03157043	535	-0.051235 0.003831  1.172429
69.03672027	534	-0.052432 0.004788  1.167161
69.04185485	532	-0.052432 0.002155  1.174344
69.04700469	528	-0.055306 -0.003112  1.179851
69.05220794	526	-0.050517 0.002155  1.177696
69.05737304	525	-0.047884 0.006225  1.188709
69.06253051	524	-0.050996 0.002394  1.191582
69.06768035	522	-0.047644 0.003831  1.195413
69.07283020	518	-0.042377 0.004549  1.200680
69.07799530	516	-0.049559 -0.001676  1.214566
69.08319091	513	-0.040701 0.001676  1.206426
69.08833312	511	-0.051235 0.001437  1.211214
69.09351348	510	-0.040701 -0.000479  1.223185
69.09870147	505	-0.045250 -0.007422  1.209778
69.10388946	505	-0.045968 0.006225  1.222467
69.10903930	502	-0.045011 0.000958  1.225101
69.11418914	503	-0.046926 0.005507  1.231804
69.11934661	499	-0.044771 0.004549  1.226058
69.12448883	500	-0.038546 0.003112  1.234917
69.12963104	495	-0.040940 0.004549  1.227974
69.13478088	494	-0.040222 0.003831  1.238508
69.13993835	490	-0.047644 0.010534  1.236114
69.14507293	489	-0.047644 0.013168  1.245691
69.15023040	487	-0.047165 0.008858  1.245930
69.15537261	484	-0.050278 0.006943  1.241620
69.16053009	482	-0.052432 0.012929  1.242578
69.16567993	480	-0.054827 0.013407  1.248803
69.17082214	475	-0.054108 0.018914  1.246169
69.17596435	476	-0.055545 0.012929  1.249761
69.18112945	473	-0.056981 0.016759  1.250000
69.18627166	470	-0.057939 0.022266  1.245691
69.19142150	470	-0.059854 0.020111  1.248803
69.19659423	466	-0.065361 0.019153  1.248803
69.20175933	464	-0.058657 0.027772  1.245451
69.20690917	462	-0.059136 0.018675  1.245451
69.21208190	462	-0.062727 0.017717  1.242099
69.21724700	459	-0.061052 0.025139  1.241620
69.22239685	456	-0.052432 0.024181  1.241860
69.22756958	454	-0.065600 0.017956  1.244972
69.23271942	452	-0.056981 0.024660  1.237550
69.23786926	449	-0.052911 0.019632  1.237311
69.24303436	448	-0.048362 0.023463  1.238508
69.24819183	447	-0.049799 0.019632  1.229410
69.25334167	447	-0.047884 0.025139  1.227974
69.25849914	446	-0.045489 0.019393  1.218636
69.26365661	444	-0.045489 0.021787  1.220073
69.26879882	439	-0.043813 0.020829  1.217679
69.27397155	438	-0.044292 0.026575  1.215284
69.27912139	434	-0.045489 0.014604  1.210257
69.28425598	432	-0.038067 0.014604  1.201638
69.28941345	430	-0.042856 0.023463  1.211214
69.29457092	431	-0.038546 0.022505  1.198525
69.29972839	428	-0.036152 0.014365  1.191582
69.30486297	425	-0.038307 0.012210  1.201638
69.31001281	423	-0.036152 0.022266  1.186794
69.31517791	422	-0.032321 0.022026  1.175062
69.32032775	419	-0.032561 0.024899  1.179851
69.32546997	420	-0.032800 0.015562  1.182484
69.33063507	416	-0.033279 0.017717  1.170513
69.33579254	416	-0.031603 0.020590  1.158064
69.34094238	412	-0.038067 0.021308  1.158064
69.34613037	411	-0.027294 0.016759  1.154472
69.35128784	408	-0.032321 0.022026  1.157824
69.35644531	407	-0.033758 0.036152  1.144656
69.36160278	406	-0.039983 0.027533  1.139868
##inga 
#ido(sec)  szog(ADC)     ax(g)    ay(g)   az(g)
69.36730194	407	-0.033758 0.020829  1.136037
69.37257385	404	-0.027533 0.017477  1.121912
69.37789154	402	-0.036152 0.030406  1.110419
69.38314819	402	-0.037589 0.030885  1.119996
69.38832855	400	-0.041659 0.024421  1.112095
69.39349365	400	-0.042616 0.026097  1.110419
69.39865875	398	-0.043574 0.027772  1.097730
69.40380859	396	-0.040701 0.031603  1.090787
69.40895080	393	-0.041898 0.029209  1.096054
69.41409301	392	-0.041180 0.033758  1.081929
69.41925048	391	-0.040940 0.034716  1.069958
69.42440032	389	-0.041180 0.027294  1.059184
69.42954254	388	-0.040462 0.032800  1.062057
69.43469238	386	-0.043574 0.030167  1.067803
69.43984222	385	-0.042377 0.038546  1.054635
69.44499206	384	-0.043335 0.036631  1.049607
69.45014190	381	-0.044771 0.044053  1.036439
69.45529174	380	-0.041898 0.034716  1.031172
69.46044921	381	-0.045489 0.038786  1.029496
69.46559906	380	-0.042856 0.040222  1.013455
69.47074890	379	-0.042377 0.039265  1.025905
69.47590637	376	-0.045729 0.035673  1.021595
69.48104858	376	-0.039983 0.032082  1.018483
69.48619079	374	-0.040940 0.032800  1.008188
69.49133300	372	-0.034716 0.034476  0.998372
69.49648284	372	-0.040462 0.035913  0.999090
69.50162506	370	-0.044532 0.032321  0.991668
69.50677490	369	-0.042377 0.034955  0.982092
69.51193237	369	-0.042138 0.030885  0.979937
69.51708984	367	-0.034716 0.028012  0.977782
69.52226257	366	-0.028970 0.028491  0.974430
69.52741241	364	-0.035913 0.033040  0.973233
69.53256225	365	-0.027294 0.028012  0.965093
69.53771972	366	-0.030167 0.034716  0.967248
69.54287719	366	-0.036631 0.028730  0.952883
69.54803466	365	-0.039504 0.032800  0.965093
69.55319213	364	-0.027054 0.031603  0.952643
69.55834197	363	-0.025378 0.034955  0.960783
69.56350708	363	-0.033279 0.029209  0.949531
69.56864166	363	-0.026336 0.033758  0.951207
69.57379150	363	-0.029448 0.028251  0.941630
69.57894134	360	-0.022984 0.025857  0.946897
69.58409118	359	-0.021069 0.031843  0.943785
69.58924865	360	-0.028251 0.028730  0.943066
69.59439086	360	-0.030406 0.032561  0.937560
69.59951782	360	-0.029688 0.034955  0.926307
69.60467529	360	-0.028491 0.030406  0.938518
69.60982513	359	-0.028970 0.038307  0.929659
69.61496734	360	-0.027054 0.030167  0.937799
69.62010955	358	-0.025139 0.032561  0.933729
69.62525939	360	-0.033040 0.026336  0.935645
69.63040161	359	-0.033758 0.025378  0.929420
69.63553619	360	-0.039025 0.031603  0.936123
69.64067077	360	-0.029927 0.035673  0.928941
69.64582061	358	-0.037828 0.034237  0.928941
69.65096282	358	-0.035913 0.039025  0.934447
69.65611267	359	-0.037828 0.033997  0.929420
69.66124725	360	-0.035913 0.036391  0.930617
69.66638946	361	-0.040222 0.031843  0.940433
69.67151641	361	-0.042616 0.036391  0.930377
69.67666625	361	-0.039743 0.029448  0.945461
69.68180847	359	-0.040222 0.036152  0.944742
69.68695831	362	-0.041659 0.031364  0.941391
69.69211578	363	-0.033518 0.038546  0.939954
69.69727325	364	-0.041659 0.035434  0.943306
69.70242309	363	-0.039025 0.035913  0.949531
69.70756530	365	-0.040222 0.034955  0.950010
69.71272277	365	-0.037110 0.031124  0.955516
69.71787261	366	-0.041659 0.034476  0.955037
69.72303009	367	-0.034955 0.034237  0.963178
69.72820281	368	-0.038307 0.032800  0.960305
69.73336029	369	-0.033997 0.038786  0.958868
69.73851013	368	-0.034716 0.028491  0.970121
69.74368286	370	-0.035673 0.030885  0.962699
69.74883270	371	-0.035913 0.028491  0.976585
69.75399017	370	-0.036870 0.026575  0.972275
69.75914764	372	-0.035913 0.022505  0.985922
69.76429748	371	-0.037349 0.027772  0.984246
69.76943969	374	-0.035913 0.027294  0.991908
69.77458953	373	-0.032082 0.026336  0.993344
69.77973175	376	-0.035673 0.022745  1.004357
69.78488922	378	-0.028251 0.029688  1.015371
69.79004669	380	-0.035913 0.029209  0.998133
69.79518890	380	-0.036631 0.020111  1.011779
69.80033874	379	-0.029448 0.031603  1.022553
69.80548095	381	-0.039265 0.025618  1.034763
69.81063079	382	-0.039743 0.023942  1.033566
69.81577301	383	-0.033997 0.029927  1.031651
69.82093811	386	-0.039504 0.027772  1.042425
69.82608032	386	-0.037110 0.022745  1.042904
69.83123779	388	-0.037828 0.022505  1.044340
69.83638763	388	-0.035434 0.025378  1.056072
69.84153747	391	-0.037828 0.022266  1.061099
69.84670257	393	-0.040701 0.028970  1.073549
69.85184478	393	-0.047405 0.025618  1.065648
69.85700988	395	-0.042377 0.031843  1.076183
69.86218261	395	-0.042616 0.026815  1.087675
69.86736297	397	-0.045968 0.024660  1.093900
69.87251281	398	-0.045011 0.030167  1.094139
69.87767791	402	-0.043335 0.023224  1.102758
69.88285064	402	-0.043813 0.030406  1.099646
##inga 
#ido(sec)  szog(ADC)     ax(g)    ay(g)   az(g)
69.88854217	406	-0.047884 0.028970  1.120236
69.89382171	406	-0.049799 0.019393  1.111856
69.89911651	408	-0.048841 0.024421  1.128615
69.90440368	409	-0.049799 0.023702  1.124306
69.90956878	408	-0.050996 0.023942  1.139629
69.91473388	411	-0.047165 0.023702  1.134361
69.91989135	412	-0.050278 0.022266  1.144896
69.92504119	416	-0.045968 0.025857  1.157106
69.93018341	417	-0.050517 0.023702  1.156867
69.93534088	415	-0.050996 0.026575  1.156627
69.94049835	418	-0.047644 0.020590  1.165725
69.94563293	418	-0.047165 0.029927  1.171232
69.95078277	424	-0.050278 0.017238  1.183681
69.95593261	425	-0.042856 0.020351  1.186794
69.96109771	427	-0.039025 0.020829  1.186315
69.96623992	429	-0.041659 0.015802  1.183921
69.97138214	428	-0.038067 0.011253  1.183681
69.97653961	433	-0.042377 0.017477  1.197807
69.98168182	434	-0.043095 0.014365  1.191103
69.98681640	436	-0.039743 0.009577  1.203553
69.99196624	436	-0.035913 0.008140  1.216242
69.99710083	440	-0.037349 0.011492  1.213848
70.00225830	442	-0.041898 0.012689  1.214806
70.00739288	447	-0.034955 0.012210  1.214806
70.01254272	446	-0.039504 0.012210  1.219355
70.01767730	449	-0.040940 0.006704  1.227016
70.02282714	450	-0.036391 0.011253  1.233720
70.02796936	449	-0.040222 0.013647  1.227974
70.03311920	453	-0.036870 0.002873  1.236114
70.03826904	453	-0.042856 0.000000  1.231804
70.04337310	456	-0.040940 0.006704  1.235635
70.04853057	456	-0.041180 0.017717  1.231565
70.05369567	460	-0.049559 0.018196  1.235156
70.05884552	460	-0.052193 0.005746  1.235874
70.06401062	462	-0.054348 0.016280  1.239466
70.06916809	467	-0.057460 0.009816  1.240184
70.07431793	467	-0.058418 0.021069  1.240663
70.07949066	471	-0.056263 0.012929  1.245691
70.08464813	474	-0.060573 0.009337  1.248803
70.08980560	475	-0.059136 0.007183  1.249761
70.09496307	477	-0.060333 0.011492  1.246888
70.10011291	477	-0.059615 0.011253  1.239226
70.10527038	481	-0.066558 0.017956  1.244254
70.11043548	483	-0.068473 0.005746  1.238508
70.11557769	486	-0.070389 0.015083  1.235396
70.12073516	489	-0.066798 0.009816  1.237790
70.12586975	490	-0.058418 0.008380  1.239705
70.13100433	493	-0.059615 0.010056  1.234438
70.13615417	495	-0.055784 0.009098  1.222946
70.14130401	495	-0.063925 0.013168  1.237790
70.14644622	499	-0.059136 0.005746  1.227255
70.15158843	502	-0.062009 0.002873  1.224143
70.15673828	504	-0.055306 0.003112  1.227495
70.16188812	505	-0.060573 0.004070  1.220552
70.16703796	504	-0.060573 -0.002155  1.222467
70.17224121	508	-0.058179 0.003591  1.214806
70.17739105	510	-0.058418 -0.004788  1.212890
70.18257904	511	-0.055306 0.004310  1.205708
70.18772888	513	-0.055066 0.003112  1.212890
70.19287872	517	-0.055545 -0.009098  1.202356
70.19809722	519	-0.050038 -0.007901  1.197807
70.20329284	522	-0.052672 -0.003831  1.193976
70.20849609	525	-0.042856 -0.007661  1.191582
70.21369934	524	-0.050038 -0.005985  1.182245
70.21890258	527	-0.043095 -0.010295  1.188948
70.22409820	529	-0.048362 -0.006943  1.180329
70.22929382	529	-0.045250 -0.013886  1.177696
70.23448181	531	-0.048362 -0.009577  1.167401
70.23967742	533	-0.051475 -0.009577  1.161894
70.24487304	536	-0.049799 -0.015562  1.155909
70.25006103	537	-0.048841 -0.006225  1.154233
70.25526428	538	-0.051954 -0.009098  1.140825
70.26046752	541	-0.055066 -0.006704  1.148008
70.26564788	539	-0.058897 -0.007901  1.135798
70.27085113	542	-0.056742 -0.007183  1.140347
70.27605438	544	-0.052193 -0.006225  1.131728
70.28126525	547	-0.062009 -0.012210  1.116165
70.28646087	549	-0.060094 -0.002155  1.117602
70.29167175	548	-0.062488 0.003352  1.106349
70.29682159	551	-0.071346 0.000239  1.098927
70.30197143	552	-0.064164 -0.005746  1.099885
70.30715942	550	-0.067037 -0.008619  1.103955
70.31234741	555	-0.065600 -0.006464  1.088632
70.31753540	556	-0.075656 -0.004549  1.082647
70.32273864	557	-0.066319 -0.008619  1.082168
70.32792663	560	-0.066798 -0.000239  1.077140
70.33312225	559	-0.065840 0.001676  1.056311
70.33827972	561	-0.068713 -0.001915  1.064691
70.34349060	565	-0.070628 -0.003352  1.060621
70.34868621	567	-0.065122 -0.011253  1.055114
70.35388946	568	-0.063925 -0.009816  1.033088
70.35909271	569	-0.064403 -0.005746  1.038355
70.36430358	570	-0.066558 -0.015802  1.038115
70.36950683	569	-0.060094 -0.009816  1.022553
70.37470245	573	-0.064403 -0.011731  1.021356
70.37989044	573	-0.057939 -0.011013  1.016089
70.38508605	574	-0.059136 -0.009816  1.020398
70.39028167	575	-0.059615 -0.022505  1.012737
70.39547729	574	-0.054827 -0.016041  1.012019
70.40067291	575	-0.058418 -0.010295  1.006991
70.40586853	577	-0.055784 -0.012210  1.004597
##inga 
#ido(sec)  szog(ADC)     ax(g)    ay(g)   az(g)
70.41161346	578	-0.053390 -0.017717  0.998372
70.41690826	579	-0.056742 -0.014126  0.986162
70.42219543	580	-0.050517 -0.011731  0.990711
70.42747497	581	-0.056503 -0.020829  0.990471
70.43267822	581	-0.053869 -0.016759  0.977782
70.43788146	582	-0.049559 -0.016520  0.982570
70.44306945	584	-0.062009 -0.020829  0.977543
70.44828796	583	-0.054827 -0.014844  0.973712
70.45349121	582	-0.060333 -0.016759  0.968924
70.45868682	585	-0.057700 -0.015802  0.966051
70.46389007	585	-0.060333 -0.014126  0.966290
70.46907043	584	-0.055306 -0.013886  0.961262
70.47427368	587	-0.066798 -0.016041  0.953601
70.47946929	584	-0.053390 -0.019153  0.964135
70.48467254	587	-0.054827 -0.012210  0.950728
70.48985290	587	-0.065361 -0.014126  0.957431
70.49507141	587	-0.060573 -0.017717  0.953601
70.50027465	587	-0.062249 -0.016999  0.956953
70.50547027	586	-0.064643 -0.021548  0.947137
70.51066589	588	-0.064403 -0.014844  0.949052
70.51586914	588	-0.064882 -0.018435  0.945700
70.52107238	588	-0.063925 -0.017238  0.951207
70.52627563	588	-0.070389 -0.009098  0.944742
70.53145599	588	-0.068473 -0.012450  0.950967
70.53665924	586	-0.070389 -0.008858  0.945700
70.54183959	586	-0.064403 -0.015083  0.936842
70.54702758	587	-0.062967 -0.010056  0.938757
70.55222320	588	-0.071586 -0.010056  0.949531
70.55741119	588	-0.069910 -0.009337  0.940672
70.56260681	587	-0.064164 -0.003831  0.952883
70.56781005	588	-0.065361 -0.013168  0.951207
70.57301330	585	-0.065840 -0.005985  0.953122
70.57821655	586	-0.062488 -0.005746  0.942588
70.58342742	585	-0.066319 -0.005028  0.959347
70.58862304	584	-0.064643 -0.002394  0.960305
70.59382629	584	-0.066798 -0.007661  0.961502
70.59902191	583	-0.060333 -0.002394  0.951207
70.60422515	585	-0.057700 -0.004549  0.975388
70.60942077	584	-0.062009 -0.012929  0.966290
70.61460876	581	-0.056742 -0.009816  0.961262
70.61980438	582	-0.050278 -0.014844  0.967726
70.62500000	580	-0.048362 -0.011492  0.973712
70.63015747	581	-0.049320 -0.007901  0.975627
70.63536834	580	-0.049320 -0.020590  0.973472
70.64057922	577	-0.051714 -0.011731  0.976824
70.64576721	577	-0.051714 -0.008619  0.992865
70.65096282	578	-0.052432 -0.012689  0.996457
70.65618133	576	-0.054108 -0.012210  0.996457
70.66137695	576	-0.047884 -0.008619  1.003879
70.66658020	574	-0.052432 -0.009337  1.000287
70.67178344	575	-0.047165 -0.005746  1.015849
70.67697906	573	-0.052672 -0.009577  1.014413
70.68215942	571	-0.045250 -0.010774  1.023750
70.68736267	572	-0.041180 -0.005985  1.022553
70.69254302	570	-0.053869 -0.011492  1.023032
70.69774627	570	-0.050278 -0.010534  1.027820
70.70294189	569	-0.057221 -0.011253  1.039073
70.70814514	568	-0.058418 -0.004070  1.040031
70.71334075	565	-0.055066 -0.001676  1.043383
70.71854400	564	-0.054348 -0.000239  1.052480
70.72373962	563	-0.057700 -0.011013  1.052959
70.72892761	561	-0.059376 -0.001676  1.064691
70.73413085	561	-0.064403 -0.001437  1.062775
70.73931884	556	-0.058418 0.002873  1.066846
70.74446105	557	-0.062967 -0.004310  1.076422
70.74966430	555	-0.061052 0.002873  1.092942
70.75479888	555	-0.061291 0.005267  1.086717
70.75995635	552	-0.063925 0.005267  1.092942
70.76510620	548	-0.064882 0.000718  1.103716
70.77025604	547	-0.060333 0.006464  1.110180
70.77539062	549	-0.059376 -0.000958  1.103476
70.78057861	545	-0.066798 0.006943  1.110659
70.78572845	544	-0.057700 -0.001915  1.123827
70.79090881	543	-0.057460 0.005028  1.124066
70.79606628	541	-0.057221 0.005028  1.140586
70.80123138	540	-0.054348 -0.001676  1.140347
70.80643463	538	-0.060094 -0.002155  1.138910
70.81163787	537	-0.051714 -0.003352  1.153036
70.81684112	536	-0.050996 0.007183  1.148008
70.82199859	533	-0.053630 -0.003352  1.151121
70.82721710	532	-0.051954 -0.001915  1.161655
70.83241271	531	-0.050996 -0.003112  1.168837
70.83760070	529	-0.053390 -0.000958  1.168359
70.84279632	525	-0.045011 -0.000958  1.176020
70.84799194	526	-0.053390 -0.005746  1.179851
70.85319519	524	-0.054827 -0.001676  1.179851
70.85838317	523	-0.049559 0.002155  1.183681
70.86351776	520	-0.047644 0.009337  1.187033
70.86867523	515	-0.050757 0.002873  1.191103
70.87382507	515	-0.049799 -0.000958  1.209060
70.87902069	513	-0.048602 0.000718  1.199004
70.88417053	509	-0.045011 0.003591  1.204032
70.88932037	507	-0.045250 0.003831  1.208341
70.89448547	506	-0.051475 0.001676  1.207623
70.89965057	505	-0.049320 0.011492  1.213608
70.90481567	503	-0.048123 0.011253  1.224143
70.90997314	503	-0.051235 0.010534  1.214566
70.91513824	502	-0.050038 0.006464  1.228931
70.92028808	498	-0.052193 0.012210  1.227016
70.92543792	494	-0.048362 0.008380  1.224622
70.93058776	494	-0.052432 0.010295  1.228931
##inga 
#ido(sec)  szog(ADC)     ax(g)    ay(g)   az(g)
70.93627166	491	-0.054827 0.013647  1.219833
70.94155120	488	-0.055066 0.014126  1.233959
70.94683074	487	-0.056024 0.011731  1.227734
70.95210266	485	-0.053151 0.009577  1.231565
70.95724487	481	-0.054587 0.022984  1.228452
70.96240234	479	-0.050757 0.014365  1.237550
70.96755218	475	-0.056263 0.012210  1.236353
70.97269439	475	-0.059854 0.019153  1.235635
70.97783660	474	-0.059136 0.015083  1.239226
70.98297882	472	-0.057939 0.012450  1.227495
70.98812866	470	-0.057221 0.017956  1.244493
70.99327850	466	-0.053869 0.013407  1.234438
70.99844360	463	-0.053151 0.019872  1.229889
71.00358581	463	-0.053869 0.018196  1.233959
71.00873565	461	-0.051714 0.010056  1.240423
71.01389312	458	-0.050278 0.024181  1.233001
71.01904296	455	-0.048841 0.012689  1.234438
71.02419281	452	-0.041898 0.013407  1.223185
71.02932739	451	-0.049559 0.014126  1.220552
71.03447723	451	-0.040940 0.015562  1.237071
71.03963470	448	-0.047165 0.016999  1.223904
71.04478454	448	-0.050757 0.017956  1.219355
71.04994201	448	-0.044053 0.017477  1.209538
71.05510711	446	-0.040701 0.011253  1.212172
71.06027221	444	-0.037349 0.016041  1.211933
71.06543731	440	-0.041659 0.015083  1.208581
71.07059478	439	-0.037349 0.024181  1.206905
71.07575225	436	-0.043095 0.022026  1.207384
71.08091735	434	-0.047644 0.018196  1.205468
71.08609008	432	-0.041659 0.023702  1.190385
71.09124755	429	-0.043813 0.021548  1.193497
71.09640502	429	-0.040701 0.024899  1.194934
71.10155487	427	-0.042856 0.016999  1.188709
71.10671997	423	-0.043335 0.018675  1.175062
71.11186981	423	-0.040222 0.023224  1.173626
71.11702728	421	-0.046447 0.023463  1.165486
71.12217712	418	-0.046447 0.028012  1.166922
71.12733459	418	-0.044771 0.022505  1.158782
71.13249969	414	-0.040222 0.024421  1.150402
71.13764190	412	-0.034237 0.023224  1.156148
71.14279174	411	-0.040462 0.027772  1.152557
71.14793395	411	-0.039265 0.022745  1.143220
71.15308380	410	-0.042138 0.021548  1.129094
71.15822601	409	-0.041180 0.026097  1.126221
71.16336059	407	-0.045729 0.030167  1.128855
71.16851806	405	-0.040701 0.027772  1.126461
71.17366027	405	-0.037110 0.022745  1.118320
71.17880249	403	-0.038786 0.022745  1.106589
71.18395233	401	-0.037828 0.030645  1.104913
71.18910217	401	-0.037828 0.028251  1.103476
71.19425964	398	-0.043813 0.027772  1.097252
71.19941711	398	-0.042616 0.024421  1.089590
71.20456695	394	-0.038546 0.027772  1.087914
71.20972442	395	-0.037828 0.030167  1.080253
71.21488189	393	-0.039743 0.028491  1.071155
71.22005462	390	-0.037110 0.029927  1.078338
71.22522735	390	-0.040222 0.023942  1.062536
71.23038482	388	-0.038307 0.034955  1.052959
71.23553466	388	-0.040222 0.030885  1.048889
71.24069976	384	-0.043095 0.029209  1.046495
71.24586486	385	-0.041180 0.026336  1.052002
71.25102233	384	-0.040462 0.032561  1.040510
71.25617980	381	-0.038307 0.035434  1.031172
71.26132965	380	-0.039265 0.032800  1.025426
71.26648712	381	-0.034476 0.038067  1.023511
71.27162933	378	-0.044532 0.035194  1.019201
71.27677917	378	-0.034955 0.032561  1.019201
71.28192138	378	-0.039504 0.036391  1.003639
71.28707122	376	-0.031843 0.032082  1.003879
71.29220581	375	-0.034716 0.029688  1.001724
71.29736328	374	-0.037828 0.027533  0.995260
71.30249786	372	-0.036870 0.031603  0.999090
71.30764007	371	-0.031124 0.029688  0.984007
71.31278228	370	-0.033279 0.035673  0.977064
71.31793975	370	-0.033040 0.034716  0.980176
71.32307434	370	-0.031603 0.032321  0.971797
71.32822418	367	-0.030167 0.036391  0.976585
71.33335876	367	-0.033040 0.031364  0.972994
71.33850860	367	-0.036391 0.033518  0.964375
71.34365081	367	-0.034476 0.031124  0.960065
71.34880065	366	-0.033279 0.027294  0.962220
71.35393524	365	-0.033758 0.030406  0.967726
71.35908508	366	-0.034237 0.028491  0.950488
71.36424255	366	-0.033758 0.030406  0.947855
71.36938476	365	-0.032561 0.032082  0.955995
71.37452697	365	-0.036152 0.030406  0.940193
71.37967681	362	-0.032082 0.036631  0.944264
71.38484954	364	-0.039265 0.031124  0.939954
71.39001464	363	-0.033040 0.030645  0.943306
71.39516448	363	-0.028730 0.033040  0.939475
71.40032196	363	-0.040222 0.031124  0.935166
71.40547180	363	-0.037589 0.032800  0.941391
71.41062164	361	-0.029448 0.039504  0.944024
71.41577911	362	-0.035434 0.037828  0.943306
71.42092895	363	-0.032321 0.032561  0.933490
71.42609405	362	-0.039504 0.036631  0.933011
71.43125152	360	-0.038067 0.032561  0.929899
71.43641662	361	-0.040462 0.034237  0.936602
71.44156646	361	-0.038546 0.035913  0.932053
71.44671630	363	-0.038546 0.037828  0.934926
71.45187377	363	-0.034237 0.032321  0.934208
##inga 
#ido(sec)  szog(ADC)     ax(g)    ay(g)   az(g)
71.45754241	361	-0.038546 0.027772  0.943066
71.46282196	364	-0.033758 0.031843  0.942588
71.46809387	363	-0.032321 0.030406  0.941391
71.47335815	363	-0.038307 0.028730  0.942827
71.47849273	363	-0.045250 0.031124  0.940193
71.48365783	366	-0.031843 0.032561  0.944503
71.48878479	366	-0.037589 0.027772  0.937560
71.49393463	367	-0.030645 0.032082  0.948094
71.49908447	368	-0.035434 0.029688  0.953840
71.50423431	366	-0.036631 0.028970  0.951207
71.50937652	369	-0.030885 0.030885  0.961981
71.51451873	369	-0.034476 0.033758  0.965572
71.51966857	370	-0.035194 0.028491  0.955037
71.52482604	370	-0.037589 0.025618  0.967248
71.52996826	371	-0.028730 0.033040  0.967487
71.53511047	371	-0.030645 0.027533  0.969881
71.54025268	371	-0.032800 0.031843  0.974191
71.54540252	372	-0.039265 0.027772  0.975867
71.55054473	374	-0.036152 0.028491  0.984246
71.55568695	376	-0.036391 0.032082  0.984246
71.56082153	377	-0.035434 0.031364  0.983767
71.56597137	377	-0.036870 0.026097  0.994062
71.57111358	378	-0.035434 0.028012  0.999330
71.57625579	381	-0.037110 0.027294  1.000048
71.58140563	381	-0.040462 0.027772  1.006991
71.58656311	380	-0.037589 0.026097  1.002681
71.59172821	382	-0.038307 0.033997  1.014892
71.59690093	383	-0.033758 0.026815  1.013455
71.60207366	384	-0.039983 0.027054  1.030215
71.60723876	385	-0.039265 0.029688  1.025905
71.61239624	387	-0.041659 0.030167  1.037636
71.61756896	388	-0.037349 0.028491  1.038115
71.62272644	388	-0.040940 0.028012  1.045537
71.62789154	391	-0.040462 0.024181  1.043383
71.63305664	392	-0.036870 0.026575  1.055114
71.63821411	393	-0.045489 0.022745  1.064691
71.64335632	394	-0.047884 0.028251  1.068282
71.64851379	393	-0.043574 0.025139  1.070916
71.65367126	396	-0.041659 0.024899  1.075464
71.65882110	399	-0.042138 0.028730  1.081929
71.66397094	400	-0.046926 0.028491  1.087196
71.66912078	400	-0.047884 0.028730  1.102040
71.67425537	404	-0.043574 0.026815  1.106349
71.67940521	405	-0.040940 0.029688  1.104434
71.68456268	407	-0.043095 0.023463  1.108504
71.68971252	406	-0.041898 0.022026  1.120954
71.69486236	409	-0.046447 0.021787  1.123587
71.70000457	409	-0.045729 0.020829  1.131488
71.70514678	409	-0.044292 0.017238  1.140586
71.71028900	411	-0.041180 0.017956  1.138192
71.71543884	413	-0.043335 0.017477  1.150402
71.72057342	415	-0.037828 0.019632  1.141544
71.72573089	417	-0.044771 0.018196  1.149923
71.73088073	417	-0.048362 0.017477  1.153754
71.73603820	416	-0.044771 0.016280  1.158303
71.74118041	423	-0.046686 0.013886  1.161894
71.74635314	425	-0.043574 0.014126  1.172908
71.75152587	425	-0.044053 0.024421  1.166683
71.75669097	428	-0.040222 0.010774  1.174583
71.76185607	430	-0.042616 0.018435  1.187512
71.76702117	432	-0.045250 0.012689  1.179851
71.77219390	432	-0.043813 0.016520  1.185118
71.77734375	433	-0.041180 0.012689  1.197089
71.78250122	436	-0.038786 0.012689  1.207384
71.78766632	436	-0.036631 0.012929  1.204511
71.79280853	441	-0.044532 0.010295  1.199244
71.79796600	445	-0.047405 0.014126  1.204032
71.80312347	448	-0.038786 0.011971  1.212172
71.80825805	449	-0.040222 0.009816  1.206905
71.81340789	449	-0.046926 0.012689  1.223425
71.81856536	450	-0.049320 0.009816  1.221988
71.82371520	452	-0.049320 0.006704  1.220791
71.82886505	455	-0.050038 0.014604  1.222228
71.83401489	455	-0.051235 0.019393  1.235635
71.83915710	456	-0.051475 0.016999  1.230368
71.84430694	457	-0.055066 0.010056  1.226058
71.84945678	461	-0.055545 0.011731  1.228692
71.85461425	463	-0.051475 0.011492  1.227016
71.85975646	464	-0.055545 0.015083  1.235874
71.86491394	466	-0.057460 0.012450  1.229410
71.87006378	469	-0.060573 0.009816  1.235156
71.87520599	472	-0.062009 0.018914  1.238987
71.88034820	473	-0.055545 0.016520  1.225101
71.88549804	474	-0.064643 0.014604  1.231804
71.89065551	474	-0.059615 0.011492  1.240423
71.89582061	479	-0.057221 0.006704  1.228213
71.90097808	481	-0.061052 0.013647  1.232044
71.90614318	481	-0.058657 0.016041  1.228452
71.91129302	483	-0.059615 0.007661  1.234438
71.91645050	488	-0.059136 0.010534  1.230368
71.92161560	489	-0.055545 0.004549  1.229650
71.92676544	492	-0.053390 0.005507  1.228213
71.93193817	495	-0.057939 0.007661  1.221988
71.93708801	496	-0.060573 0.005746  1.224143
71.94223785	500	-0.059615 0.006464  1.219115
71.94741058	501	-0.058657 0.002394  1.217918
71.95256042	503	-0.056742 0.006225  1.217918
71.95771026	502	-0.050278 0.007183  1.213848
71.96285247	505	-0.055784 0.007661  1.212651
71.96800994	507	-0.058657 0.002873  1.205708
71.97315216	507	-0.054827 0.000000  1.205947
##inga 
#ido(sec)  szog(ADC)     ax(g)    ay(g)   az(g)
71.97881317	509	-0.051714 0.000479  1.194455
71.98407745	515	-0.055545 -0.001197  1.192540
71.98934936	516	-0.048362 -0.000479  1.193737
71.99462127	519	-0.049320 -0.006464  1.194455
71.99980926	520	-0.050278 -0.004310  1.188470
72.00498962	523	-0.050757 -0.006225  1.182245
72.01019287	522	-0.055784 -0.002873  1.182245
72.01538085	527	-0.046447 -0.004310  1.188470
72.02057647	527	-0.045489 -0.008140  1.168837
72.02575683	530	-0.050278 -0.007901  1.170035
72.03096008	532	-0.048602 -0.006464  1.160937
72.03614044	534	-0.055545 -0.008619  1.158064
72.04135894	536	-0.051714 -0.008858  1.158782
72.04656219	537	-0.053151 -0.004788  1.140347
72.05175781	537	-0.055066 -0.004310  1.139629
72.05697631	537	-0.055545 -0.004788  1.134122
72.06217956	540	-0.056981 -0.003352  1.134601
72.06735992	542	-0.062967 -0.005028  1.123587
72.07255554	543	-0.055784 -0.006704  1.117363
72.07775115	544	-0.064403 0.004070  1.116884
72.08289337	547	-0.062727 -0.004788  1.112574
72.08809661	550	-0.062967 -0.002634  1.107786
72.09329223	550	-0.066319 -0.005267  1.100603
72.09849548	548	-0.063925 -0.004310  1.097012
72.10368347	551	-0.066319 -0.005507  1.096294
72.10888671	553	-0.068473 -0.005985  1.084802
72.11408233	554	-0.066558 -0.002155  1.079535
72.11929321	558	-0.064164 0.000000  1.074746
72.12440490	559	-0.066319 -0.003352  1.074986
72.12961578	559	-0.064403 -0.005746  1.061818
72.13481903	562	-0.062488 -0.003352  1.056311
72.14002227	562	-0.065600 -0.009098  1.057029
72.14521789	564	-0.067037 -0.012689  1.052720
72.15039825	564	-0.062009 -0.011253  1.043383
72.15560150	567	-0.059615 -0.011013  1.049847
72.16078948	567	-0.059136 -0.011013  1.039312
72.16598510	569	-0.059376 -0.010534  1.037158
72.17118072	569	-0.056503 -0.008619  1.016807
72.17638397	571	-0.052193 -0.010774  1.023990
72.18157958	572	-0.058657 -0.010056  1.016328
72.18678283	574	-0.056263 -0.012210  1.013695
72.19198608	574	-0.053869 -0.017717  1.013695
72.19718170	574	-0.052672 -0.009577  1.012258
72.20238494	575	-0.058897 -0.015083  1.005315
72.20756530	576	-0.051475 -0.016999  0.997414
72.21276855	575	-0.052432 -0.010774  1.000287
72.21794891	575	-0.050757 -0.016759  0.991668
72.22315979	577	-0.047165 -0.018196  0.988795
72.22836303	579	-0.051235 -0.012210  0.995020
72.23355102	580	-0.055545 -0.017717  0.976824
72.23875427	580	-0.056981 -0.021787  0.977064
72.24394989	581	-0.059854 -0.013407  0.978740
72.24915313	580	-0.061530 -0.014126  0.973951
72.25435638	580	-0.056981 -0.013647  0.957671
72.25955963	583	-0.065600 -0.016041  0.970121
72.26477050	583	-0.061770 -0.009577  0.964375
72.26997375	584	-0.062967 -0.014365  0.973233
72.27516937	584	-0.065361 -0.013168  0.964614
72.28034973	584	-0.063925 -0.013168  0.958868
72.28555297	584	-0.063446 -0.014604  0.960305
72.29074859	582	-0.066558 -0.015323  0.953361
72.29595184	584	-0.068234 -0.012929  0.955037
72.30114746	585	-0.071107 -0.016041  0.951686
72.30633544	584	-0.062009 -0.008619  0.951686
72.31153869	585	-0.063685 -0.011013  0.958150
72.31673431	584	-0.067516 -0.013407  0.952883
72.32193756	584	-0.068473 -0.005028  0.951446
72.32713317	584	-0.062967 -0.011971  0.953601
72.33233642	585	-0.068473 -0.005985  0.947855
72.33755493	585	-0.067516 -0.008619  0.949291
72.34273529	585	-0.063925 -0.011971  0.959107
72.34793853	582	-0.064164 -0.007901  0.949291
72.35311889	585	-0.063925 -0.008858  0.955037
72.35832977	585	-0.059854 -0.007183  0.951686
72.36353302	584	-0.061770 -0.012689  0.966051
72.36872100	585	-0.063446 -0.006464  0.956234
72.37391662	583	-0.058418 -0.005267  0.952883
72.37911987	584	-0.062009 -0.006225  0.959107
72.38432312	584	-0.062967 -0.007901  0.961502
72.38952636	583	-0.054108 -0.002634  0.963656
72.39473724	583	-0.050757 -0.009337  0.966769
72.39993286	582	-0.053390 -0.013168  0.969163
72.40513610	581	-0.052193 -0.005267  0.975148
72.41033935	580	-0.052193 -0.011492  0.978022
72.41553497	580	-0.050996 -0.008140  0.971318
72.42072296	579	-0.050996 -0.015083  0.978022
72.42591857	575	-0.053630 -0.008619  0.981373
72.43112182	575	-0.050517 -0.011253  0.989992
72.43630218	574	-0.056742 -0.011971  0.979458