0.77744002	522	-0.145327 0.055545  1.015131
0.78250403	522	-0.131201 0.038786  1.037158
0.78756399	521	-0.139820 0.028730  1.024469
0.79261999	523	-0.128567 0.049320  1.024229
0.79767603	524	-0.129525 0.051954  1.020159
0.80272397	524	-0.110611 0.032082  1.027581
0.80778007	524	-0.097922 0.014604  1.040749
0.81283597	524	-0.083557 0.013647  1.028060
0.81788806	522	-0.083557 0.019393  1.014892
0.82293996	522	-0.052193 0.011013  1.019441
0.82797603	523	-0.043095 -0.011731  1.028060
0.83306398	525	-0.035194 -0.027533  1.013934
0.83815202	524	-0.022266 -0.023942  1.010343
0.84323606	525	-0.008140 -0.015562  1.009625
0.84832000	525	0.002634 -0.035194  1.013455
0.85334796	525	0.010056 -0.053151  1.024947
0.85837192	525	0.022026 -0.051714  1.010822
0.86340799	525	0.028491 -0.049559  1.023271
0.86845998	523	0.037828 -0.044053  1.023271
0.87349996	525	0.038786 -0.048123  1.006273
0.87854394	525	0.035673 -0.062727  1.017286
0.88359603	525	0.039743 -0.049559  1.026384
0.88865203	526	0.040701 -0.054587  1.029257
0.89369602	525	0.031603 -0.053630  1.025187
0.89873600	524	0.032800 -0.053390  0.997893
0.90376005	523	0.028970 -0.039743  1.015849
0.90879201	525	0.021787 -0.043813  1.022074
0.91382007	525	0.013886 -0.034716  1.010343
0.91885604	523	0.002155 -0.029688  1.015849
0.92389602	525	-0.011492 -0.034955  1.016089
0.92898397	525	-0.019632 -0.015562  1.011301
0.93408794	524	-0.030885 -0.000479  1.030933
0.93915996	525	-0.042856 0.000479  1.007949
0.94419202	524	-0.064882 -0.000958  1.007470
0.94927196	524	-0.070389 0.003112  1.032130
0.95430393	523	-0.089303 0.029688  1.024947
0.95935602	521	-0.104865 0.041180  1.022553
0.96440801	522	-0.109653 0.028251  1.009385
0.96947202	521	-0.112766 0.030645  1.035242
0.97453603	519	-0.120667 0.045729  1.033806
0.97958393	517	-0.136708 0.064882  1.036200
0.98461999	518	-0.141735 0.054587  1.024708
0.98967199	518	-0.133835 0.047165  1.030933
0.99471197	519	-0.140778 0.041659  1.041467
0.99975996	518	-0.140299 0.061770  1.023271
1.00479602	518	-0.138383 0.066319  1.017286
1.00985205	516	-0.133595 0.055066  1.031890
1.01490402	517	-0.130004 0.032800  1.029017
1.01995599	517	-0.123779 0.041659  1.040510
1.02501201	516	-0.123300 0.058897  1.043383
1.03008794	515	-0.109414 0.036631  1.033806
##inga 
#ido(sec)  szog(ADC)     ax(g)    ay(g)   az(g)
1.03568398	515	-0.097922 0.026097  1.042904
1.04091203	515	-0.088345 0.015083  1.030693
1.04612004	514	-0.072783 0.025378  1.036679
1.05132794	514	-0.053630 0.020351  1.045537
1.05637598	510	-0.042616 0.001676  1.037636
1.06141996	513	-0.027054 -0.008619  1.041707
1.06649994	511	-0.024899 -0.014844  1.040270
1.07159197	511	-0.017238 -0.012929  1.042664
1.07669603	511	0.003591 -0.016520  1.046734
1.08174001	511	0.014604 -0.033279  1.029975
1.08676397	509	0.016041 -0.044771  1.040270
1.09179997	509	0.024181 -0.033518  1.054635
1.09684395	508	0.027772 -0.030645  1.045058
1.10188400	507	0.033040 -0.036391  1.032130
1.10692000	506	0.034476 -0.043574  1.039552
1.11196398	506	0.038546 -0.049320  1.060860
1.11699199	504	0.038786 -0.039025  1.048650
1.12204802	503	0.029209 -0.032561  1.047692
1.12709999	504	0.026336 -0.037110  1.040510
1.13214004	504	0.024421 -0.039983  1.052480
1.13718402	503	0.029209 -0.033997  1.056550
1.14222002	503	0.009816 -0.024899  1.046495
1.14725601	503	0.002634 -0.022745  1.061578
1.15230000	502	-0.004549 -0.021308  1.058466
1.15737998	502	-0.014365 -0.004310  1.061578
1.16246402	499	-0.037828 0.005507  1.066846
1.16752398	501	-0.041659 0.013407  1.047692
1.17258000	498	-0.055784 0.001197  1.067564
1.17764401	496	-0.053869 0.005507  1.061818
1.18270397	497	-0.076135 0.018196  1.062775
1.18777203	496	-0.083557 0.049081  1.062775
1.19283604	495	-0.102950 0.037110  1.055593
1.19790005	494	-0.105823 0.036870  1.061339
1.20296001	494	-0.124976 0.040940  1.081210
1.20801198	490	-0.123779 0.062488  1.077380
1.21305203	492	-0.127370 0.055306  1.066846
1.21809995	491	-0.129525 0.045011  1.057987
1.22314798	488	-0.123061 0.037110  1.068282
1.22818398	489	-0.132398 0.061770  1.071394
1.23324000	488	-0.129764 0.071107  1.074746
1.23828005	487	-0.120667 0.054587  1.065170
1.24333202	485	-0.118033 0.047644  1.070197
1.24838805	485	-0.122103 0.043335  1.067564
1.25344395	485	-0.114202 0.052911  1.070437
1.25850796	482	-0.109174 0.058657  1.076901
1.26356005	482	-0.103428 0.038786  1.067324
1.26861596	479	-0.087148 0.020590  1.080492
1.27367198	479	-0.080205 0.019393  1.083844
1.27872395	479	-0.064403 0.033758  1.064930
1.28376399	479	-0.050278 0.019872  1.081450
1.28880405	477	-0.036152 0.001197  1.067085
1.29385196	475	-0.027772 -0.003591  1.068521
1.29893994	474	-0.014126 -0.009337  1.078816
1.30402803	474	-0.004788 -0.005267  1.071394
1.30911195	471	0.006704 -0.016280  1.073070
1.31414794	472	0.012450 -0.028970  1.075464
1.31918001	471	0.024660 -0.023942  1.043383
1.32423603	470	0.020829 -0.015083  1.077619
1.32928395	471	0.022984 -0.021069  1.091506
1.33435201	469	0.033040 -0.039265  1.080253
1.33939599	470	0.032800 -0.033997  1.073310
1.34442794	467	0.022745 -0.020590  1.067324
1.34949195	467	0.030406 -0.021069  1.075225
1.35454797	466	0.031124 -0.030645  1.077859
1.35961198	463	0.027533 -0.028730  1.074028
1.36467194	462	0.020351 -0.021069  1.064691
1.36971604	464	0.014604 -0.014844  1.066127
1.37475597	461	0.008140 -0.018914  1.064691
1.37979602	463	0.003591 -0.021069  1.070676
1.38483201	462	-0.003831 -0.006225  1.066367
1.38991201	459	-0.015323 0.009098  1.074507
1.39496397	457	-0.030885 0.003831  1.069000
1.39999998	458	-0.043574 0.012210  1.065888
1.40504398	455	-0.054827 0.022745  1.073789
1.41009998	456	-0.065840 0.035434  1.070916
1.41514801	455	-0.071346 0.037589  1.054396
1.42021203	454	-0.087627 0.039025  1.066367
1.42527604	453	-0.098640 0.036152  1.060381
1.43032798	451	-0.103907 0.057221  1.074267
1.43539199	451	-0.110611 0.055545  1.075225
1.44044399	452	-0.111808 0.045729  1.051762
1.44549598	451	-0.114921 0.046686  1.054875
1.45054807	451	-0.107738 0.056263  1.068282
1.45558795	449	-0.119709 0.067755  1.051523
1.46063604	447	-0.120188 0.067037  1.052241
1.46567592	447	-0.116118 0.050996  1.065888
1.47072401	448	-0.116596 0.052193  1.050804
1.47577199	448	-0.109653 0.058897  1.058705
1.48082804	446	-0.101753 0.068952  1.052241
1.48587598	446	-0.107020 0.048123  1.051523
1.49091601	447	-0.086430 0.033997  1.052720
1.49595999	446	-0.087387 0.044771  1.056550
1.50101604	446	-0.091218 0.050757  1.054156
1.50608801	446	-0.077093 0.041659  1.044101
1.51115202	444	-0.063685 0.028251  1.054156
1.51620807	441	-0.051954 0.018196  1.055114
1.52125597	439	-0.041180 0.022266  1.041467
1.52629604	440	-0.030885 0.017238  1.041707
1.53133201	438	-0.020590 0.005746  1.045537
1.53636002	440	-0.009098 -0.005507  1.045777
1.54144392	439	0.004549 0.006225  1.047692
##inga 
#ido(sec)  szog(ADC)     ax(g)    ay(g)   az(g)
1.54698801	438	0.013407 -0.009577  1.039791
1.55221996	436	0.024421 -0.013886  1.016807
1.55745601	436	0.015323 -0.024181  1.038115
1.56269598	435	0.017238 -0.015562  1.055593
1.56774797	435	0.030885 -0.016999  1.050086
1.57279596	432	0.021787 -0.007901  1.033327
1.57784795	434	0.028251 -0.021069  1.025905
1.58291602	431	0.025857 -0.024181  1.036439
1.58797206	433	0.020111 -0.011731  1.035482
1.59302797	433	0.022505 -0.011253  1.034763
1.59807205	432	0.022266 -0.020590  1.026863
1.60311198	430	0.020829 -0.014844  1.029257
1.60815596	432	0.011971 -0.011013  1.037158
1.61320400	432	0.001676 -0.005746  1.026863
1.61824407	432	-0.000958 0.002155  1.012977
1.62327194	432	-0.012929 0.003112  1.028299
1.62832403	430	-0.023463 0.005746  1.030454
1.63336396	431	-0.034237 0.017238  1.030215
1.63842797	428	-0.044771 0.022026  1.014174
1.64348402	429	-0.053630 0.025139  1.021117
1.64854001	429	-0.065840 0.031124  1.024947
1.65359997	428	-0.079726 0.039265  1.022074
1.65865192	427	-0.085233 0.051475  1.018004
1.66371593	424	-0.084754 0.049559  1.014892
1.66875600	426	-0.091218 0.041419  1.022314
1.67378797	426	-0.094570 0.044053  1.001245
1.67882394	426	-0.106301 0.060573  1.024947
1.68385992	425	-0.108935 0.059136  1.014174
1.68892002	424	-0.110372 0.059854  1.012977
1.69397997	425	-0.112287 0.050757  1.012258
1.69902801	422	-0.111090 0.062727  1.012977
1.70408401	425	-0.111569 0.065600  1.011301
1.70913195	423	-0.105823 0.064882  1.015849
1.71419200	425	-0.101274 0.051954  1.008427
1.71923995	422	-0.099358 0.046926  1.018962
1.72428407	422	-0.092894 0.052911  1.008906
1.72935605	423	-0.083557 0.039025  1.002203
1.73441991	424	-0.074698 0.040462  1.005076
1.73948392	424	-0.074459 0.034716  1.013216
1.74454402	424	-0.060812 0.036870  1.016568
1.74958000	422	-0.061530 0.035913  1.008906
1.75461196	423	-0.042616 0.023463  1.012258
1.75964403	424	-0.031603 0.014126  1.007949
1.76468396	422	-0.026575 0.016759  1.001245
1.76973199	423	-0.019393 0.013647  1.024469
1.77479600	421	-0.002394 -0.000718  1.016568
1.77987194	422	0.003112 -0.009577  0.999569
1.78491601	424	0.010295 -0.012210  1.004836
1.78995599	424	0.020829 -0.010534  1.008427
1.79500794	423	0.020590 -0.006225  1.008427
1.80005207	424	0.017956 -0.017717  1.026384
1.80511999	424	0.024899 -0.022026  1.020638
1.81019201	424	0.021548 -0.021548  1.022553
1.81526002	424	0.014844 -0.010774  1.006752
1.82030792	423	0.018435 -0.013168  1.011540
1.82535600	425	0.019632 -0.021787  1.015849
1.83039999	425	0.022505 -0.017238  1.021595
1.83542804	425	0.018675 -0.006464  1.011061
1.84046802	423	0.008380 -0.006704  1.017047
1.84551200	424	0.009098 -0.012450  1.006512
1.85054006	424	-0.001676 -0.007422  1.010103
1.85562000	426	-0.012450 -0.000718  1.023271
1.86070804	427	-0.022984 0.002634  1.005076
1.86575994	427	-0.031843 0.014604  1.022553
1.87082805	428	-0.042616 0.009816  1.023511
1.87588405	428	-0.053630 0.019872  1.021356
1.88092403	428	-0.060333 0.032082  1.018244
1.88598394	427	-0.075895 0.037110  1.037158
1.89104795	429	-0.074938 0.038546  1.043143
1.89610004	427	-0.075177 0.033040  1.018244
1.90114793	428	-0.091697 0.036870  1.022074
1.90618801	429	-0.090500 0.046686  1.026863
1.91122798	429	-0.099119 0.053151  1.026623
1.91626405	430	-0.105823 0.050278  1.023271
1.92131195	430	-0.108935 0.051954  1.030693
1.92636394	431	-0.105344 0.053630  1.025187
1.93141603	432	-0.108456 0.056742  1.034763
1.93647203	431	-0.105823 0.056742  1.039791
1.94153995	431	-0.111329 0.052432  1.026863
1.94661607	433	-0.107499 0.041180  1.036439
1.95166797	433	-0.102710 0.045968  1.037636
1.95672407	433	-0.092655 0.046447  1.036439
1.96180000	434	-0.086190 0.042138  1.033088
1.96684398	434	-0.075895 0.024660  1.029257
1.97188396	436	-0.075417 0.025378  1.036679
1.97694396	436	-0.070868 0.035194  1.046974
1.98197994	437	-0.065840 0.040222  1.052241
1.98702001	437	-0.062727 0.026336  1.061339
1.99206809	435	-0.045250 0.010774  1.037636
1.99710798	438	-0.039983 0.005507  1.033566
2.00214791	441	-0.030167 0.013886  1.047453
2.00720405	443	-0.018196 0.001915  1.045298
2.01223993	442	-0.011731 -0.005985  1.059902
2.01733207	441	-0.004310 -0.012210  1.038594
2.02242398	445	0.001676 -0.012450  1.049847
2.02746796	446	0.012929 -0.015323  1.060381
2.03252410	447	0.016280 -0.012929  1.049368
2.03758001	446	0.015802 -0.026097  1.039073
2.04263591	448	0.014844 -0.019872  1.056311
2.04768395	447	0.014844 -0.024181  1.058705
2.05273604	448	0.017717 -0.023942  1.059184
##inga 
#ido(sec)  szog(ADC)     ax(g)    ay(g)   az(g)
2.05830788	448	0.012450 -0.024421  1.050326
2.06353998	448	0.013647 -0.022745  1.056790
2.06876397	448	0.014844 -0.017717  1.065170
2.07397603	450	0.005985 -0.010056  1.053917
2.07901597	449	0.002873 -0.016759  1.057029
2.08405208	449	-0.000958 -0.011013  1.063494
2.08913207	452	-0.004549 -0.000239  1.066367
2.09421610	453	-0.018914 -0.003831  1.062775
2.09930396	453	-0.033758 0.003112  1.053199
2.10435199	454	-0.040701 0.008858  1.064691
2.10940003	454	-0.055306 0.013407  1.067085
2.11445188	455	-0.054827 0.024181  1.073549
2.11951589	456	-0.071586 0.024421  1.063972
2.12457990	456	-0.073741 0.027533  1.059902
2.12964010	454	-0.086669 0.027533  1.074986
2.13467597	455	-0.097682 0.044053  1.080253
2.13971590	458	-0.096725 0.036870  1.051762
2.14475607	459	-0.096485 0.039504  1.067085
2.14979600	461	-0.107259 0.031124  1.074746
2.15482807	461	-0.108217 0.043335  1.067324
2.15986800	462	-0.113963 0.045489  1.078098
2.16491603	463	-0.108217 0.050278  1.071873
2.16997194	463	-0.100795 0.037110  1.070197
2.17501997	464	-0.101753 0.036391  1.076662
2.18008399	463	-0.112048 0.046447  1.070676
2.18513202	464	-0.101992 0.046208  1.075464
2.19019603	467	-0.099358 0.036391  1.076901
2.19525599	467	-0.092655 0.027772  1.073549
2.20032000	468	-0.094570 0.028730  1.069240
2.20534801	470	-0.089303 0.040462  1.076662
2.21039199	472	-0.077093 0.031843  1.073789
2.21543192	471	-0.072544 0.016041  1.071873
2.22047591	471	-0.065361 0.001915  1.062536
2.22551989	473	-0.046208 0.014844  1.071634
2.23057198	473	-0.039025 0.007422  1.079774
2.23560404	475	-0.029688 0.000479  1.065409
2.24064397	476	-0.026097 -0.013886  1.060621
2.24573588	477	-0.013407 -0.010774  1.080253
2.25082397	478	-0.003591 -0.011253  1.074267
2.25592398	479	-0.005028 -0.018914  1.073070
2.26101994	479	0.000239 -0.029448  1.064691
2.26606798	480	0.006943 -0.024181  1.067085
2.27111196	482	0.018196 -0.026097  1.070676
2.27618408	482	0.013647 -0.026815  1.068282
2.28125596	483	0.013886 -0.028491  1.070197
2.28631591	485	0.013168 -0.034716  1.065409
2.29137992	486	0.009337 -0.026097  1.075704
2.29643607	488	0.004070 -0.022266  1.066846
2.30146789	488	0.000000 -0.026815  1.069718
2.30648803	489	-0.002873 -0.023463  1.067803
2.31158399	490	-0.008140 -0.018675  1.065888
2.31665992	490	-0.016759 -0.009337  1.067803
2.32173991	491	-0.023224 -0.015802  1.058705
2.32683992	492	-0.024899 -0.009816  1.057748
2.33192801	493	-0.033518 -0.006704  1.058945
2.33701610	493	-0.045011 0.001915  1.056790
2.34206008	496	-0.052432 0.006704  1.062296
2.34711599	493	-0.058179 0.006464  1.058945
2.35217189	496	-0.075417 0.011731  1.067564
2.35722804	496	-0.080205 0.020111  1.061578
2.36227607	497	-0.089303 0.032321  1.054875
2.36733603	498	-0.096007 0.027772  1.063972
2.37238788	499	-0.096007 0.027533  1.059902
2.37743997	502	-0.107738 0.031124  1.058226
2.38249206	502	-0.111569 0.038307  1.051762
2.38755607	503	-0.113963 0.041898  1.040749
2.39261603	503	-0.110611 0.039265  1.060621
2.39766407	503	-0.111090 0.027533  1.053678
2.40270805	504	-0.105823 0.040222  1.050086
2.40775203	503	-0.113723 0.035673  1.044340
2.41279196	502	-0.105104 0.034237  1.046974
2.41782808	505	-0.107977 0.019632  1.052480
2.42288398	505	-0.100555 0.027294  1.039552
2.42793989	504	-0.088824 0.026815  1.040749
2.43300008	506	-0.083317 0.020111  1.052002
2.43804788	505	-0.073022 0.006464  1.053917
2.44309997	503	-0.069910 0.011013  1.039552
2.44815206	507	-0.061770 0.008380  1.037636
2.45321607	507	-0.049081 0.000718  1.045777
2.45825195	508	-0.040940 -0.006225  1.048410
2.46332788	509	-0.036631 -0.015802  1.040270
2.46841192	511	-0.029927 -0.018435  1.032130
2.47350406	512	-0.015562 -0.018675  1.040031
2.47860002	512	-0.015802 -0.018435  1.032369
2.48369193	511	-0.010056 -0.023942  1.032609
2.48878002	512	-0.005028 -0.030645  1.037636
2.49386000	512	0.002394 -0.035194  1.044340
2.49888396	515	0.005267 -0.030885  1.029975
2.50391602	515	0.005507 -0.033040  1.025905
2.50894808	515	0.006464 -0.038786  1.030693
2.51397991	512	0.003112 -0.034716  1.025426
2.51903200	516	-0.000718 -0.033279  1.027820
2.52412009	515	0.000718 -0.029688  1.028539
2.52916789	517	-0.004310 -0.029927  1.020159
2.53426003	515	-0.010774 -0.021308  1.035242
2.53936791	518	-0.015323 -0.025857  1.027342
2.54448795	518	-0.021787 -0.019872  1.025666
2.54959988	518	-0.030167 -0.008619  1.023271
2.55469608	518	-0.038067 -0.011253  1.032369
2.55981206	519	-0.049559 -0.003831  1.024469
2.56491589	518	-0.055306 0.003112  1.022793
##inga 
#ido(sec)  szog(ADC)     ax(g)    ay(g)   az(g)
2.57050395	519	-0.065122 0.000000  1.029257
2.57565999	518	-0.071346 0.010295  1.022074
2.58087611	520	-0.076853 0.012689  1.024229
2.58609604	521	-0.094809 0.021308  1.019201
2.59112811	521	-0.096485 0.018914  1.028299
2.59617590	521	-0.099837 0.020829  1.021117
2.60121989	519	-0.102231 0.026575  1.021117
2.60627603	522	-0.109893 0.030885  1.026384
2.61132407	523	-0.111090 0.026097  1.013934
2.61637210	523	-0.109893 0.026815  1.023511
2.62143206	523	-0.115399 0.025378  1.016568
2.62649989	522	-0.112766 0.032800  1.023990
2.63155603	523	-0.113723 0.031364  1.019920
2.63662791	522	-0.107020 0.033758  1.017047
2.64167594	523	-0.101513 0.014365  1.020159
2.64673590	524	-0.100555 0.026575  1.020159
2.65177607	521	-0.094331 0.021548  1.017765
2.65682411	523	-0.087866 0.014844  1.022553
2.66187191	523	-0.079966 0.008380  1.017525
2.66690802	520	-0.069671 0.010534  1.024708
2.67196393	523	-0.056263 0.000958  1.021595
2.67700409	521	-0.054827 0.001437  1.021356
2.68204402	522	-0.046686 -0.006704  1.016568
2.68713998	522	-0.036152 -0.011971  1.021117
2.69224405	523	-0.034237 -0.007183  1.021117
2.69734001	522	-0.020590 -0.018196  1.027342
2.70243597	521	-0.016759 -0.017717  1.028778
2.70754003	521	-0.006225 -0.020351  1.022074
2.71263599	520	0.002634 -0.025139  1.026384
2.71768403	521	-0.005028 -0.019872  1.016089
2.72277188	519	0.002394 -0.028012  1.020638
2.72781991	519	0.003591 -0.029448  1.013934
2.73287200	519	0.004788 -0.019872  1.018483
2.73792409	519	0.002394 -0.028970  1.031412
2.74297189	518	0.000239 -0.029927  1.029257
2.74800801	515	-0.002873 -0.025139  1.014652
2.75309205	517	-0.004070 -0.022745  1.018004
2.75816798	515	-0.010295 -0.018196  1.018962
2.76324796	516	-0.012929 -0.018914  1.016568
2.76834011	516	-0.020829 -0.011971  1.029017
2.77343988	517	-0.024421 -0.012450  1.028539
2.77854394	516	-0.037828 0.000000  1.036439
2.78354811	516	-0.038307 0.001676  1.029975
2.78857207	515	-0.050278 0.003112  1.027820
2.79361200	513	-0.054827 0.005267  1.031890
2.79865193	514	-0.065600 0.010534  1.028539
2.80370807	514	-0.073501 0.019632  1.031172
2.80875988	511	-0.084514 0.023702  1.033566
2.81381607	510	-0.085233 0.024660  1.035003
2.81886005	511	-0.088345 0.025378  1.039552
2.82392005	510	-0.093373 0.026097  1.028778
2.82898406	511	-0.109174 0.037110  1.037397
2.83401985	507	-0.102471 0.040462  1.038594
2.83906383	508	-0.101753 0.026097  1.036679
2.84410810	509	-0.105104 0.034237  1.040749
2.84913997	508	-0.100077 0.032082  1.042904
2.85418014	508	-0.103428 0.036391  1.042185
2.85922002	507	-0.107738 0.037828  1.040988
2.86427993	506	-0.100316 0.031843  1.040031
2.86934804	506	-0.093612 0.022984  1.042904
2.87439613	503	-0.083796 0.026815  1.049368
2.87944393	505	-0.083557 0.028012  1.048650
2.88450794	504	-0.076614 0.019153  1.040749
2.88956813	501	-0.072783 0.020111  1.051762
2.89462804	504	-0.055066 0.007901  1.042904
2.89968395	503	-0.048841 0.005985  1.035242
2.90473194	502	-0.040940 0.001676  1.049847
2.90976409	503	-0.038307 0.001676  1.061818
2.91480398	502	-0.026815 -0.006704  1.055114
2.91989212	501	-0.021787 -0.004310  1.055353
2.92497997	499	-0.014365 -0.008619  1.062296
2.93006801	498	-0.015083 -0.017956  1.048889
2.93516397	499	-0.005985 -0.016520  1.055114
2.94024801	498	-0.004310 -0.013647  1.058945
2.94532794	498	0.002873 -0.016041  1.051762
2.95036411	494	0.005985 -0.019872  1.062296
2.95541591	496	0.004310 -0.016999  1.060621
2.96045989	496	0.006943 -0.019393  1.050326
2.96550006	492	-0.001197 -0.020829  1.065648
2.97058792	494	0.000239 -0.014365  1.060142
2.97562789	493	0.000000 -0.020829  1.068761
2.98064403	491	-0.010295 -0.007901  1.062536
2.98573207	491	-0.010774 -0.015083  1.062536
2.99083995	489	-0.019872 -0.005985  1.060142
2.99593210	487	-0.022026 -0.001676  1.066127
3.00102400	486	-0.032082 0.000239  1.071394
3.00604796	488	-0.035434 0.003831  1.068282
3.01108407	487	-0.045250 0.011492  1.063972
3.01611590	485	-0.055066 0.013407  1.067803
3.02115607	484	-0.062727 0.014844  1.067803
3.02620792	482	-0.070628 0.015562  1.066606
3.03124809	483	-0.074698 0.026575  1.065648
3.03629994	481	-0.078768 0.028730  1.071873
3.04134798	480	-0.077571 0.034476  1.065648
3.04640388	478	-0.091697 0.033040  1.065648
3.05146408	480	-0.090739 0.036391  1.068761
3.05651211	479	-0.095767 0.038786  1.073310
3.06156802	475	-0.100077 0.042856  1.069718
3.06662392	475	-0.100316 0.038307  1.064930
3.07166790	475	-0.101034 0.036391  1.072113
3.07671189	474	-0.097443 0.040222  1.075464
##inga 
#ido(sec)  szog(ADC)     ax(g)    ay(g)   az(g)
3.08229207	473	-0.090500 0.038786  1.071155
3.08751606	472	-0.090021 0.039504  1.066606
3.09271597	470	-0.078290 0.029209  1.071873
3.09792399	471	-0.079487 0.034476  1.075464
3.10296797	470	-0.075895 0.034955  1.063254
3.10802388	470	-0.067995 0.027294  1.066127
3.11307191	469	-0.061770 0.015802  1.066846
3.11813211	467	-0.051235 0.019153  1.074028
3.12318801	466	-0.041898 0.020829  1.066606
3.12824392	466	-0.043574 0.017956  1.066846
3.13330006	465	-0.038067 0.008858  1.066127
3.13835191	465	-0.026097 0.000000  1.076662
3.14337992	463	-0.025857 -0.000958  1.059424
3.14845991	464	-0.016759 0.000479  1.068761
3.15350794	463	-0.010774 -0.003591  1.062057
3.15859603	460	-0.008619 -0.005985  1.068282
3.16367602	461	-0.000479 -0.013886  1.063972
3.16874790	461	-0.000958 -0.007661  1.067324
3.17382788	458	0.000239 -0.011253  1.064451
3.17884802	459	0.005028 -0.009337  1.059902
3.18387198	456	0.003831 -0.010774  1.066367
3.18891596	457	0.001197 -0.002155  1.068282
3.19395995	456	-0.001437 -0.008380  1.063972
3.19903993	455	-0.006704 -0.005746  1.060381
3.20413589	454	-0.006225 -0.005507  1.058226
3.20921993	450	-0.013647 -0.001915  1.063254
3.21431207	452	-0.011492 0.005507  1.065648
3.21937203	452	-0.020351 0.003831  1.063015
3.22443604	451	-0.028251 0.010534  1.051044
3.22950410	451	-0.031603 0.007901  1.058705
3.23455595	449	-0.047884 0.020111  1.058945
3.23960399	449	-0.048123 0.019393  1.056790
3.24464392	450	-0.061770 0.015323  1.064691
3.24968004	450	-0.062249 0.027533  1.054635
3.25472807	448	-0.059854 0.033997  1.057029
3.25977611	448	-0.071107 0.034716  1.051523
3.26481199	447	-0.073022 0.032321  1.049847
3.26984000	448	-0.078290 0.034955  1.052002
3.27489209	445	-0.086669 0.037828  1.054875
3.27993988	447	-0.088106 0.048841  1.050565
3.28499197	445	-0.081881 0.045250  1.060860
3.29002809	446	-0.087148 0.042377  1.056790
3.29507994	445	-0.087387 0.039743  1.031890
3.30013203	445	-0.084754 0.041419  1.043861
3.30519199	443	-0.084036 0.044053  1.051044
3.31025600	442	-0.085472 0.042377  1.046016
3.31528401	441	-0.081641 0.032321  1.041228
3.32032799	439	-0.077811 0.031124  1.045777
3.32537198	439	-0.073741 0.034476  1.049607
3.33042001	439	-0.062727 0.041898  1.037876
3.33546805	439	-0.056742 0.030885  1.037876
3.34050798	435	-0.056263 0.024899  1.039073
3.34556388	434	-0.044292 0.021069  1.039073
3.35060811	436	-0.041419 0.023702  1.045058
3.35565996	435	-0.033040 0.012689  1.045777
3.36070799	435	-0.027294 0.009098  1.034763
3.36578011	435	-0.026097 0.003112  1.034285
3.37084007	432	-0.021308 0.006464  1.033566
3.37590789	433	-0.012450 0.001915  1.029736
3.38096809	430	-0.011971 0.001915  1.024469
3.38602399	433	-0.006464 0.000239  1.033327
3.39106798	432	0.006464 -0.003112  1.028299
3.39609599	430	0.002873 0.002394  1.032369
3.40110802	429	-0.000239 -0.007422  1.013934
3.40618395	432	0.005028 -0.002873  1.029257
3.41122007	432	0.002634 -0.004070  1.028778
3.41626000	432	0.000239 -0.001915  1.016807
3.42129588	431	0.001915 -0.006464  1.021117
3.42633605	430	-0.003831 -0.002634  1.023271
3.43142390	429	-0.007901 0.001197  1.019441
3.43648409	432	-0.011492 0.003352  1.016328
3.44154810	431	-0.018435 0.009816  1.019920
3.44661998	428	-0.020111 0.006225  1.017765
3.45168399	428	-0.026336 0.011731  1.026144
3.45675992	429	-0.033040 0.024181  1.011061
3.46179604	429	-0.041180 0.016041  1.017286
3.46683597	429	-0.044532 0.025139  1.021117
3.47189593	426	-0.051235 0.029688  1.020877
3.47694802	428	-0.058179 0.034955  1.016568
3.48199605	427	-0.071586 0.036391  1.018962
3.48702788	425	-0.073980 0.039265  1.022793
3.49207210	427	-0.072304 0.038786  1.018723
3.49711203	427	-0.076614 0.044771  1.012737
3.50215601	425	-0.075177 0.042856  1.014652
3.50719594	424	-0.080444 0.038307  1.020877
3.51224398	426	-0.077571 0.044292  1.019441
3.51728391	424	-0.080205 0.051475  1.014174
3.52233195	424	-0.083317 0.043574  1.004597
3.52739191	425	-0.083796 0.036870  1.009385
3.53243207	426	-0.076374 0.042377  1.011779
3.53748393	426	-0.075895 0.038786  1.012498
3.54252409	426	-0.073741 0.038786  1.012498
3.54756402	425	-0.071346 0.038786  1.009146
3.55261993	425	-0.069910 0.031843  1.016089
3.55765604	426	-0.065361 0.030167  1.020398
3.56270408	425	-0.058897 0.030167  1.018244
3.56776404	426	-0.050038 0.025857  1.015610
3.57279610	425	-0.043095 0.018914  1.010822
3.57784390	423	-0.036152 0.016041  1.019441
3.58290004	425	-0.033997 0.020829  1.025426
3.58795595	423	-0.030167 0.008858  1.021117
##inga 
#ido(sec)  szog(ADC)     ax(g)    ay(g)   az(g)
3.59354400	424	-0.025139 0.009098  1.013695
3.59875202	426	-0.011492 -0.000958  1.026623
3.60397601	425	-0.009098 0.005746  1.017765
3.60917210	426	-0.010295 0.005267  1.014892
3.61420011	428	-0.002394 -0.004549  1.009864
3.61927604	429	0.002155 -0.008619  1.014413
3.62431192	429	0.001915 -0.004788  1.014413
3.62935209	429	-0.003352 -0.001915  1.022553
3.63443589	431	-0.002155 -0.007183  1.028060
3.63951992	430	-0.007422 -0.001915  1.021117
3.64460802	430	-0.008140 -0.006943  1.024469
3.64969611	430	-0.005028 -0.006225  1.017765
3.65477991	430	-0.009337 -0.003112  1.015131
3.65985202	431	-0.013168 0.001197  1.022074
3.66490006	430	-0.014604 0.000000  1.025905
3.66990804	432	-0.020111 0.008380  1.024947
3.67496800	433	-0.029927 0.010056  1.024469
3.68002796	434	-0.030406 0.014126  1.029975
3.68508791	433	-0.039504 0.013647  1.026863
3.69012808	433	-0.045968 0.021069  1.022074
3.69519209	433	-0.049559 0.022026  1.030933
3.70022797	434	-0.060573 0.029209  1.024469
3.70526409	434	-0.059615 0.025618  1.030693
3.71030402	435	-0.065122 0.029927  1.044101
3.71535611	433	-0.076135 0.030406  1.025905
3.72041606	433	-0.070868 0.036391  1.024229
3.72546005	434	-0.081163 0.029448  1.037158
3.73050808	437	-0.079726 0.039983  1.032369
3.73555588	435	-0.083557 0.039983  1.034763
3.74061608	437	-0.080444 0.039504  1.040510
3.74565196	437	-0.076853 0.035913  1.040031
3.75070810	437	-0.081163 0.033279  1.032609
3.75576806	438	-0.080444 0.035194  1.036200
3.76080393	440	-0.073262 0.038546  1.045298
3.76585602	441	-0.072304 0.029209  1.042904
3.77089190	441	-0.067755 0.036152  1.038355
3.77592802	440	-0.071825 0.021548  1.041707
3.78097200	444	-0.066798 0.032561  1.039552
3.78601193	443	-0.072065 0.026575  1.040988
3.79105997	445	-0.061052 0.020351  1.059424
3.79611611	447	-0.056503 0.016759  1.034045
3.80115604	445	-0.047405 0.021308  1.051283
3.80620784	448	-0.050517 0.010534  1.054156
3.81127185	448	-0.037828 0.015562  1.062057
3.81631584	448	-0.035673 0.008380  1.056550
3.82137603	448	-0.030167 -0.002873  1.043383
3.82647609	449	-0.026575 0.004070  1.057269
3.83154010	446	-0.022505 -0.005985  1.054156
3.83663606	450	-0.010295 -0.005267  1.048650
3.84170389	449	-0.010534 -0.013407  1.049129
3.84679203	449	-0.012450 -0.005267  1.057029
3.85188388	450	-0.003352 -0.006704  1.057269
3.85696411	451	-0.003352 0.000958  1.058466
3.86199588	453	-0.006704 -0.010774  1.048650
3.86706399	454	-0.013407 -0.011492  1.058226
3.87215213	454	-0.012929 -0.010056  1.051044
3.87723999	453	-0.014365 -0.003112  1.063254
3.88232803	456	-0.018435 -0.011731  1.061818
3.88742809	456	-0.018914 -0.003352  1.059184
3.89251213	456	-0.022266 -0.005028  1.070437
3.89759588	456	-0.024660 0.003591  1.057508
3.90264015	456	-0.030885 0.002634  1.061818
3.90768413	457	-0.036870 0.005985  1.066606
3.91272811	456	-0.045011 0.011492  1.058705
3.91777992	460	-0.050517 0.015323  1.071634
3.92282791	461	-0.058657 0.010534  1.059902
3.92789192	461	-0.065361 0.014126  1.067085
3.93295593	463	-0.064643 0.018196  1.068761
3.93801994	462	-0.069671 0.023224  1.057987
3.94306802	464	-0.073022 0.024899  1.061818
3.94812793	465	-0.076614 0.024181  1.069240
3.95315599	466	-0.081163 0.035194  1.068761
3.95821590	466	-0.088824 0.028491  1.067324
3.96325988	466	-0.085472 0.031603  1.060621
3.96830387	466	-0.085472 0.028970  1.072113
3.97334785	466	-0.085233 0.031364  1.077859
3.97840805	470	-0.086190 0.030406  1.068282
3.98345994	472	-0.088585 0.029688  1.063972
3.98852806	472	-0.083796 0.028491  1.065888
3.99358386	473	-0.081402 0.028251  1.075943
3.99863605	473	-0.079008 0.026575  1.070676
4.00367593	473	-0.079487 0.025618  1.072352
4.00873994	473	-0.072783 0.019153  1.067085
4.01380014	476	-0.065840 0.015802  1.060142
4.01884412	477	-0.065840 0.016280  1.070197
4.02388811	476	-0.058179 0.015802  1.067324
4.02893209	476	-0.051235 0.006943  1.062775
4.03395986	478	-0.041898 0.007661  1.068761
4.03900003	480	-0.040222 0.000718  1.056311
4.04404401	481	-0.034955 0.001915  1.064930
4.04907989	483	-0.028012 -0.005267  1.060381
4.05416822	483	-0.028251 -0.008619  1.067564
4.05926799	484	-0.022745 -0.003831  1.065409
4.06434392	484	-0.020111 -0.008140  1.061578
4.06943607	486	-0.017238 -0.011731  1.066846
4.07455205	487	-0.017956 -0.015562  1.065409
4.07965612	488	-0.015323 -0.015562  1.059424
4.08476781	491	-0.011731 -0.014844  1.066367
4.08987617	490	-0.013407 -0.018914  1.067564
4.09497213	491	-0.008619 -0.008619  1.058945
4.10006380	492	-0.020351 -0.014844  1.053199
##inga 
#ido(sec)  szog(ADC)     ax(g)    ay(g)   az(g)
4.10570001	493	-0.013647 -0.016999  1.056311
4.11092805	493	-0.020590 -0.011731  1.060142
4.11615610	493	-0.026336 -0.007422  1.056311
4.12139606	495	-0.024899 -0.009337  1.060860
4.12648010	496	-0.035434 -0.006943  1.056550
4.13157176	496	-0.038546 -0.000479  1.049607
4.13666391	495	-0.042856 0.001915  1.060381
4.14169979	497	-0.048602 0.004070  1.061099
4.14673614	499	-0.055784 0.006704  1.054875
4.15177202	500	-0.057221 0.006464  1.052241
4.15681219	502	-0.062727 0.011971  1.060381
4.16184806	500	-0.067755 0.004788  1.056550
4.16687202	500	-0.078050 0.009337  1.047453
4.17191600	503	-0.077571 0.017956  1.052241
4.17695617	503	-0.082120 0.012929  1.049129
4.18201208	504	-0.088824 0.021308  1.048650
4.18706798	504	-0.084275 0.019393  1.058226
4.19212818	504	-0.088585 0.023942  1.048171
4.19719982	504	-0.089303 0.023463  1.054875
4.20226001	505	-0.093612 0.023463  1.042904
4.20732402	503	-0.087627 0.023702  1.046256
4.21238422	502	-0.087387 0.023463  1.047931
4.21743202	505	-0.084514 0.022026  1.048171
4.22248792	503	-0.081402 0.018196  1.048650
4.22750806	506	-0.074219 0.010534  1.039552
4.23255205	507	-0.073262 0.018435  1.034045
4.23759603	507	-0.075656 0.008140  1.042664
4.24264001	507	-0.075656 0.008858  1.036439
4.24768400	505	-0.056263 0.007422  1.038115
4.25272417	509	-0.055545 0.000000  1.040988
4.25773620	507	-0.053151 0.005028  1.029736
4.26279592	510	-0.046686 -0.007901  1.044340
4.26788377	509	-0.042616 -0.009098  1.036679
4.27297592	510	-0.038546 -0.008858  1.032848
4.27807617	512	-0.039265 -0.014604  1.034524
4.28318023	512	-0.027533 -0.016041  1.028539
4.28828811	513	-0.029448 -0.017956  1.022314
4.29339218	512	-0.026815 -0.018914  1.030215
4.29851198	514	-0.021069 -0.020111  1.031412
4.30361604	514	-0.018914 -0.019153  1.023511
4.30872392	515	-0.016999 -0.021787  1.022553
4.31382799	516	-0.017238 -0.015083  1.030215
4.31890821	513	-0.023702 -0.018675  1.031172
4.32400417	514	-0.023224 -0.013886  1.027342
4.32910013	515	-0.021308 -0.027054  1.034763
4.33419179	514	-0.024660 -0.016999  1.032130
4.33926820	515	-0.029688 -0.019393  1.027342
4.34436416	516	-0.026097 -0.011013  1.027102
4.34944391	518	-0.034237 -0.012689  1.023271
4.35453176	518	-0.036870 -0.007422  1.032130
4.35960388	518	-0.045968 -0.004549  1.029975
4.36468410	518	-0.045968 0.000479  1.021595
4.36972379	518	-0.057221 -0.003112  1.024469
4.37481594	519	-0.061770 0.000000  1.026863
4.37982416	519	-0.065361 0.004788  1.022074
4.38487195	518	-0.066079 0.013647  1.029736
4.38993215	517	-0.068713 0.009577  1.023990
4.39497613	518	-0.076135 0.014365  1.033088
4.40002822	516	-0.075177 0.013168  1.026384
4.40508413	516	-0.083078 0.014844  1.023750
4.41014385	519	-0.082360 0.018914  1.018723
4.41520404	517	-0.083796 0.018196  1.023990
4.42024421	518	-0.086669 0.016041  1.029257
4.42528390	517	-0.090500 0.020829  1.013934
4.43031597	516	-0.089542 0.013886  1.023032
4.43535614	518	-0.079726 0.016280  1.019441
4.44040012	518	-0.083557 0.016759  1.014174
4.44545602	519	-0.086669 0.016280  1.021595
4.45050382	519	-0.078290 0.016520  1.027342
4.45554399	518	-0.073741 0.013647  1.021117
4.46059179	519	-0.070628 0.005507  1.023750
4.46563577	519	-0.071107 0.011492  1.015849
4.47068405	518	-0.058657 0.007183  1.026144
4.47574377	518	-0.052672 0.005267  1.017047
4.48080778	517	-0.051714 -0.004070  1.020638
4.48589611	515	-0.044532 -0.000479  1.018004
4.49098777	518	-0.039504 0.000718  1.019441
4.49602794	518	-0.034716 -0.000479  1.023990
4.50111198	515	-0.032321 -0.011013  1.036200
4.50619602	518	-0.027772 -0.010056  1.026863
4.51128005	517	-0.023224 -0.015083  1.018004
4.51636409	517	-0.024660 -0.015083  1.022553
4.52144384	517	-0.016999 -0.015083  1.023271
4.52653598	516	-0.022745 -0.012450  1.026384
4.53162002	515	-0.017956 -0.012210  1.031651
4.53670787	516	-0.020111 -0.014604  1.024947
4.54180002	515	-0.020829 -0.015323  1.023990
4.54688787	514	-0.023463 -0.012210  1.029496
4.55198383	512	-0.017956 -0.017238  1.018962
4.55706787	511	-0.020351 -0.006943  1.033327
4.56216001	510	-0.022745 -0.008619  1.030693
4.56725215	512	-0.031364 -0.004549  1.028299
4.57234382	511	-0.033518 -0.000239  1.028060
4.57742023	512	-0.036631 -0.003352  1.027581
4.58252382	509	-0.037828 0.001437  1.027102
4.58757209	511	-0.040940 0.001915  1.031412
4.59260797	508	-0.054348 0.002634  1.027102
4.59765577	509	-0.060094 0.010056  1.041946
4.60271215	509	-0.059615 0.011492  1.040270
4.60776805	508	-0.064403 0.018435  1.025426
4.61283206	508	-0.067276 0.019393  1.039073
##inga 
#ido(sec)  szog(ADC)     ax(g)    ay(g)   az(g)
4.61840391	505	-0.071825 0.014604  1.022553
4.62364387	504	-0.073980 0.015562  1.044819
4.62888002	506	-0.077332 0.023224  1.040031
4.63409614	503	-0.081402 0.016759  1.037397
4.63914394	502	-0.080923 0.027294  1.041467
4.64418411	505	-0.081881 0.024899  1.036439
4.64922809	504	-0.078529 0.015323  1.044101
4.65426778	501	-0.082839 0.028730  1.048171
4.65931606	501	-0.078768 0.024660  1.050804
4.66436386	500	-0.079487 0.021548  1.045537
4.66941976	501	-0.078529 0.024181  1.047692
4.67447614	502	-0.074938 0.018675  1.048650
4.67952823	503	-0.074219 0.020590  1.050086
4.68459606	502	-0.062967 0.016759  1.045777
4.68966007	501	-0.060333 0.015083  1.040270
4.69470787	499	-0.056742 0.016041  1.048410
4.69973993	500	-0.052911 0.009337  1.046256
4.70478820	499	-0.051475 0.011492  1.058945
4.70981979	498	-0.038546 0.005507  1.052480
4.71485614	495	-0.038067 -0.000479  1.055114
4.71993207	495	-0.035673 -0.000239  1.053917
4.72501182	496	-0.029209 0.004070  1.055593
4.73006010	494	-0.024421 -0.012450  1.051762
4.73515176	492	-0.031603 -0.007901  1.053199
4.74023580	494	-0.023942 -0.007661  1.062775
4.74532413	490	-0.017238 -0.006943  1.064451
4.75041198	490	-0.020351 -0.004549  1.063494
4.75550413	488	-0.019872 -0.009337  1.066846
4.76060390	490	-0.015083 -0.010534  1.062536
4.76569986	489	-0.022026 -0.009337  1.063015
4.77078819	487	-0.022745 -0.001437  1.058705
4.77587604	486	-0.018435 -0.007422  1.052720
4.78096389	487	-0.018914 -0.014604  1.059663
4.78606414	486	-0.028970 0.000479  1.057508
4.79112005	486	-0.022266 0.000958  1.062775
4.79619598	485	-0.031843 -0.001915  1.058466
4.80129194	484	-0.036870 0.001676  1.057269
4.80634403	482	-0.037349 0.002155  1.058705
4.81139612	480	-0.044771 0.008858  1.063494
4.81644392	477	-0.053151 0.012689  1.061818
4.82149219	477	-0.057939 0.013647  1.067803
4.82653999	479	-0.051714 0.016520  1.069000
4.83158397	478	-0.056981 0.015562  1.059424
4.83661985	474	-0.063446 0.018196  1.073310
4.84167194	476	-0.066558 0.016520  1.065170
4.84670782	475	-0.067995 0.023942  1.066127
4.85176420	472	-0.070628 0.022026  1.066606
4.85681200	473	-0.073501 0.027294  1.063015
4.86185979	473	-0.075656 0.030167  1.056790
4.86692380	472	-0.074219 0.024899  1.068042
4.87198781	471	-0.073501 0.026815  1.069000
4.87704801	469	-0.076374 0.025378  1.072592
4.88210010	470	-0.074698 0.026336  1.062296
4.88714790	470	-0.073741 0.022266  1.065170
4.89218807	466	-0.073741 0.026336  1.065409
4.89723587	468	-0.071825 0.026097  1.067564
4.90227603	465	-0.066798 0.023224  1.066367
4.90732383	464	-0.061530 0.019393  1.065648
4.91236400	465	-0.061530 0.021787  1.062296
4.91741609	464	-0.060094 0.017477  1.069000
4.92243623	464	-0.054587 0.022026  1.067324
4.92749595	463	-0.046208 0.016280  1.064930
4.93253993	463	-0.045968 0.011013  1.066127
4.93757200	462	-0.039265 0.011731  1.069479
4.94263982	460	-0.034716 0.009816  1.063494
4.94770812	460	-0.036631 0.003352  1.069000
4.95276403	458	-0.032800 0.010774  1.058226
4.95780420	458	-0.024181 0.001437  1.069240
4.96283578	457	-0.023702 0.008380  1.060621
4.96786785	457	-0.017717 -0.000718  1.071634
4.97295618	455	-0.018914 0.001676  1.063015
4.97799205	455	-0.015323 -0.001676  1.063972
4.98307609	453	-0.016520 0.002634  1.045298
4.98812007	453	-0.019153 -0.007901  1.062536
4.99321985	451	-0.019632 0.001197  1.057029
4.99826812	452	-0.018675 -0.000239  1.053199
5.00335216	452	-0.014844 0.007183  1.056790
5.00840806	450	-0.019872 0.006464  1.060381
5.01346778	449	-0.018914 0.012210  1.050326
5.01851987	452	-0.027294 0.008619  1.055114
5.02358007	451	-0.024660 0.009098  1.055114
5.02864408	448	-0.026575 0.010056  1.048650
5.03369617	449	-0.035913 0.013168  1.048650
5.03874015	449	-0.048123 0.012929  1.055114
5.04378795	448	-0.044053 0.022266  1.048171
5.04882001	447	-0.051714 0.015802  1.044580
5.05386018	448	-0.050517 0.020111  1.053199
5.05891180	445	-0.056024 0.022505  1.051283
5.06394386	445	-0.057700 0.029448  1.040749
5.06898403	447	-0.065361 0.025378  1.041228
5.07405185	447	-0.064403 0.027772  1.033088
5.07910013	446	-0.066319 0.035434  1.049847
5.08415985	445	-0.074459 0.034955  1.041946
5.08921194	445	-0.073980 0.035434  1.027342
5.09427213	440	-0.072304 0.033997  1.042425
5.09931612	442	-0.072783 0.036631  1.039073
5.10437583	439	-0.072304 0.034476  1.039073
5.10941219	441	-0.072304 0.030645  1.039552
5.11446380	439	-0.066798 0.034716  1.039552
5.11949205	439	-0.067276 0.030885  1.034045
5.12453985	437	-0.065122 0.034237  1.033566
##inga 
#ido(sec)  szog(ADC)     ax(g)    ay(g)   az(g)
5.13010787	436	-0.063446 0.031364  1.043383
5.13534784	435	-0.060333 0.028970  1.033566
5.14058017	437	-0.050996 0.031364  1.029017
5.14578390	435	-0.051954 0.023942  1.037158
5.15082788	435	-0.048123 0.027772  1.029257
5.15588808	435	-0.046208 0.016520  1.028539
5.16093587	432	-0.033279 0.017477  1.034763
5.16598415	435	-0.037828 0.010774  1.030454
5.17103576	433	-0.027054 0.008140  1.034045
5.17608404	434	-0.023224 0.009098  1.025426
5.18115186	432	-0.026575 0.009098  1.029975
5.18620395	430	-0.019393 0.009577  1.027820
5.19125223	432	-0.020829 0.010056  1.023032
5.19629192	432	-0.016999 0.005267  1.029496
5.20132398	432	-0.010534 0.002394  1.016328
5.20635604	432	-0.012450 0.007183  1.027342
5.21139621	431	-0.011731 0.005746  1.020398
5.21644020	432	-0.008140 0.010295  1.020877
5.22146797	431	-0.018435 0.008619  1.024469
5.22652816	432	-0.015562 0.009816  1.012977
5.23159217	432	-0.017956 0.011971  1.017047
5.23665189	430	-0.016759 0.009577  1.025426
5.24170780	429	-0.027294 0.011971  1.021356
5.24676799	431	-0.025139 0.006464  1.017765
5.25183582	430	-0.030885 0.016041  1.016807
5.25687980	432	-0.028730 0.020829  1.014652
5.26192378	431	-0.033518 0.021069  1.027820
5.26696014	430	-0.042138 0.021308  1.012019
5.27200794	429	-0.043095 0.020590  1.019680
5.27701997	431	-0.049799 0.022266  1.016568
5.28206014	431	-0.051954 0.024899  1.022074
5.28710412	431	-0.054587 0.031603  1.017047
5.29215192	428	-0.059615 0.028730  1.024469
5.29720020	430	-0.061770 0.031603  1.021356
5.30223989	430	-0.065600 0.039265  1.021356
5.30728006	430	-0.060333 0.039265  1.010822
5.31233596	429	-0.068713 0.037828  1.022314
5.31739616	427	-0.064643 0.034476  1.017286
5.32246017	429	-0.071107 0.038546  1.022793
5.32750797	429	-0.070389 0.033279  1.020398
5.33254384	428	-0.065122 0.036391  1.018244
5.33757209	428	-0.066798 0.027772  1.016328
5.34261989	429	-0.063206 0.033279  1.019680
5.34766006	429	-0.064403 0.033040  1.019920
5.35267591	429	-0.056503 0.033758  1.023032
5.35771989	430	-0.059615 0.031603  1.015849
5.36276388	427	-0.047405 0.023942  1.021835
5.36781597	430	-0.054348 0.025618  1.022793
5.37286806	430	-0.039025 0.022266  1.020159
5.37791585	431	-0.047165 0.016280  1.023032
5.38297986	430	-0.041898 0.016759  1.017047
5.38803577	432	-0.038067 0.009098  1.020638
5.39310789	431	-0.033758 0.011492  1.020877
5.39815616	430	-0.022745 0.002873  1.018483
5.40318393	432	-0.028730 0.009098  1.023750
5.40821981	431	-0.024421 0.000958  1.015849
5.41325998	432	-0.021308 0.007661  1.017047
5.41829204	433	-0.022505 0.002634  1.016328
5.42333221	430	-0.016280 0.000479  1.032609
5.42837619	434	-0.018435 0.004788  1.027581
5.43340778	434	-0.014844 -0.003591  1.025426
5.43849992	434	-0.014126 0.003352  1.024229
5.44357204	434	-0.016999 0.001676  1.025666
5.44863605	434	-0.015802 0.004070  1.031651
5.45367622	433	-0.025139 0.008858  1.018723
5.45874023	436	-0.022026 0.007901  1.026623
5.46380376	436	-0.024181 0.003352  1.022074
5.46887588	436	-0.027533 0.008380  1.036200
5.47391605	437	-0.036152 0.009816  1.030454
5.47896385	437	-0.031843 0.009577  1.029496
5.48400402	437	-0.036870 0.015802  1.033088
5.48905181	438	-0.044771 0.011731  1.042425
5.49409198	438	-0.044053 0.022984  1.044340
5.49912786	438	-0.053869 0.024181  1.030693
5.50418376	438	-0.054108 0.025618  1.032130
5.50922012	440	-0.057700 0.021787  1.040031
5.51425600	440	-0.059615 0.025857  1.042425
5.51930809	442	-0.065122 0.026097  1.042185
5.52437210	443	-0.072065 0.024181  1.039791
5.52943181	442	-0.069671 0.028730  1.037158
5.53449201	442	-0.065122 0.029209  1.041467
5.53956794	442	-0.073262 0.023942  1.033806
5.54461193	443	-0.068713 0.029209  1.045777
5.54966402	445	-0.071586 0.029209  1.040988
5.55471181	445	-0.071586 0.028730  1.036918
5.55975198	447	-0.059376 0.023463  1.036200
5.56479978	448	-0.067276 0.026336  1.043622
5.56984376	448	-0.066798 0.027294  1.045777
5.57489204	446	-0.058897 0.024899  1.039312
5.57993221	448	-0.062727 0.020590  1.046016
5.58496379	448	-0.052911 0.023702  1.042664
5.59002399	449	-0.052193 0.016041  1.053438
5.59508419	447	-0.049320 0.015083  1.046974
5.60014009	450	-0.047884 0.006464  1.057269
5.60521221	450	-0.046926 0.016041  1.051283
5.61025619	451	-0.037349 0.007901  1.048410
5.61530399	449	-0.029927 0.001197  1.051283
5.62035608	450	-0.034237 0.008140  1.048650
5.62538003	451	-0.029688 0.001437  1.052002
5.63042020	453	-0.028491 0.001915  1.054875
5.63546419	451	-0.028251 -0.002394  1.054396
##inga 
#ido(sec)  szog(ADC)     ax(g)    ay(g)   az(g)
5.64107608	456	-0.020351 -0.002634  1.054396
5.64629602	456	-0.025378 0.005507  1.057269
5.65153217	456	-0.022745 -0.003112  1.059663
5.65677595	456	-0.022745 -0.004070  1.064451
5.66185998	454	-0.013886 0.001915  1.054875
5.66690015	455	-0.023224 -0.008380  1.058466
5.67198801	457	-0.022745 -0.002155  1.068282
5.67709589	455	-0.025857 0.000479  1.060860
5.68214797	457	-0.026815 0.001676  1.063015
5.68721199	460	-0.029448 -0.000958  1.060621
5.69229602	462	-0.031364 0.005267  1.055832
5.69737195	462	-0.033758 0.008140  1.059424
5.70243978	463	-0.043813 -0.000718  1.053199
5.70753192	461	-0.037589 0.007422  1.057508
5.71258783	464	-0.049799 0.009577  1.059424
5.71763610	464	-0.048602 0.013886  1.060381
5.72266006	465	-0.056742 0.012450  1.065888
5.72769212	466	-0.058179 0.016520  1.052720
5.73271608	465	-0.060812 0.022745  1.059663
5.73776388	468	-0.069671 0.015323  1.058466
5.74280405	468	-0.066079 0.023702  1.066367
5.74784803	469	-0.069671 0.022505  1.061578
5.75291204	471	-0.073501 0.023224  1.067803
5.75796413	471	-0.077811 0.024421  1.057508
5.76302003	471	-0.073022 0.022745  1.052241
5.76806783	473	-0.074459 0.017477  1.059902
5.77313184	472	-0.074219 0.022745  1.063733
5.77819204	473	-0.077093 0.017477  1.057029
5.78324413	476	-0.070868 0.017238  1.064691
5.78828382	476	-0.074459 0.015802  1.062296
5.79333209	476	-0.071346 0.020351  1.069240
5.79837989	478	-0.070868 0.016759  1.060860
5.80342006	476	-0.066558 0.016041  1.060142
5.80846023	480	-0.063925 0.014844  1.062775
5.81351613	478	-0.057700 0.012689  1.066606
5.81855201	481	-0.057700 0.007661  1.056550
5.82357978	482	-0.057939 0.005746  1.068042
5.82863187	482	-0.044532 0.000239  1.059424
5.83370399	484	-0.045011 0.003112  1.060621
5.83874797	484	-0.040462 -0.000239  1.052241
5.84383201	484	-0.035194 -0.005507  1.067324
5.84891986	486	-0.037349 -0.001676  1.060142
5.85401582	487	-0.032800 -0.008858  1.068042
5.85909986	488	-0.030167 -0.003831  1.063494
5.86420392	489	-0.028012 -0.010774  1.052959
5.86930799	490	-0.025618 -0.010534  1.060621
5.87441205	490	-0.025618 -0.009577  1.064691
5.87951993	492	-0.032800 -0.012210  1.049847
5.88459587	492	-0.021069 -0.008380  1.048410
5.88966798	493	-0.024421 -0.009098  1.048889
5.89474821	490	-0.025139 -0.010295  1.063015
5.89982795	493	-0.034237 -0.008140  1.059424
5.90490388	493	-0.034716 -0.007901  1.050565
5.90999603	493	-0.027772 -0.011731  1.051762
5.91509199	494	-0.029448 -0.008140  1.049129
5.92017221	496	-0.034237 -0.010056  1.059902
5.92526006	496	-0.041898 -0.001437  1.058466
5.93033981	497	-0.043335 0.004070  1.040510
5.93538808	500	-0.052432 -0.002394  1.050565
5.94048023	499	-0.051235 -0.001915  1.053917
5.94555616	502	-0.054348 0.004310  1.048410
5.95059585	501	-0.060094 0.010295  1.046734
5.95563602	502	-0.060573 0.004549  1.059663
5.96068000	502	-0.071346 0.014126  1.056072
5.96574401	500	-0.069192 0.006464  1.050326
5.97080802	503	-0.077093 0.018196  1.053199
5.97588014	504	-0.069671 0.013168  1.039552
5.98094797	505	-0.080205 0.011731  1.053917
5.98600387	504	-0.080205 0.014604  1.052241
5.99105596	504	-0.079966 0.019632  1.042664
5.99610376	503	-0.081641 0.018196  1.046495
6.00115203	505	-0.083317 0.019632  1.047213
6.00619602	503	-0.078290 0.013407  1.045537
6.01124000	503	-0.079008 0.018196  1.034045
6.01627588	505	-0.073741 0.014604  1.030215
6.02132797	504	-0.074938 0.014365  1.034763
6.02638387	505	-0.071586 0.009577  1.037397
6.03143596	505	-0.072065 0.008380  1.031651
6.03648376	506	-0.065122 0.013886  1.037158
6.04154777	508	-0.067995 0.002634  1.030693
6.04660415	506	-0.057700 0.001915  1.031172
6.05166006	506	-0.056742 -0.000239  1.039073
6.05674791	509	-0.049081 0.002873  1.038834
6.06181192	510	-0.048362 -0.003352  1.036918
6.06690788	508	-0.042138 -0.005028  1.029975
6.07198810	510	-0.039983 -0.008140  1.036679
6.07706785	511	-0.040701 -0.011971  1.029736
6.08213996	511	-0.039265 -0.011971  1.029496
6.08723592	512	-0.029209 -0.007661  1.024947
6.09231996	510	-0.025618 -0.012689  1.035961
6.09741592	513	-0.026815 -0.025139  1.038834
6.10251998	514	-0.028491 -0.018435  1.027581
6.10761213	513	-0.021548 -0.017717  1.030454
6.11271190	514	-0.031364 -0.018196  1.023750
6.11779594	514	-0.024660 -0.015083  1.022074
6.12287998	515	-0.028491 -0.017238  1.024469
6.12797212	514	-0.025139 -0.016280  1.030933
6.13305997	513	-0.031364 -0.015323  1.031890
6.13815593	515	-0.039504 -0.014604  1.024947
6.14323616	515	-0.034716 -0.006225  1.025187
6.14833211	516	-0.044771 -0.003352  1.024947
##inga 
#ido(sec)  szog(ADC)     ax(g)    ay(g)   az(g)
6.15395593	517	-0.042616 -0.004549  1.015371
6.15920019	514	-0.052432 0.000239  1.030215
6.16441202	514	-0.057700 0.002873  1.021835
6.16961622	516	-0.054827 0.004788  1.021117
6.17466402	514	-0.062727 0.005746  1.023511
6.17972421	517	-0.061770 0.001437  1.029017
6.18479585	516	-0.063685 0.005746  1.019920
6.18985223	516	-0.071586 0.011492  1.020159
6.19490814	517	-0.081881 0.010295  1.015131
6.19996023	517	-0.071586 0.014844  1.029736
6.20500421	517	-0.082599 0.012689  1.022074
6.21005201	517	-0.077093 0.011731  1.030693
6.21509599	517	-0.080923 0.011492  1.021117
6.22013187	516	-0.076853 0.013647  1.021835
6.22518014	517	-0.080444 0.014126  1.023032
6.23021984	517	-0.079487 0.011492  1.025905
6.23527622	517	-0.073741 0.015562  1.031412
6.24032020	517	-0.071107 0.007422  1.025187
6.24537181	514	-0.069910 0.018675  1.025905
6.25042009	517	-0.063685 0.012210  1.019920
6.25546789	516	-0.067995 0.006464  1.025426
6.26053190	516	-0.062727 0.013886  1.024229
6.26558017	516	-0.054587 0.004070  1.024229
6.27062416	515	-0.057221 0.003112  1.024229
6.27567195	515	-0.051954 0.000000  1.019201
6.28066778	512	-0.050278 0.000718  1.029736
6.28570795	514	-0.045250 0.005507  1.021835
6.29074382	512	-0.039983 -0.003591  1.031412
6.29582786	513	-0.040222 -0.003831  1.026623
6.30090808	512	-0.034955 0.000239  1.028299
6.30595588	512	-0.030167 -0.003831  1.032609
6.31104421	513	-0.026815 -0.008619  1.031412
6.31613588	512	-0.024181 -0.013168  1.026144
6.32123184	511	-0.025618 -0.009337  1.031412
6.32632398	512	-0.021308 -0.005985  1.026623
6.33141613	511	-0.028012 -0.012689  1.028539
6.33652782	511	-0.019872 -0.015562  1.034045
6.34161996	510	-0.023942 -0.008619  1.029496
6.34670782	510	-0.027533 -0.011971  1.025666
6.35181617	510	-0.030885 -0.013168  1.029736
6.35691976	509	-0.031364 -0.010534  1.022553
6.36202383	508	-0.035673 0.000000  1.032130
6.36704015	508	-0.037589 -0.002394  1.037158
6.37213611	506	-0.039743 0.000000  1.033566
6.37714815	507	-0.046447 -0.000958  1.037636
6.38222789	506	-0.042856 0.005507  1.039552
6.38727617	506	-0.054827 0.003112  1.034045
6.39231204	506	-0.056263 0.008858  1.041467
6.39735221	505	-0.059615 0.006225  1.043383
6.40239620	503	-0.060333 0.011492  1.043383
6.40742397	501	-0.069431 0.010295  1.038594
