0.52630400	767	-0.055066 -0.044292  0.527916
0.53151602	771	-0.059854 -0.040940  0.507087
0.53673200	773	-0.064882 -0.034237  0.496792
0.54194803	772	-0.064403 -0.040940  0.493919
0.54702000	774	-0.068234 -0.047884  0.481469
0.55210399	776	-0.066079 -0.040940  0.454894
0.55717997	775	-0.073741 -0.035194  0.454415
0.56227998	776	-0.075895 -0.034237  0.445796
0.56736397	775	-0.076853 -0.040222  0.431910
0.57245597	777	-0.072544 -0.039743  0.431191
0.57754397	774	-0.080205 -0.029448  0.426164
0.58263201	774	-0.079726 -0.031843  0.418981
0.58772802	775	-0.084275 -0.034716  0.417784
0.59281997	777	-0.084275 -0.030645  0.410601
0.59790401	779	-0.082839 -0.034237  0.411320
0.60298800	781	-0.085712 -0.028012  0.412756
0.60809202	780	-0.084993 -0.029927  0.398631
0.61319599	781	-0.082120 -0.037349  0.404855
0.61828398	780	-0.085712 -0.034955  0.399588
0.62338800	781	-0.083796 -0.032321  0.414672
0.62848000	781	-0.078768 -0.029688  0.403658
0.63355998	780	-0.079966 -0.028970  0.405095
0.63863601	778	-0.081163 -0.030645  0.415150
0.64371595	778	-0.074219 -0.031364  0.433346
0.64880800	780	-0.071825 -0.029448  0.418742
0.65388398	777	-0.071825 -0.024181  0.434783
0.65897603	775	-0.062009 -0.024421  0.446275
0.66405200	777	-0.070389 -0.033040  0.444838
0.66912798	776	-0.065361 -0.029448  0.457527
0.67421598	775	-0.067037 -0.019393  0.463513
0.67931199	773	-0.059854 -0.023224  0.483624
0.68440799	773	-0.065361 -0.035434  0.485060
0.68949995	772	-0.061052 -0.032561  0.506608
0.69458003	768	-0.060573 -0.036152  0.522888
0.69966001	770	-0.053390 -0.032800  0.533662
0.70474395	766	-0.055066 -0.035673  0.554013
0.70982799	765	-0.058418 -0.034955  0.560237
0.71492795	766	-0.049081 -0.041180  0.592559
0.72001199	764	-0.047884 -0.041898  0.602854
0.72510395	764	-0.050996 -0.033518  0.610755
0.73018403	762	-0.048362 -0.038307  0.640682
0.73526802	756	-0.048362 -0.038546  0.655526
0.74035196	758	-0.046686 -0.037589  0.675158
0.74544801	754	-0.046926 -0.036391  0.702452
0.75053601	751	-0.047165 -0.031843  0.721844
0.75562801	751	-0.053390 -0.033518  0.745547
0.76072001	749	-0.052911 -0.037828  0.774516
0.76581597	747	-0.054108 -0.035673  0.794627
0.77091197	743	-0.054827 -0.031364  0.826709
0.77602000	742	-0.054108 -0.028491  0.838680
0.78110799	740	-0.060333 -0.030885  0.869565
0.78619999	737	-0.066319 -0.032561  0.902605
0.79131197	733	-0.059854 -0.023942  0.922955
0.79640798	733	-0.066319 -0.019153  0.949531
0.80151195	730	-0.064643 -0.022026  0.989035
0.80659999	730	-0.071586 -0.018914  1.010822
0.81168403	726	-0.069910 -0.014604  1.044340
0.81675996	723	-0.075177 -0.015323  1.080971
0.82186403	719	-0.080444 -0.018196  1.094618
0.82693996	718	-0.083317 -0.011013  1.128376
0.83202800	713	-0.085233 -0.004549  1.157824
0.83711996	708	-0.085472 -0.004549  1.194694
0.84220399	707	-0.088824 -0.004070  1.220073
0.84727592	702	-0.084993 -0.007422  1.256225
0.85235605	702	-0.093134 -0.007901  1.295250
0.85743598	695	-0.090739 -0.002873  1.322783
0.86250801	692	-0.087627 -0.005028  1.358696
0.86759595	688	-0.090260 -0.008380  1.390778
0.87266807	686	-0.084275 -0.008380  1.428366
0.87775602	681	-0.081402 -0.006943  1.462842
0.88283996	678	-0.084754 -0.000239  1.488221
0.88792400	675	-0.079487 -0.006704  1.526288
0.89299602	670	-0.086669 -0.003352  1.556694
0.89809198	667	-0.077811 -0.002873  1.581833
0.90318002	664	-0.075895 -0.004310  1.622534
0.90825996	658	-0.071825 -0.015083  1.639772
0.91334800	657	-0.066558 -0.005985  1.681670
0.91842803	649	-0.060812 -0.003831  1.709922
0.92351198	647	-0.062009 -0.018196  1.750144
0.92860403	644	-0.055066 -0.009577  1.785338
0.93369998	638	-0.057939 -0.015083  1.815026
0.93880395	633	-0.050757 -0.016041  1.840644
0.94390401	628	-0.050517 -0.016041  1.879908
0.94898405	622	-0.050996 -0.012450  1.906244
0.95407600	619	-0.055545 -0.007661  1.931862
0.95915203	615	-0.048602 -0.015562  1.953170
0.96423606	610	-0.051954 -0.012210  1.961250
0.96931600	606	-0.049559 -0.010534  1.961250
0.97439203	599	-0.052193 -0.010534  1.961250
0.97946796	593	-0.062488 -0.003831  1.961250
0.98454799	587	-0.047884 -0.006464  1.961250
0.98962402	586	-0.043335 -0.008858  1.961250
0.99470796	578	-0.061770 0.006225  1.961250
0.99974002	574	-0.058897 0.008858  1.961250
1.00477600	571	-0.058897 -0.000718  1.961250
1.00985205	567	-0.066798 0.006943  1.961250
1.01489603	561	-0.061291 0.012929  1.961250
1.01995205	554	-0.068952 0.010534  1.961250
1.02501201	550	-0.068952 0.024899  1.961250
1.03007602	545	-0.069910 0.011492  1.961250
1.03511595	539	-0.070149 0.019872  1.961250
##inga 
#ido(sec)  szog(ADC)     ax(g)    ay(g)   az(g)
1.04069995	535	-0.081402 0.024660  1.961250
1.04590797	530	-0.083557 0.027294  1.961250
1.05114400	524	-0.077093 0.027054  1.961250
1.05634403	519	-0.082599 0.023942  1.961250
1.06138801	510	-0.085233 0.033279  1.961250
1.06642401	506	-0.081163 0.035434  1.961250
1.07146394	503	-0.078768 0.029448  1.961250
1.07650804	497	-0.073022 0.033997  1.961250
1.08155202	490	-0.080923 0.036631  1.961250
1.08658802	486	-0.070628 0.038307  1.961250
1.09162796	479	-0.078768 0.032321  1.961250
1.09667598	475	-0.073980 0.035434  1.961250
1.10171604	469	-0.058897 0.015802  1.961250
1.10677194	465	-0.067755 0.033518  1.961250
1.11181604	458	-0.066319 0.034476  1.961250
1.11686801	450	-0.055545 0.037589  1.961250
1.12191998	448	-0.056263 0.025618  1.961250
1.12696802	447	-0.056981 0.031124  1.961250
1.13200795	440	-0.052911 0.033518  1.961250
1.13704001	434	-0.051954 0.039025  1.961250
1.14208805	430	-0.055066 0.040940  1.961250
1.14711999	424	-0.043813 0.030406  1.961250
1.15216803	421	-0.060573 0.037349  1.961250
1.15720796	412	-0.043813 0.041419  1.961250
1.16225600	409	-0.046208 0.044532  1.961250
1.16729605	405	-0.051954 0.037349  1.961250
1.17234396	401	-0.045968 0.042856  1.961250
1.17739605	396	-0.041180 0.052432  1.961250
1.18245601	390	-0.055306 0.048362  1.961250
1.18750405	385	-0.047644 0.044771  1.961250
1.19254398	381	-0.045489 0.043335  1.961250
1.19759202	376	-0.049320 0.044771  1.961250
1.20263195	371	-0.050038 0.054587  1.961250
1.20767199	363	-0.046926 0.048602  1.961250
1.21270799	361	-0.053151 0.043335  1.961250
1.21774804	356	-0.045250 0.047884  1.961250
1.22278797	352	-0.043813 0.051235  1.961250
1.22783601	345	-0.043335 0.051475  1.961250
1.23288404	342	-0.049320 0.051475  1.961250
1.23792397	339	-0.046926 0.051235  1.961250
1.24297201	332	-0.031124 0.054348  1.953409
1.24803197	328	-0.042856 0.053869  1.906244
1.25310003	325	-0.043335 0.051714  1.869613
1.25815999	320	-0.046208 0.052672  1.845432
1.26321601	318	-0.031364 0.051475  1.823166
1.26825201	313	-0.033279 0.052911  1.786296
1.27329194	307	-0.030885 0.055066  1.751820
1.27831196	306	-0.031843 0.054587  1.715428
1.28336000	302	-0.023942 0.048123  1.698908
1.28840005	297	-0.028251 0.051954  1.663953
1.29345596	291	-0.024181 0.051235  1.618225
1.29851198	286	-0.020351 0.052432  1.587100
1.30355596	285	-0.020351 0.056024  1.560764
1.30862402	283	-0.017717 0.049799  1.535625
1.31368803	275	-0.027054 0.055545  1.495403
1.31874799	275	-0.016759 0.057460  1.459491
1.32379603	271	-0.021308 0.049559  1.427409
1.32885599	266	-0.019393 0.051714  1.395327
1.33390796	265	-0.020351 0.057460  1.370188
1.33896005	264	-0.020829 0.052911  1.335951
1.34398400	259	-0.017238 0.052911  1.291659
1.34902000	258	-0.017477 0.059376  1.260295
1.35406005	253	-0.018435 0.054108  1.231325
1.35910403	250	-0.011971 0.057460  1.195652
1.36414802	248	-0.019393 0.062727  1.158303
1.36919605	246	-0.016280 0.064882  1.129812
1.37424397	241	-0.015802 0.062727  1.102758
1.37929999	240	-0.021069 0.062009  1.078816
1.38434803	237	-0.022505 0.062967  1.041707
1.38940799	236	-0.028251 0.066558  1.018244
1.39447200	232	-0.030406 0.064164  0.992626
1.39952802	231	-0.031124 0.068234  0.960065
1.40458402	228	-0.031364 0.066079  0.925350
1.40963993	225	-0.029209 0.073980  0.915533
1.41468000	222	-0.034237 0.078290  0.874114
1.41970801	219	-0.037349 0.075895  0.851130
1.42474403	216	-0.038307 0.071107  0.824076
1.42978405	216	-0.038786 0.079726  0.796543
1.43483200	213	-0.035913 0.079487  0.775474
1.43988800	211	-0.033040 0.074459  0.753926
1.44492397	209	-0.043095 0.076614  0.719690
1.44997205	206	-0.036391 0.075177  0.704846
1.45502400	206	-0.030167 0.067516  0.673482
1.46007204	204	-0.025618 0.072065  0.663905
1.46513996	201	-0.018914 0.067516  0.632781
1.47019996	199	-0.017956 0.074459  0.620571
1.47525596	199	-0.020351 0.057700  0.595671
1.48029994	201	-0.009577 0.061770  0.582264
1.48532400	196	-0.006704 0.062249  0.562392
1.49036002	198	-0.002873 0.062967  0.551140
1.49539995	196	0.004549 0.054827  0.519536
1.50042400	196	0.001437 0.053869  0.514509
1.50544795	195	0.005507 0.053869  0.501820
1.51044797	191	0.005267 0.048841  0.491046
1.51546802	191	0.010295 0.047884  0.478836
1.52049598	190	0.011253 0.046208  0.473329
1.52555599	189	0.005985 0.055066  0.451781
1.53058004	189	0.014126 0.057700  0.434543
1.53561601	187	0.007901 0.049559  0.436219
1.54063997	189	0.007422 0.055784  0.418981
1.54565596	187	0.008140 0.048602  0.406292
##inga 
#ido(sec)  szog(ADC)     ax(g)    ay(g)   az(g)
1.55118799	186	0.012450 0.057700  0.401264
1.55639600	182	0.007183 0.052193  0.403419
1.56161999	184	0.006464 0.057939  0.400785
1.56678400	183	-0.002394 0.055784  0.391448
1.57183194	183	-0.002873 0.060333  0.378759
1.57687606	184	-0.006704 0.056263  0.385941
1.58191595	181	-0.005985 0.060094  0.385702
1.58695602	181	-0.009337 0.062009  0.387857
1.59200801	182	-0.016999 0.069910  0.386181
1.59705200	181	-0.015323 0.067995  0.379956
1.60208797	184	-0.024421 0.066798  0.390730
1.60712394	181	-0.024660 0.057460  0.390730
1.61214804	183	-0.025139 0.067995  0.389293
1.61719999	185	-0.025378 0.068473  0.394800
1.62224807	186	-0.022505 0.067037  0.402940
1.62728404	188	-0.029927 0.070149  0.408686
1.63232002	188	-0.029209 0.065122  0.422572
1.63736400	187	-0.032561 0.068234  0.421136
1.64240798	189	-0.033997 0.065122  0.430234
1.64745607	192	-0.024660 0.069671  0.450584
1.65251197	189	-0.026575 0.068713  0.458246
1.65757598	192	-0.026575 0.066798  0.472611
1.66262807	193	-0.020111 0.070149  0.472132
1.66768798	196	-0.025378 0.058418  0.486257
1.67273607	194	-0.018435 0.061052  0.509002
1.67778005	197	-0.016999 0.062727  0.523846
1.68282403	196	-0.020590 0.058897  0.530071
1.68786392	196	-0.023224 0.059615  0.556886
1.69292402	197	-0.019632 0.058418  0.565505
1.69797601	200	-0.014844 0.062249  0.581067
1.70302000	201	-0.013886 0.064882  0.606445
1.70805597	204	-0.011492 0.056503  0.623444
1.71310796	205	-0.011013 0.050278  0.636612
1.71815595	206	-0.005028 0.055545  0.666300
1.72319993	207	-0.004549 0.052432  0.683538
1.72825598	208	-0.005267 0.052432  0.696227
1.73329200	212	-0.012450 0.048841  0.726872
1.73832798	214	-0.001915 0.045489  0.753448
1.74335598	214	-0.008858 0.059615  0.779065
1.74839601	217	-0.007183 0.053630  0.800613
1.75341596	220	-0.011253 0.053869  0.823118
1.75846004	223	-0.011492 0.050757  0.858791
1.76351594	225	-0.014604 0.048841  0.874593
1.76855602	226	-0.007901 0.050757  0.914336
1.77359199	229	-0.009816 0.059376  0.933011
1.77864398	233	-0.013168 0.044292  0.960065
1.78370404	232	-0.020351 0.046926  0.991429
1.78875994	238	-0.017717 0.050757  1.019201
1.79383192	242	-0.016280 0.056981  1.049129
1.79889593	244	-0.021787 0.050517  1.082886
1.80394802	246	-0.015323 0.048841  1.115447
1.80900001	249	-0.024181 0.052911  1.143699
1.81404800	252	-0.032800 0.058418  1.179851
1.81908798	258	-0.024181 0.059376  1.196610
1.82412395	260	-0.031843 0.056263  1.243296
1.82916402	259	-0.032800 0.056503  1.255267
1.83420000	265	-0.033997 0.061052  1.297405
1.83924398	268	-0.041419 0.068473  1.341218
1.84429597	268	-0.045011 0.058657  1.370667
1.84934797	272	-0.039504 0.052911  1.400115
1.85440807	276	-0.047884 0.058897  1.447759
1.85947208	280	-0.051235 0.067516  1.463800
1.86453199	283	-0.049559 0.058418  1.496361
1.86958007	288	-0.050278 0.056263  1.532992
1.87462797	289	-0.039265 0.048362  1.566510
1.87968807	296	-0.048123 0.052911  1.590452
1.88472795	300	-0.048362 0.059376  1.615112
1.88977603	303	-0.041659 0.053630  1.667545
1.89481601	309	-0.048841 0.054348  1.695796
1.89986400	311	-0.044532 0.048602  1.725963
1.90490798	316	-0.047644 0.052672  1.756129
1.90996799	318	-0.044292 0.050996  1.782226
1.91501998	319	-0.046208 0.048602  1.820293
1.92007198	328	-0.046208 0.045968  1.847108
1.92512407	333	-0.044053 0.051235  1.877514
1.93017597	337	-0.040462 0.051714  1.914863
1.93522405	341	-0.038786 0.041180  1.952452
1.94027605	342	-0.044771 0.046686  1.961250
1.94532794	349	-0.046447 0.040701  1.961250
1.95037603	354	-0.045489 0.041659  1.961250
1.95541591	357	-0.041659 0.035194  1.961250
1.96044807	362	-0.038786 0.040222  1.961250
1.96549596	365	-0.039983 0.031843  1.961250
1.97053604	374	-0.033040 0.029927  1.961250
1.97556400	377	-0.035194 0.023463  1.961250
1.98060798	382	-0.034955 0.034237  1.961250
1.98565998	387	-0.042138 0.025857  1.961250
1.99070796	392	-0.033518 0.035673  1.961250
1.99575996	397	-0.039265 0.016999  1.961250
2.00081610	400	-0.035194 0.023463  1.961250
2.00586390	406	-0.038546 0.016280  1.961250
2.01090407	409	-0.036631 0.025378  1.961250
2.01595997	416	-0.042616 0.019632  1.961250
2.02100801	418	-0.042138 0.027054  1.961250
2.02606010	426	-0.048602 0.019872  1.961250
2.03110003	431	-0.050278 0.028730  1.961250
2.03614401	436	-0.053869 0.025618  1.961250
2.04118800	440	-0.053869 0.024899  1.961250
2.04622411	446	-0.065600 0.018914  1.961250
2.05125999	452	-0.066079 0.030406  1.961250
2.05629992	456	-0.068713 0.022266  1.961250
##inga 
#ido(sec)  szog(ADC)     ax(g)    ay(g)   az(g)
2.06188392	458	-0.071346 0.026815  1.961250
2.06712388	466	-0.085233 0.024660  1.961250
2.07234811	470	-0.078050 0.038546  1.961250
2.07755994	475	-0.089782 0.025139  1.961250
2.08261203	478	-0.089542 0.031603  1.961250
2.08766388	486	-0.091697 0.019632  1.961250
2.09272003	493	-0.087148 0.039265  1.961250
2.09777188	498	-0.103907 0.036152  1.961250
2.10280799	504	-0.094331 0.038786  1.961250
2.10786008	507	-0.095288 0.005507  1.961250
2.11290407	512	-0.095049 0.024899  1.961250
2.11793994	521	-0.091936 0.031124  1.961250
2.12298393	524	-0.089542 0.021308  1.961250
2.12802410	530	-0.096485 0.008858  1.961250
2.13305592	535	-0.080923 0.009098  1.961250
2.13810801	539	-0.091218 0.017238  1.961250
2.14315605	543	-0.090739 0.032800  1.961250
2.14819598	550	-0.078290 -0.004788  1.961250
2.15328001	554	-0.070868 -0.014844  1.961250
2.15837597	561	-0.081881 0.000479  1.961250
2.16342806	566	-0.068952 0.013647  1.961250
2.16847610	571	-0.074459 0.001915  1.961250
2.17351603	574	-0.061770 -0.022266  1.961250
2.17861604	579	-0.054348 -0.028970  1.961250
2.18370389	584	-0.067516 0.004788  1.961250
2.18874788	589	-0.057221 -0.014844  1.961250
2.19384789	590	-0.043813 -0.029448  1.961250
2.19894409	596	-0.055066 -0.030645  1.961250
2.20402002	599	-0.048123 -0.013168  1.961250
2.20912003	609	-0.050517 -0.008380  1.961250
2.21420001	613	-0.046208 -0.027054  1.955804
2.21928811	615	-0.043095 -0.038067  1.951733
2.22438001	622	-0.044292 -0.026097  1.918215
2.22946000	624	-0.060812 -0.010295  1.857642
2.23455190	630	-0.046447 -0.025618  1.856445
2.23965597	636	-0.042856 -0.045729  1.830109
2.24475193	639	-0.056503 -0.026815  1.782944
2.24984002	643	-0.054348 -0.009816  1.742243
2.25491595	646	-0.067276 -0.021069  1.717343
2.26002001	651	-0.066319 -0.035913  1.695078
2.26513195	657	-0.062249 -0.038067  1.680473
2.27022790	660	-0.076135 -0.019632  1.630914
2.27532792	665	-0.081163 -0.005746  1.584467
2.28042006	670	-0.070868 -0.021787  1.576566
2.28552007	670	-0.078529 -0.026336  1.535147
2.29062390	675	-0.093852 -0.012929  1.481756
2.29571604	679	-0.091458 -0.000958  1.463800
2.30079603	681	-0.095049 -0.005507  1.433155
2.30588006	687	-0.098640 -0.026097  1.404664
2.31098389	690	-0.090979 -0.020829  1.371624
2.31608390	692	-0.106780 -0.001197  1.329726
2.32117199	697	-0.104147 0.006704  1.313925
2.32624006	699	-0.095049 -0.016520  1.281603
2.33131599	705	-0.104626 -0.017717  1.244015
2.33641600	706	-0.102950 -0.018914  1.217679
2.34150409	706	-0.095049 0.002873  1.181287
2.34652805	711	-0.093852 -0.018435  1.146572
2.35162401	714	-0.094570 -0.028012  1.104195
2.35671210	716	-0.085712 -0.031843  1.076662
2.36179995	720	-0.078529 -0.019393  1.056550
2.36689591	722	-0.082120 -0.016280  1.021595
2.37197208	726	-0.080444 -0.023463  0.991908
2.37706398	730	-0.076374 -0.039025  0.969402
2.38215208	732	-0.071825 -0.034237  0.943306
2.38724398	735	-0.077811 -0.027294  0.923195
2.39234399	733	-0.070389 -0.033758  0.884170
2.39742398	739	-0.073501 -0.039983  0.866453
2.40251207	741	-0.068713 -0.039265  0.848257
2.40761590	742	-0.057221 -0.032561  0.812105
2.41271996	742	-0.065122 -0.033040  0.783375
2.41780400	746	-0.053869 -0.033758  0.760870
2.42289590	747	-0.046926 -0.045968  0.761348
2.42797589	750	-0.056981 -0.045250  0.720169
2.43307590	749	-0.056503 -0.035913  0.681143
2.43815994	753	-0.054587 -0.039265  0.679707
2.44324803	754	-0.050757 -0.054108  0.657920
2.44833207	754	-0.049559 -0.053630  0.636612
2.45341992	758	-0.056742 -0.047644  0.608600
2.45851206	759	-0.052432 -0.040222  0.603093
2.46359992	761	-0.045011 -0.045011  0.595671
2.46869993	764	-0.048841 -0.049081  0.568617
2.47379589	765	-0.055784 -0.054348  0.550661
2.47889995	763	-0.052911 -0.040940  0.552337
2.48399209	764	-0.058897 -0.045489  0.526958
2.48908400	768	-0.058657 -0.053630  0.511157
2.49416804	767	-0.060333 -0.053630  0.499665
2.49924802	769	-0.059136 -0.043813  0.496313
2.50433611	770	-0.069910 -0.037589  0.487694
2.50942397	770	-0.068234 -0.034476  0.466625
2.51451992	768	-0.066319 -0.042377  0.456091
2.51959609	769	-0.064882 -0.041659  0.464710
2.52467608	772	-0.074219 -0.034476  0.457527
2.52976393	772	-0.073022 -0.034716  0.444359
2.53484392	773	-0.079726 -0.037110  0.436698
2.53992795	773	-0.074698 -0.039504  0.445796
2.54501199	776	-0.082599 -0.030645  0.431910
2.55009603	776	-0.077093 -0.029448  0.427840
2.55518007	775	-0.078768 -0.033040  0.425445
2.56026411	775	-0.078050 -0.039265  0.430473
2.56536006	776	-0.076135 -0.035673  0.425685
2.57044792	775	-0.078050 -0.030645  0.419220
##inga 
#ido(sec)  szog(ADC)     ax(g)    ay(g)   az(g)
2.57605600	775	-0.079726 -0.027294  0.431191
2.58129596	775	-0.081881 -0.028730  0.431670
2.58651995	775	-0.083317 -0.031843  0.430234
2.59175992	775	-0.076853 -0.029448  0.441486
2.59685206	772	-0.072783 -0.026575  0.448190
2.60195207	773	-0.069910 -0.025618  0.442683
2.60704398	770	-0.066798 -0.032561  0.461358
2.61215996	771	-0.068473 -0.025618  0.457767
2.61725592	770	-0.074938 -0.023942  0.471174
2.62234401	769	-0.072783 -0.021787  0.488173
2.62744808	771	-0.074938 -0.032800  0.495595
2.63254404	770	-0.069192 -0.033040  0.506847
2.63763594	764	-0.066798 -0.025378  0.522170
2.64272809	764	-0.063446 -0.034237  0.537972
2.64782404	763	-0.065600 -0.031843  0.538451
2.65292000	761	-0.063446 -0.036391  0.565265
2.65800809	763	-0.055784 -0.036631  0.579152
2.66309595	761	-0.050278 -0.038307  0.593756
2.66817593	757	-0.054348 -0.030645  0.603812
2.67326402	756	-0.052432 -0.038307  0.630387
2.67834401	754	-0.046447 -0.035673  0.641640
2.68343210	750	-0.050038 -0.032800  0.668215
2.68851208	750	-0.051235 -0.033997  0.684735
2.69359993	751	-0.050517 -0.033518  0.704606
2.69868803	749	-0.049559 -0.035913  0.734773
2.70378398	746	-0.050757 -0.040222  0.746026
2.70887207	743	-0.053390 -0.031843  0.770925
2.71395993	741	-0.052432 -0.033518  0.798937
2.71904397	741	-0.056503 -0.033279  0.824555
2.72413611	739	-0.054348 -0.028491  0.838680
2.72921204	735	-0.057460 -0.029448  0.876748
2.73429608	734	-0.057221 -0.030167  0.890634
2.73939204	730	-0.054108 -0.026815  0.924392
2.74447989	730	-0.058179 -0.030885  0.940912
2.74957609	729	-0.059376 -0.018914  0.972515
2.75466799	724	-0.063685 -0.032800  1.001245
2.75975203	719	-0.064882 -0.027772  1.030693
2.76485204	715	-0.064643 -0.019872  1.057748
2.76995992	717	-0.074219 -0.016759  1.102758
2.77506399	713	-0.076614 -0.014844  1.117363
2.78016805	709	-0.079247 -0.016999  1.156388
2.78526806	706	-0.082120 -0.014126  1.178893
2.79036402	704	-0.082839 -0.004788  1.220552
2.79545211	702	-0.080684 -0.014126  1.250239
2.80055189	697	-0.086190 -0.011971  1.272266
2.80565595	694	-0.097204 -0.008380  1.314643
2.81073188	688	-0.093852 -0.005028  1.333796
2.81583194	686	-0.085712 -0.005746  1.372343
2.82093601	681	-0.094331 -0.000479  1.405861
2.82603597	680	-0.092415 -0.002394  1.432915
2.83113193	677	-0.091458 0.002394  1.475532
2.83619995	671	-0.089303 0.000479  1.492530
2.84125213	669	-0.088345 -0.000958  1.533231
2.84633207	666	-0.084754 -0.003352  1.560285
2.85141992	660	-0.085951 -0.004788  1.601226
2.85650806	655	-0.082839 -0.002634  1.624449
2.86160392	652	-0.082120 -0.003831  1.659404
2.86668796	648	-0.075895 -0.007901  1.684543
2.87177200	645	-0.065600 -0.002155  1.722611
2.87685604	641	-0.070389 -0.008858  1.746792
2.88193206	634	-0.056742 -0.008140  1.778634
2.88702392	627	-0.062249 -0.015083  1.819575
2.89210796	626	-0.056024 -0.013168  1.840644
2.89719600	621	-0.052672 -0.004788  1.877993
2.90227603	617	-0.053630 -0.014126  1.897386
2.90736389	611	-0.042616 -0.014365  1.914384
2.91246395	605	-0.049081 -0.004549  1.961250
2.91754798	602	-0.048602 -0.005267  1.961250
2.92262792	596	-0.051714 -0.016280  1.961250
2.92771606	589	-0.052193 -0.012450  1.961250
2.93280410	586	-0.054587 -0.008140  1.961250
2.93789196	585	-0.047405 -0.000479  1.961250
2.94298410	579	-0.058418 -0.003591  1.961250
2.94806785	572	-0.062727 -0.004070  1.961250
2.95315189	571	-0.049799 0.004788  1.961250
2.95819587	564	-0.050757 0.005028  1.961250
2.96323604	558	-0.063446 0.001197  1.961250
2.96829204	554	-0.054348 0.006943  1.961250
2.97334003	549	-0.056263 0.010056  1.961250
2.97838802	543	-0.063446 0.011971  1.961250
2.98342800	539	-0.058657 0.019393  1.961250
2.98847198	536	-0.069192 0.013647  1.961250
2.99352407	531	-0.072544 0.013168  1.961250
2.99856805	525	-0.073501 0.020590  1.961250
3.00359988	519	-0.075895 0.026575  1.961250
3.00865197	510	-0.074938 0.013407  1.961250
3.01369190	507	-0.073022 0.027533  1.961250
3.01873588	501	-0.070628 0.030167  1.961250
3.02378010	499	-0.073741 0.036152  1.961250
3.02882790	491	-0.077093 0.031364  1.961250
3.03387999	486	-0.080444 0.025139  1.961250
3.03892803	480	-0.071346 0.022026  1.961250
3.04397988	475	-0.072304 0.043574  1.961250
3.04901599	472	-0.073980 0.048362  1.961250
3.05405592	467	-0.063206 0.029448  1.961250
3.05910396	462	-0.067995 0.023942  1.961250
3.06414008	453	-0.074219 0.042138  1.961250
3.06918001	451	-0.065840 0.047165  1.961250
3.07422399	448	-0.066558 0.044532  1.961250
3.07926797	443	-0.064882 0.027054  1.961250
3.08431601	434	-0.053390 0.029448  1.961250
##inga 
#ido(sec)  szog(ADC)     ax(g)    ay(g)   az(g)
3.08989191	432	-0.060573 0.041419  1.961250
3.09511995	426	-0.060094 0.048362  1.961250
3.10033607	419	-0.057221 0.042138  1.961250
3.10555601	416	-0.059854 0.032082  1.961250
3.11061596	410	-0.060573 0.042616  1.961250
3.11565995	408	-0.050278 0.052911  1.961250
3.12068390	402	-0.048841 0.043574  1.961250
3.12572002	399	-0.049559 0.034237  1.961250
3.13075208	392	-0.045489 0.038546  1.961250
3.13579201	387	-0.050038 0.048123  1.961250
3.14083194	383	-0.046926 0.051235  1.961250
3.14586806	379	-0.049320 0.040701  1.961250
3.15090394	374	-0.037828 0.034476  1.961250
3.15594410	368	-0.041898 0.037349  1.961250
3.16099190	364	-0.043335 0.057460  1.961250
3.16604399	357	-0.035194 0.044771  1.961250
3.17110395	354	-0.040222 0.042856  1.961250
3.17615199	349	-0.039743 0.045011  1.961250
3.18118810	344	-0.034955 0.051714  1.961250
3.18621206	342	-0.033758 0.049799  1.951494
3.19126391	337	-0.045968 0.052432  1.916778
3.19630002	333	-0.039743 0.054348  1.890682
3.20133996	328	-0.034237 0.052911  1.866980
3.20638394	322	-0.035194 0.053151  1.823645
3.21142792	322	-0.036152 0.052193  1.787014
3.21648406	316	-0.025139 0.049081  1.764030
3.22155189	312	-0.029927 0.050517  1.742004
3.22661590	307	-0.028491 0.063206  1.699627
3.23166799	304	-0.029448 0.056263  1.666587
3.23672008	301	-0.027054 0.052672  1.633787
3.24178004	297	-0.026336 0.046926  1.616788
3.24684405	291	-0.024181 0.044292  1.567229
3.25190806	289	-0.015802 0.046926  1.542329
3.25695204	284	-0.022026 0.054348  1.510487
3.26199603	284	-0.021069 0.057221  1.492530
3.26703190	278	-0.019393 0.051235  1.457096
3.27206397	275	-0.017717 0.051235  1.420465
3.27711200	272	-0.019153 0.053151  1.374258
3.28215599	269	-0.016759 0.055066  1.349598
3.28719997	266	-0.019393 0.053151  1.329247
3.29225993	264	-0.020829 0.045011  1.283758
3.29729604	261	-0.019872 0.057939  1.264365
3.30235195	258	-0.015562 0.056503  1.221988
3.30741596	255	-0.022984 0.062967  1.194455
3.31247591	253	-0.019393 0.060812  1.166443
3.31754398	250	-0.030406 0.060573  1.129333
3.32259988	248	-0.029927 0.067037  1.110180
3.32765197	245	-0.023702 0.063925  1.074746
3.33269596	241	-0.036870 0.069192  1.044340
3.33772397	239	-0.034716 0.065600  1.019201
3.34276008	236	-0.038546 0.061291  0.986880
3.34778404	234	-0.035434 0.070868  0.955756
3.35282802	231	-0.029688 0.079726  0.935166
3.35787200	230	-0.035673 0.075417  0.905478
3.36291599	226	-0.036870 0.064403  0.883691
3.36796402	223	-0.035194 0.069431  0.861425
3.37300801	224	-0.035434 0.076135  0.840117
3.37806391	218	-0.036631 0.072065  0.800374
3.38313198	218	-0.030167 0.066798  0.775953
3.38818788	217	-0.023224 0.060333  0.763982
3.39324808	214	-0.018435 0.072065  0.738843
3.39830398	211	-0.027054 0.076853  0.695987
3.40333604	209	-0.019872 0.067516  0.688805
3.40838003	205	-0.020351 0.059376  0.667497
3.41343188	208	-0.009577 0.060812  0.653371
3.41845989	203	-0.014365 0.068473  0.632302
3.42350006	203	-0.006464 0.065600  0.614107
3.42853593	200	-0.010774 0.055066  0.592559
3.43358802	201	-0.002634 0.059376  0.578433
3.43862390	200	-0.010774 0.060812  0.561195
3.44366788	200	-0.004788 0.059136  0.547548
3.44871997	199	-0.007901 0.057460  0.529353
3.45374798	200	-0.004070 0.056024  0.526480
3.45878791	201	-0.001676 0.055784  0.509002
3.46381998	197	0.002634 0.058179  0.487215
3.46883606	198	0.000239 0.056263  0.478596
3.47382807	196	0.004310 0.051954  0.469019
3.47885203	195	0.006704 0.051954  0.453697
3.48386788	196	-0.000718 0.046208  0.451781
3.48889994	194	0.007183 0.058897  0.451542
3.49393200	191	0.000958 0.057700  0.441965
3.49894809	193	-0.001437 0.055066  0.426642
3.50399589	192	-0.006464 0.051475  0.422572
3.50903606	189	0.000239 0.063446  0.420178
3.51406002	190	0.001676 0.058897  0.418981
3.51909589	190	-0.006943 0.056981  0.405574
3.52412009	189	-0.004788 0.056742  0.406531
3.52914810	190	-0.006225 0.060333  0.412756
3.53417205	190	-0.011253 0.065600  0.418263
3.53921198	188	-0.005267 0.065840  0.396476
3.54424405	189	-0.012689 0.059136  0.411080
3.54928803	190	-0.011253 0.060094  0.420657
3.55433988	187	-0.017477 0.066079  0.415869
3.55940794	190	-0.017238 0.066319  0.417066
3.56446409	189	-0.019153 0.065361  0.421375
3.56951999	190	-0.015083 0.059136  0.429994
3.57456398	192	-0.021069 0.061770  0.438135
3.57961606	192	-0.023702 0.064403  0.437416
3.58466410	191	-0.023463 0.075656  0.447711
3.58971190	195	-0.029688 0.066558  0.451063
3.59475207	196	-0.031843 0.063446  0.470695
##inga 
#ido(sec)  szog(ADC)     ax(g)    ay(g)   az(g)
3.60032796	195	-0.031124 0.065840  0.477399
3.60556006	196	-0.027533 0.074698  0.500144
3.61077189	198	-0.030167 0.071346  0.502777
3.61597609	197	-0.029688 0.063685  0.510917
3.62102389	196	-0.028970 0.065600  0.527916
3.62605190	202	-0.026575 0.064164  0.543478
3.63109993	199	-0.022745 0.062249  0.555449
3.63615989	203	-0.025139 0.056981  0.571011
3.64122390	205	-0.028491 0.060333  0.599741
3.64628410	205	-0.017717 0.069431  0.602854
3.65133190	208	-0.020590 0.062967  0.623923
3.65637588	208	-0.011253 0.062967  0.649301
3.66142010	207	-0.022266 0.051235  0.668933
3.66645598	212	-0.012210 0.059854  0.683059
3.67149996	215	-0.006464 0.057700  0.708198
3.67653203	214	-0.012450 0.054827  0.722802
3.68157196	218	-0.011013 0.053630  0.744829
3.68660402	220	-0.006225 0.048362  0.780502
3.69165992	223	-0.008619 0.044532  0.804683
3.69670009	225	-0.009098 0.056263  0.814260
3.70172405	226	-0.002394 0.050996  0.857834
3.70676803	228	-0.001915 0.047644  0.875551
3.71182394	230	-0.012689 0.047405  0.904760
3.71688389	233	-0.009816 0.045250  0.922477
3.72192406	234	-0.005028 0.047884  0.958868
3.72694802	240	-0.008380 0.046686  0.987838
3.73197197	242	-0.014844 0.047644  1.006991
3.73701596	244	-0.005746 0.051714  1.035721
3.74204397	246	-0.010774 0.046926  1.057029
3.74709200	249	-0.012929 0.051235  1.100603
3.75213599	251	-0.016999 0.045250  1.131249
3.75717997	257	-0.015323 0.044292  1.148487
3.76223206	258	-0.021787 0.044532  1.187512
3.76729607	259	-0.019872 0.054348  1.206665
3.77235198	265	-0.021787 0.050517  1.249521
3.77740788	268	-0.026815 0.044292  1.276336
3.78247594	267	-0.025618 0.055306  1.312249
3.78755211	272	-0.029927 0.057460  1.351274
3.79260396	275	-0.034716 0.053151  1.377610
3.79764389	279	-0.039025 0.056024  1.412804
3.80268783	282	-0.038546 0.057700  1.434831
3.80771589	286	-0.048841 0.049081  1.471701
3.81275606	288	-0.043574 0.053151  1.506177
3.81780004	293	-0.048123 0.060573  1.536583
3.82284402	296	-0.052911 0.066079  1.559807
3.82789211	300	-0.050038 0.066079  1.583748
3.83293199	305	-0.054348 0.058657  1.633787
3.83798007	311	-0.057939 0.056503  1.655334
3.84303588	313	-0.063206 0.064882  1.691726
3.84808807	318	-0.061291 0.059136  1.730272
3.85314388	320	-0.059854 0.054587  1.744876
3.85820007	322	-0.053151 0.052672  1.778874
3.86326408	329	-0.058179 0.051235  1.807125
3.86831998	332	-0.053869 0.051475  1.834179
3.87337207	336	-0.056263 0.055784  1.862909
3.87841606	340	-0.056024 0.053869  1.888527
3.88346004	346	-0.053151 0.051714  1.916539
3.88850803	349	-0.052193 0.045729  1.959155
3.89356803	351	-0.052672 0.039983  1.961250
3.89861602	357	-0.048602 0.044053  1.961250
3.90365200	362	-0.045968 0.044771  1.961250
3.90867595	366	-0.046208 0.042138  1.961250
3.91371994	371	-0.055066 0.032800  1.961250
3.91876010	379	-0.038786 0.039504  1.961250
3.92380809	381	-0.043095 0.032082  1.961250
3.92885208	388	-0.041419 0.033040  1.961250
3.93390798	393	-0.039743 0.013647  1.961250
3.93895196	396	-0.037589 0.026097  1.961250
3.94400005	401	-0.031364 0.020351  1.961250
3.94904804	405	-0.026336 0.022266  1.961250
3.95409603	409	-0.033758 0.022505  1.961250
3.95913600	414	-0.034476 0.017717  1.961250
3.96417598	418	-0.032321 0.016759  1.961250
3.96922798	422	-0.033518 0.019393  1.961250
3.97428398	429	-0.030167 0.022505  1.961250
3.97932415	434	-0.036391 0.011971  1.961250
3.98437194	440	-0.043813 0.007901  1.961250
3.98942804	445	-0.039504 0.016999  1.961250
3.99446792	450	-0.049799 0.015562  1.961250
3.99951601	452	-0.059136 0.020590  1.961250
4.00456380	457	-0.055784 0.012689  1.961250
4.00960397	460	-0.061530 0.016280  1.961250
4.01464414	468	-0.066319 0.033758  1.961250
4.01969194	473	-0.068713 0.022266  1.961250
4.02473211	476	-0.066798 0.019632  1.961250
4.02976799	483	-0.086909 0.015802  1.961250
4.03480815	488	-0.084275 0.031843  1.961250
4.03985214	491	-0.087148 0.041659  1.961250
4.04489994	501	-0.090979 0.025857  1.961250
4.04993200	504	-0.096964 0.019393  1.961250
4.05497980	509	-0.106301 0.033279  1.961250
4.06002807	512	-0.110611 0.041419  1.961250
4.06508779	519	-0.106301 0.029927  1.961250
4.07013177	524	-0.102471 0.022984  1.961250
4.07519197	530	-0.108935 0.016041  1.961250
4.08023977	534	-0.102710 0.028012  1.961250
4.08527994	539	-0.097922 0.028251  1.961250
4.09032011	543	-0.098401 0.016759  1.961250
4.09535598	549	-0.094570 0.008380  1.961250
4.10037994	554	-0.089542 0.015802  1.961250
4.10542011	561	-0.083317 0.010056  1.961250
##inga 
#ido(sec)  szog(ADC)     ax(g)    ay(g)   az(g)
4.11100006	564	-0.075417 -0.003352  1.961250
4.11622810	569	-0.075895 -0.004549  1.961250
4.12145614	575	-0.078290 -0.004788  1.961250
4.12668418	580	-0.060333 -0.002634  1.961250
4.13175582	586	-0.061530 -0.010295  1.961250
4.13683223	588	-0.063446 -0.013407  1.961250
4.14193582	591	-0.052432 -0.020351  1.961250
4.14703607	597	-0.062967 -0.008858  1.961250
4.15213203	602	-0.042377 -0.028251  1.961250
4.15723609	609	-0.047644 -0.033758  1.942636
4.16233587	610	-0.056024 -0.028491  1.909835
4.16743993	617	-0.039983 -0.029209  1.891640
4.17253589	622	-0.043813 -0.029209  1.863149
4.17763614	622	-0.051235 -0.022984  1.820293
4.18275213	631	-0.036870 -0.033997  1.799224
4.18783998	634	-0.041659 -0.037828  1.782944
4.19293594	638	-0.042377 -0.024421  1.748947
4.19802808	641	-0.048362 -0.027294  1.700345
4.20313215	648	-0.049799 -0.032561  1.678079
4.20821619	649	-0.048841 -0.041419  1.652701
4.21331214	654	-0.037110 -0.033997  1.631871
4.21839189	659	-0.060094 -0.027294  1.576087
4.22347211	662	-0.069910 -0.023463  1.542329
4.22856378	668	-0.056742 -0.035194  1.545920
4.23365592	668	-0.073262 -0.026815  1.500431
4.23873996	673	-0.082839 -0.018914  1.448717
4.24384403	679	-0.083317 -0.015083  1.425014
4.24893188	681	-0.079966 -0.014126  1.398200
4.25402784	685	-0.093852 -0.017717  1.383116
4.25911617	688	-0.096485 -0.016999  1.323501
4.26420402	689	-0.100316 -0.012689  1.290940
4.26928377	694	-0.095049 -0.014604  1.277054
4.27436017	698	-0.095528 -0.010774  1.243775
4.27945184	700	-0.102950 -0.016759  1.210017
4.28455591	703	-0.098161 -0.014126  1.171710
4.28965187	706	-0.096007 -0.015083  1.157585
4.29473590	709	-0.100077 -0.015802  1.133643
4.29982805	711	-0.103907 -0.020590  1.086238
4.30491209	713	-0.101274 -0.011731  1.067803
4.31001615	717	-0.096725 -0.008858  1.048171
4.31510019	720	-0.092176 -0.017956  1.000287
4.32020378	722	-0.091697 -0.027533  0.973951
4.32529211	727	-0.088824 -0.022745  0.948813
4.33039617	727	-0.088824 -0.022505  0.933729
4.33548402	731	-0.084754 -0.010534  0.913139
4.34057998	730	-0.085472 -0.032561  0.873157
4.34568786	733	-0.079247 -0.032082  0.855200
4.35077190	736	-0.070628 -0.036870  0.843947
4.35586404	740	-0.070389 -0.032082  0.797500
4.36095190	741	-0.068234 -0.039265  0.780023
4.36604022	742	-0.064403 -0.037828  0.756081
4.37112379	745	-0.057221 -0.040940  0.744350
4.37620019	745	-0.064882 -0.039743  0.709155
4.38127613	745	-0.057700 -0.040940  0.689763
4.38635587	749	-0.054827 -0.046208  0.679946
4.39143991	749	-0.053630 -0.053151  0.661511
4.39652013	753	-0.044532 -0.052672  0.649780
4.40160799	753	-0.049320 -0.045968  0.610276
4.40669584	751	-0.046926 -0.053630  0.598544
4.41177606	755	-0.047644 -0.052911  0.578194
4.41686391	755	-0.050278 -0.052672  0.574842
4.42194414	758	-0.053390 -0.050278  0.552816
4.42702388	758	-0.044771 -0.048602  0.551140
4.43209981	760	-0.045250 -0.051475  0.536535
4.43718004	763	-0.050038 -0.054108  0.523846
4.44226789	765	-0.054108 -0.048841  0.510199
4.44735622	765	-0.058418 -0.038786  0.504932
4.45243978	766	-0.056024 -0.045489  0.499186
4.45753622	765	-0.058418 -0.045968  0.488891
4.46262788	767	-0.060094 -0.042377  0.478357
4.46771621	767	-0.057700 -0.037349  0.472371
4.47280788	767	-0.061052 -0.033518  0.463034
4.47789621	769	-0.063925 -0.038786  0.453697
4.48298788	768	-0.067516 -0.045968  0.444359
4.48808813	768	-0.068952 -0.042616  0.451302
4.49317979	769	-0.073262 -0.032321  0.443402
4.49828386	768	-0.072783 -0.036391  0.437656
4.50338792	769	-0.071346 -0.042377  0.450584
4.50850009	766	-0.078050 -0.033758  0.447951
4.51359987	767	-0.080684 -0.027533  0.462555
4.51868820	770	-0.075417 -0.033758  0.446754
4.52379179	770	-0.082839 -0.029688  0.456091
4.52888393	769	-0.077811 -0.030645  0.458964
4.53398418	769	-0.083796 -0.030645  0.458006
4.53906393	770	-0.077811 -0.022026  0.457048
4.54415607	769	-0.079726 -0.019632  0.470695
4.54925584	768	-0.077811 -0.022984  0.479793
4.55434799	767	-0.075417 -0.023224  0.483145
4.55945205	765	-0.081881 -0.021069  0.500862
4.56454420	762	-0.079008 -0.018675  0.507087
4.56962394	764	-0.080205 -0.019153  0.511157
4.57470417	761	-0.079008 -0.023224  0.524085
4.57978391	761	-0.084036 -0.027054  0.531268
4.58487176	760	-0.079487 -0.022745  0.552576
4.58996391	758	-0.078529 -0.019393  0.565265
4.59506416	757	-0.072544 -0.022026  0.575800
4.60015583	754	-0.074219 -0.024899  0.596868
4.60523605	752	-0.076374 -0.016520  0.610755
4.61031579	751	-0.071825 -0.037110  0.622965
4.61540412	751	-0.065840 -0.024660  0.643794
4.62049579	748	-0.056981 -0.030645  0.658878
##inga 
#ido(sec)  szog(ADC)     ax(g)    ay(g)   az(g)
4.62611579	746	-0.059136 -0.031364  0.682819
4.63135576	746	-0.056981 -0.033518  0.707479
4.63657617	744	-0.053630 -0.028251  0.719690
4.64180803	741	-0.051954 -0.030885  0.743632
4.64689588	743	-0.046447 -0.038067  0.767573
4.65198421	739	-0.051954 -0.041659  0.784572
4.65708017	738	-0.049799 -0.031364  0.806838
4.66216802	735	-0.048362 -0.034237  0.819527
4.66727209	732	-0.045729 -0.035673  0.855679
4.67237615	730	-0.046686 -0.035913  0.889437
4.67748022	729	-0.051235 -0.029448  0.908351
4.68257999	727	-0.051714 -0.033279  0.928223
4.68767595	725	-0.046686 -0.035194  0.952164
4.69276809	720	-0.058179 -0.027294  0.986401
4.69787216	716	-0.059136 -0.028730  1.015131
4.70296812	717	-0.058897 -0.027772  1.050326
4.70807218	712	-0.061052 -0.025139  1.067803
4.71317577	709	-0.060094 -0.026815  1.092942
4.71825981	706	-0.058179 -0.023463  1.124066
4.72336006	702	-0.067037 -0.018914  1.162852
4.72844791	702	-0.069910 -0.023942  1.195413
4.73352813	695	-0.071346 -0.021548  1.220073
4.73861980	693	-0.071107 -0.010534  1.245691
4.74370813	687	-0.076853 -0.011731  1.274899
4.74880409	688	-0.081163 -0.011492  1.302433
4.75390815	684	-0.075417 -0.011013  1.345288
4.75899600	679	-0.080923 -0.007422  1.367315
4.76407194	678	-0.087148 -0.005267  1.392454
4.76916408	675	-0.092894 -0.004788  1.429803
4.77424383	671	-0.087866 -0.006464  1.461885
4.77932405	667	-0.089303 0.002873  1.495403
4.78435611	665	-0.086909 -0.003831  1.521739
4.78943586	661	-0.087627 0.001197  1.547836
4.79448413	658	-0.082360 0.001437  1.591888
4.79953622	650	-0.084993 -0.006464  1.621337
4.80463218	647	-0.086430 -0.002873  1.645039
4.80972003	644	-0.079726 -0.002634  1.677361
4.81480789	638	-0.082120 0.000479  1.706570
4.81985998	635	-0.076135 0.001197  1.730990
4.82492017	629	-0.078529 -0.003831  1.764269
4.83002376	624	-0.070628 -0.006464  1.798267
4.83510780	621	-0.069192 -0.007183  1.825081
4.84021186	618	-0.068713 0.003831  1.849023
4.84527587	612	-0.064643 0.000239  1.869853
4.85033607	608	-0.062967 -0.000958  1.911032
4.85540390	604	-0.060333 -0.009577  1.942157
4.86048793	598	-0.063925 -0.005267  1.959395
4.86557197	592	-0.064643 0.002394  1.961250
4.87061595	587	-0.058897 0.007901  1.961250
4.87565612	584	-0.045968 -0.000479  1.961250
4.88073205	581	-0.051714 -0.001197  1.961250
4.88582420	575	-0.050038 -0.000718  1.961250
4.89090013	570	-0.047644 -0.007901  1.961250
4.89597988	566	-0.042616 -0.007422  1.961250
4.90106821	562	-0.048841 -0.002394  1.961250
4.90614795	556	-0.048362 -0.005267  1.961250
4.91122817	550	-0.045489 0.008858  1.961250
4.91626787	547	-0.057221 -0.003352  1.961250
4.92134809	538	-0.051475 0.007422  1.961250
4.92640399	534	-0.057460 0.010534  1.961250
4.93144798	533	-0.052193 0.013407  1.961250
4.93651580	526	-0.056742 0.004549  1.961250
4.94156789	520	-0.050278 0.020111  1.961250
4.94660377	516	-0.066798 0.018675  1.961250
4.95165586	510	-0.064164 0.018196  1.961250
4.95668792	505	-0.064403 0.021548  1.961250
4.96173191	500	-0.057221 0.015323  1.961250
4.96677589	496	-0.075177 0.032800  1.961250
4.97181606	491	-0.071346 0.038546  1.961250
4.97686386	486	-0.072544 0.034955  1.961250
4.98191213	479	-0.068473 0.023224  1.961250
4.98695611	472	-0.070868 0.029209  1.961250
4.99199581	469	-0.075417 0.046926  1.961250
4.99704408	465	-0.070389 0.036631  1.961250
5.00208377	459	-0.072065 0.029209  1.961250
5.00714015	454	-0.073980 0.038307  1.961250
5.01219177	450	-0.075656 0.039504  1.961250
5.01724386	448	-0.073262 0.046447  1.961250
5.02229213	439	-0.065122 0.048602  1.961250
5.02734422	432	-0.064882 0.036391  1.961250
5.03238010	432	-0.071107 0.039743  1.961250
5.03741598	426	-0.068713 0.049559  1.961250
5.04245996	419	-0.062967 0.046447  1.961250
5.04750394	415	-0.067755 0.045968  1.961250
5.05254793	408	-0.065361 0.038786  1.961250
5.05759191	408	-0.059376 0.043335  1.961250
5.06264400	404	-0.063925 0.053151  1.961250
5.06769609	399	-0.060812 0.049320  1.961250
5.07273578	394	-0.060573 0.038786  1.961250
5.07777214	389	-0.057221 0.048841  1.961250
5.08282423	384	-0.052672 0.056024  1.961250
5.08787584	378	-0.051954 0.043095  1.961250
5.09291219	373	-0.054348 0.043574  1.961250
5.09795999	369	-0.042377 0.049320  1.961250
5.10300779	365	-0.044532 0.046926  1.961250
5.10805606	358	-0.046926 0.055545  1.961250
5.11310005	354	-0.046686 0.050517  1.961250
5.11813592	352	-0.038786 0.049320  1.953409
5.12317991	347	-0.039983 0.046208  1.939284
5.12823581	340	-0.035913 0.052911  1.897864
5.13328790	340	-0.033279 0.040462  1.872486
##inga 
#ido(sec)  szog(ADC)     ax(g)    ay(g)   az(g)
5.13887977	334	-0.031843 0.046208  1.845671
5.14413213	328	-0.027533 0.051954  1.822208
5.14938020	325	-0.030885 0.052911  1.787972
5.15460014	320	-0.035913 0.055066  1.754214
5.15966796	319	-0.016280 0.039504  1.720216
5.16472816	314	-0.020351 0.043095  1.698429
5.16978406	309	-0.021069 0.049799  1.666347
5.17482805	306	-0.018435 0.045968  1.634744
5.17987585	302	-0.015802 0.045250  1.608408
5.18492794	300	-0.016520 0.045968  1.566271
5.18996000	296	-0.016759 0.043335  1.546878
5.19500398	291	-0.017717 0.049081  1.515036
5.20004796	287	-0.021308 0.052672  1.487502
5.20510005	285	-0.022984 0.052432  1.450872
5.21015596	281	-0.010295 0.050038  1.430042
5.21520805	275	-0.017477 0.047884  1.392932
5.22025585	273	-0.016041 0.055545  1.352231
5.22530794	270	-0.011253 0.051954  1.337627
5.23036384	269	-0.016999 0.050996  1.311291
5.23542404	265	-0.019153 0.052672  1.268914
5.24048805	265	-0.017238 0.056263  1.246169
5.24554014	262	-0.020351 0.054587  1.204271
5.25059223	259	-0.023463 0.056742  1.185118
5.25564002	254	-0.029448 0.054348  1.142741
5.26067590	253	-0.030645 0.061770  1.117602
5.26571178	250	-0.034237 0.060333  1.078338
5.27075576	248	-0.029927 0.068234  1.056072
5.27580404	243	-0.035434 0.068234  1.031890
5.28084421	242	-0.039265 0.070149  1.004118
5.28590393	240	-0.037828 0.078050  0.977064
5.29095220	235	-0.041419 0.075895  0.958389
5.29600811	238	-0.036870 0.071586  0.931814
5.30106401	231	-0.038307 0.072544  0.901647
5.30610799	230	-0.042616 0.077811  0.876508
5.31116819	229	-0.043574 0.078768  0.844426
5.31620788	227	-0.046686 0.075177  0.825034
5.32123994	223	-0.042856 0.072544  0.797261
5.32628011	221	-0.038546 0.074698  0.775235
5.33132791	220	-0.037589 0.073980  0.754645
5.33636808	215	-0.040462 0.068234  0.740998
5.34141588	217	-0.032082 0.067995  0.714662
5.34645223	214	-0.031364 0.074938  0.683538
5.35150384	211	-0.027533 0.067276  0.663666
5.35655212	212	-0.020111 0.067995  0.651216
5.36159610	207	-0.014604 0.068952  0.641400
5.36663198	207	-0.013886 0.061530  0.609318
5.37168407	208	0.000718 0.059615  0.603572
5.37669992	207	-0.006225 0.060094  0.578912
5.38174009	203	-0.007901 0.058418  0.567899
5.38676404	202	0.002634 0.051235  0.559998
5.39177179	199	0.006704 0.048602  0.535099
5.39678382	201	0.006943 0.049799  0.532704
5.40180778	201	0.003831 0.053151  0.521691
5.40683603	200	0.008380 0.052432  0.511875
5.41184377	200	0.006943 0.050038  0.493201
5.41686820	200	0.006943 0.053630  0.484342
5.42189598	198	0.010534 0.052672  0.475963
5.42693996	197	0.010295 0.054108  0.459203
5.43196392	194	0.013647 0.052193  0.449148
5.43697977	196	0.005028 0.052193  0.451063
5.44197607	194	0.006464 0.053151  0.446275
5.44698810	196	0.007661 0.049320  0.439571
5.45200395	194	0.011971 0.049559  0.439332
5.45703220	196	0.005028 0.052672  0.432149
5.46203994	193	0.007901 0.052432  0.432149
5.46705198	195	0.000000 0.053869  0.430473
5.47202014	193	0.000239 0.057460  0.432628
5.47702789	194	-0.007661 0.061291  0.433586
5.48206806	195	-0.006943 0.059615  0.428318
5.48710823	195	-0.008140 0.052911  0.425445
5.49213218	196	-0.010056 0.060094  0.433107
5.49715614	193	-0.021548 0.067516  0.428318
5.50219202	196	-0.020829 0.065600  0.430713
5.50722789	196	-0.025139 0.066558  0.445796
5.51227188	198	-0.027054 0.070868  0.441247
5.51730823	195	-0.030885 0.068473  0.457767
5.52235984	198	-0.035194 0.073501  0.464710
5.52740812	198	-0.036391 0.067276  0.478836
5.53246021	200	-0.037589 0.064643  0.489849
5.53751993	201	-0.035913 0.074698  0.492003
5.54257583	202	-0.039743 0.067276  0.504214
5.54760789	201	-0.044532 0.072065  0.514269
5.55264806	204	-0.033040 0.073980  0.521212
5.55767202	205	-0.038307 0.070868  0.542760
5.56270408	206	-0.029927 0.074219  0.553534
5.56774377	206	-0.035434 0.074698  0.569814
5.57279205	206	-0.026575 0.062009  0.585137
5.57783603	208	-0.027294 0.061770  0.596629
5.58288812	208	-0.028730 0.065840  0.619613
5.58792400	211	-0.019872 0.058418  0.633260
5.59297180	213	-0.015323 0.063206  0.650737
5.59803581	213	-0.008619 0.054348  0.667975
5.60309600	217	-0.009098 0.053630  0.684974
5.60812377	218	-0.004549 0.051714  0.706043
5.61316013	220	-0.008140 0.047644  0.735731
5.61818790	223	-0.006225 0.046208  0.745068
5.62321186	225	-0.000239 0.041898  0.790797
5.62823581	227	0.002155 0.046208  0.807317
5.63324403	229	0.000479 0.056742  0.815457
5.63825178	229	-0.002634 0.050278  0.844905
5.64328813	233	0.003112 0.039025  0.865256
##inga 
#ido(sec)  szog(ADC)     ax(g)    ay(g)   az(g)
5.64885997	234	-0.000479 0.036870  0.893986
5.65405988	239	-0.001437 0.043574  0.923674
5.65928411	240	0.000479 0.046686  0.946418
5.66448402	241	0.002394 0.042138  0.988316
5.66950798	245	-0.009816 0.035434  0.999808
5.67454814	249	-0.007901 0.043095  1.036439
5.67958021	250	-0.005985 0.051235  1.052241
5.68461179	252	-0.012929 0.044771  1.084802
5.68964385	256	-0.010534 0.044053  1.111138
5.69468402	260	-0.011971 0.045489  1.145375
5.69973993	259	-0.018435 0.047405  1.164767
5.70478391	266	-0.021548 0.053151  1.199722
5.70983600	267	-0.021308 0.049559  1.230368
5.71489620	269	-0.030645 0.051475  1.256225
5.71994400	273	-0.028251 0.048602  1.293813
5.72500419	276	-0.035194 0.060094  1.318952
5.73006391	277	-0.039504 0.054587  1.360132
5.73511219	282	-0.038786 0.058657  1.390299
5.74015998	285	-0.048362 0.059136  1.418311
5.74518823	289	-0.043574 0.062249  1.447759
5.75022792	293	-0.053630 0.057939  1.478405
5.75527191	297	-0.056742 0.061530  1.504501
5.76029586	299	-0.054348 0.057221  1.539935
5.76533222	304	-0.065840 0.067276  1.564116
5.77038002	308	-0.060573 0.060094  1.596916
5.77542400	310	-0.054827 0.059376  1.638814
5.78047180	317	-0.061770 0.057460  1.657728
5.78550004	318	-0.058418 0.055066  1.681431
5.79055976	319	-0.059136 0.058418  1.722850
5.79561185	325	-0.054108 0.055545  1.736736
5.80066394	332	-0.053151 0.055066  1.779353
5.80572795	336	-0.054587 0.044053  1.805689
5.81077623	340	-0.055784 0.047644  1.833701
5.81582403	343	-0.051235 0.047884  1.863388
5.82087993	347	-0.058897 0.050038  1.895231
5.82591199	352	-0.055306 0.044292  1.910793
5.83096790	356	-0.054348 0.042377  1.943833
5.83599996	358	-0.045729 0.044053  1.961250
5.84104776	364	-0.049320 0.041180  1.961250
5.84607982	368	-0.051954 0.032800  1.961250
5.85111618	375	-0.038307 0.027294  1.961250
5.85616779	378	-0.037828 0.031124  1.961250
5.86121606	383	-0.033758 0.028251  1.961250
5.86626815	388	-0.034716 0.028491  1.961250
5.87132787	395	-0.037110 0.018196  1.961250
5.87636804	399	-0.033040 0.015562  1.961250
5.88140821	404	-0.030885 0.021787  1.961250
5.88645601	407	-0.030406 0.021308  1.961250
5.89149188	409	-0.035673 0.015083  1.961250
5.89654016	416	-0.036391 0.020111  1.961250
5.90157985	420	-0.032082 0.014844  1.961250
5.90662002	425	-0.026575 0.013647  1.961250
5.91167211	429	-0.035673 0.016041  1.961250
5.91671991	434	-0.032800 0.017477  1.961250
5.92175197	438	-0.044532 0.015562  1.961250
5.92679214	446	-0.046686 0.010534  1.961250
5.93185997	450	-0.049320 0.020590  1.961250
5.93690776	453	-0.057700 0.020111  1.961250
5.94195985	456	-0.059136 0.021548  1.961250
5.94700813	462	-0.060094 0.016999  1.961250
5.95203590	468	-0.062488 0.018675  1.961250
5.95707988	471	-0.079487 0.028730  1.961250
5.96212005	478	-0.078529 0.023702  1.961250
5.96716022	481	-0.077093 0.018196  1.961250
5.97220802	487	-0.084993 0.020351  1.961250
5.97726011	493	-0.094570 0.027533  1.961250
5.98231220	500	-0.095049 0.034237  1.961250
5.98734807	504	-0.091458 0.030406  1.961250
5.99239587	506	-0.104147 0.026097  1.961250
5.99745607	510	-0.108696 0.022984  1.961250
6.00250387	518	-0.098401 0.026575  1.961250
6.00754785	524	-0.099598 0.022984  1.961250
6.01259994	529	-0.096964 0.020829  1.961250
6.01764392	533	-0.097682 0.013647  1.961250
6.02269601	538	-0.093134 0.019393  1.961250
6.02774000	541	-0.093134 0.024899  1.961250
6.03278779	549	-0.084275 0.009577  1.961250
6.03782796	552	-0.087387 -0.003591  1.961250
6.04290819	560	-0.085233 0.012210  1.961250
6.04793977	564	-0.073501 0.006943  1.961250
6.05296802	569	-0.073262 0.003352  1.961250
6.05802822	574	-0.077571 -0.005507  1.961250
6.06311178	576	-0.067037 -0.008858  1.961250
6.06818819	578	-0.064403 -0.006704  1.961250
6.07326793	587	-0.062967 -0.005267  1.961250
6.07836008	591	-0.056503 -0.017238  1.961250
6.08345222	594	-0.054348 -0.023463  1.961250
6.08855199	599	-0.049320 -0.017238  1.935932
6.09366416	603	-0.052193 -0.017717  1.919412
6.09878015	609	-0.044771 -0.032082  1.880626
6.10388803	613	-0.040462 -0.030167  1.875838
6.10899209	616	-0.039983 -0.029688  1.857403
6.11409187	623	-0.042856 -0.031364  1.806167
6.11919593	623	-0.047644 -0.031843  1.771691
6.12430000	629	-0.036870 -0.028970  1.759720
6.12938022	634	-0.038307 -0.036870  1.729314
6.13446378	636	-0.047644 -0.028730  1.691247
6.13954782	644	-0.043813 -0.036631  1.654377
6.14464807	648	-0.048362 -0.028491  1.627801
6.14974021	651	-0.056503 -0.022745  1.604099
6.15483999	655	-0.053630 -0.028730  1.584227
##inga 
#ido(sec)  szog(ADC)     ax(g)    ay(g)   az(g)
6.16047191	659	-0.064882 -0.037828  1.541611
6.16573190	663	-0.068713 -0.021787  1.500670
6.17097187	667	-0.063925 -0.016041  1.485348
6.17621183	668	-0.083078 -0.027294  1.440816
6.18130397	675	-0.085472 -0.027294  1.408495
6.18639993	678	-0.082599 -0.017238  1.391975
6.19150018	681	-0.085472 -0.003112  1.356062
6.19658803	682	-0.104386 -0.012450  1.327811
6.20168018	687	-0.100795 -0.012450  1.295489
6.20676422	691	-0.098161 -0.015802  1.272266
6.21185207	694	-0.095288 -0.010534  1.249761
6.21695184	696	-0.099358 0.001437  1.202595
6.22199583	700	-0.104865 -0.006704  1.166683
6.22707986	704	-0.106301 -0.012689  1.156627
6.23218011	706	-0.106780 -0.009337  1.125982
6.23725223	705	-0.111808 -0.007183  1.097252
6.24235582	710	-0.100316 -0.011492  1.043622
6.24746417	713	-0.100077 -0.017956  1.033327
6.25255203	713	-0.101274 -0.018914  1.029257
6.25765991	717	-0.098880 -0.016280  0.981373
6.26274776	719	-0.097922 -0.014365  0.947855
6.26784801	722	-0.085712 -0.020590  0.935166
6.27293205	727	-0.077811 -0.024181  0.918646
6.27803611	727	-0.079487 -0.031124  0.888719
6.28314018	731	-0.071586 -0.027294  0.849933
6.28824377	730	-0.064164 -0.033040  0.831498
6.29334402	734	-0.062967 -0.041898  0.815936
6.29845190	735	-0.064882 -0.039743  0.790557
6.30354022	735	-0.057939 -0.040940  0.770207
6.30862379	741	-0.052672 -0.040462  0.744110
6.31370782	740	-0.050278 -0.036870  0.735252
6.31879186	743	-0.047644 -0.048602  0.695748
6.32387590	745	-0.047884 -0.045250  0.685692
6.32895994	747	-0.045968 -0.047165  0.664863
6.33404397	747	-0.047884 -0.045729  0.656005
6.33913612	750	-0.049799 -0.052193  0.633499
6.34422397	748	-0.046447 -0.050038  0.618177
6.34929990	751	-0.043095 -0.045729  0.606685
6.35439205	750	-0.043813 -0.048841  0.594474
6.35947990	752	-0.051235 -0.050996  0.570054
6.36456012	751	-0.048841 -0.051475  0.559280
6.36964416	755	-0.052911 -0.052911  0.559759
6.37472820	753	-0.051714 -0.044771  0.541563
6.37982416	756	-0.058657 -0.046447  0.522409
6.38489580	759	-0.052911 -0.045250  0.529113
6.38998413	758	-0.058897 -0.042377  0.513790
6.39506816	760	-0.058179 -0.039983  0.499904
6.40015983	760	-0.063206 -0.035673  0.506369
6.40524387	761	-0.062009 -0.040462  0.483384
6.41031980	759	-0.068713 -0.041659  0.485060
6.41540813	762	-0.062727 -0.041180  0.491764
6.42051982	763	-0.067276 -0.040462  0.472132
6.42560815	761	-0.074219 -0.035194  0.466865
6.43069982	765	-0.075417 -0.033279  0.470695
6.43579196	761	-0.065840 -0.033040  0.472132
6.44086790	763	-0.082120 -0.031603  0.474765
6.44596815	762	-0.076135 -0.032321  0.470695
6.45107984	764	-0.079247 -0.028012  0.462316
6.45617580	765	-0.082360 -0.028251  0.473329
6.46127176	764	-0.074698 -0.029209  0.482906
6.46637582	761	-0.080205 -0.033518  0.470456
6.47146415	763	-0.075895 -0.022266  0.477399
6.47657585	761	-0.079966 -0.025139  0.496792
6.48168802	763	-0.079487 -0.023942  0.489609
6.48678779	762	-0.079487 -0.023224  0.495595
6.49189186	760	-0.076374 -0.019153  0.516424
6.49699592	759	-0.079726 -0.027294  0.522170
6.50208806	759	-0.079487 -0.023702  0.528395
6.50717592	755	-0.074698 -0.028012  0.529113
6.51226806	753	-0.078050 -0.024181  0.543239
6.51734781	753	-0.072065 -0.019872  0.559280
6.52243185	753	-0.074698 -0.026336  0.574124
6.52752780	752	-0.077811 -0.027054  0.587771
6.53261613	752	-0.068952 -0.032561  0.597347
6.53770399	751	-0.063206 -0.023942  0.619613
6.54279994	749	-0.062727 -0.030167  0.625838
6.54789590	747	-0.062249 -0.035194  0.655286
6.55297994	746	-0.060573 -0.031603  0.664145
6.55806016	743	-0.049799 -0.027054  0.684974
6.56313610	744	-0.050757 -0.034716  0.688805
6.56822395	742	-0.055784 -0.030406  0.712747
6.57331180	740	-0.053390 -0.036391  0.742434
