0.84962396	646	-0.092176 -0.005507  0.840835
0.85470399	647	-0.099119 -0.007901  0.834850
0.85977602	644	-0.090979 -0.009098  0.827428
0.86484804	646	-0.096485 -0.005267  0.840835
0.86991996	647	-0.093373 -0.010534  0.824794
0.87500000	647	-0.098401 -0.010774  0.829582
0.88007602	646	-0.088345 -0.015323  0.826231
0.88516407	647	-0.089782 -0.010056  0.828625
0.89023199	646	-0.087866 -0.019393  0.827906
0.89532794	645	-0.082599 -0.018914  0.826709
0.90041999	647	-0.075656 -0.018675  0.829822
0.90550794	647	-0.071825 -0.016759  0.832216
0.91060400	645	-0.061770 -0.022745  0.825273
0.91568002	647	-0.061530 -0.018196  0.828385
0.92077999	647	-0.055306 -0.025378  0.843708
0.92588405	644	-0.051714 -0.031364  0.839638
0.93098802	645	-0.048602 -0.029688  0.825752
0.93607997	645	-0.046447 -0.031364  0.841553
0.94116802	645	-0.038786 -0.032321  0.843469
0.94625997	644	-0.040940 -0.039265  0.841314
0.95135202	643	-0.028970 -0.032800  0.848736
0.95642795	641	-0.028491 -0.036391  0.856637
0.96153202	643	-0.033758 -0.036152  0.857834
0.96662406	642	-0.037349 -0.035434  0.866453
0.97171602	640	-0.040222 -0.035673  0.865735
0.97680797	640	-0.033279 -0.039983  0.865495
0.98190803	638	-0.036152 -0.036631  0.882015
0.98699998	636	-0.040462 -0.032561  0.890395
0.99209995	635	-0.034476 -0.029688  0.895901
0.99720001	632	-0.043335 -0.026336  0.899971
1.00231599	633	-0.045250 -0.022505  0.917449
1.00741600	633	-0.050278 -0.025378  0.916012
1.01251602	631	-0.053390 -0.027054  0.924392
1.01761996	630	-0.055066 -0.021308  0.933011
1.02272403	627	-0.059136 -0.020111  0.946418
1.02783203	628	-0.067276 -0.016041  0.952404
1.03293597	629	-0.065600 -0.007183  0.957431
##inga 
#ido(sec)  szog(ADC)     ax(g)    ay(g)   az(g)
1.03855597	628	-0.060333 -0.009337  0.962938
1.04378402	623	-0.072544 -0.011013  0.986641
1.04900801	625	-0.074698 -0.005985  0.988795
1.05420005	622	-0.083557 -0.005985  0.996217
1.05927205	618	-0.076853 -0.003112  1.006991
1.06435596	619	-0.083796 0.004310  1.023032
1.06939196	616	-0.074459 -0.004310  1.026863
1.07447195	616	-0.081641 0.000718  1.042904
1.07951998	612	-0.081641 0.002634  1.045777
1.08456397	610	-0.084036 0.001197  1.057508
1.08960795	609	-0.080205 -0.001676  1.063494
1.09469997	608	-0.082120 -0.004549  1.085760
1.09978795	607	-0.080923 0.000958  1.095097
1.10483598	604	-0.081641 0.002634  1.110419
1.10988795	599	-0.071346 -0.004070  1.117841
1.11497604	595	-0.069431 -0.005507  1.133404
1.12007200	595	-0.072304 -0.002873  1.137953
1.12515199	594	-0.071346 -0.000239  1.151121
1.13024795	592	-0.072783 -0.004070  1.175062
1.13532805	591	-0.060333 -0.010774  1.173386
1.14040803	589	-0.058897 -0.008858  1.179372
1.14548397	586	-0.053151 -0.001915  1.195652
1.15056002	586	-0.055784 -0.008619  1.204750
1.15564000	583	-0.050757 -0.007422  1.216242
1.16072404	580	-0.046208 -0.020111  1.235396
1.16581594	579	-0.040462 -0.015083  1.248564
1.17090404	576	-0.042616 -0.011253  1.254070
1.17599999	575	-0.037349 -0.015562  1.270111
1.18110000	572	-0.049320 -0.012689  1.277294
1.18617593	567	-0.045968 -0.012689  1.283758
1.19126796	565	-0.039983 -0.011013  1.306263
1.19634795	563	-0.037589 -0.012689  1.313685
1.20143997	561	-0.043095 -0.018196  1.315122
1.20653200	556	-0.044053 -0.016280  1.323741
1.21160805	555	-0.034955 -0.008619  1.349119
1.21669602	550	-0.040701 -0.008140  1.356062
1.22177994	547	-0.050278 -0.005746  1.354865
1.22687196	547	-0.052911 -0.003352  1.372582
1.23195195	542	-0.052672 0.000479  1.374737
1.23700797	540	-0.060333 0.007422  1.389581
1.24205601	538	-0.060333 0.006943  1.390059
1.24710404	537	-0.067995 0.006464  1.405861
1.25217199	533	-0.062488 0.005746  1.410410
1.25723195	531	-0.069910 0.008858  1.410171
1.26228797	524	-0.069671 0.010295  1.425254
1.26734399	524	-0.068952 0.007183  1.438661
1.27240002	522	-0.070389 0.011492  1.431239
1.27743196	518	-0.074459 0.014126  1.441774
1.28247594	513	-0.073501 0.018435  1.435549
1.28752004	511	-0.069910 0.025139  1.453744
1.29255604	506	-0.070868 0.014604  1.463800
1.29759597	505	-0.072065 0.023702  1.466194
1.30263996	503	-0.066798 0.021069  1.463800
1.30770397	501	-0.070868 0.024899  1.469307
1.31276404	496	-0.066558 0.019632  1.475532
1.31781196	491	-0.068713 0.014365  1.472180
1.32286405	491	-0.062249 0.022745  1.481038
1.32794404	487	-0.064164 0.017477  1.463800
1.33300399	483	-0.060333 0.016759  1.484869
1.33804798	479	-0.054348 0.012450  1.489897
1.34309995	476	-0.056024 0.016280  1.486545
1.34814405	473	-0.050996 0.019872  1.483672
1.35319602	469	-0.049320 0.019153  1.484390
1.35822403	466	-0.051954 0.013886  1.482714
1.36328005	465	-0.048123 0.016999  1.487742
1.36832797	462	-0.046208 0.007422  1.480320
1.37337601	456	-0.045011 0.013647  1.480559
1.37843596	454	-0.038786 0.008858  1.478883
1.38348400	451	-0.033279 0.018196  1.475292
1.38852798	451	-0.030885 0.007901  1.462364
1.39358401	448	-0.032082 0.013647  1.471461
1.39863204	447	-0.029448 0.005985  1.470264
1.40369997	442	-0.036391 0.018196  1.465476
1.40875997	438	-0.025139 0.010056  1.452787
1.41382799	435	-0.032321 0.015562  1.453505
1.41887607	433	-0.029209 0.011253  1.450632
1.42391204	431	-0.030645 0.011731  1.440577
1.42895197	428	-0.033279 0.014126  1.434591
1.43399200	424	-0.034237 0.020829  1.422620
1.43903598	422	-0.035434 0.015802  1.429324
1.44407997	420	-0.033518 0.015562  1.417353
1.44913997	415	-0.033518 0.023463  1.407297
1.45420002	411	-0.038786 0.028491  1.402509
1.45925197	411	-0.046686 0.014604  1.393411
1.46430802	408	-0.043095 0.023224  1.372103
1.46934795	407	-0.045968 0.025857  1.374497
1.47440395	402	-0.049559 0.031124  1.369709
1.47947206	402	-0.046447 0.035673  1.366357
1.48453607	401	-0.048841 0.036391  1.351274
1.48958802	396	-0.051475 0.034955  1.336190
1.49463605	393	-0.054108 0.042616  1.321107
1.49968395	391	-0.056742 0.037349  1.324459
1.50473999	388	-0.054827 0.042138  1.312967
1.50977191	386	-0.061052 0.045729  1.288307
1.51481604	383	-0.053390 0.043095  1.283519
1.51986002	381	-0.056503 0.044771  1.273702
1.52490401	378	-0.062009 0.045489  1.262210
1.52992796	376	-0.052911 0.043095  1.244733
1.53498802	372	-0.060094 0.044292  1.242099
1.54003596	370	-0.054827 0.043813  1.236353
1.54507994	368	-0.051475 0.047644  1.222706
##inga 
#ido(sec)  szog(ADC)     ax(g)    ay(g)   az(g)
1.55068006	366	-0.049799 0.036152  1.198286
1.55591592	363	-0.048123 0.043095  1.184639
1.56114807	360	-0.045489 0.044532  1.180569
1.56637201	358	-0.043335 0.039504  1.171232
1.57142791	356	-0.038307 0.042616  1.164288
1.57645998	354	-0.041419 0.043574  1.142262
1.58150005	353	-0.032800 0.042616  1.136755
1.58652400	351	-0.033758 0.040940  1.118560
1.59155597	350	-0.030885 0.032800  1.107068
1.59659194	347	-0.023224 0.031124  1.099167
1.60164794	344	-0.025139 0.032321  1.082168
1.60671195	344	-0.022026 0.033758  1.083844
1.61176004	342	-0.021308 0.035913  1.064451
1.61681995	341	-0.016520 0.032082  1.048171
1.62187194	337	-0.017956 0.026575  1.044580
1.62693595	337	-0.011253 0.035434  1.036200
1.63199605	334	-0.018435 0.040940  1.020877
1.63705596	333	-0.014365 0.034237  1.007709
1.64210796	330	-0.013407 0.026575  1.006752
1.64716005	331	-0.013407 0.031124  0.989753
1.65219602	328	-0.017717 0.037349  0.978261
1.65725193	327	-0.017717 0.036631  0.962459
1.66228795	327	-0.021308 0.032321  0.963417
1.66732397	325	-0.015083 0.033758  0.955756
1.67237195	323	-0.020590 0.039983  0.947137
1.67739605	323	-0.019393 0.042138  0.932293
1.68244800	322	-0.020111 0.038067  0.920082
1.68750801	321	-0.025857 0.041659  0.919364
1.69255995	321	-0.027533 0.044053  0.910266
1.69762396	320	-0.029448 0.048362  0.896859
1.70267200	319	-0.028251 0.042377  0.899253
1.70772399	318	-0.031603 0.044292  0.888479
1.71275606	316	-0.035673 0.039983  0.880339
1.71781196	317	-0.031124 0.046686  0.871002
1.72285995	317	-0.045011 0.050038  0.864777
1.72790803	315	-0.036391 0.054108  0.855440
1.73293600	314	-0.034237 0.049081  0.863819
1.73797202	314	-0.045968 0.055784  0.848018
1.74302005	315	-0.042616 0.056981  0.842032
1.74807205	312	-0.047165 0.048841  0.850412
1.75310802	311	-0.038067 0.053151  0.831737
1.75814795	312	-0.043095 0.048123  0.829343
1.76320004	313	-0.040222 0.050038  0.835089
1.76824798	312	-0.039025 0.054587  0.824555
1.77330007	313	-0.035913 0.051235  0.823118
1.77834796	312	-0.038307 0.049559  0.813781
1.78338804	311	-0.032321 0.051954  0.817612
1.78843603	309	-0.034955 0.043335  0.821203
1.79346799	311	-0.024421 0.049320  0.805641
1.79850807	308	-0.020590 0.043095  0.816654
1.80353603	308	-0.027054 0.046926  0.810429
1.80858001	310	-0.017956 0.040462  0.816175
1.81362800	310	-0.026575 0.037589  0.805880
1.81866397	310	-0.023463 0.042138  0.813541
1.82372398	310	-0.022505 0.039025  0.818330
1.82876396	309	-0.026097 0.042377  0.819527
1.83382797	311	-0.019872 0.036631  0.819048
1.83888397	310	-0.021787 0.031364  0.819288
1.84394798	312	-0.018435 0.035913  0.821682
1.84900398	312	-0.019393 0.031124  0.825512
1.85405597	313	-0.015802 0.037828  0.825991
1.85909996	313	-0.018435 0.038786  0.834131
1.86414394	315	-0.010056 0.030167  0.824794
1.86916809	315	-0.017956 0.032800  0.840835
1.87421207	314	-0.013407 0.039265  0.843229
1.87925605	315	-0.014844 0.037349  0.843947
1.88430795	317	-0.020590 0.038307  0.858313
1.88934001	317	-0.015802 0.032082  0.854003
1.89439201	318	-0.021548 0.039025  0.864298
1.89945602	319	-0.022505 0.038786  0.873635
1.90449600	319	-0.030645 0.038786  0.875551
1.90953197	318	-0.028970 0.036391  0.889916
1.91459598	318	-0.024899 0.035434  0.889437
1.91964397	320	-0.032321 0.033040  0.903084
1.92469596	321	-0.029448 0.044771  0.915055
1.92973194	323	-0.035434 0.040222  0.916970
1.93475999	323	-0.036152 0.032800  0.932293
1.93979597	325	-0.038546 0.044292  0.932532
1.94484405	327	-0.033758 0.042856  0.934687
1.94989204	329	-0.041180 0.047405  0.948813
1.95493602	330	-0.042138 0.044532  0.964375
1.95998802	331	-0.047884 0.040462  0.972515
1.96503200	333	-0.044532 0.050278  0.978740
1.97009201	335	-0.047165 0.045250  0.988556
1.97513599	335	-0.044053 0.041419  0.991908
1.98018798	337	-0.047405 0.046686  1.013695
1.98524398	339	-0.048362 0.038307  1.031412
1.99029598	339	-0.052432 0.045729  1.021835
1.99533996	342	-0.049799 0.042856  1.038355
2.00038409	344	-0.050996 0.038067  1.047453
2.00541996	345	-0.052911 0.040701  1.061818
2.01046395	347	-0.047884 0.044292  1.073549
2.01550006	349	-0.043574 0.041659  1.084562
2.02055597	351	-0.044292 0.039983  1.097012
2.02560806	352	-0.046686 0.031124  1.110898
2.03066802	357	-0.039025 0.036870  1.122390
2.03570795	357	-0.035913 0.028730  1.139150
2.04075598	356	-0.037828 0.025857  1.147290
2.04580807	358	-0.031843 0.024421  1.161176
2.05088806	361	-0.029209 0.026575  1.162373
2.05595207	364	-0.026336 0.025139  1.182245
##inga 
#ido(sec)  szog(ADC)     ax(g)    ay(g)   az(g)
2.06155991	366	-0.026097 0.022745  1.194455
2.06680393	369	-0.023942 0.025618  1.200680
2.07201600	372	-0.027533 0.026097  1.214806
2.07722806	374	-0.028970 0.023224  1.224622
2.08225989	378	-0.025618 0.024421  1.229171
2.08730411	381	-0.026097 0.019632  1.245930
2.09233999	382	-0.030645 0.024899  1.256943
2.09738802	384	-0.030645 0.017238  1.276575
2.10243201	385	-0.026575 0.024181  1.285673
2.10748410	388	-0.035434 0.017477  1.290701
2.11254405	390	-0.033279 0.020829  1.307700
2.11760401	395	-0.037828 0.022505  1.316319
2.12266802	396	-0.032082 0.021308  1.326374
2.12772011	398	-0.034476 0.018196  1.318234
2.13278007	403	-0.039025 0.019393  1.336190
2.13783192	406	-0.039265 0.019872  1.338106
2.14288401	405	-0.041898 0.021308  1.367075
2.14793610	409	-0.040462 0.015323  1.370427
2.15298008	411	-0.039025 0.022984  1.369709
2.15802407	413	-0.052672 0.020829  1.382877
2.16306805	417	-0.054827 0.025618  1.397721
2.16810798	418	-0.059615 0.025618  1.407537
2.17315602	423	-0.058179 0.031124  1.410649
2.17820811	423	-0.058897 0.028491  1.415438
2.18325996	428	-0.061530 0.028730  1.421663
2.18829607	429	-0.059854 0.026336  1.428845
2.19334793	433	-0.076853 0.019872  1.441055
2.19840002	433	-0.067516 0.025378  1.447759
2.20344805	437	-0.055066 0.023942  1.444407
2.20850801	443	-0.064882 0.029688  1.444407
2.21356391	445	-0.067755 0.028012  1.450632
2.21862006	449	-0.062488 0.016280  1.455660
2.22365999	448	-0.070389 0.021787  1.471940
2.22870802	453	-0.066319 0.020590  1.466912
2.23374390	453	-0.061770 0.014604  1.460927
2.23878407	455	-0.057221 0.010056  1.470983
2.24383592	458	-0.057700 0.011971  1.482235
2.24886798	463	-0.061530 0.013647  1.478644
2.25391197	466	-0.059136 0.013886  1.470743
2.25895595	468	-0.054348 0.008858  1.464997
2.26400804	472	-0.053151 0.001197  1.476489
2.26906394	476	-0.049559 0.006943  1.478165
2.27413606	478	-0.050278 0.006704  1.474334
2.27918410	481	-0.053390 0.000479  1.478883
2.28423190	485	-0.050757 -0.000479  1.471940
2.28930807	490	-0.044532 0.000718  1.476250
2.29435992	493	-0.054108 -0.001437  1.468828
2.29945206	493	-0.041898 -0.001437  1.461406
2.30453991	499	-0.045250 -0.004310  1.465476
2.30962395	502	-0.045011 -0.006943  1.463800
2.31469607	504	-0.047644 0.003831  1.459491
2.31974792	505	-0.044771 -0.003352  1.452787
2.32483601	506	-0.046208 -0.005028  1.453744
2.32991194	511	-0.044292 -0.008380  1.457575
2.33499193	517	-0.047405 -0.012450  1.443689
2.34007191	518	-0.047405 -0.006225  1.436267
2.34515190	523	-0.048123 -0.016041  1.428845
2.35023593	526	-0.047405 -0.005028  1.413762
2.35531592	525	-0.054827 -0.007661  1.404185
2.36039996	530	-0.049081 -0.008380  1.413043
2.36548805	534	-0.057700 0.001915  1.407058
2.37052798	536	-0.056263 -0.006704  1.393411
2.37561607	539	-0.061530 0.001197  1.394848
2.38066411	541	-0.061291 -0.004310  1.371145
2.38576006	541	-0.061052 -0.004310  1.372103
2.39085602	545	-0.067755 0.000479  1.366357
2.39591193	548	-0.065600 0.003352  1.357020
2.40095210	551	-0.069431 0.001197  1.335472
2.40599203	552	-0.073980 -0.006704  1.339063
2.41107606	557	-0.069910 -0.000718  1.323741
2.41615605	558	-0.072065 -0.002634  1.314882
2.42123198	561	-0.078290 -0.003352  1.306024
2.42632007	564	-0.079247 -0.005507  1.299320
2.43139195	567	-0.077332 -0.003591  1.289265
2.43648004	571	-0.074938 0.000718  1.266759
2.44152808	574	-0.080444 -0.003831  1.263886
2.44660806	575	-0.074938 -0.008380  1.246648
2.45169591	577	-0.078529 -0.002634  1.241142
2.45678400	580	-0.089063 -0.007422  1.230128
2.46187210	580	-0.081402 -0.000718  1.217439
2.46695208	584	-0.075895 -0.008858  1.208341
2.47202396	586	-0.075656 -0.002394  1.189906
2.47711205	588	-0.078050 -0.007901  1.186315
2.48219203	587	-0.077811 -0.005746  1.164049
2.48728799	591	-0.067276 -0.008858  1.156388
2.49237990	590	-0.071825 -0.013647  1.149923
2.49747610	592	-0.066319 -0.015802  1.128376
2.50257611	595	-0.067755 -0.008140  1.120954
2.50767207	601	-0.062488 -0.015323  1.107068
2.51277208	600	-0.063685 -0.022026  1.096294
2.51787590	603	-0.056503 -0.026575  1.085520
2.52297592	604	-0.058179 -0.020111  1.073070
2.52807998	609	-0.054348 -0.022745  1.067564
2.53319191	611	-0.054587 -0.025857  1.059184
2.53829598	612	-0.050278 -0.033758  1.051523
2.54338788	613	-0.051954 -0.026097  1.036679
2.54849195	613	-0.053151 -0.030167  1.022793
2.55360388	617	-0.050757 -0.026575  1.020398
2.55870795	619	-0.045011 -0.032800  1.001006
2.56380391	619	-0.044771 -0.035434  0.994302
2.56889605	622	-0.039265 -0.028012  0.992387
##inga 
#ido(sec)  szog(ADC)     ax(g)    ay(g)   az(g)
2.57451605	621	-0.048123 -0.030406  0.985204
2.57974410	623	-0.050996 -0.031603  0.971078
2.58495998	626	-0.051954 -0.024899  0.959347
2.59019207	626	-0.053869 -0.018196  0.949291
2.59527611	629	-0.060094 -0.027294  0.941151
2.60035610	628	-0.057939 -0.026815  0.929180
2.60543203	630	-0.054827 -0.024660  0.932053
2.61050796	630	-0.064164 -0.019632  0.915773
2.61559200	633	-0.066079 -0.020590  0.914576
2.62067604	634	-0.069192 -0.024660  0.908351
2.62576389	632	-0.067995 -0.019872  0.887282
2.63085603	634	-0.068713 -0.013407  0.886803
2.63594007	636	-0.072304 -0.020829  0.883930
2.64101600	636	-0.072304 -0.016520  0.872678
2.64608788	637	-0.080205 -0.022505  0.871002
2.65117597	636	-0.083078 -0.016759  0.872917
2.65626001	639	-0.080444 -0.016759  0.853285
2.66135191	639	-0.080923 -0.015083  0.859989
2.66644001	638	-0.084754 -0.011013  0.856397
2.67153596	641	-0.078050 -0.015323  0.856397
2.67662405	640	-0.076853 -0.008858  0.844905
2.68171596	639	-0.075417 -0.016280  0.845623
2.68681597	640	-0.073262 -0.021308  0.843469
2.69191598	642	-0.073022 -0.011253  0.844187
2.69701600	641	-0.077093 -0.015083  0.840596
2.70210790	642	-0.073501 -0.019872  0.840596
2.70720005	642	-0.065840 -0.021787  0.839877
2.71230006	643	-0.070868 -0.023463  0.838201
2.71738004	641	-0.061530 -0.027294  0.838441
2.72245597	643	-0.062967 -0.026815  0.834610
2.72755599	642	-0.062009 -0.022266  0.831977
2.73263597	642	-0.052672 -0.027533  0.844905
2.73772811	641	-0.052432 -0.028970  0.837723
2.74282002	640	-0.050517 -0.028251  0.838441
2.74790000	640	-0.052193 -0.021787  0.838441
2.75298810	642	-0.052432 -0.024181  0.834131
2.75807595	642	-0.051235 -0.021548  0.835568
2.76317191	642	-0.050996 -0.023224  0.855440
2.76825189	640	-0.048362 -0.028730  0.858073
2.77334809	641	-0.051475 -0.027054  0.852567
2.77843189	640	-0.047644 -0.019632  0.869805
2.78353190	639	-0.047884 -0.027772  0.870044
2.78861999	638	-0.051954 -0.031124  0.874114
2.79372811	638	-0.051235 -0.019872  0.878184
2.79882001	636	-0.047884 -0.025139  0.883691
2.80392789	635	-0.053390 -0.021548  0.885606
2.80902004	634	-0.055545 -0.022745  0.890395
2.81411190	632	-0.058897 -0.022984  0.899253
2.81920003	633	-0.052432 -0.021308  0.904999
2.82428407	631	-0.060094 -0.015083  0.913858
2.82936811	631	-0.058657 -0.021548  0.920082
2.83446788	628	-0.063925 -0.012210  0.917209
2.83956794	628	-0.072304 -0.007422  0.940433
2.84465599	627	-0.064164 -0.012210  0.938039
2.84975194	626	-0.071107 -0.009816  0.945940
2.85484008	623	-0.064403 -0.009577  0.956234
2.85992794	625	-0.076374 -0.010295  0.967008
2.86501598	623	-0.072065 -0.009577  0.975627
2.87012004	620	-0.069910 -0.006225  0.983289
2.87523193	618	-0.073262 -0.007661  0.994781
2.88033599	616	-0.069192 -0.005267  0.993584
2.88544387	615	-0.074938 -0.005746  1.018004
2.89053993	616	-0.073022 -0.009337  1.024229
2.89564399	612	-0.064882 -0.006943  1.039073
2.90072803	610	-0.073262 -0.011013  1.055593
2.90582389	609	-0.064882 -0.011731  1.055832
2.91091613	608	-0.071825 -0.008380  1.069000
2.91599197	605	-0.068713 -0.012210  1.082168
2.92108802	604	-0.064643 -0.011013  1.080013
2.92616386	600	-0.065600 -0.007901  1.098688
2.93124790	597	-0.066558 -0.013168  1.108265
2.93634796	596	-0.061291 -0.011013  1.117602
2.94143199	593	-0.059854 -0.013647  1.137713
2.94651203	591	-0.056742 -0.009098  1.134122
2.95159196	591	-0.062249 -0.010295  1.152557
2.95667190	587	-0.055306 -0.008140  1.162852
2.96174793	588	-0.052911 -0.015083  1.183921
2.96682405	586	-0.052432 -0.013168  1.184639
2.97192001	583	-0.053390 -0.011253  1.197328
2.97699594	580	-0.051475 -0.011492  1.206665
2.98210411	577	-0.051714 -0.013168  1.216482
2.98721199	578	-0.044292 -0.008140  1.233480
2.99229192	575	-0.045011 -0.016520  1.237071
2.99738788	574	-0.044532 -0.009098  1.248324
3.00246405	572	-0.049799 -0.007901  1.266520
3.00753998	569	-0.045729 -0.014126  1.275139
3.01265597	566	-0.053630 -0.008140  1.281843
3.01774406	560	-0.051954 -0.003112  1.295968
3.02283191	557	-0.049320 -0.005028  1.313446
3.02792406	557	-0.052432 -0.006225  1.322544
3.03300809	552	-0.054108 -0.002873  1.312249
3.03809595	547	-0.057700 -0.000718  1.329966
3.04318404	549	-0.059854 0.005267  1.342176
3.04824805	546	-0.056503 0.007422  1.346007
3.05330801	542	-0.063685 -0.001676  1.352950
3.05839991	539	-0.065361 0.003591  1.368512
3.06344795	538	-0.064164 0.004549  1.375455
3.06850409	536	-0.067276 0.011731  1.390538
3.07353591	534	-0.068234 0.012929  1.395327
3.07858800	531	-0.064882 0.004549  1.399636
3.08362793	526	-0.065840 0.009577  1.401551
##inga 
#ido(sec)  szog(ADC)     ax(g)    ay(g)   az(g)
3.08920001	524	-0.069671 0.010056  1.415198
3.09441208	521	-0.075177 0.008619  1.414959
3.09964799	518	-0.073741 0.014844  1.417353
3.10488009	514	-0.072065 0.014844  1.428845
3.10992789	510	-0.072065 0.020111  1.428606
3.11497592	507	-0.070628 0.017477  1.437704
3.12002801	504	-0.073022 0.020829  1.450632
3.12509202	503	-0.063925 0.023463  1.457575
3.13015198	500	-0.071586 0.020111  1.447759
3.13520002	497	-0.061052 0.011492  1.443210
3.14025211	494	-0.054108 0.018675  1.459969
3.14530396	489	-0.059136 0.008140  1.458533
3.15033602	487	-0.054108 0.014604  1.467152
3.15536808	484	-0.053869 0.008858  1.459251
3.16039991	480	-0.046926 0.009098  1.465715
3.16544795	476	-0.046447 0.014365  1.470983
3.17050790	475	-0.039983 0.015323  1.461645
3.17555999	472	-0.039743 0.009816  1.461645
3.18060803	469	-0.043574 0.009337  1.472659
3.18566393	465	-0.032082 0.010295  1.463561
3.19072008	464	-0.036152 0.006464  1.465237
3.19578003	458	-0.032082 0.009098  1.464040
3.20084810	456	-0.029209 0.010774  1.460448
3.20590806	453	-0.028970 0.000479  1.455181
3.21095991	450	-0.033997 0.010774  1.459491
3.21602010	448	-0.034955 0.014365  1.446562
3.22106409	446	-0.024899 0.011013  1.450632
3.22610807	445	-0.038307 0.013407  1.445126
3.23113608	440	-0.041180 0.013886  1.438661
3.23617601	436	-0.041419 0.014365  1.446323
3.24124002	434	-0.038307 0.021069  1.419987
3.24628400	432	-0.046208 0.024660  1.429324
3.25131988	428	-0.038307 0.022505  1.406819
3.25637197	427	-0.047644 0.019393  1.406579
3.26142811	423	-0.049559 0.024421  1.400115
3.26647996	421	-0.052911 0.027772  1.398918
3.27153992	416	-0.049559 0.036391  1.391975
3.27659201	416	-0.053869 0.031124  1.384313
3.28165197	411	-0.056263 0.034716  1.386947
3.28671598	409	-0.051475 0.026097  1.377370
3.29177999	406	-0.060812 0.037110  1.363005
3.29680800	406	-0.057700 0.037110  1.356780
3.30184388	402	-0.057939 0.030406  1.335472
3.30687999	401	-0.059136 0.038546  1.333078
3.31191992	400	-0.056742 0.043574  1.327332
3.31696391	397	-0.055545 0.037110  1.308418
3.32200789	392	-0.053390 0.034237  1.307700
3.32704401	388	-0.055784 0.042856  1.293095
3.33209609	388	-0.054108 0.042138  1.289983
3.33714008	384	-0.055545 0.039265  1.274181
3.34219598	384	-0.054587 0.034955  1.268435
3.34724402	379	-0.045011 0.039983  1.258859
3.35229206	379	-0.048602 0.039265  1.250239
3.35733604	377	-0.042377 0.045729  1.235635
3.36238002	373	-0.040701 0.040940  1.226537
3.36740398	369	-0.039025 0.031843  1.207384
3.37243199	368	-0.034237 0.028970  1.199483
3.37748003	366	-0.036152 0.031843  1.188709
3.38251590	365	-0.028970 0.027772  1.185357
3.38756799	361	-0.026097 0.024660  1.169316
3.39261603	357	-0.022745 0.033279  1.161894
3.39767193	359	-0.024421 0.026575  1.137713
3.40273189	354	-0.018914 0.030167  1.136755
3.40779590	353	-0.024660 0.031124  1.120714
3.41284799	351	-0.018435 0.026815  1.104434
3.41791200	350	-0.015562 0.028730  1.097970
3.42296409	348	-0.016759 0.030645  1.092463
3.42802810	346	-0.018196 0.025857  1.084084
3.43307590	345	-0.021069 0.033758  1.065648
3.43810796	343	-0.022266 0.030645  1.059424
3.44315195	342	-0.019872 0.027772  1.053199
3.44819998	340	-0.015802 0.032800  1.036679
3.45323610	337	-0.024181 0.032561  1.029736
3.45827603	338	-0.017956 0.033758  1.023271
3.46332788	335	-0.022026 0.038786  1.009864
3.46835994	333	-0.028491 0.031843  0.994541
3.47341990	333	-0.025139 0.033997  0.979458
3.47847199	332	-0.023702 0.032082  0.978500
3.48352408	331	-0.028251 0.038786  0.956713
3.48857998	328	-0.027772 0.043335  0.950967
3.49364399	328	-0.029448 0.041659  0.946418
3.49868798	327	-0.040701 0.049081  0.938518
3.50373196	325	-0.034716 0.047644  0.933729
3.50877594	322	-0.039265 0.046208  0.914097
3.51381206	324	-0.039265 0.045968  0.908830
3.51886010	323	-0.041419 0.049081  0.910027
3.52390003	322	-0.042856 0.042856  0.905239
3.52895998	321	-0.045011 0.052193  0.893746
3.53400397	319	-0.047165 0.049320  0.885127
3.53904795	319	-0.042856 0.055066  0.875790
3.54409599	320	-0.038307 0.054827  0.880818
3.54912805	318	-0.043335 0.049559  0.868129
3.55418801	319	-0.042377 0.048362  0.858552
3.55924797	317	-0.038786 0.052911  0.868368
3.56430792	316	-0.040222 0.053151  0.850651
3.56936001	317	-0.038546 0.051235  0.840356
3.57439589	316	-0.039025 0.047644  0.843947
3.57943606	313	-0.040701 0.052911  0.840835
3.58446407	314	-0.033758 0.049320  0.829822
3.58949995	315	-0.027772 0.047884  0.835089
3.59454798	314	-0.035194 0.041419  0.828864
##inga 
#ido(sec)  szog(ADC)     ax(g)    ay(g)   az(g)
3.60011196	315	-0.026575 0.044771  0.836047
3.60535192	314	-0.021787 0.042377  0.820245
3.61057591	313	-0.025378 0.037110  0.820485
3.61579203	312	-0.022266 0.034955  0.828625
3.62085199	313	-0.018675 0.038067  0.818090
3.62590003	314	-0.025618 0.041659  0.813781
3.63095188	312	-0.013168 0.033518  0.822879
3.63601589	312	-0.016041 0.035434  0.818330
3.64105200	313	-0.014365 0.033518  0.822400
3.64608407	313	-0.012929 0.035913  0.820963
3.65111207	313	-0.013886 0.030645  0.818809
3.65616011	313	-0.011731 0.029927  0.829104
3.66121196	314	-0.017477 0.032800  0.826470
3.66623997	315	-0.011971 0.031124  0.825752
3.67128396	312	-0.016520 0.036391  0.831258
3.67631196	316	-0.010534 0.032321  0.844426
3.68135190	317	-0.019393 0.030406  0.841793
3.68639993	316	-0.020111 0.039504  0.846342
3.69146394	317	-0.017956 0.032800  0.847539
3.69652390	318	-0.022266 0.040940  0.846821
3.70157194	319	-0.016520 0.042138  0.850172
3.70662808	318	-0.032561 0.040462  0.859031
3.71167993	319	-0.033279 0.039504  0.861186
3.71673202	320	-0.027533 0.045968  0.862862
3.72178792	320	-0.036631 0.043335  0.882254
3.72684001	321	-0.036870 0.042856  0.881297
3.73187589	321	-0.038307 0.042856  0.887761
3.73691201	324	-0.037828 0.045489  0.892549
3.74195599	324	-0.045250 0.050038  0.901168
3.74699997	326	-0.040462 0.045250  0.913618
3.75203990	326	-0.047405 0.046686  0.914576
3.75707602	327	-0.038067 0.051954  0.930138
3.76211190	329	-0.038067 0.047644  0.932772
3.76715207	329	-0.047405 0.053151  0.947855
3.77220010	331	-0.045968 0.048123  0.950249
3.77725195	332	-0.048841 0.044532  0.952404
3.78229999	335	-0.043574 0.042138  0.971078
3.78733611	334	-0.044292 0.044292  0.976585
3.79237604	337	-0.045968 0.042138  0.992865
3.79741191	336	-0.041898 0.042377  0.995260
3.80244398	339	-0.040701 0.041180  1.000287
3.80747203	340	-0.038546 0.039265  1.018723
3.81252403	342	-0.035673 0.032561  1.028299
3.81758003	344	-0.034476 0.037828  1.037636
3.82262802	347	-0.034955 0.036631  1.056550
3.82768392	348	-0.030406 0.036391  1.058945
3.83274002	350	-0.033758 0.033040  1.069479
3.83779602	352	-0.029927 0.031603  1.086717
3.84285211	350	-0.028251 0.031603  1.088154
3.84791584	354	-0.034955 0.033040  1.103955
3.85295600	358	-0.026815 0.029688  1.115926
3.85800409	356	-0.030885 0.027294  1.123348
3.86304397	358	-0.029209 0.024421  1.130531
3.86807994	359	-0.020829 0.022745  1.150402
3.87312011	364	-0.026815 0.018196  1.163810
3.87815999	364	-0.030885 0.020351  1.162852
3.88321208	368	-0.023224 0.018196  1.180090
3.88826799	371	-0.023224 0.022505  1.194216
3.89332790	374	-0.028491 0.016999  1.199722
3.89837598	375	-0.028251 0.022026  1.214566
3.90343999	378	-0.025618 0.019872  1.227495
3.90849990	380	-0.041419 0.024421  1.235156
3.91357212	382	-0.035434 0.024660  1.250239
3.91863203	384	-0.040462 0.026575  1.256943
3.92369194	389	-0.035434 0.027294  1.254310
3.92874794	391	-0.040940 0.027533  1.278491
3.93378400	393	-0.043095 0.025857  1.289504
3.93881988	395	-0.042856 0.026097  1.293095
3.94386787	398	-0.046208 0.024660  1.310812
3.94891185	401	-0.043335 0.026575  1.315840
3.95397205	404	-0.053630 0.033758  1.311052
3.95901603	405	-0.054348 0.027772  1.335233
3.96406383	407	-0.049799 0.023224  1.345767
3.96911602	408	-0.060812 0.027294  1.347922
3.97417593	410	-0.057221 0.032321  1.351992
3.97923583	415	-0.059376 0.025139  1.370667
3.98429985	417	-0.059376 0.025378  1.383116
3.98936386	418	-0.062967 0.024421  1.384553
3.99442787	423	-0.064643 0.025618  1.384792
3.99948005	425	-0.066798 0.027294  1.399397
4.00453996	428	-0.058179 0.031843  1.410171
4.00960397	430	-0.059136 0.030885  1.399876
4.01465177	432	-0.060333 0.018435  1.413043
4.01969623	433	-0.058179 0.020590  1.425254
4.02473211	437	-0.053869 0.022266  1.425014
4.02976417	443	-0.059615 0.021069  1.431479
4.03481578	446	-0.051235 0.012929  1.429803
4.03987598	448	-0.048362 0.015562  1.438901
4.04493618	450	-0.047405 0.015323  1.447520
4.04998016	452	-0.051235 0.016041  1.453744
4.05503177	455	-0.046208 0.016041  1.455420
4.06006383	457	-0.057700 0.009577  1.460927
4.06512022	457	-0.046926 0.008140  1.459491
4.07018423	462	-0.048362 0.011731  1.456618
4.07524776	463	-0.052432 0.011253  1.451111
4.08031177	468	-0.050757 0.012689  1.454223
4.08534383	469	-0.048123 0.000000  1.463800
4.09035587	474	-0.047644 0.003831  1.460927
4.09539604	477	-0.050038 0.004310  1.455899
4.10043191	479	-0.048362 0.003352  1.454942
4.10548019	482	-0.050757 -0.002873  1.465955
##inga 
#ido(sec)  szog(ADC)     ax(g)    ay(g)   az(g)
4.11109209	487	-0.046447 0.002394  1.450153
4.11633205	491	-0.051475 -0.000958  1.456378
4.12155580	493	-0.049799 0.002873  1.448477
4.12677192	497	-0.044771 0.003591  1.449435
4.13182401	501	-0.052193 -0.005028  1.442971
4.13690376	503	-0.050278 0.000479  1.438661
4.14195203	502	-0.054827 -0.000718  1.448477
4.14703607	506	-0.046926 -0.001197  1.433873
4.15214014	508	-0.058897 0.000479  1.418071
4.15719223	515	-0.051714 -0.007901  1.412325
4.16228818	519	-0.055306 -0.002634  1.424536
4.16738796	519	-0.058179 -0.005507  1.416635
4.17246818	524	-0.055306 -0.002394  1.400354
4.17754411	527	-0.062488 -0.002155  1.398439
4.18263196	527	-0.057221 -0.008140  1.394848
4.18771219	533	-0.056742 -0.005267  1.381919
4.19279623	536	-0.067276 0.000239  1.375455
4.19784021	536	-0.062488 -0.000958  1.366836
4.20292377	540	-0.067755 -0.002873  1.358456
4.20800781	541	-0.069671 -0.008380  1.369230
4.21309185	542	-0.074698 0.002634  1.346246
4.21812820	548	-0.073741 0.001676  1.335472
4.22316789	550	-0.076853 0.001915  1.329726
4.22820806	549	-0.071825 -0.001437  1.318474
4.23329591	554	-0.077093 -0.005507  1.306981
4.23838806	558	-0.078768 0.005507  1.301954
4.24344778	561	-0.072304 0.001676  1.299081
4.24850416	563	-0.075177 -0.005028  1.278970
4.25358819	565	-0.080444 -0.009098  1.278970
4.25867223	569	-0.075177 -0.002634  1.264605
4.26377582	569	-0.076853 -0.009098  1.250239
4.26886796	572	-0.082360 0.000000  1.244493
4.27388000	573	-0.069910 -0.007901  1.230847
4.27895593	576	-0.069910 -0.004549  1.212890
4.28403615	579	-0.064643 -0.007422  1.205947
4.28912401	580	-0.064882 -0.004788  1.197807
4.29419994	584	-0.067516 -0.014365  1.192061
4.29930782	586	-0.063206 -0.016041  1.180090
4.30439186	588	-0.062009 -0.013886  1.175062
4.30947208	589	-0.058657 -0.008619  1.160218
4.31455612	588	-0.060094 -0.019872  1.152796
4.31963586	592	-0.058179 -0.016041  1.133882
4.32471179	591	-0.053151 -0.011492  1.120714
4.32980823	592	-0.052911 -0.011731  1.115687
4.33490800	599	-0.057460 -0.022505  1.103237
4.33999204	601	-0.053390 -0.020829  1.090787
4.34507608	602	-0.056981 -0.019632  1.085281
4.35016393	604	-0.054587 -0.021308  1.074028
4.35525989	607	-0.057221 -0.020829  1.055114
4.36036396	607	-0.051235 -0.023463  1.048889
4.36547183	609	-0.054108 -0.019153  1.041228
4.37057209	612	-0.057700 -0.023463  1.033327
4.37565612	613	-0.050757 -0.023942  1.006033
4.38073587	614	-0.054587 -0.030645  1.014892
4.38583993	617	-0.053630 -0.027772  1.006273
4.39094400	618	-0.052432 -0.026336  0.989753
4.39604377	618	-0.057700 -0.027294  0.979697
4.40113210	621	-0.061052 -0.021787  0.970360
4.40621995	622	-0.060573 -0.027294  0.972754
4.41131591	623	-0.065361 -0.026575  0.948334
4.41641998	622	-0.064643 -0.021308  0.937799
4.42150783	626	-0.066798 -0.025139  0.941151
4.42660379	626	-0.068952 -0.023463  0.937560
4.43170785	628	-0.071825 -0.018914  0.922237
4.43680810	628	-0.073501 -0.014604  0.913618
4.44189596	630	-0.072783 -0.014126  0.913858
4.44701194	631	-0.074698 -0.018435  0.906196
4.45210790	631	-0.073262 -0.022026  0.903802
4.45720005	633	-0.079008 -0.018914  0.883451
4.46228408	634	-0.073022 -0.014604  0.888000
4.46735191	633	-0.076135 -0.015083  0.888958
4.47243213	635	-0.077332 -0.021548  0.879142
4.47751998	632	-0.080205 -0.017238  0.868368
4.48260021	636	-0.077571 -0.012210  0.876269
4.48768377	634	-0.070389 -0.015323  0.864777
4.49276399	636	-0.073741 -0.018675  0.861664
4.49786806	637	-0.071346 -0.019872  0.857115
4.50296020	637	-0.072065 -0.019632  0.854482
4.50805187	635	-0.064164 -0.018675  0.845863
4.51314020	637	-0.068713 -0.022266  0.846342
4.51823997	638	-0.066558 -0.025378  0.838680
4.52331209	635	-0.065600 -0.024181  0.857355
4.52839994	636	-0.062967 -0.019632  0.849694
4.53350400	639	-0.054827 -0.030645  0.847060
4.53857612	637	-0.056742 -0.032082  0.839638
4.54366779	639	-0.060094 -0.025139  0.851130
4.54875183	639	-0.054108 -0.030645  0.853045
4.55384016	639	-0.056263 -0.029448  0.849454
4.55893993	639	-0.057939 -0.029448  0.835328
4.56404399	638	-0.048602 -0.028012  0.849933
4.56913614	638	-0.047884 -0.026575  0.848257
4.57424020	635	-0.046686 -0.021787  0.851848
4.57932806	638	-0.052911 -0.022026  0.853524
4.58442783	635	-0.047405 -0.017956  0.866213
4.58951616	636	-0.050038 -0.025857  0.854482
4.59460020	634	-0.058657 -0.016999  0.860467
4.59968805	635	-0.049081 -0.019632  0.865016
4.60478782	633	-0.053630 -0.020111  0.864298
4.60989189	634	-0.053390 -0.020829  0.863340
4.61499214	634	-0.058897 -0.019632  0.878903
4.62010812	633	-0.052911 -0.017956  0.897817
##inga 
#ido(sec)  szog(ADC)     ax(g)    ay(g)   az(g)
4.62575197	632	-0.063925 -0.011731  0.887043
4.63100814	631	-0.056024 -0.016041  0.892549
4.63622379	631	-0.062967 -0.011253  0.908590
4.64144802	626	-0.055784 -0.019632  0.917688
4.64654016	628	-0.062967 -0.013407  0.927504
4.65162420	627	-0.062967 -0.017477  0.923434
4.65670013	627	-0.066798 -0.008380  0.931096
4.66178798	624	-0.069671 -0.008858  0.933250
4.66686391	623	-0.073022 -0.013886  0.945700
4.67193222	621	-0.060573 -0.012450  0.948813
4.67701578	622	-0.072304 -0.013647  0.971797
4.68210411	617	-0.067516 -0.005985  0.973472
4.68717622	619	-0.066079 -0.009816  0.987838
4.69225597	617	-0.068473 -0.011253  0.991189
4.69735193	614	-0.069192 -0.008858  0.996696
4.70242404	616	-0.073262 -0.010534  1.009385
4.70751190	612	-0.067755 -0.005746  1.011779
4.71260404	610	-0.065122 -0.003831  1.027102
4.71769618	610	-0.066558 -0.017238  1.034763
4.72279977	609	-0.060094 -0.004788  1.045298
4.72787189	607	-0.066319 -0.010774  1.051523
4.73294782	603	-0.062967 -0.011971  1.063254
4.73805189	602	-0.059615 -0.008140  1.089111
4.74313592	600	-0.061052 -0.012689  1.085041
4.74822378	595	-0.059854 -0.011492  1.090069
4.75331211	594	-0.062488 -0.011731  1.108744
4.75841617	593	-0.049799 -0.011492  1.115687
4.76351976	591	-0.049320 -0.007183  1.129812
4.76861190	590	-0.055306 -0.014365  1.136755
4.77371597	589	-0.049081 -0.013886  1.144417
4.77880811	586	-0.047884 -0.018914  1.157824
4.78392791	584	-0.045729 -0.013168  1.172429
4.78903198	585	-0.051235 -0.013168  1.187991
4.79414415	579	-0.046686 -0.011013  1.193019
4.79925203	578	-0.055306 -0.016520  1.209778
4.80435609	576	-0.050278 -0.009098  1.221270
4.80943202	575	-0.052432 -0.010534  1.225340
4.81450796	572	-0.060573 -0.010534  1.235396
4.81958389	572	-0.051475 -0.005746  1.242817
4.82466411	569	-0.056981 -0.008140  1.249282
4.82974386	567	-0.051714 -0.002873  1.272505
4.83483219	564	-0.053390 -0.001197  1.273224
4.83992385	557	-0.055784 0.001437  1.293574
4.84497213	557	-0.058897 -0.002155  1.295250
4.85005187	555	-0.066558 0.000239  1.299559
4.85510015	550	-0.059854 0.000239  1.314164
4.86012792	550	-0.066319 0.004310  1.316798
4.86517190	546	-0.059136 0.005746  1.327571
4.87022781	543	-0.068234 -0.001915  1.331402
4.87531185	538	-0.069192 0.005746  1.344810
4.88036394	536	-0.069910 0.014844  1.352710
4.88540792	537	-0.071825 0.010295  1.357259
4.89046382	536	-0.070389 0.005028  1.367794
4.89552021	532	-0.065600 0.008380  1.377131
4.90056800	526	-0.070389 0.009098  1.385510
4.90560817	525	-0.067037 0.010774  1.398439
4.91064786	522	-0.067995 0.011731  1.395327
4.91567993	521	-0.069910 0.010056  1.386468
4.92072010	517	-0.069910 0.018435  1.411846
4.92575216	514	-0.066079 0.011253  1.406100
4.93078422	510	-0.063206 0.015323  1.420705
4.93583583	507	-0.065600 0.012929  1.422620
4.94087219	504	-0.056742 0.016280  1.423338
4.94591999	503	-0.061530 0.009337  1.422141
4.95098018	502	-0.058897 0.012929  1.423338
4.95603179	497	-0.055545 0.013407  1.446323
4.96111202	494	-0.055784 0.011731  1.440098
4.96616792	490	-0.052911 0.012210  1.441534
4.97122812	487	-0.054108 0.019393  1.451111
4.97626399	484	-0.050038 0.014844  1.448956
4.98130416	480	-0.041898 0.005507  1.446323
4.98634815	476	-0.050757 0.007183  1.452787
4.99138402	473	-0.039743 0.010534  1.443928
4.99643611	470	-0.043095 0.012689  1.460448
5.00146818	468	-0.031843 0.005985  1.447041
5.00651216	465	-0.039504 -0.000718  1.440337
5.01159191	464	-0.034237 0.013886  1.458054
5.01663208	460	-0.027054 0.009577  1.446323
5.02169179	457	-0.029688 -0.001197  1.444407
5.02678394	453	-0.034476 0.005267  1.437704
5.03183984	451	-0.034476 0.008619  1.444407
5.03689622	447	-0.030645 0.014126  1.445844
5.04195594	448	-0.033997 0.016759  1.431239
5.04701995	446	-0.038786 0.006943  1.424536
5.05206394	443	-0.031603 0.011971  1.424775
5.05710792	439	-0.033040 0.015562  1.431239
5.06213617	434	-0.043335 0.020590  1.410410
5.06717586	433	-0.045250 0.026097  1.414719
5.07221221	429	-0.045968 0.023702  1.405143
5.07724809	428	-0.048362 0.021548  1.409931
5.08231210	425	-0.061530 0.023463  1.400594
5.08735609	420	-0.051235 0.031843  1.394129
5.09240818	421	-0.055306 0.032800  1.366118
5.09745979	414	-0.059376 0.036152  1.384074
5.10251188	412	-0.062009 0.032561  1.365639
5.10756015	411	-0.062488 0.043095  1.353668
5.11262416	409	-0.065840 0.037110  1.341936
5.11768007	405	-0.056024 0.038307  1.349358
5.12273979	405	-0.066079 0.032561  1.331163
5.12777614	402	-0.062488 0.042138  1.323022
5.13281583	401	-0.059376 0.035194  1.310573
##inga 
#ido(sec)  szog(ADC)     ax(g)    ay(g)   az(g)
5.13839197	399	-0.049081 0.040701  1.304827
5.14362812	395	-0.059136 0.043095  1.299799
5.14885997	392	-0.056503 0.038786  1.282800
5.15407609	388	-0.053869 0.030406  1.270829
5.15912389	387	-0.048841 0.037349  1.264605
5.16417598	384	-0.042377 0.038067  1.264126
5.16922807	383	-0.046208 0.038307  1.250239
5.17428016	380	-0.042856 0.032082  1.233001
5.17933988	376	-0.039983 0.031124  1.222706
5.18440389	375	-0.038546 0.025139  1.213130
5.18945980	372	-0.041180 0.037349  1.201159
5.19450378	368	-0.023702 0.031364  1.198046
5.19956398	368	-0.028251 0.031364  1.183442
5.20460796	367	-0.031603 0.027054  1.168359
5.20966005	364	-0.025618 0.028730  1.154712
5.21470785	362	-0.019393 0.030167  1.145135
5.21975612	360	-0.017238 0.022984  1.134361
5.22480392	357	-0.017238 0.024181  1.134601
5.22984790	355	-0.016999 0.029209  1.116165
5.23489618	355	-0.016520 0.023463  1.107068
5.23996400	353	-0.018196 0.033518  1.102998
5.24500799	351	-0.014844 0.032321  1.085999
5.25006389	350	-0.016280 0.027294  1.076422
5.25512409	347	-0.015802 0.028491  1.058466
5.26017618	344	-0.023463 0.026815  1.055114
5.26524019	343	-0.022745 0.031124  1.044101
5.27030420	343	-0.018675 0.032800  1.031412
5.27536392	339	-0.028491 0.032561  1.014174
5.28041982	340	-0.021308 0.036391  1.008906
5.28545618	339	-0.021308 0.038307  1.013934
5.29050016	339	-0.024421 0.038786  0.994062
5.29555606	335	-0.028491 0.034716  0.983049
5.30059623	333	-0.029209 0.043095  0.978740
5.30561590	332	-0.030167 0.047644  0.966529
5.31066799	330	-0.033518 0.044532  0.950728
5.31572389	331	-0.038307 0.046926  0.948573
5.32075977	328	-0.033997 0.048602  0.947855
5.32580804	326	-0.045011 0.051714  0.944024
5.33085584	325	-0.043335 0.053151  0.920561
5.33591604	324	-0.045011 0.047165  0.928941
5.34097194	324	-0.041180 0.050038  0.909069
5.34602403	325	-0.045489 0.050757  0.910745
5.35105991	322	-0.049081 0.052911  0.899253
5.35609197	322	-0.044053 0.047644  0.888958
5.36112022	323	-0.050038 0.049081  0.885606
5.36615610	321	-0.048123 0.054108  0.888958
5.37118005	320	-0.043335 0.051954  0.871720
5.37621593	318	-0.044532 0.053630  0.872678
5.38127183	318	-0.041419 0.042138  0.869326
5.38632011	319	-0.045489 0.049081  0.860467
5.39136791	317	-0.033997 0.043335  0.846342
5.39642000	320	-0.032321 0.044532  0.858073
5.40147209	319	-0.024660 0.044053  0.851609
5.40653610	318	-0.027294 0.046447  0.840596
5.41159582	317	-0.025378 0.044053  0.845384
5.41664791	318	-0.026097 0.044771  0.834610
5.42168378	318	-0.021548 0.040701  0.838920
5.42671585	316	-0.017477 0.032321  0.834131
5.43175601	317	-0.017238 0.040462  0.831258
5.43680381	317	-0.014604 0.039265  0.820485
5.44184780	315	-0.016759 0.034955  0.830780
5.44689607	317	-0.012929 0.035434  0.832456
5.45193576	315	-0.019393 0.033997  0.825273
5.45696783	317	-0.010534 0.026815  0.834371
5.46201181	316	-0.007901 0.035673  0.827667
5.46705579	316	-0.009098 0.032800  0.831977
5.47209978	317	-0.013647 0.025139  0.840356
5.47716379	317	-0.015802 0.033040  0.834610
5.48221588	316	-0.009098 0.028730  0.842511
5.48724412	319	-0.018196 0.032082  0.836765
5.49228000	319	-0.013886 0.030885  0.841075
5.49730396	318	-0.012210 0.031124  0.840356
5.50233983	319	-0.023702 0.035194  0.850172
5.50738000	319	-0.020829 0.037110  0.848497
5.51241207	319	-0.024660 0.035913  0.850172
5.51745605	318	-0.028970 0.041898  0.858073
5.52250003	320	-0.028730 0.039265  0.855918
5.52755212	318	-0.033518 0.040222  0.869086
5.53260421	320	-0.041898 0.045729  0.873396
5.53765583	322	-0.040940 0.039983  0.878903
5.54269981	322	-0.039983 0.044532  0.879621
5.54774379	324	-0.043813 0.044771  0.896380
5.55278778	325	-0.044053 0.042856  0.885367
5.55781602	327	-0.045489 0.044532  0.903802
5.56285190	327	-0.046447 0.047884  0.908590
5.56789207	329	-0.042616 0.045489  0.916252
5.57292795	328	-0.043335 0.047405  0.929899
5.57796382	328	-0.042377 0.049320  0.935645
5.58301591	331	-0.048362 0.044771  0.938996
5.58805990	334	-0.044053 0.046686  0.944264
5.59312009	335	-0.043813 0.045250  0.955756
5.59816408	333	-0.039504 0.046208  0.969163
5.60321617	336	-0.047884 0.042856  0.967487
5.60828399	338	-0.049559 0.044053  0.979937
5.61334419	340	-0.040701 0.039265  0.998133
5.61839580	341	-0.034955 0.040462  0.997414
5.62344408	340	-0.033758 0.033997  1.009385
5.62849187	344	-0.032800 0.037110  1.025187
5.63351583	345	-0.030167 0.024421  1.025187
5.63855600	348	-0.035673 0.036870  1.043143
5.64359617	349	-0.032561 0.028251  1.050326
##inga 
#ido(sec)  szog(ADC)     ax(g)    ay(g)   az(g)
5.64915180	348	-0.031124 0.031124  1.058226
5.65439987	351	-0.026336 0.031124  1.063972
5.65964412	355	-0.030406 0.027772  1.086238
5.66487216	357	-0.027054 0.026336  1.092942
5.66991996	355	-0.029209 0.028730  1.097970
5.67496776	359	-0.026815 0.028012  1.120475
5.68004417	361	-0.024421 0.026575  1.124066
5.68510818	362	-0.022745 0.027772  1.125263
5.69018793	363	-0.025139 0.023702  1.144656
5.69524812	368	-0.023702 0.023463  1.158542
5.70031595	368	-0.030885 0.015802  1.167640
5.70536422	369	-0.023702 0.023224  1.180808
5.71041584	372	-0.026575 0.022026  1.192061
5.71547603	377	-0.032561 0.031364  1.197807
5.72052001	380	-0.033279 0.024660  1.207623
5.72556781	382	-0.033279 0.018196  1.223425
5.73061180	382	-0.033279 0.026097  1.231086
5.73565578	386	-0.037349 0.027772  1.243536
5.74071598	389	-0.036391 0.027772  1.258859
5.74577188	388	-0.037828 0.021308  1.261731
5.75084018	393	-0.047884 0.024181  1.264365
5.75589990	394	-0.042377 0.027054  1.282800
5.76096010	399	-0.044292 0.023463  1.291898
5.76601982	398	-0.055066 0.031603  1.297644
5.77106380	404	-0.052193 0.031603  1.306263
5.77611589	404	-0.051954 0.022266  1.318234
5.78117179	407	-0.051235 0.024181  1.320149
5.78621578	409	-0.055306 0.034955  1.328768
5.79125976	412	-0.059376 0.036152  1.340979
5.79629993	413	-0.058897 0.022745  1.350316
5.80135583	417	-0.058897 0.028012  1.350795
5.80639219	418	-0.052911 0.028730  1.362287
5.81145620	421	-0.056981 0.021308  1.364442
5.81650018	422	-0.057460 0.026575  1.374976
5.82154417	427	-0.056024 0.018914  1.385510
5.82657623	428	-0.058418 0.029448  1.390299
5.83163595	432	-0.054827 0.021069  1.402030
5.83668804	434	-0.062488 0.020829  1.397721
5.84175586	436	-0.053630 0.010774  1.399157
5.84681606	441	-0.053869 0.012210  1.419747
5.85187578	445	-0.053390 0.022505  1.403227
5.85692787	448	-0.046447 0.017956  1.420465
5.86197614	447	-0.048362 0.011492  1.422141
5.86701202	451	-0.052193 0.014604  1.435070
5.87204790	453	-0.052432 0.013647  1.431000
5.87708377	456	-0.052911 0.012929  1.433873
5.88213586	457	-0.042138 0.008380  1.436506
5.88718795	460	-0.051954 0.002873  1.435309
5.89224815	462	-0.046208 0.002394  1.432676
5.89728784	467	-0.050278 0.011253  1.435309
5.90234422	469	-0.052432 0.013886  1.438182
5.90739202	473	-0.051235 0.009098  1.447280
5.91244411	475	-0.050757 -0.000958  1.433873
5.91753578	477	-0.049799 0.001915  1.442253
5.92259979	481	-0.045250 0.002873  1.440098
5.92764806	484	-0.047644 0.008380  1.442492
5.93270015	487	-0.046686 -0.002394  1.432436
5.93776798	492	-0.048362 0.000000  1.442971
5.94277620	492	-0.048123 0.002394  1.431479
5.94782400	497	-0.049320 0.004549  1.429324
5.95286417	500	-0.046926 0.001676  1.428606
5.95790386	503	-0.050278 -0.006704  1.425493
5.96297597	504	-0.051475 -0.007661  1.415677
5.96806812	506	-0.046686 0.004788  1.425493
5.97312021	510	-0.047405 0.004070  1.414001
5.97816801	514	-0.050996 -0.002634  1.402749
5.98326015	518	-0.053869 -0.008380  1.396524
5.98834800	520	-0.053630 0.001676  1.398918
5.99340009	523	-0.063446 0.003831  1.387665
5.99845981	524	-0.066079 0.005746  1.380243
6.00351190	526	-0.061770 0.000479  1.381201
6.00856018	529	-0.066319 -0.004310  1.374976
6.01365613	535	-0.071346 0.010056  1.357499
6.01871204	537	-0.071107 0.008380  1.353907
6.02373600	536	-0.068473 0.002394  1.346246
6.02877998	541	-0.074219 -0.004549  1.348640
6.03385591	541	-0.074698 0.001676  1.335712
6.03889608	546	-0.081641 0.007661  1.319910
6.04394388	549	-0.084275 0.010774  1.318474
6.04899597	549	-0.079008 -0.002634  1.309136
6.05407190	549	-0.076135 -0.004310  1.297884
6.05916404	556	-0.076135 -0.000718  1.297884
6.06425619	557	-0.074459 0.004310  1.278251
6.06930398	559	-0.071825 -0.006943  1.272745
6.07440805	562	-0.069431 -0.008380  1.269153
6.07949590	568	-0.073022 -0.005028  1.250000
6.08456802	569	-0.073741 -0.003591  1.237071
6.08966398	571	-0.068713 -0.005985  1.231325
6.09475183	573	-0.061770 -0.009337  1.218158
6.09984397	573	-0.065840 -0.016280  1.220312
6.10493612	577	-0.065600 -0.010056  1.204511
6.11002779	580	-0.062967 -0.006943  1.188470
6.11511611	581	-0.060573 -0.018196  1.186076
6.12022018	584	-0.053630 -0.016041  1.177456
6.12532377	585	-0.052193 -0.017717  1.150163
6.13043594	585	-0.056503 -0.016520  1.141304
6.13551998	588	-0.056503 -0.022745  1.136277
6.14060401	590	-0.061291 -0.022266  1.131728
6.14570808	592	-0.059615 -0.026815  1.123109
6.15080404	593	-0.056263 -0.016280  1.104434
6.15590000	594	-0.061052 -0.020590  1.099406
##inga 
#ido(sec)  szog(ADC)     ax(g)    ay(g)   az(g)
6.16151618	597	-0.052432 -0.031124  1.086957
6.16677188	602	-0.052672 -0.022745  1.079056
6.17201995	601	-0.047884 -0.022026  1.071155
6.17723989	603	-0.061770 -0.021308  1.056790
6.18231201	607	-0.046208 -0.024421  1.049847
6.18739604	608	-0.049799 -0.029448  1.044101
6.19248008	609	-0.062967 -0.020351  1.029257
6.19757986	611	-0.057221 -0.015802  1.016328
6.20266819	612	-0.049799 -0.020590  1.008667
6.20774793	613	-0.056981 -0.029927  0.997414
6.21283578	616	-0.064403 -0.026575  1.000287
6.21792793	616	-0.060333 -0.017477  0.980894
6.22301197	617	-0.055784 -0.022745  0.964854
6.22810411	619	-0.060573 -0.016520  0.961502
6.23320388	621	-0.067995 -0.023224  0.958150
6.23829984	620	-0.067755 -0.020351  0.950010
6.24339199	622	-0.069431 -0.015083  0.942109
6.24848794	621	-0.070389 -0.017717  0.938757
6.25358819	625	-0.071346 -0.021308  0.930138
6.25867986	626	-0.073501 -0.013886  0.918885
6.26378011	627	-0.072304 -0.016041  0.910745
6.26887178	627	-0.077571 -0.016280  0.902844
6.27397203	628	-0.082839 -0.015323  0.897338
6.27907991	630	-0.075656 -0.012929  0.888000
6.28417205	628	-0.074459 -0.016041  0.887282
6.28926420	631	-0.076374 -0.012450  0.879860
6.29436016	630	-0.078050 -0.019393  0.891352
6.29944419	630	-0.074219 -0.017956  0.875790
6.30453586	631	-0.069671 -0.017477  0.871481
6.30963611	634	-0.074219 -0.011731  0.859510
6.31474018	632	-0.069910 -0.016520  0.858313
6.31982803	634	-0.075417 -0.020351  0.870523
6.32492399	634	-0.068473 -0.021548  0.863819
6.33001184	633	-0.063925 -0.018914  0.851369
6.33510780	633	-0.059615 -0.022026  0.856876
6.34018802	635	-0.059854 -0.024181  0.854242
6.34527206	635	-0.060094 -0.026815  0.853285
6.35035610	636	-0.060812 -0.022266  0.852567
6.35545206	635	-0.054827 -0.027772  0.847060
6.36054420	636	-0.056981 -0.030167  0.859510
6.36562013	635	-0.049799 -0.034716  0.852806
6.37071180	635	-0.049559 -0.035673  0.854242
6.37580394	636	-0.054108 -0.029448  0.855918
6.38087987	635	-0.044053 -0.024660  0.854003
6.38595581	634	-0.052911 -0.030885  0.846821
6.39104413	636	-0.045968 -0.024421  0.860228
6.39614009	634	-0.051475 -0.023942  0.854482