1.71594800	712	-0.051235 -0.038546  0.708437
1.72104797	712	-0.049081 -0.040222  0.698621
1.72612800	713	-0.045011 -0.043574  0.683298
1.73120403	712	-0.040701 -0.044292  0.674679
1.73627996	714	-0.049559 -0.036152  0.664624
1.74136805	714	-0.041419 -0.045968  0.656962
1.74645605	713	-0.044532 -0.047884  0.656244
1.75155200	715	-0.044771 -0.042138  0.644273
1.75664401	716	-0.046447 -0.039983  0.638048
1.76174402	717	-0.044292 -0.044532  0.633978
1.76683998	715	-0.043574 -0.043574  0.627753
1.77193603	718	-0.045250 -0.047405  0.633260
1.77701606	718	-0.052432 -0.036870  0.623683
1.78209199	718	-0.055066 -0.039504  0.623444
1.78716802	718	-0.050517 -0.041659  0.621528
1.79225597	716	-0.051714 -0.045011  0.625599
1.79735994	719	-0.060094 -0.037349  0.622247
1.80244808	718	-0.059854 -0.027772  0.616501
1.80755195	718	-0.064643 -0.031843  0.618655
1.81265602	719	-0.064643 -0.033518  0.629429
1.81775999	718	-0.071107 -0.032082  0.623923
1.82284793	715	-0.071107 -0.029688  0.632063
1.82793998	717	-0.073741 -0.018675  0.636372
1.83303203	717	-0.077093 -0.022266  0.636372
1.83813199	717	-0.079008 -0.021548  0.641400
1.84320402	714	-0.077571 -0.018914  0.645710
1.84829607	717	-0.085951 -0.017956  0.653610
1.85338401	714	-0.080684 -0.019153  0.663905
1.85847606	714	-0.077571 -0.020829  0.666300
1.86356792	713	-0.079726 -0.018914  0.677313
1.86865606	713	-0.084993 -0.012929  0.685214
1.87376003	711	-0.080205 -0.017717  0.695748
1.87885999	710	-0.081402 -0.018675  0.707001
1.88397207	709	-0.070389 -0.018435  0.727591
1.88906803	705	-0.078050 -0.012929  0.710113
1.89416399	704	-0.068952 -0.019393  0.745786
1.89927997	704	-0.075656 -0.022745  0.750096
1.90438404	701	-0.066079 -0.018914  0.760391
1.90947608	701	-0.069192 -0.024899  0.772122
1.91457605	700	-0.061530 -0.022505  0.791754
1.91966400	699	-0.065600 -0.027772  0.809232
1.92474403	698	-0.059615 -0.025618  0.819048
1.92983608	695	-0.056263 -0.027054  0.840117
1.93491601	695	-0.051235 -0.025618  0.855918
1.94001598	692	-0.054827 -0.026815  0.867650
1.94511203	689	-0.051235 -0.030167  0.889916
1.95020790	688	-0.043095 -0.032082  0.904999
1.95528402	684	-0.046686 -0.026575  0.926307
1.96037597	685	-0.049081 -0.027772  0.933011
1.96545991	683	-0.046686 -0.032561  0.951207
1.97055196	681	-0.047644 -0.034476  0.977782
1.97564401	680	-0.043574 -0.032321  0.996217
1.98073596	679	-0.045489 -0.026575  1.013695
1.98582401	677	-0.043095 -0.024181  1.042904
1.99091997	674	-0.044292 -0.033279  1.063254
1.99600801	672	-0.044292 -0.025378  1.083844
2.00111198	666	-0.049320 -0.026575  1.091745
2.00620388	667	-0.049081 -0.023942  1.117602
2.01129198	661	-0.055066 -0.020590  1.142501
2.01637601	661	-0.053390 -0.026336  1.166922
2.02146410	659	-0.057939 -0.019632  1.193737
2.02656006	655	-0.060333 -0.011971  1.210496
2.03166389	650	-0.068234 -0.013647  1.224622
2.03677201	645	-0.067755 -0.012689  1.255267
2.04187202	646	-0.068473 -0.011253  1.284476
2.04696393	644	-0.071586 -0.004788  1.298841
2.05205202	639	-0.079008 -0.002155  1.309615
2.05714797	636	-0.076853 0.001437  1.346964
##inga 
#ido(sec)  szog(ADC)     ax(g)    ay(g)   az(g)
2.06274795	632	-0.090021 0.002873  1.374258
2.06797599	627	-0.082839 0.005985  1.393890
2.07319188	627	-0.094331 0.007422  1.405143
2.07841610	621	-0.087387 -0.003352  1.437464
2.08349990	620	-0.087866 0.000239  1.451590
2.08854007	615	-0.089303 0.003831  1.480080
2.09356808	611	-0.088106 0.006464  1.498994
2.09861588	609	-0.084993 0.005985  1.517430
2.10364007	606	-0.084993 0.003112  1.545681
2.10869193	599	-0.087387 0.004310  1.566510
2.11373209	593	-0.083796 0.014844  1.589494
2.11879205	592	-0.082360 0.009577  1.597156
2.12383604	588	-0.077571 0.006464  1.624449
2.12889194	584	-0.077332 0.002634  1.646955
2.13394808	582	-0.076614 0.009337  1.650546
2.13901209	579	-0.062967 0.007901  1.678079
2.14407992	574	-0.063446 0.005985  1.687416
2.14914393	570	-0.059615 -0.000239  1.705133
2.15422010	568	-0.055306 0.000000  1.726441
2.15921998	564	-0.053630 0.000000  1.737694
2.16422796	559	-0.052911 -0.004788  1.766903
2.16930794	555	-0.050517 -0.003591  1.786775
2.17440009	550	-0.046926 -0.005267  1.786056
2.17948389	547	-0.052193 0.004070  1.796112
2.18451595	541	-0.042377 -0.001197  1.816462
2.18960404	539	-0.039504 -0.006704  1.836813
2.19469594	537	-0.045250 -0.003112  1.838010
2.19977188	532	-0.039265 0.004310  1.848544
2.20481204	526	-0.034955 0.000718  1.879190
2.20984005	520	-0.044053 -0.005028  1.868895
2.21492409	518	-0.040701 0.006464  1.883978
2.21997594	513	-0.046926 0.005746  1.891640
2.22502803	507	-0.047644 0.010056  1.894034
2.23009610	504	-0.053630 0.007661  1.900259
2.23515605	502	-0.042856 0.012450  1.913187
2.24020409	495	-0.050517 0.011253  1.905526
2.24525594	493	-0.050757 0.020590  1.925397
2.25029611	487	-0.059854 0.022745  1.921327
2.25534391	482	-0.056263 0.019632  1.917257
2.26037192	477	-0.050757 0.016759  1.923243
2.26541590	474	-0.054348 0.019393  1.930186
2.27045989	472	-0.057700 0.024660  1.933298
2.27549195	465	-0.060094 0.030406  1.924919
2.28053593	461	-0.066319 0.025139  1.918694
2.28559589	457	-0.063925 0.030167  1.928989
2.29066801	453	-0.064882 0.027294  1.910075
2.29571604	448	-0.061291 0.043335  1.914863
2.30077195	447	-0.067755 0.038786  1.891879
2.30581998	442	-0.066558 0.035434  1.894273
2.31087994	436	-0.057700 0.031843  1.901456
2.31592011	432	-0.066558 0.039025  1.879908
2.32094788	428	-0.064643 0.048602  1.892837
2.32599210	423	-0.060812 0.042856  1.871768
2.33103609	420	-0.062249 0.026575  1.855488
2.33609199	415	-0.056263 0.027533  1.854530
2.34112811	410	-0.059136 0.050278  1.836334
2.34617209	410	-0.062727 0.044532  1.809280
2.35122799	406	-0.060333 0.036391  1.819335
2.35626792	403	-0.049320 0.039265  1.815026
2.36132001	401	-0.052911 0.045011  1.785099
2.36637210	396	-0.051235 0.042856  1.777437
2.37143206	390	-0.047644 0.031603  1.761157
2.37648797	388	-0.038546 0.034955  1.745116
2.38154411	381	-0.041180 0.039983  1.722371
2.38658809	379	-0.043335 0.051235  1.712795
2.39163994	376	-0.030645 0.042616  1.688135
2.39667606	372	-0.025378 0.032082  1.676882
2.40172791	368	-0.031843 0.030167  1.662996
2.40678405	364	-0.030406 0.042377  1.624928
2.41182804	359	-0.036391 0.040222  1.615591
2.41687607	358	-0.033518 0.046686  1.601705
2.42192792	354	-0.033997 0.034237  1.569144
2.42696404	349	-0.022984 0.034476  1.556455
2.43201589	346	-0.021787 0.039983  1.526527
2.43706798	341	-0.019632 0.043813  1.518866
2.44212794	339	-0.024421 0.043095  1.500670
2.44719600	337	-0.019632 0.036870  1.470983
2.45225596	332	-0.021069 0.031364  1.445844
2.45730805	330	-0.019632 0.045011  1.421184
2.46235990	325	-0.018196 0.040940  1.403946
2.46740794	324	-0.024181 0.043095  1.378089
2.47244811	320	-0.020829 0.036391  1.349358
2.47747993	318	-0.016759 0.034716  1.338585
2.48252391	314	-0.018196 0.041659  1.317276
2.48756790	313	-0.025618 0.047405  1.294771
2.49261593	310	-0.016759 0.050757  1.272984
2.49766397	306	-0.023942 0.038546  1.237550
2.50271201	304	-0.023224 0.039504  1.233959
2.50777602	300	-0.025378 0.044532  1.209538
2.51283192	298	-0.028012 0.050038  1.180329
2.51788806	294	-0.032800 0.056503  1.162613
2.52295589	294	-0.031364 0.058657  1.128376
2.52801609	292	-0.030406 0.053630  1.120475
2.53306388	288	-0.034716 0.060333  1.098449
2.53810405	283	-0.043095 0.062488  1.068282
2.54313206	285	-0.034716 0.069192  1.052720
2.54818010	282	-0.039025 0.062488  1.039552
2.55321598	278	-0.045968 0.064403  1.017047
2.55824398	277	-0.041180 0.064882  0.988077
2.56328797	275	-0.047644 0.071346  0.975388
2.56833195	273	-0.050278 0.058418  0.951686
##inga 
#ido(sec)  szog(ADC)     ax(g)    ay(g)   az(g)
2.57390809	270	-0.039504 0.065361  0.937560
2.57913589	269	-0.043813 0.071107  0.910266
2.58436393	268	-0.039265 0.070149  0.893986
2.58957195	266	-0.031843 0.061052  0.885606
2.59464001	263	-0.035913 0.062727  0.871481
2.59969592	262	-0.029927 0.059615  0.837723
2.60474395	264	-0.031843 0.068952  0.838680
2.60978388	260	-0.025618 0.061291  0.815936
2.61482405	262	-0.022026 0.051954  0.785051
2.61986398	260	-0.026336 0.057460  0.781938
2.62491202	258	-0.017717 0.057939  0.763982
2.62996006	258	-0.017238 0.056503  0.755602
2.63500404	253	-0.016759 0.054348  0.734534
2.64004397	254	-0.011971 0.045489  0.716817
2.64510011	251	-0.005028 0.045011  0.720408
2.65014791	250	-0.006225 0.052193  0.695269
2.65519595	249	-0.005267 0.047165  0.687608
2.66024398	247	-0.000479 0.047405  0.662229
2.66528391	248	-0.004070 0.045489  0.683298
2.67033195	249	-0.000958 0.039504  0.673482
2.67536807	247	-0.003591 0.049559  0.654329
2.68040394	246	0.006225 0.047165  0.642837
2.68542003	245	0.005267 0.042377  0.643315
2.69044399	242	0.007183 0.040222  0.635654
2.69546389	244	0.000958 0.051714  0.626077
2.70046806	242	0.001197 0.052672  0.618416
2.70548391	241	0.005028 0.041419  0.617458
2.71051192	242	-0.002155 0.045011  0.609318
2.71555995	241	-0.002394 0.045489  0.611712
2.72060394	240	0.007183 0.049320  0.600699
2.72563600	242	0.001197 0.049799  0.608600
2.73064398	240	-0.007661 0.052193  0.606685
2.73568391	241	-0.011253 0.051714  0.597347
2.74071598	242	-0.007901 0.054108  0.600460
2.74573993	242	-0.014604 0.049081  0.607163
2.75077199	242	-0.017956 0.055066  0.609558
2.75581598	240	-0.020590 0.055066  0.602375
2.76085209	242	-0.020829 0.056503  0.601896
2.76590394	243	-0.019393 0.052432  0.611473
2.77094793	243	-0.028970 0.059136  0.616261
2.77599596	242	-0.030645 0.053869  0.618655
2.78103590	245	-0.034476 0.056024  0.621050
2.78608393	244	-0.025139 0.064643  0.624880
2.79114389	246	-0.030645 0.056981  0.638048
2.79619193	246	-0.030885 0.062967  0.639964
2.80123214	248	-0.033279 0.062009  0.641400
2.80625610	249	-0.029688 0.062967  0.659596
2.81129598	248	-0.033279 0.060573  0.660314
2.81633205	252	-0.035673 0.059615  0.668454
2.82138395	252	-0.035913 0.060094  0.694790
2.82642002	251	-0.028970 0.056263  0.702212
2.83146810	256	-0.035673 0.053630  0.705803
2.83651208	258	-0.034716 0.061770  0.724717
2.84155988	259	-0.028251 0.056742  0.739801
2.84661197	259	-0.030406 0.050517  0.748180
2.85165996	261	-0.024660 0.053151  0.757039
2.85671215	261	-0.024181 0.053869  0.766855
2.86176795	260	-0.025618 0.044771  0.786727
2.86682395	261	-0.022026 0.046686  0.803486
2.87187194	263	-0.025378 0.049081  0.820006
2.87691211	266	-0.017956 0.045011  0.830061
2.88194799	268	-0.018435 0.046208  0.851609
2.88698787	268	-0.018435 0.048841  0.864777
2.89202804	269	-0.011492 0.040462  0.886564
2.89708404	271	-0.009098 0.042856  0.896380
2.90212392	274	-0.013886 0.043335  0.929420
2.90717601	276	-0.008140 0.042377  0.937081
2.91221189	277	-0.005267 0.040222  0.956713
2.91724395	280	-0.007901 0.042856  0.972275
2.92228393	282	-0.013647 0.041419  0.998133
2.92734794	286	-0.010534 0.038307  1.021117
2.93240814	288	-0.009577 0.039504  1.041946
2.93745212	287	-0.014126 0.044292  1.052720
2.94249610	291	-0.014126 0.043574  1.081450
2.94754009	293	-0.018435 0.042616  1.096533
2.95258407	296	-0.022026 0.038067  1.125742
2.95761203	297	-0.016520 0.041898  1.136995
2.96266002	299	-0.021069 0.042377  1.170274
2.96771192	305	-0.021069 0.045011  1.180329
2.97276000	307	-0.030645 0.044771  1.209538
2.97781991	310	-0.026336 0.049320  1.237790
2.98286800	312	-0.030885 0.044532  1.249042
2.98792791	316	-0.034955 0.041898  1.274421
2.99298400	318	-0.036870 0.050757  1.294771
2.99804000	321	-0.040701 0.049799  1.319671
3.00309610	321	-0.037110 0.049320  1.349837
3.00813198	325	-0.042616 0.056742  1.368272
3.01317191	328	-0.049081 0.056742  1.386708
3.01820802	332	-0.052193 0.051954  1.412565
3.02325606	336	-0.049320 0.044771  1.432197
3.02828001	339	-0.057221 0.053151  1.451829
3.03332805	342	-0.056503 0.057700  1.468588
3.03836798	344	-0.058179 0.047165  1.493488
3.04340791	349	-0.053869 0.037349  1.519106
3.04846405	352	-0.055784 0.044771  1.528682
3.05351996	356	-0.058418 0.053390  1.561243
3.05856800	358	-0.062727 0.053151  1.569623
3.06362795	361	-0.056024 0.042138  1.588058
3.06868410	367	-0.049799 0.040222  1.625407
3.07372403	370	-0.057460 0.048123  1.631392
3.07875990	374	-0.050996 0.040940  1.647912
##inga 
#ido(sec)  szog(ADC)     ax(g)    ay(g)   az(g)
3.08431601	378	-0.059136 0.041419  1.674727
3.08956408	382	-0.047884 0.033518  1.693881
3.09478402	385	-0.050517 0.034476  1.705373
3.09999990	390	-0.050278 0.033758  1.716625
3.10504007	395	-0.043095 0.031843  1.748947
3.11007595	398	-0.046447 0.030885  1.761636
3.11512398	403	-0.046447 0.022745  1.760439
3.12017989	407	-0.039504 0.020829  1.784141
3.12524008	409	-0.032800 0.021069  1.796351
3.13028788	412	-0.039743 0.021069  1.818138
3.13534402	415	-0.040701 0.025857  1.828673
3.14037990	418	-0.038067 0.015323  1.832743
3.14543604	425	-0.033997 0.011253  1.841362
3.15048003	426	-0.044053 0.014604  1.866501
3.15553188	430	-0.039504 0.021548  1.863388
3.16057610	435	-0.037110 0.009337  1.871289
3.16561198	439	-0.038546 0.000000  1.866501
3.17062401	447	-0.041419 0.015323  1.884936
3.17566394	449	-0.037828 0.022505  1.900737
3.18070411	452	-0.042377 0.017477  1.895470
3.18575191	455	-0.038546 -0.005507  1.903132
3.19083189	456	-0.038307 0.010774  1.904808
3.19587993	460	-0.045968 0.012450  1.915581
3.20093202	467	-0.040222 0.011013  1.918694
3.20597600	472	-0.046926 0.005985  1.906723
3.21102809	477	-0.055306 0.005746  1.911032
3.21608400	480	-0.052911 0.002634  1.908638
3.22112393	483	-0.056024 0.018196  1.913666
3.22615599	490	-0.057700 0.011731  1.915821
3.23117995	491	-0.056263 0.002873  1.904089
3.23621988	496	-0.060812 0.006225  1.894991
3.24125599	502	-0.067755 0.015083  1.895949
3.24629211	505	-0.067276 0.008380  1.894034
3.25133991	506	-0.076614 0.015802  1.883978
3.25639605	514	-0.076614 0.012929  1.871289
3.26145195	519	-0.079247 0.016041  1.866022
3.26649999	525	-0.085951 0.018435  1.852614
3.27155995	527	-0.087148 0.016759  1.855488
3.27662801	529	-0.086190 0.011731  1.848784
3.28168392	536	-0.089063 0.012689  1.837771
3.28674411	538	-0.092415 0.018675  1.826039
3.29178810	540	-0.090739 0.014126  1.807604
3.29682803	546	-0.090021 0.008858  1.789169
3.30186796	550	-0.086669 0.012210  1.783423
3.30691599	553	-0.082360 0.009577  1.767621
3.31195211	559	-0.084993 0.010295  1.752059
3.31698799	563	-0.088345 0.011253  1.729793
3.32203602	569	-0.079008 0.005507  1.727638
3.32707190	571	-0.083317 0.004310  1.700345
3.33211994	574	-0.075656 0.001197  1.694599
3.33717989	575	-0.072544 0.000239  1.672572
3.34224390	580	-0.071825 -0.009816  1.649828
3.34733200	585	-0.069671 -0.014365  1.635223
3.35244011	589	-0.061530 -0.016999  1.605775
3.35753989	589	-0.057460 -0.012210  1.602184
3.36265206	593	-0.061052 -0.012929  1.579918
3.36775588	597	-0.059136 -0.017956  1.556934
3.37285590	602	-0.054348 -0.020351  1.543287
3.37794804	607	-0.049559 -0.023224  1.518866
3.38305211	612	-0.052672 -0.018675  1.493248
3.38815593	614	-0.047644 -0.025378  1.476729
3.39326000	617	-0.047405 -0.024899  1.469307
3.39836001	621	-0.051235 -0.025139  1.436506
3.40345597	624	-0.047644 -0.026815  1.414719
3.40854406	627	-0.046926 -0.026815  1.391975
3.41364789	631	-0.051235 -0.031124  1.368512
3.41874408	635	-0.050038 -0.031124  1.339542
3.42382407	637	-0.046447 -0.028491  1.314403
3.42891597	638	-0.057221 -0.028730  1.299559
3.43401598	640	-0.058179 -0.033518  1.276336
3.43910789	647	-0.058657 -0.025378  1.260056
3.44420790	650	-0.061770 -0.026815  1.238747
3.44929194	652	-0.064403 -0.023942  1.226776
3.45439195	654	-0.063446 -0.029209  1.202835
3.45948791	657	-0.068713 -0.025618  1.185836
3.46459197	659	-0.074219 -0.017238  1.144417
3.46968388	664	-0.076853 -0.016041  1.127658
3.47477602	664	-0.082360 -0.014126  1.112095
3.47987198	669	-0.084754 -0.018914  1.086957
3.48496389	671	-0.088345 -0.009337  1.073310
3.49004411	672	-0.088345 -0.011253  1.053199
3.49513196	676	-0.089303 -0.017238  1.027581
3.50023198	678	-0.081163 -0.022026  1.006752
3.50532388	680	-0.094091 -0.012689  0.989274
3.51040792	680	-0.092176 -0.011013  0.972515
3.51550006	683	-0.083317 -0.018196  0.949291
3.52060008	685	-0.096007 -0.019632  0.931096
3.52568411	686	-0.086669 -0.015083  0.905717
3.53076791	688	-0.085951 -0.016759  0.900689
3.53586411	688	-0.083078 -0.017717  0.886564
3.54096007	692	-0.081163 -0.026815  0.870044
3.54606389	693	-0.073741 -0.028491  0.850172
3.55115604	695	-0.073501 -0.024181  0.841793
3.55626010	697	-0.065361 -0.032561  0.820485
3.56135988	697	-0.067995 -0.030406  0.808035
3.56645202	698	-0.063925 -0.037828  0.792952
3.57156801	701	-0.061052 -0.033997  0.775953
3.57666802	705	-0.066319 -0.038546  0.750814
3.58177995	703	-0.062967 -0.036870  0.741477
3.58686804	705	-0.065361 -0.037828  0.732379
3.59196805	704	-0.052911 -0.036152  0.731900
##inga 
#ido(sec)  szog(ADC)     ax(g)    ay(g)   az(g)
3.59760808	707	-0.060094 -0.039265  0.709874
3.60280799	707	-0.056742 -0.039983  0.710113
3.60804390	708	-0.054108 -0.043574  0.700297
3.61324000	710	-0.051235 -0.037110  0.694790
3.61831188	710	-0.045729 -0.044292  0.677313
3.62339591	711	-0.044532 -0.036152  0.665821
3.62848806	712	-0.044532 -0.048123  0.671327
3.63357591	711	-0.042856 -0.048602  0.663187
3.63865208	710	-0.050278 -0.041659  0.650259
3.64374399	712	-0.044771 -0.041180  0.654808
3.64883208	713	-0.048362 -0.045011  0.651935
3.65392398	712	-0.049559 -0.045250  0.648104
3.65900397	713	-0.054827 -0.041180  0.633260
3.66408801	714	-0.054827 -0.041419  0.637809
3.66917204	712	-0.055306 -0.041180  0.631105
3.67426800	712	-0.056503 -0.039743  0.637569
3.67935609	714	-0.066319 -0.031603  0.632542
3.68443989	712	-0.061052 -0.031843  0.644513
3.68953204	715	-0.059615 -0.032321  0.638288
3.69463610	712	-0.063925 -0.030167  0.632302
3.69973993	713	-0.069192 -0.026336  0.644752
3.70484805	714	-0.075895 -0.026815  0.639485
3.70995593	713	-0.068713 -0.022745  0.650259
3.71505594	714	-0.078768 -0.023702  0.641161
3.72013998	713	-0.075895 -0.014126  0.656962
3.72522807	713	-0.074698 -0.024421  0.666060
3.73032808	712	-0.078290 -0.017956  0.667736
3.73540806	708	-0.077093 -0.015802  0.669891
3.74051189	710	-0.080684 -0.022984  0.686650
3.74560403	706	-0.075656 -0.020111  0.692157
3.75070810	706	-0.081163 -0.016280  0.703170
3.75580000	703	-0.075895 -0.017477  0.707001
3.76089191	705	-0.076135 -0.014126  0.730224
3.76599597	702	-0.079726 -0.022026  0.733097
3.77108407	703	-0.082839 -0.018435  0.749138
3.77617597	703	-0.071346 -0.017956  0.758475
3.78126406	699	-0.072065 -0.018914  0.768052
3.78635191	700	-0.070868 -0.020351  0.769249
3.79143190	699	-0.068234 -0.026097  0.795585
3.79650402	695	-0.073980 -0.027294  0.809232
3.80158405	693	-0.058179 -0.022505  0.821442
3.80667591	694	-0.057460 -0.023463  0.839159
3.81176805	691	-0.061052 -0.027772  0.846342
3.81686401	690	-0.055545 -0.023942  0.873396
3.82195587	688	-0.056024 -0.031843  0.881536
3.82704811	684	-0.054108 -0.030645  0.887761
3.83212394	686	-0.045968 -0.028730  0.904760
3.83720397	684	-0.052672 -0.031364  0.928701
3.84229993	679	-0.045968 -0.028012  0.953122
3.84739208	678	-0.047405 -0.024421  0.968924
3.85248804	678	-0.045011 -0.027294  0.986880
3.85758399	676	-0.044532 -0.033040  1.005076
3.86267585	672	-0.043335 -0.023702  1.021356
3.86777591	670	-0.046208 -0.026815  1.037636
3.87287998	668	-0.045968 -0.028251  1.061339
3.87798805	667	-0.043335 -0.029209  1.085281
3.88308000	664	-0.045489 -0.033040  1.110419
3.88816404	662	-0.050757 -0.027533  1.126700
3.89325189	659	-0.047884 -0.026575  1.154472
3.89835186	654	-0.056981 -0.022505  1.171471
3.90344409	652	-0.052432 -0.023942  1.186315
3.90854816	648	-0.063925 -0.023463  1.204990
3.91365194	647	-0.061291 -0.013647  1.227016
3.91874790	644	-0.062249 -0.009577  1.253352
3.92384414	642	-0.076135 -0.008619  1.277533
3.92894411	638	-0.074219 -0.009816  1.298841
3.93404006	636	-0.068473 -0.007661  1.331402
3.93914394	632	-0.079487 -0.004070  1.347204
3.94423198	629	-0.080684 0.002394  1.366596
3.94928407	623	-0.084993 -0.003112  1.374497
3.95437192	620	-0.093134 0.008380  1.412325
3.95942001	619	-0.085712 0.008619  1.425493
3.96445989	616	-0.088824 0.012929  1.451350
3.96950798	611	-0.090260 0.013168  1.470504
3.97455596	608	-0.091697 0.006943  1.485108
3.97959594	606	-0.096485 0.005746  1.511444
3.98463201	601	-0.090739 0.012929  1.522697
3.98967599	596	-0.083557 0.011971  1.550230
3.99473190	590	-0.082839 0.008619  1.559328
3.99978809	588	-0.084275 0.008140  1.590692
4.00484418	585	-0.083078 0.007901  1.602902
4.00989198	584	-0.073262 0.007661  1.629238
4.01495218	579	-0.074459 0.007422  1.641927
4.02001619	574	-0.074459 0.014126  1.655095
4.02508401	572	-0.065600 0.004310  1.670657
4.03012418	567	-0.066558 0.001197  1.694120
4.03516387	564	-0.051235 0.006943  1.699866
4.04020404	559	-0.051235 -0.007422  1.720456
4.04528379	555	-0.049320 -0.001915  1.733384
4.05036020	551	-0.055306 0.004549  1.760918
4.05539989	549	-0.051235 0.000479  1.764748
4.06043577	543	-0.039504 0.005985  1.793957
4.06546783	539	-0.048362 -0.007422  1.795394
4.07055187	538	-0.034476 -0.000718  1.801140
4.07563209	534	-0.042138 -0.000718  1.804731
4.08071613	526	-0.037589 0.001915  1.827715
4.08577585	523	-0.042377 -0.005028  1.845911
4.09085988	521	-0.044532 0.001915  1.840404
4.09591579	516	-0.048362 0.010295  1.852614
4.10097217	510	-0.040222 0.006225  1.865064
4.10603618	507	-0.045968 -0.002634  1.865064
##inga 
#ido(sec)  szog(ADC)     ax(g)    ay(g)   az(g)
4.11167192	502	-0.045489 0.007422  1.882781
4.11691188	500	-0.044053 0.004788  1.886372
4.12212800	494	-0.044292 0.018196  1.883021
4.12734794	490	-0.050517 0.013168  1.885175
4.13238000	485	-0.048123 0.014844  1.891640
4.13742017	480	-0.056981 0.016280  1.892837
4.14246797	476	-0.057221 0.026336  1.897146
4.14751195	472	-0.064882 0.025618  1.894273
4.15256786	468	-0.061530 0.020351  1.895710
4.15761613	464	-0.060094 0.019153  1.891879
4.16264820	459	-0.062249 0.026336  1.893316
4.16770792	455	-0.061770 0.028491  1.885654
4.17275619	448	-0.061052 0.037828  1.877993
4.17780017	449	-0.056263 0.030406  1.888048
4.18286800	445	-0.066079 0.031364  1.853812
4.18792819	441	-0.063206 0.037589  1.879908
4.19298410	435	-0.057700 0.034955  1.868656
4.19801998	432	-0.060573 0.034955  1.854051
4.20306015	428	-0.063446 0.042138  1.841601
4.20810413	423	-0.054827 0.027054  1.844235
4.21314811	420	-0.059376 0.042377  1.825800
4.21819210	416	-0.056742 0.034237  1.819096
4.22322416	410	-0.054827 0.036870  1.805449
4.22827196	408	-0.060812 0.040222  1.777916
4.23330402	404	-0.050757 0.037589  1.791324
4.23834800	402	-0.048123 0.039025  1.769058
4.24341583	399	-0.057460 0.043813  1.751820
4.24845600	395	-0.041419 0.036391  1.734342
4.25352382	388	-0.045729 0.034955  1.726681
4.25858402	387	-0.045011 0.044532  1.712316
4.26365184	381	-0.044771 0.049799  1.688374
4.26870012	378	-0.045011 0.034716  1.661080
4.27373981	373	-0.035913 0.033040  1.664911
4.27877616	371	-0.032800 0.037828  1.642885
4.28380823	367	-0.035913 0.052193  1.623731
4.28884792	364	-0.034716 0.034955  1.607211
4.29390001	359	-0.033518 0.029448  1.593086
4.29896020	355	-0.030167 0.031603  1.572735
4.30399608	355	-0.028012 0.032800  1.526049
4.30904817	351	-0.026097 0.045250  1.527485
4.31409597	344	-0.029927 0.035194  1.506416
4.31915187	343	-0.021308 0.030406  1.484629
4.32420015	340	-0.018914 0.037589  1.467870
4.32925176	337	-0.024181 0.040222  1.440098
4.33431196	333	-0.026575 0.042856  1.430282
4.33937597	331	-0.016520 0.036631  1.405622
4.34441995	326	-0.020351 0.036870  1.379046
4.34946393	324	-0.024660 0.032561  1.360850
4.35449218	321	-0.013168 0.041180  1.345288
4.35953187	318	-0.027294 0.047884  1.318474
4.36458015	317	-0.022026 0.042616  1.290462
4.36963176	314	-0.025139 0.045968  1.268196
4.37467622	311	-0.017477 0.042616  1.242817
4.37972784	309	-0.028970 0.047165  1.228692
4.38477611	305	-0.031843 0.048362  1.210975
4.38983201	303	-0.033279 0.051954  1.190146
4.39487981	299	-0.029448 0.051954  1.165246
4.39994001	296	-0.030406 0.049320  1.148487
4.40498018	293	-0.033997 0.049320  1.120475
4.41001987	294	-0.032561 0.062009  1.104673
4.41507196	291	-0.035913 0.059136  1.081450
4.42011976	287	-0.042616 0.061052  1.068282
4.42516422	286	-0.036391 0.056503  1.046016
4.43019580	282	-0.040701 0.061530  1.025187
4.43521976	284	-0.042377 0.063206  0.999330
4.44025993	279	-0.038307 0.063446  0.984725
4.44530820	275	-0.043095 0.059615  0.961023
4.45035600	276	-0.039025 0.064164  0.940672
4.45539617	273	-0.040222 0.061291  0.927983
4.46043586	272	-0.037589 0.065361  0.912900
4.46549177	270	-0.042616 0.060094  0.886803
4.47054386	269	-0.037110 0.059136  0.874593
4.47560787	267	-0.031843 0.065840  0.861186
4.48065185	265	-0.032321 0.059136  0.840117
4.48568820	265	-0.031124 0.060094  0.835328
4.49072408	263	-0.028970 0.057700  0.809950
4.49575996	264	-0.019872 0.050757  0.798937
4.50080776	261	-0.024660 0.053869  0.787206
4.50585222	262	-0.015562 0.049799  0.761588
4.51090383	260	-0.016759 0.049799  0.761348
4.51593589	260	-0.007183 0.056024  0.747941
4.52099609	258	-0.010774 0.048362  0.733337
4.52604389	257	-0.011253 0.052193  0.714662
4.53109216	256	-0.009816 0.051714  0.706043
4.53614807	256	-0.011013 0.045729  0.697184
4.54119586	255	-0.001437 0.044292  0.681622
4.54624414	253	-0.003352 0.052911  0.676116
4.55128812	252	-0.002873 0.048123  0.661272
4.55632781	250	-0.000958 0.049081  0.656244
4.56135606	249	-0.008140 0.045489  0.650737
4.56638002	249	0.002634 0.047644  0.640921
4.57139587	247	0.001676 0.047405  0.640921
4.57640790	249	-0.004788 0.049320  0.640203
4.58143615	248	0.002394 0.050757  0.627753
4.58646392	247	-0.003591 0.042856  0.622486
4.59151220	248	-0.004070 0.047644  0.625599
4.59657192	247	-0.001915 0.047644  0.623204
4.60161590	247	-0.012450 0.049081  0.622486
4.60667610	246	-0.012929 0.054108  0.610994
4.61171579	246	-0.009577 0.050517  0.616980
4.61674785	247	-0.010056 0.055306  0.616980
##inga 
#ido(sec)  szog(ADC)     ax(g)    ay(g)   az(g)
4.62230014	243	-0.011731 0.051714  0.613628
4.62754011	243	-0.020351 0.056981  0.612670
4.63277578	244	-0.022026 0.050996  0.622726
4.63799190	247	-0.022984 0.046447  0.617219
4.64304018	246	-0.025618 0.052432  0.628232
4.64808416	249	-0.022505 0.056981  0.627753
4.65311622	249	-0.025139 0.057939  0.632542
4.65816783	249	-0.028251 0.058418  0.636133
4.66321611	250	-0.023702 0.052672  0.633499
4.66826820	249	-0.034237 0.058418  0.643794
4.67331981	251	-0.027772 0.062009  0.655765
4.67837190	251	-0.024899 0.059615  0.661272
4.68341588	253	-0.031124 0.059854  0.674440
4.68846416	255	-0.028970 0.062967  0.673961
4.69350814	254	-0.034476 0.060094  0.686171
4.69855213	257	-0.028730 0.057700  0.701733
4.70357990	260	-0.030645 0.058418  0.712268
4.70861577	259	-0.032800 0.057700  0.720647
4.71364402	260	-0.028970 0.054587  0.724957
4.71869993	261	-0.028012 0.053151  0.742195
4.72376012	261	-0.033279 0.055784  0.756560
4.72880792	262	-0.019393 0.056263  0.770925
4.73386001	263	-0.022266 0.049320  0.779544
4.73891210	263	-0.024421 0.051954  0.799176
4.74396419	266	-0.024899 0.051954  0.806838
4.74901580	266	-0.020829 0.047165  0.825991
4.75404787	267	-0.018196 0.046926  0.847299
4.75909185	267	-0.020111 0.047884  0.849694
4.76413583	270	-0.017956 0.047644  0.871481
4.76917982	274	-0.014365 0.049081  0.896859
4.77421188	276	-0.014126 0.042616  0.910027
4.77924823	276	-0.011731 0.044292  0.919604
4.78431177	280	-0.009098 0.042856  0.942827
4.78934812	281	-0.018675 0.048841  0.958868
4.79440402	282	-0.014365 0.036391  0.980894
4.79945611	287	-0.016999 0.046686  0.995260
4.80449199	288	-0.017956 0.042138  1.020877
4.80956411	289	-0.015323 0.037349  1.040510
4.81463193	290	-0.019393 0.038786  1.053917
4.81970405	294	-0.014604 0.043813  1.073789
4.82474803	297	-0.013407 0.040701  1.104673
4.82979202	299	-0.024181 0.042138  1.112335
4.83483982	302	-0.015323 0.043574  1.134840
4.83988380	303	-0.022266 0.045968  1.160937
4.84493207	305	-0.024660 0.044532  1.184160
4.84996795	311	-0.023224 0.042616  1.205947
4.85501623	312	-0.033279 0.042377  1.223425
4.86007976	315	-0.028970 0.040701  1.231325
4.86512804	318	-0.033997 0.045489  1.270111
4.87017583	320	-0.039983 0.048841  1.284955
4.87522411	321	-0.034955 0.039265  1.315600
4.88025999	324	-0.046447 0.046686  1.331881
4.88532400	326	-0.043574 0.043574  1.348880
4.89037179	331	-0.047165 0.047405  1.369709
4.89544820	335	-0.045250 0.047165  1.393890
4.90048789	336	-0.047884 0.040940  1.419029
4.90551996	339	-0.049320 0.056263  1.432676
4.91054821	344	-0.051714 0.052432  1.451350
4.91558408	347	-0.055066 0.042856  1.484151
4.92062377	350	-0.055545 0.040222  1.498037
4.92566013	355	-0.050517 0.040222  1.512402
4.93069982	357	-0.052432 0.050278  1.539217
4.93574810	359	-0.059136 0.044771  1.566510
4.94080018	363	-0.057221 0.041419  1.579918
4.94585180	366	-0.053630 0.038307  1.597395
4.95090389	372	-0.058657 0.045489  1.611042
4.95595598	377	-0.055306 0.039983  1.632350
4.96100807	379	-0.050996 0.042138  1.657010
4.96604394	382	-0.060333 0.042138  1.663714
4.97108411	385	-0.050757 0.036631  1.673291
4.97611999	389	-0.049320 0.041180  1.698429
4.98115587	394	-0.047644 0.032321  1.719259
4.98619222	399	-0.044053 0.031364  1.726920
4.99122810	401	-0.043095 0.025139  1.740567
4.99627208	407	-0.041659 0.021787  1.748707
5.00132417	408	-0.038786 0.023702  1.765466
5.00638389	412	-0.032800 0.017717  1.785817
5.01143217	416	-0.043574 0.020829  1.788451
5.01648378	420	-0.035673 0.016280  1.802337
5.02154397	424	-0.038546 0.023224  1.821969
5.02659988	428	-0.042377 0.020829  1.833701
5.03166007	430	-0.039743 0.009337  1.830827
5.03670787	436	-0.039265 0.007661  1.837771
5.04175996	438	-0.038546 0.016759  1.847826
5.04680776	444	-0.037110 0.016041  1.866022
5.05185222	447	-0.046686 0.012450  1.856924
5.05690002	452	-0.034237 0.005746  1.862191
5.06193590	453	-0.043335 0.000718  1.864825
5.06698417	457	-0.043574 0.016759  1.878950
5.07203578	461	-0.047644 0.015083  1.877993
5.07707214	465	-0.050996 0.004549  1.881345
5.08211183	472	-0.048362 0.006225  1.887809
5.08717203	475	-0.049320 0.014126  1.888527
5.09222412	478	-0.052432 0.015083  1.876317
5.09729194	483	-0.054827 0.015562  1.883978
5.10235595	487	-0.056742 0.006225  1.870810
5.10741615	493	-0.056981 0.003352  1.869613
5.11247587	496	-0.061052 0.015083  1.858600
5.11751604	499	-0.067516 0.014844  1.857642
5.12257194	502	-0.065361 0.005507  1.861952
5.12762022	506	-0.065840 0.004788  1.867219
##inga 
#ido(sec)  szog(ADC)     ax(g)    ay(g)   az(g)
5.13318777	512	-0.078529 0.019153  1.852136
5.13845205	516	-0.082360 0.021787  1.834419
5.14369201	524	-0.068713 0.004549  1.839207
5.14890003	526	-0.077093 0.005267  1.838968
5.15395593	529	-0.077571 0.012210  1.815265
5.15899181	536	-0.086190 0.020351  1.797070
5.16404390	537	-0.084514 0.014604  1.787493
5.16909217	539	-0.081641 0.005985  1.796830
5.17414379	544	-0.081881 0.003352  1.775043
5.17921590	549	-0.081881 0.015323  1.755890
5.18427181	550	-0.081881 0.014126  1.742722
5.18934011	558	-0.083796 -0.000239  1.736976
5.19441604	562	-0.078768 0.000000  1.711119
5.19942808	565	-0.080444 0.010056  1.698429
5.20446395	568	-0.075656 0.007901  1.678079
5.20951223	574	-0.071346 -0.001197  1.675445
5.21460390	577	-0.071107 -0.006943  1.652222
5.21967601	581	-0.070868 -0.009577  1.630674
5.22475576	582	-0.067276 -0.005267  1.612718
5.22983598	585	-0.067995 -0.011731  1.592128
5.23494005	590	-0.058657 -0.021548  1.587100
5.24001979	590	-0.059854 -0.021069  1.567229
5.24510812	595	-0.060094 -0.009816  1.542569
5.25019216	601	-0.055545 -0.009337  1.527485
5.25528383	601	-0.051714 -0.022266  1.501868
5.26038789	608	-0.048841 -0.024660  1.479362
5.26547193	613	-0.045729 -0.020829  1.461885
5.27056407	616	-0.050278 -0.018914  1.436506
5.27566385	618	-0.045968 -0.027294  1.427409
5.28075599	622	-0.043335 -0.034476  1.402030
5.28585577	622	-0.054587 -0.023942  1.375934
5.29095220	626	-0.054108 -0.022026  1.367794
5.29604005	630	-0.053151 -0.031364  1.334754
5.30114412	635	-0.054348 -0.036631  1.313925
5.30623579	637	-0.054108 -0.026815  1.295011
5.31133604	637	-0.057221 -0.019393  1.267717
5.31644392	643	-0.053630 -0.023702  1.248803
5.32155609	646	-0.058657 -0.029448  1.228931
5.32666015	647	-0.068234 -0.026336  1.213608
5.33175611	652	-0.071107 -0.014844  1.190146
5.33687210	653	-0.073741 -0.016759  1.162134
5.34197998	659	-0.073022 -0.032800  1.154233
5.34706783	659	-0.076614 -0.026097  1.128855
5.35218381	664	-0.084754 -0.017477  1.100125
5.35728788	666	-0.081641 -0.010774  1.085520
5.36238002	667	-0.086430 -0.019393  1.054635
5.36745977	667	-0.083317 -0.018435  1.044340
5.37254381	671	-0.087866 -0.016759  1.019920
5.37762784	674	-0.088824 -0.017956  1.010822
5.38271617	677	-0.090260 -0.015083  0.994541
5.38780021	678	-0.087387 -0.026815  0.978979
5.39288377	679	-0.084993 -0.020351  0.961981
5.39798021	681	-0.085472 -0.015083  0.932772
5.40307188	683	-0.082360 -0.013168  0.920322
5.40815591	684	-0.084275 -0.023224  0.908111
5.41324377	686	-0.081402 -0.031364  0.892310
5.41833209	689	-0.080684 -0.028012  0.866453
5.42341184	688	-0.074698 -0.019153  0.846342
5.42850399	691	-0.066798 -0.022266  0.838441
5.43359613	693	-0.061530 -0.035913  0.822161
5.43868398	693	-0.061530 -0.034476  0.818569
5.44378423	696	-0.069192 -0.030406  0.801571
5.44886779	697	-0.072783 -0.026815  0.786966
5.45397615	697	-0.060094 -0.033997  0.765658
5.45906019	699	-0.067276 -0.033279  0.758475
5.46415185	701	-0.061530 -0.038546  0.740758
5.46923589	703	-0.062967 -0.033758  0.737407
5.47434377	705	-0.057939 -0.041659  0.727830
5.47943210	705	-0.047884 -0.042377  0.712028
5.48452377	702	-0.055545 -0.040222  0.706522
5.48960399	705	-0.052911 -0.038067  0.703649
5.49469184	706	-0.052193 -0.032321  0.695748
5.49979591	707	-0.048362 -0.038067  0.684016
5.50488805	705	-0.055545 -0.046926  0.675876
5.50998401	706	-0.045729 -0.039504  0.673722
5.51507616	708	-0.043813 -0.039983  0.660554
5.52017593	710	-0.052432 -0.041898  0.668215
5.52526378	710	-0.056024 -0.037110  0.659596
5.53035593	708	-0.059136 -0.042138  0.653132
5.53545618	710	-0.052432 -0.033997  0.661751
5.54054021	708	-0.057700 -0.033040  0.656244
5.54561614	708	-0.064164 -0.034476  0.645949
5.55070400	709	-0.061530 -0.040222  0.644752
5.55578422	709	-0.066798 -0.034237  0.642837
5.56087589	708	-0.063206 -0.033997  0.641161
5.56595993	711	-0.060573 -0.037589  0.654808
5.57104396	711	-0.063925 -0.029927  0.654568
5.57613182	710	-0.062249 -0.028491  0.656723
5.58123207	707	-0.070389 -0.028730  0.655526
5.58631992	710	-0.070628 -0.025857  0.658638
5.59140014	708	-0.070628 -0.024181  0.664145
5.59648799	708	-0.073501 -0.017956  0.670370
5.60156822	707	-0.074219 -0.018914  0.677552
5.60665988	704	-0.073741 -0.023224  0.684256
5.61176013	704	-0.071107 -0.019153  0.681383
5.61683988	703	-0.077811 -0.013647  0.697424
5.62194776	701	-0.073501 -0.016999  0.698621
5.62702798	704	-0.067755 -0.020590  0.708916
5.63210821	703	-0.077093 -0.025618  0.719929
5.63720417	701	-0.065840 -0.020351  0.732858
5.64229583	700	-0.069192 -0.021548  0.740280
##inga 
#ido(sec)  szog(ADC)     ax(g)    ay(g)   az(g)
5.64792823	698	-0.068713 -0.013168  0.760391
5.65318012	698	-0.072783 -0.022745  0.760870
5.65840005	697	-0.068234 -0.018914  0.773319
5.66361999	693	-0.066798 -0.022266  0.785290
5.66872406	694	-0.064882 -0.024660  0.811387
5.67382001	691	-0.063446 -0.028012  0.818330
5.67891979	690	-0.062488 -0.022984  0.832456
5.68402004	687	-0.059376 -0.032321  0.855918
5.68913984	686	-0.059615 -0.022505  0.848257
5.69424009	685	-0.058179 -0.023224  0.893028
5.69934415	682	-0.057221 -0.023942  0.891592
5.70445203	681	-0.059136 -0.032321  0.910506
5.70955181	681	-0.059376 -0.022266  0.921519
5.71465587	680	-0.057700 -0.028730  0.940912
5.71973609	679	-0.055306 -0.026815  0.964614
5.72482776	675	-0.054348 -0.030406  0.978261
5.72990417	674	-0.059136 -0.021069  0.990232
5.73498010	670	-0.054108 -0.025378  1.010343
5.74005985	669	-0.055306 -0.030645  1.029496
5.74514818	665	-0.051954 -0.026336  1.055353
5.75024795	663	-0.051954 -0.024899  1.068761
5.75533580	663	-0.053151 -0.014844  1.086717
5.76043176	659	-0.051475 -0.027054  1.110419
5.76552391	658	-0.048362 -0.023224  1.136755
5.77061605	651	-0.059376 -0.025378  1.152557
5.77570819	649	-0.056024 -0.019153  1.173147
5.78079986	648	-0.054587 -0.019393  1.200201
5.78588819	646	-0.054587 -0.014604  1.220791
5.79097223	641	-0.057700 -0.020590  1.235156
5.79605579	640	-0.058657 -0.014365  1.254070
5.80114793	635	-0.061770 -0.014604  1.279927
5.80623197	633	-0.065840 -0.012210  1.299559
5.81132411	628	-0.073980 -0.008380  1.315840
5.81639623	628	-0.068713 -0.005028  1.333078
5.82149219	625	-0.077571 -0.001197  1.371624
5.82657623	622	-0.078768 0.001915  1.383595
5.83162784	619	-0.078529 -0.003591  1.400594
5.83670377	616	-0.080205 0.002634  1.424536
5.84175586	610	-0.084754 0.008140  1.443689
5.84681606	608	-0.075177 0.001437  1.456378
5.85188388	605	-0.088824 0.000239  1.479841
5.85694408	597	-0.078290 0.004549  1.501868
5.86198806	593	-0.081402 0.005985  1.528922
5.86702013	592	-0.084754 0.007183  1.530358
5.87205982	588	-0.075656 0.010774  1.559328
5.87709617	584	-0.079726 0.009337  1.586861
5.88214015	584	-0.071825 0.000000  1.603859
5.88716793	580	-0.072304 0.011492  1.610324
5.89221191	577	-0.074459 0.003352  1.623013
5.89726400	574	-0.071825 0.003112  1.652701
5.90231609	569	-0.067755 0.001437  1.661080
5.90737199	566	-0.067516 0.005507  1.670418
5.91242408	562	-0.060812 0.007422  1.691247
5.91750001	556	-0.055066 -0.002155  1.714231
5.92258787	553	-0.063206 -0.001676  1.725005
5.92768383	548	-0.054108 0.002394  1.737454
5.93274021	545	-0.049559 0.006943  1.746792
5.93779611	540	-0.061530 0.001437  1.754932
5.94283580	538	-0.040940 0.000479  1.773128
5.94786787	534	-0.047644 -0.002155  1.777437
5.95296382	531	-0.050278 0.011253  1.787253
5.95800781	525	-0.042138 0.003831  1.808801
5.96305990	522	-0.047165 -0.002394  1.811913
5.96814012	518	-0.045489 0.004788  1.816223
5.97319984	512	-0.042377 0.011492  1.837292
5.97825622	507	-0.044532 0.007661  1.830349
5.98330402	504	-0.044532 0.008858  1.840165
5.98836803	503	-0.048362 0.000239  1.860276
5.99342012	495	-0.050757 0.011971  1.861712
5.99847984	494	-0.048602 0.018675  1.851896
6.00352811	489	-0.048362 0.015323  1.861712
6.00859212	484	-0.057221 0.012929  1.859318
6.01365613	476	-0.055306 0.022026  1.870331
6.01870822	474	-0.050757 0.023224  1.868656
6.02375602	471	-0.058897 0.028012  1.855488
6.02879619	465	-0.059136 0.023463  1.856445
6.03384780	463	-0.053869 0.026815  1.865782
6.03889179	456	-0.058179 0.024660  1.860036
6.04394006	451	-0.065840 0.031843  1.858121
6.04898023	451	-0.058418 0.034476  1.869134
6.05403614	449	-0.053630 0.029209  1.847347
6.05906820	446	-0.061052 0.033518  1.846390
6.06411218	440	-0.061291 0.037110  1.839207
6.06916809	434	-0.055306 0.026575  1.837771
6.07421588	432	-0.055306 0.030406  1.822687
6.07928419	428	-0.054827 0.034955  1.817181
6.08434820	424	-0.054587 0.033279  1.805449
6.08939981	421	-0.053390 0.036152  1.802337
6.09443616	416	-0.043813 0.040940  1.787014
6.09947204	412	-0.057221 0.035673  1.762833
6.10451221	409	-0.046208 0.028491  1.764269
6.10956811	406	-0.043574 0.035673  1.760678
6.11460781	401	-0.051954 0.044292  1.738173
6.11965990	398	-0.040940 0.034237  1.735539
6.12469577	394	-0.045011 0.036391  1.710879
6.12974405	391	-0.045250 0.034237  1.699866
6.13479614	386	-0.039504 0.033758  1.695078
6.13984394	384	-0.048362 0.052432  1.669699
6.14488410	380	-0.039265 0.045968  1.639772
6.14993190	376	-0.035434 0.034476  1.632350
6.15498399	372	-0.034716 0.035194  1.626604
##inga 
#ido(sec)  szog(ADC)     ax(g)    ay(g)   az(g)
6.16057205	368	-0.039504 0.046208  1.601944
6.16579198	365	-0.035194 0.047405  1.583748
6.17102003	360	-0.032800 0.032561  1.553342
6.17622804	357	-0.025139 0.031843  1.539217
6.18127202	356	-0.029209 0.036870  1.520781
6.18631601	352	-0.029448 0.044292  1.490854
6.19136381	347	-0.032082 0.039983  1.485587
6.19640398	344	-0.028251 0.030885  1.467631
6.20145988	339	-0.025857 0.037589  1.444647
6.20650815	339	-0.031843 0.043335  1.428127
6.21155595	334	-0.028730 0.050517  1.403946
6.21661615	331	-0.028491 0.041180  1.382637
6.22166395	328	-0.030406 0.045011  1.360132
6.22671222	325	-0.028012 0.040222  1.339542
6.23176813	324	-0.024899 0.042138  1.314403
6.23681592	318	-0.021787 0.039983  1.309615
6.24186420	318	-0.031603 0.041659  1.283040
6.24689197	315	-0.029209 0.045011  1.244015
6.25194406	313	-0.025139 0.042616  1.236353
6.25698804	311	-0.025139 0.049320  1.215524
6.26202392	308	-0.033040 0.053390  1.197328
6.26706409	304	-0.026815 0.052193  1.171950
6.27210807	302	-0.033518 0.050996  1.157585
6.27715587	300	-0.036391 0.056263  1.136516
6.28220415	294	-0.033279 0.056742  1.109941
6.28726387	295	-0.042377 0.062249  1.089351
6.29231595	291	-0.036870 0.061291  1.070197
6.29737186	290	-0.045250 0.067755  1.046256
6.30243206	286	-0.050278 0.061052  1.035961
6.30748414	285	-0.040701 0.060573  1.015371
6.31253576	285	-0.044053 0.048841  0.992387
6.31756782	282	-0.041659 0.070628  0.978740
6.32259178	280	-0.039983 0.060812  0.964135
6.32763195	277	-0.030167 0.063685  0.935884
6.33266782	276	-0.035913 0.055066  0.934208
6.33770799	274	-0.030167 0.057221  0.906436
6.34276008	271	-0.036152 0.053390  0.880818
6.34779214	270	-0.025857 0.056742  0.870283
6.35283994	267	-0.023942 0.057221  0.856397
6.35790395	269	-0.024899 0.057939  0.835328
6.36296415	265	-0.016041 0.051475  0.821442
6.36801195	265	-0.022745 0.048602  0.814978
6.37306022	262	-0.010295 0.049799  0.798937
6.37810420	264	-0.006704 0.055066  0.787924
6.38313198	263	-0.004549 0.049559  0.780981
6.38816404	261	-0.010534 0.052672  0.755602
6.39320421	262	-0.007901 0.051714  0.740280
6.39822816	261	-0.005267 0.048841  0.736449
6.40326786	260	-0.007183 0.044771  0.730224
6.40832376	258	0.000239 0.050038  0.708198
6.41333580	259	-0.004549 0.049559  0.704128
6.41838407	257	-0.001915 0.047884  0.699818
6.42341995	255	-0.005028 0.049320  0.679228
6.42846012	255	-0.003112 0.049081  0.679707
6.43350791	254	0.000000 0.051235  0.670609
6.43847608	254	-0.007661 0.043335  0.662708
6.44350385	255	-0.004788 0.049320  0.652653
6.44853210	253	-0.003112 0.047165  0.653371
6.45356416	254	-0.006464 0.052193  0.652174
6.45860004	253	0.000479 0.050996  0.643076
6.46360397	252	-0.010534 0.046686  0.642358
6.46865177	252	-0.010056 0.045489  0.633260
6.47368383	251	-0.011971 0.049559  0.625359
6.47872400	250	-0.015083 0.050757  0.630626
6.48378419	250	-0.009098 0.051954  0.631584
6.48882389	250	-0.017956 0.055545  0.623683
6.49387216	251	-0.018435 0.057460  0.629190
6.49890422	250	-0.028012 0.061052  0.631105
6.50393581	248	-0.022266 0.055306  0.634696
6.50898408	250	-0.026336 0.062249  0.627274
6.51403999	251	-0.030406 0.057460  0.631584
6.51907205	252	-0.029209 0.057700  0.633499
6.52411222	250	-0.033518 0.061530  0.642358
6.52914810	253	-0.035194 0.061291  0.641879
6.53419589	254	-0.034476 0.056503  0.641879
6.53925609	253	-0.032561 0.062967  0.658638
6.54431581	253	-0.030885 0.065122  0.659596
6.54936790	257	-0.033279 0.059615  0.656005
6.55440378	257	-0.032561 0.058418  0.672524
6.55946397	259	-0.026336 0.057700  0.685453
6.56451988	259	-0.026815 0.056981  0.699579
6.56956815	258	-0.025618 0.053390  0.696706
6.57461977	261	-0.030167 0.058179  0.716098
6.57966423	261	-0.027054 0.049559  0.721366
6.58470392	260	-0.021548 0.048841  0.731182
6.58975219	262	-0.020351 0.048123  0.748659
6.59479188	264	-0.021069 0.053869  0.748180
6.59983587	264	-0.016759 0.051235  0.767573
6.60486793	266	-0.018435 0.051475  0.779544
6.60991621	268	-0.010295 0.044771  0.793909
6.61496400	268	-0.011731 0.040462  0.813781
6.62001180	269	-0.005985 0.042616  0.814739
6.62506389	270	-0.016759 0.042616  0.829343
6.63012409	271	-0.012450 0.040222  0.850172
6.63516378	272	-0.012929 0.042616  0.873875
6.64020395	275	-0.010774 0.040462  0.882254
6.64523601	275	-0.008619 0.037828  0.893028
6.65027618	277	-0.011492 0.039025  0.916252
6.65532398	281	-0.009816 0.041419  0.934447
6.66034793	283	-0.011492 0.038546  0.941391
6.66540002	288	-0.013168 0.040462  0.968684
##inga 
#ido(sec)  szog(ADC)     ax(g)    ay(g)   az(g)
6.67098379	288	-0.018914 0.037589  0.988077
6.67621183	287	-0.014126 0.044771  1.009146
6.68144416	289	-0.019153 0.046686  1.031172
6.68668794	294	-0.024181 0.039025  1.055593
6.69176006	297	-0.021308 0.048123  1.069479
6.69680786	298	-0.022266 0.035913  1.089830
6.70187616	299	-0.021548 0.047644  1.106828
6.70693588	304	-0.026336 0.045729  1.129333
6.71199178	307	-0.032321 0.047405  1.149684
6.71704816	309	-0.028012 0.049320  1.169316
6.72208786	310	-0.032321 0.047644  1.193976
6.72714376	316	-0.038786 0.053151  1.211933
6.73217582	318	-0.044292 0.050996  1.229410
6.73721599	320	-0.045011 0.053151  1.259098
6.74224805	321	-0.044053 0.045250  1.272505
6.74728822	323	-0.050757 0.049320  1.287589
6.75232410	327	-0.050757 0.046208  1.320389
6.75737190	329	-0.061291 0.049320  1.332839
6.76242399	333	-0.050757 0.048602  1.358217
6.76747179	336	-0.052911 0.052911  1.372343
6.77253580	340	-0.053390 0.044532  1.393172
6.77758789	342	-0.055545 0.050038  1.422381
6.78262805	345	-0.054108 0.047165  1.433873
6.78767204	349	-0.055066 0.047644  1.451111
6.79271221	353	-0.056503 0.048123  1.484869
6.79773998	354	-0.051954 0.043574  1.495164
6.80278778	359	-0.053630 0.043813  1.516472
6.80782794	360	-0.049320 0.044532  1.533710
6.81285619	364	-0.049320 0.036391  1.552385
6.81790018	367	-0.049559 0.036391  1.567947
6.82295179	372	-0.049559 0.043574  1.585185
6.82800817	376	-0.043574 0.034237  1.605057
6.83307218	381	-0.043335 0.030406  1.619182
6.83813619	384	-0.044053 0.037110  1.644082
6.84319210	388	-0.038786 0.034716  1.657489
6.84824419	391	-0.045968 0.026336  1.657968
6.85330390	394	-0.042856 0.020829  1.684064
6.85835218	399	-0.025618 0.024181  1.706809
6.86339616	403	-0.033758 0.029688  1.701781
6.86844015	406	-0.033518 0.019153  1.728836
6.87348413	409	-0.024181 0.012929  1.755890
6.87852811	410	-0.037589 0.026575  1.746313
6.88356781	417	-0.036870 0.020111  1.764748
6.88860797	417	-0.030406 0.021787  1.776240
6.89363622	423	-0.036870 0.014126  1.786535
6.89868783	428	-0.039743 0.020111  1.799943
6.90373182	430	-0.032321 0.013886  1.815744
6.90878820	435	-0.038307 0.010295  1.817181
6.91384410	438	-0.037349 0.013886  1.825081
6.91890382	444	-0.034237 0.003831  1.835137
6.92396783	448	-0.042377 0.010295  1.828194
6.92903184	451	-0.038546 0.015083  1.838489
6.93407201	454	-0.046447 0.008140  1.839686
6.93910789	457	-0.044532 0.009098  1.843517
6.94414806	459	-0.040701 0.008619  1.863628
6.94918394	467	-0.050278 0.026336  1.856924
6.95423221	471	-0.052911 0.012689  1.855727
6.95928382	473	-0.052911 0.006943  1.853093
6.96434020	475	-0.064403 0.017956  1.857882
6.96937608	480	-0.062249 0.012929  1.847587
6.97443199	485	-0.067276 0.022505  1.850699
6.97949218	490	-0.070868 0.010295  1.849741
6.98454380	494	-0.069192 0.016041  1.840883
6.98959589	500	-0.072783 0.018196  1.843756
6.99465608	501	-0.074219 0.025139  1.843756
6.99970388	505	-0.082360 0.013886  1.822448
7.00474023	510	-0.080923 0.015083  1.828433
7.00978422	515	-0.081641 0.017717  1.825560
7.01482009	520	-0.086669 0.024899  1.815984
7.01986789	525	-0.082839 0.010774  1.799464
7.02490806	527	-0.077811 0.014126  1.791563
7.02995586	531	-0.084275 0.003831  1.786775
7.03499984	535	-0.087866 0.018914  1.773367
7.04004812	538	-0.084036 0.011013  1.758044
7.04509592	543	-0.087148 0.013168  1.754453
7.05014801	545	-0.080444 -0.001915  1.746074
7.05524396	548	-0.081163 0.004070  1.732187
7.06031608	549	-0.081402 0.007901  1.699866
7.06536388	559	-0.078529 0.008380  1.696993
7.07041978	562	-0.070628 -0.008619  1.696993
7.07549619	565	-0.069671 -0.008380  1.672572
7.08057594	568	-0.068473 -0.001437  1.645997
7.08566808	575	-0.063446 -0.003352  1.639772
7.09076786	576	-0.061770 -0.008140  1.622055
7.09584808	578	-0.055784 -0.016999  1.604338
7.10094022	585	-0.057221 -0.016520  1.575848
7.10603618	585	-0.057939 -0.012689  1.557173
7.11112022	590	-0.050996 -0.018675  1.557413
7.11620807	592	-0.047405 -0.029688  1.533949
7.12129592	595	-0.041898 -0.020590  1.517430
7.12637615	600	-0.048362 -0.017477  1.490136
7.13147211	605	-0.036870 -0.020590  1.479602
7.13654804	608	-0.047405 -0.029209  1.454223
7.14163589	612	-0.042377 -0.027294  1.438901
7.14672803	613	-0.041898 -0.028491  1.421663
7.15183210	619	-0.046447 -0.030167  1.395087
7.15692377	620	-0.045250 -0.029688  1.376413
7.16201210	622	-0.048362 -0.029448  1.346485
7.16709995	628	-0.052193 -0.023224  1.339063
7.17220783	630	-0.054348 -0.022266  1.318234
7.17731618	632	-0.055545 -0.019393  1.291180
##inga 
#ido(sec)  szog(ADC)     ax(g)    ay(g)   az(g)
7.18294000	636	-0.063446 -0.023942  1.276336
7.18817996	638	-0.069431 -0.021548  1.247366
7.19345188	643	-0.073501 -0.022984  1.239466
7.19868421	646	-0.075417 -0.011013  1.205229
7.20378398	648	-0.077571 -0.014126  1.188709
7.20888376	649	-0.080444 -0.020111  1.160697
7.21397209	651	-0.085233 -0.014844  1.155191
7.21907615	656	-0.091458 -0.016520  1.128376
7.22417211	656	-0.091697 -0.010295  1.103237
7.22927999	658	-0.094091 -0.016520  1.088154
7.23437595	662	-0.087627 -0.014126  1.073789
7.23949623	666	-0.092655 -0.011492  1.048650
7.24459600	668	-0.084754 -0.013647  1.031172
7.24969196	668	-0.093134 -0.013886  1.012977
7.25481605	672	-0.078768 -0.020829  1.003639
7.25990390	675	-0.088345 -0.015802  0.979458
7.26499986	676	-0.080923 -0.018914  0.960783
7.27010393	678	-0.077811 -0.022505  0.938757
7.27519178	680	-0.071586 -0.028491  0.921040
7.28027200	679	-0.075656 -0.020590  0.909069
7.28534412	682	-0.074219 -0.026336  0.888958
7.29042816	684	-0.072304 -0.023702  0.878903
7.29551601	684	-0.067755 -0.026815  0.870283
7.30060815	688	-0.068234 -0.031843  0.853524
7.30569982	688	-0.067037 -0.036870  0.839159
7.31077623	690	-0.062009 -0.033279  0.823118
7.31585979	691	-0.054827 -0.030645  0.808514
7.32096004	693	-0.053869 -0.034476  0.794867
7.32604408	691	-0.063446 -0.038546  0.788642
7.33112812	696	-0.050996 -0.036391  0.766855
7.33620786	697	-0.061052 -0.042377  0.766137
7.34129619	695	-0.057700 -0.034237  0.756321
7.34638786	697	-0.056024 -0.035913  0.733337
7.35148811	699	-0.052432 -0.038307  0.735252
7.35657215	699	-0.051475 -0.044532  0.723999
7.36166810	700	-0.056263 -0.032082  0.713465
7.36675596	704	-0.052432 -0.038067  0.704606
7.37184000	704	-0.049799 -0.037110  0.703170
7.37692403	705	-0.058897 -0.034237  0.697424
7.38202381	704	-0.053151 -0.039743  0.685214
7.38711595	705	-0.053869 -0.035194  0.673961
7.39219999	705	-0.058657 -0.036631  0.682101
7.39731216	705	-0.058179 -0.039743  0.676355
7.40240812	704	-0.055306 -0.031124  0.667257
7.40749216	706	-0.053390 -0.040462  0.659835
7.41258001	706	-0.056981 -0.037110  0.664384
7.41769218	707	-0.057939 -0.032561  0.663905
7.42279577	707	-0.058179 -0.036870  0.662229
7.42789220	705	-0.064164 -0.034716  0.662708
7.43299198	706	-0.062009 -0.032561  0.655286
7.43808794	706	-0.064643 -0.035194  0.657920
7.44319200	706	-0.061770 -0.027772  0.664863
7.44827985	707	-0.064882 -0.026575  0.672524
7.45337200	707	-0.073022 -0.022505  0.667018
7.45844793	706	-0.064643 -0.027772  0.671088
7.46353578	706	-0.064403 -0.024181  0.676595
7.46862411	703	-0.067755 -0.023224  0.678989
7.47372007	705	-0.067276 -0.019393  0.684256
7.47880792	703	-0.069671 -0.022745  0.692875
7.48390388	702	-0.066079 -0.022026  0.702930
7.48897981	702	-0.064643 -0.024899  0.709155
7.49407196	702	-0.064164 -0.026097  0.723999
7.49915599	699	-0.067276 -0.018914  0.729266
7.50425577	699	-0.066558 -0.019872  0.731661