0.92432804	680	-0.020829 -0.053151  0.755363
0.92940406	680	-0.014844 -0.062727  0.740040
0.93448400	680	-0.011731 -0.061291  0.745307
0.93955602	680	-0.010056 -0.057221  0.758715
0.94463195	680	-0.000479 -0.051475  0.753926
0.94971199	679	-0.002873 -0.060573  0.758236
0.95478000	676	-0.007661 -0.063206  0.754166
0.95986003	676	-0.002155 -0.054348  0.769010
0.96493606	678	-0.005985 -0.050278  0.761348
0.97001199	676	-0.009098 -0.049081  0.768770
0.97508802	674	-0.015323 -0.052672  0.777150
0.98018398	672	-0.024899 -0.047644  0.787445
0.98527994	674	-0.026575 -0.038546  0.784332
0.99036798	670	-0.036391 -0.035913  0.793191
0.99545993	671	-0.033997 -0.037110  0.849694
1.00054395	669	-0.045011 -0.055545  0.823836
1.00563597	667	-0.049320 -0.022984  0.819048
1.01072800	666	-0.049081 -0.022266  0.833413
1.01581597	667	-0.052672 -0.018196  0.865735
1.02092003	666	-0.081881 -0.023463  0.834610
1.02601599	665	-0.072304 -0.017956  0.881776
1.03112399	663	-0.090979 -0.006464  0.881057
##inga 
#ido(sec)  szog(ADC)     ax(g)    ay(g)   az(g)
1.03674399	663	-0.095767 0.020111  0.877945
1.04196798	660	-0.099358 -0.005985  0.895183
1.04719603	659	-0.110611 0.006464  0.933729
1.05240797	658	-0.119469 0.008140  0.935884
1.05746400	656	-0.120427 0.021308  0.934208
1.06251204	653	-0.129046 0.017238  0.932772
1.06755995	653	-0.114202 0.021069  0.977782
1.07259595	648	-0.120906 0.011492  0.988556
1.07762396	647	-0.129286 0.025139  0.986641
1.08266794	643	-0.118512 0.031124  1.004118
1.08772003	642	-0.120667 0.011971  1.025187
1.09277593	640	-0.110372 0.008380  1.037158
1.09782004	641	-0.105823 0.008380  1.049368
1.10287594	639	-0.108696 0.018196  1.055114
1.10792398	637	-0.096964 0.008619  1.082647
1.11297595	632	-0.080444 -0.006225  1.103476
1.11807596	630	-0.074219 -0.013647  1.105152
1.12317597	629	-0.070628 -0.008380  1.125503
1.12826001	628	-0.061291 -0.008140  1.140347
1.13336801	625	-0.054108 -0.019632  1.149445
1.13846397	623	-0.046926 -0.032082  1.169556
1.14356005	620	-0.035913 -0.026336  1.194694
1.14867198	618	-0.031364 -0.027533  1.196131
1.15379202	615	-0.020351 -0.029688  1.219355
1.15889596	609	-0.021548 -0.034237  1.228213
1.16398799	607	-0.020351 -0.041659  1.250718
1.16908395	606	-0.011013 -0.040701  1.281364
1.17416000	604	-0.004310 -0.031843  1.280885
1.17923998	599	-0.005028 -0.037828  1.284955
1.18432796	595	0.002873 -0.040940  1.311291
1.18935596	594	-0.007661 -0.037828  1.340739
1.19443202	591	-0.000239 -0.033997  1.349598
1.19950795	590	-0.006704 -0.039025  1.351274
1.20459198	586	-0.014365 -0.035913  1.369230
1.20968794	586	-0.019632 -0.030645  1.393890
1.21477603	582	-0.028491 -0.024421  1.402749
1.21987998	578	-0.030885 -0.019872  1.415677
1.22497594	575	-0.035673 -0.016999  1.427169
1.23006796	571	-0.045250 -0.009577  1.455660
1.23515999	570	-0.051235 -0.004070  1.458772
1.24023997	564	-0.058657 -0.004070  1.481038
1.24531996	560	-0.065840 0.002394  1.483672
1.25036394	559	-0.071825 0.009577  1.505698
1.25541996	555	-0.082839 0.010295  1.515036
1.26046800	548	-0.093134 0.017956  1.515275
1.26552796	548	-0.089782 0.021069  1.533231
1.27059602	544	-0.098161 0.028012  1.532992
1.27566397	540	-0.111808 0.034955  1.558131
1.28071594	538	-0.114681 0.032800  1.577045
1.28577602	535	-0.119709 0.037110  1.565313
1.29080402	533	-0.124737 0.048362  1.589016
1.29586399	527	-0.115399 0.051235  1.600029
1.30091202	524	-0.124976 0.040462  1.610803
1.30595600	522	-0.118751 0.042616  1.609845
1.31099200	517	-0.116118 0.045729  1.620140
1.31604802	514	-0.108217 0.042616  1.635463
1.32109594	510	-0.106780 0.042616  1.628998
1.32614004	505	-0.101753 0.038067  1.631153
1.33120405	502	-0.090979 0.028491  1.641448
1.33624804	500	-0.082120 0.030406  1.649828
1.34130001	496	-0.073741 0.031603  1.660841
1.34636402	493	-0.063446 0.023224  1.656771
1.35142803	488	-0.061770 0.017238  1.649588
1.35647594	486	-0.049559 0.011731  1.655813
1.36152398	480	-0.038546 0.007661  1.660362
1.36655604	476	-0.028730 0.008140  1.657728
1.37160003	473	-0.020590 0.005028  1.657968
1.37663996	471	-0.013407 -0.002394  1.646955
1.38172399	466	-0.009577 -0.002155  1.652701
1.38680803	461	-0.005746 -0.006225  1.658686
1.39189994	458	-0.002634 -0.003591  1.670418
1.39698004	455	-0.004070 -0.002394  1.668742
1.40206003	452	-0.001915 0.005746  1.658926
1.40709199	447	-0.003831 0.001437  1.640012
1.41215205	448	0.000000 -0.005985  1.639533
1.41716394	442	-0.002634 -0.009337  1.648870
1.42223596	440	-0.003831 0.004549  1.646236
1.42729606	435	-0.003352 0.009098  1.616070
1.43236398	432	-0.004788 0.008140  1.629956
1.43740797	430	-0.010056 0.004549  1.621337
1.44244394	426	-0.012929 0.006464  1.608408
1.44748792	422	-0.013407 0.013886  1.604099
1.45254001	421	-0.018675 0.012210  1.589255
1.45757198	414	-0.019393 0.014126  1.592128
1.46262798	411	-0.027054 0.016759  1.573693
1.46768798	410	-0.027054 0.024899  1.556694
1.47273597	405	-0.039983 0.025857  1.549272
1.47778406	401	-0.036870 0.027294  1.533471
1.48282804	401	-0.051714 0.038307  1.530598
1.48789205	396	-0.050038 0.047644  1.532513
1.49293994	392	-0.064643 0.049559  1.515754
1.49799203	391	-0.070868 0.053151  1.498755
1.50304403	387	-0.066558 0.047165  1.485826
1.50809202	384	-0.070628 0.051954  1.450872
1.51313199	382	-0.076853 0.048602  1.448238
1.51817998	377	-0.078529 0.059376  1.440337
1.52322807	375	-0.084514 0.066079  1.434112
1.52827205	371	-0.089542 0.070628  1.412325
1.53330802	368	-0.082360 0.057700  1.388144
1.53833999	367	-0.083317 0.063685  1.384313
1.54339599	363	-0.088824 0.070149  1.372821
##inga 
#ido(sec)  szog(ADC)     ax(g)    ay(g)   az(g)
1.54897999	359	-0.082599 0.064403  1.351753
1.55420804	358	-0.086909 0.063685  1.331642
1.55943593	352	-0.075656 0.058657  1.316319
1.56465997	349	-0.077332 0.067037  1.312967
1.56972398	349	-0.066558 0.063206  1.288546
1.57478404	345	-0.060094 0.048841  1.266280
1.57982397	343	-0.056263 0.046926  1.257422
1.58487596	342	-0.049799 0.055545  1.248803
1.58991599	340	-0.040940 0.059615  1.219115
1.59495201	337	-0.033040 0.041659  1.207144
1.59998798	332	-0.022026 0.033518  1.196849
1.60502395	332	-0.015802 0.039025  1.178654
1.61005997	329	-0.019872 0.044053  1.153754
1.61512002	327	-0.010295 0.032321  1.135079
1.62015199	325	-0.003831 0.024421  1.125742
1.62519598	324	0.002155 0.026336  1.119757
1.63022398	322	0.012689 0.025378  1.089111
1.63526000	320	0.013886 0.026575  1.079774
1.64030399	318	0.017238 0.026097  1.063494
1.64535999	316	0.012210 0.022026  1.055114
1.65040397	314	0.015323 0.022505  1.031651
1.65544795	312	0.014365 0.023942  1.022553
1.66048393	309	0.014126 0.027772  1.011301
1.66551599	308	0.015083 0.024899  1.000048
1.67054405	308	0.008619 0.023224  0.981134
1.67555594	305	0.004310 0.020590  0.964375
1.68058004	304	0.002873 0.028491  0.949291
1.68560400	301	-0.003352 0.032800  0.935166
1.69063606	298	0.000479 0.039025  0.918646
1.69566001	298	-0.011253 0.035194  0.909787
1.70071196	296	-0.011013 0.037828  0.906914
1.70576405	295	-0.018914 0.047884  0.901647
1.71080398	294	-0.019393 0.050757  0.870044
1.71586394	293	-0.025378 0.053390  0.861664
1.72090005	292	-0.031364 0.052672  0.851609
1.72592401	290	-0.037828 0.058657  0.847299
1.73096394	290	-0.043095 0.066798  0.837723
1.73600397	289	-0.044771 0.062009  0.824555
1.74104795	286	-0.052432 0.066079  0.825034
1.74609193	288	-0.057700 0.063685  0.815936
1.75113592	285	-0.057939 0.063925  0.798219
1.75618400	285	-0.063685 0.070389  0.795106
1.76122798	283	-0.061291 0.067995  0.784572
1.76627597	284	-0.062488 0.065600  0.782178
1.77133998	283	-0.062727 0.070628  0.761109
1.77639603	283	-0.061770 0.079487  0.768052
1.78143596	281	-0.059615 0.072783  0.750335
1.78647603	280	-0.052672 0.062727  0.747223
1.79151592	279	-0.050278 0.066319  0.751772
1.79654002	279	-0.042138 0.068234  0.746265
1.80157194	279	-0.048123 0.060812  0.743392
1.80661201	277	-0.036870 0.054587  0.741477
1.81164398	279	-0.033040 0.055784  0.738125
1.81667194	276	-0.027294 0.052911  0.721126
1.82172002	278	-0.022745 0.060094  0.724717
1.82676801	278	-0.014844 0.045968  0.735252
1.83180799	277	-0.008619 0.039025  0.722563
1.83687200	278	-0.005507 0.034237  0.725915
1.84191999	276	-0.000479 0.041898  0.733576
1.84695606	278	-0.002873 0.035434  0.728548
1.85198001	277	0.008380 0.038307  0.728069
1.85699605	277	-0.000239 0.027294  0.734534
1.86202001	279	0.007422 0.028970  0.728548
1.86703596	279	0.012210 0.027533  0.734773
1.87205200	279	0.016041 0.030885  0.737407
1.87708396	280	0.010534 0.019393  0.747702
1.88211202	281	0.014604 0.028012  0.747462
1.88714799	279	0.011971 0.028251  0.756560
1.89219198	282	0.006464 0.034237  0.755602
1.89722003	281	0.006464 0.029448  0.760870
1.90223598	285	0.005507 0.028491  0.771883
1.90725193	286	0.005746 0.027533  0.773559
1.91226806	287	0.003831 0.037349  0.772601
1.91728401	285	-0.005507 0.035673  0.795585
1.92230796	286	-0.013647 0.037828  0.793909
1.92736005	287	-0.015323 0.040222  0.809232
1.93239994	289	-0.022745 0.042138  0.814499
1.93746395	291	-0.013168 0.049559  0.820245
1.94251203	291	-0.031843 0.053151  0.826949
1.94757604	293	-0.031843 0.053630  0.842750
1.95262804	294	-0.037828 0.047884  0.857594
1.95767602	295	-0.044292 0.055066  0.859031
1.96273994	297	-0.048362 0.061291  0.874114
1.96779203	297	-0.051954 0.066319  0.894704
1.97283992	300	-0.057700 0.059376  0.900450
1.97786798	303	-0.058657 0.058418  0.922477
1.98291196	302	-0.063206 0.066558  0.921280
1.98795604	306	-0.070389 0.064643  0.940912
1.99300003	306	-0.062009 0.064403  0.949531
1.99802799	307	-0.067516 0.058418  0.969881
2.00307202	311	-0.072304 0.056742  0.976824
2.00811195	313	-0.059854 0.067276  0.995738
2.01315999	314	-0.058418 0.061052  1.012977
2.01822805	317	-0.049799 0.057221  1.021117
2.02327609	318	-0.055306 0.051954  1.035003
2.02834010	320	-0.052193 0.064882  1.044819
2.03340005	320	-0.039265 0.044771  1.069479
2.03843593	321	-0.040222 0.045489  1.075464
2.04347205	325	-0.031364 0.037589  1.095336
2.04851603	328	-0.028491 0.040701  1.112574
2.05353999	329	-0.021308 0.037589  1.130052
##inga 
#ido(sec)  szog(ADC)     ax(g)    ay(g)   az(g)
2.05912399	332	-0.017238 0.034955  1.145375
2.06437611	335	-0.015802 0.024899  1.161655
2.06962800	336	-0.015802 0.028012  1.182963
2.07483601	340	-0.011971 0.025139  1.182724
2.07988810	341	-0.005985 0.024660  1.199483
2.08491992	343	-0.013168 0.017956  1.213848
2.08997201	346	-0.013886 0.025857  1.247606
2.09503602	350	-0.011013 0.025378  1.264126
2.10009193	352	-0.004070 0.017477  1.265083
2.10513210	356	-0.009577 0.021308  1.300996
2.11017990	358	-0.020351 0.023702  1.301954
2.11524009	359	-0.016041 0.020590  1.326853
2.12026810	361	-0.011492 0.025618  1.334754
2.12531590	365	-0.016280 0.017238  1.340500
2.13035202	367	-0.025618 0.021787  1.362526
2.13540792	369	-0.021787 0.027772  1.380962
2.14046406	374	-0.029209 0.027054  1.390299
2.14551210	379	-0.033518 0.021308  1.397960
2.15054798	381	-0.028970 0.024421  1.420465
2.15560007	380	-0.037589 0.033997  1.434831
2.16065192	386	-0.045489 0.031124  1.452547
2.16571593	387	-0.043574 0.035913  1.459969
2.17077589	391	-0.052911 0.035673  1.477926
2.17583203	394	-0.054108 0.037349  1.486305
2.18088793	399	-0.053151 0.035673  1.502107
2.18594002	402	-0.062249 0.036870  1.509768
2.19097590	406	-0.060333 0.031603  1.527964
2.19600391	408	-0.063925 0.034716  1.535625
2.20104002	408	-0.068234 0.038307  1.540174
2.20607590	413	-0.069671 0.038067  1.542090
2.21110796	415	-0.080205 0.033279  1.571777
2.21614003	419	-0.070868 0.034237  1.581833
2.22117996	423	-0.070149 0.032561  1.583270
2.22621607	426	-0.078290 0.035194  1.592128
2.23126411	429	-0.072544 0.034476  1.600747
2.23631596	431	-0.071346 0.028251  1.614633
2.24138402	436	-0.067755 0.033997  1.619182
2.24643993	438	-0.071346 0.028730  1.597874
2.25149202	444	-0.059136 0.023942  1.619661
2.25654411	448	-0.056024 0.022984  1.630435
2.26157999	450	-0.061052 0.024899  1.643124
2.26661610	451	-0.061052 0.028491  1.632350
2.27164411	454	-0.055784 0.017477  1.636660
2.27667593	457	-0.051475 0.019393  1.653419
2.28172397	461	-0.047165 0.005267  1.660362
2.28676009	463	-0.052911 0.008380  1.651025
2.29180002	467	-0.041180 0.012210  1.652222
2.29685211	473	-0.035194 0.002155  1.660123
2.30191206	476	-0.043095 -0.001915  1.656292
2.30699610	479	-0.044053 -0.002155  1.655095
2.31207990	483	-0.039025 0.003352  1.649349
2.31713199	488	-0.030167 -0.002155  1.644082
2.32223606	491	-0.036631 -0.004070  1.659883
2.32731604	496	-0.034237 -0.005267  1.639293
2.33240389	500	-0.038307 -0.002873  1.630195
2.33748388	503	-0.035434 -0.004549  1.647673
2.34257197	505	-0.040940 -0.000239  1.633068
2.34764790	506	-0.039025 -0.003352  1.620858
2.35272407	512	-0.039265 -0.002394  1.611760
2.35780811	518	-0.040222 -0.004549  1.610563
2.36288404	520	-0.035913 -0.003352  1.615112
2.36797189	525	-0.043095 -0.005267  1.600508
2.37305188	527	-0.052911 -0.007901  1.587340
2.37813997	530	-0.044532 -0.003352  1.586861
2.38323211	534	-0.052672 -0.001437  1.584945
2.38832402	535	-0.062009 -0.002634  1.557891
2.39339995	540	-0.065122 0.000000  1.549512
2.39842009	542	-0.066319 0.000958  1.544245
2.40347194	547	-0.073741 0.007422  1.528682
2.40852403	550	-0.070628 0.007901  1.521260
2.41355609	551	-0.084275 0.003831  1.499713
2.41861200	554	-0.084993 0.006464  1.510247
2.42366409	560	-0.086669 0.008858  1.502107
2.42872405	563	-0.090500 0.010295  1.472180
2.43376398	568	-0.102710 0.011253  1.466912
2.43880009	570	-0.093134 0.010534  1.461885
2.44384789	574	-0.098161 0.009337  1.443689
2.44889211	574	-0.100316 0.016041  1.419268
2.45393610	578	-0.096964 0.007661  1.409452
2.45897197	581	-0.099598 0.011013  1.388144
2.46402001	585	-0.085951 -0.002155  1.391017
2.46911191	585	-0.090500 0.000718  1.368033
2.47415590	589	-0.098880 0.006943  1.350556
2.47919988	591	-0.077571 -0.009816  1.344331
2.48429989	593	-0.082360 -0.011253  1.325177
2.48939990	593	-0.081163 -0.001197  1.296208
2.49449205	600	-0.076135 -0.008380  1.295968
2.49957609	600	-0.070628 -0.007901  1.279927
2.50466394	604	-0.062009 -0.021548  1.271308
2.50975608	606	-0.059136 -0.020829  1.248803
2.51485204	609	-0.058179 -0.022984  1.219355
2.51996397	612	-0.050038 -0.020829  1.227255
2.52504396	614	-0.043813 -0.025139  1.200441
2.53016400	619	-0.043335 -0.035913  1.184639
2.53527188	620	-0.038307 -0.040462  1.165725
2.54037189	623	-0.029209 -0.038546  1.156627
2.54547595	623	-0.032082 -0.027054  1.133164
2.55056405	628	-0.031603 -0.036870  1.112814
2.55566406	631	-0.033997 -0.042138  1.109462
2.56078410	632	-0.028012 -0.037828  1.088632
2.56588792	634	-0.034476 -0.032561  1.076183
##inga 
#ido(sec)  szog(ADC)     ax(g)    ay(g)   az(g)
2.57152795	637	-0.036391 -0.033758  1.059902
2.57676792	640	-0.035673 -0.043095  1.046734
2.58198809	641	-0.040940 -0.038067  1.034763
2.58719992	643	-0.042616 -0.031603  1.008427
2.59229588	647	-0.050757 -0.032321  0.996696
2.59738397	645	-0.053630 -0.029927  0.985922
2.60247206	648	-0.053869 -0.028970  0.971797
2.60755205	648	-0.064643 -0.024899  0.958389
2.61263203	652	-0.066798 -0.019153  0.950728
2.61773610	655	-0.070389 -0.018675  0.941630
2.62280797	656	-0.082599 -0.015083  0.921280
2.62788391	659	-0.081163 -0.014365  0.915533
2.63297605	659	-0.084754 -0.015802  0.897577
2.63806009	660	-0.087387 -0.008619  0.893268
2.64315199	661	-0.091697 -0.016999  0.890873
2.64823198	664	-0.094809 -0.012689  0.869326
2.65333199	665	-0.097204 -0.004070  0.863580
2.65840411	666	-0.094809 -0.009816  0.847299
2.66348791	666	-0.088345 -0.009816  0.845623
2.66857194	665	-0.096485 -0.015083  0.830780
2.67366003	666	-0.096725 -0.007183  0.825991
2.67875194	669	-0.094570 -0.000718  0.822639
2.68383598	668	-0.093612 -0.009098  0.814020
2.68892002	671	-0.092415 -0.018196  0.797500
2.69401192	671	-0.081881 -0.013407  0.787206
2.69912409	672	-0.078050 -0.017717  0.790318
2.70422792	671	-0.077332 -0.017956  0.784811
2.70934009	675	-0.068952 -0.020590  0.781938
2.71444392	672	-0.066319 -0.021548  0.774995
2.71956396	675	-0.065840 -0.032082  0.773798
2.72465205	674	-0.065122 -0.027294  0.766616
2.72975206	674	-0.054587 -0.028970  0.757757
2.73485589	675	-0.052193 -0.034955  0.753208
2.73994803	676	-0.050757 -0.034476  0.761348
2.74503993	677	-0.045729 -0.033279  0.757039
2.75011610	677	-0.040701 -0.044292  0.747941
2.75519204	674	-0.039025 -0.045729  0.757518
2.76027607	677	-0.042138 -0.040462  0.758475
2.76536011	675	-0.041659 -0.042616  0.750814
2.77044391	677	-0.036391 -0.040940  0.755124
2.77552795	677	-0.036870 -0.044771  0.763503
2.78061199	677	-0.037828 -0.041898  0.751772
2.78570008	676	-0.031603 -0.039025  0.756081
2.79078388	674	-0.034955 -0.038307  0.765179
2.79586410	675	-0.034237 -0.039983  0.771164
2.80095195	673	-0.033040 -0.042138  0.772122
2.80603599	673	-0.038786 -0.033997  0.776671
2.81112403	673	-0.044053 -0.033040  0.769967
2.81621189	670	-0.044771 -0.032082  0.788163
2.82130413	668	-0.050038 -0.030167  0.791994
2.82639598	669	-0.055545 -0.021548  0.783614
2.83149194	668	-0.059136 -0.024421  0.796303
2.83658790	666	-0.058657 -0.023463  0.809711
2.84168004	666	-0.069671 -0.019632  0.824315
2.84678792	666	-0.065600 -0.016999  0.825273
2.85186786	666	-0.071586 -0.018196  0.835089
2.85696010	664	-0.071346 -0.011253  0.847299
2.86206388	664	-0.076614 -0.012450  0.856158
2.86716384	663	-0.079966 -0.011971  0.863340
2.87225198	660	-0.082120 -0.006704  0.878903
2.87734394	660	-0.084275 -0.001437  0.890634
2.88243598	659	-0.085951 -0.000958  0.891831
2.88752002	657	-0.091697 -0.001915  0.910506
2.89262008	655	-0.088824 -0.005985  0.925350
2.89769191	653	-0.088824 -0.003591  0.932532
2.90278005	653	-0.089303 -0.006225  0.928223
2.90785999	648	-0.088824 -0.003112  0.947615
2.91294002	645	-0.083317 -0.009816  0.969163
2.91801185	646	-0.089542 -0.007901  0.976585
2.92309188	644	-0.082120 -0.003591  0.989514
2.92816400	644	-0.078290 -0.004549  1.003879
2.93323211	642	-0.071825 -0.008619  1.021356
2.93831996	640	-0.070868 -0.009816  1.031172
2.94341201	638	-0.063685 -0.015083  1.046016
2.94848804	634	-0.059615 -0.011492  1.062536
2.95358390	632	-0.050996 -0.016041  1.083365
2.95866394	631	-0.055306 -0.028491  1.086957
2.96374797	628	-0.048123 -0.020111  1.107068
2.96884803	628	-0.049799 -0.016280  1.117602
2.97393608	625	-0.047884 -0.022745  1.136516
2.97903614	622	-0.040940 -0.025618  1.154712
2.98413610	619	-0.045489 -0.017717  1.160218
2.98923606	618	-0.042377 -0.021548  1.177217
2.99433994	616	-0.038786 -0.016280  1.198046
2.99943590	612	-0.033279 -0.025378  1.212172
3.00453996	607	-0.040222 -0.016520  1.230368
3.00962805	605	-0.039504 -0.018675  1.247366
3.01472806	605	-0.044053 -0.011013  1.271787
3.01981210	601	-0.047405 -0.016520  1.274421
3.02489995	597	-0.052193 -0.017477  1.287349
3.02999997	593	-0.042856 -0.017717  1.300996
3.03509211	591	-0.051235 -0.005267  1.325895
3.04017996	589	-0.053151 -0.011492  1.328529
3.04528403	586	-0.056503 -0.011253  1.355104
3.05037999	586	-0.058418 -0.006704  1.348401
3.05547189	581	-0.059376 0.000239  1.369230
3.06052803	579	-0.060812 0.000000  1.394608
3.06554007	575	-0.065122 0.001676  1.404903
3.07059192	574	-0.067755 0.003591  1.425733
3.07561993	572	-0.062009 0.002394  1.432676
3.08064389	569	-0.068473 0.013647  1.446562
##inga 
#ido(sec)  szog(ADC)     ax(g)    ay(g)   az(g)
3.08623600	563	-0.067516 0.009577  1.465237
3.09146404	558	-0.073741 0.009816  1.483193
3.09668803	554	-0.069910 0.010774  1.486784
3.10190010	552	-0.074698 0.008619  1.504980
3.10692811	549	-0.072304 0.004549  1.514317
3.11197209	547	-0.077571 0.012929  1.519106
3.11702799	542	-0.075177 0.013407  1.528922
3.12209200	538	-0.076614 0.015562  1.543287
3.12715601	537	-0.070868 0.017238  1.542808
3.13221597	535	-0.069671 0.018675  1.556455
3.13727998	529	-0.074219 0.015562  1.569144
3.14233207	525	-0.072544 0.016999  1.573693
3.14738392	523	-0.068234 0.015083  1.580397
3.15242004	520	-0.073022 0.014126  1.591888
3.15745592	515	-0.079726 0.022505  1.595001
3.16249990	509	-0.067516 0.022984  1.606972
3.16754794	507	-0.074938 0.020829  1.613197
3.17258405	503	-0.066798 0.019632  1.612478
3.17763590	500	-0.067276 0.018435  1.618943
3.18268394	500	-0.062727 0.020111  1.629238
3.18773198	494	-0.056742 0.014126  1.625886
3.19278788	490	-0.057700 0.019153  1.625886
3.19783592	486	-0.054827 0.010774  1.619661
3.20290398	483	-0.051714 0.012689  1.634984
3.20795989	479	-0.047165 0.019153  1.648870
3.21301198	474	-0.049320 0.015802  1.641927
3.21804809	472	-0.046208 0.012210  1.632829
3.22308397	468	-0.038786 0.014126  1.634744
3.22813200	465	-0.038307 0.015323  1.640969
3.23315191	461	-0.039983 0.010295  1.632111
3.23818802	458	-0.037828 0.012210  1.632111
3.24322390	452	-0.031124 0.009098  1.630435
3.24829196	452	-0.026575 0.008619  1.637857
3.25334000	450	-0.028491 0.013647  1.633068
3.25838804	445	-0.025857 0.018196  1.620858
3.26343989	442	-0.033518 0.013168  1.614394
3.26850390	439	-0.031364 0.022745  1.612718
3.27357196	435	-0.034476 0.020351  1.611281
3.27863597	432	-0.030885 0.016041  1.599310
3.28367996	430	-0.033758 0.022745  1.585903
3.28873205	424	-0.031364 0.020351  1.581833
3.29378008	421	-0.034716 0.023942  1.585185
3.29883599	420	-0.032082 0.022026  1.580397
3.30387997	416	-0.038546 0.021787  1.560764
3.30892395	412	-0.041180 0.031364  1.556215
3.31394791	410	-0.042856 0.027294  1.537301
3.31899189	407	-0.046926 0.030406  1.536104
3.32405209	404	-0.050517 0.034955  1.523655
3.32909202	402	-0.050038 0.042138  1.515754
3.33414411	399	-0.051235 0.036870  1.502825
3.33919191	395	-0.053630 0.043813  1.470504
3.34423995	392	-0.057939 0.037589  1.474334
3.34929203	387	-0.053151 0.041180  1.464279
3.35435605	386	-0.058657 0.051475  1.450872
3.35940790	380	-0.051954 0.052193  1.437464
3.36443591	378	-0.054827 0.038067  1.423817
3.36946797	376	-0.055784 0.039025  1.407776
3.37450790	372	-0.051714 0.042616  1.391975
3.37955188	369	-0.054587 0.047405  1.391975
3.38459610	365	-0.053630 0.049799  1.365639
3.38964390	363	-0.051475 0.034237  1.351753
3.39468789	359	-0.041898 0.035673  1.340021
3.39973998	360	-0.041898 0.048123  1.322304
3.40479207	354	-0.038307 0.044053  1.306263
3.40984010	352	-0.038307 0.042616  1.293813
3.41488790	350	-0.036870 0.042616  1.288067
3.41993188	348	-0.029688 0.033997  1.260534
3.42497992	346	-0.032561 0.048123  1.245930
3.43003606	343	-0.031124 0.045250  1.236114
3.43508005	341	-0.024899 0.028730  1.226058
3.44012808	339	-0.028012 0.037589  1.194694
3.44517993	336	-0.023702 0.046926  1.186076
3.45023202	333	-0.024181 0.042856  1.165486
3.45528411	331	-0.023224 0.039983  1.149205
3.46033191	330	-0.018675 0.033518  1.131249
3.46537995	327	-0.018196 0.035673  1.128136
3.47043204	325	-0.022505 0.044292  1.110419
3.47546792	322	-0.017956 0.041659  1.095097
3.48052000	320	-0.015562 0.032561  1.085760
3.48557209	319	-0.019872 0.041898  1.071155
3.49063611	319	-0.026336 0.043095  1.052959
3.49569988	315	-0.021787 0.046926  1.041707
3.50076389	313	-0.021308 0.039504  1.019441
3.50582408	314	-0.020111 0.042377  1.001006
3.51085996	312	-0.026575 0.041419  0.988316
3.51589608	311	-0.022984 0.050517  0.987598
3.52092409	307	-0.022266 0.049320  0.964614
3.52595996	307	-0.024181 0.049320  0.950728
3.53100800	303	-0.025139 0.048362  0.940672
3.53604793	303	-0.016041 0.047644  0.928462
3.54109191	299	-0.029688 0.047644  0.923434
3.54613208	300	-0.026097 0.049320  0.904999
3.55117201	299	-0.027533 0.050038  0.895422
3.55623197	297	-0.027054 0.049320  0.876030
3.56127190	296	-0.031364 0.054587  0.871959
3.56632804	294	-0.028970 0.047884  0.864777
3.57136797	293	-0.028012 0.054348  0.842990
3.57639598	293	-0.037110 0.052193  0.836526
3.58142805	292	-0.028251 0.050757  0.832456
3.58647990	289	-0.033758 0.044771  0.816654
3.59150791	290	-0.035194 0.054348  0.811147
##inga 
#ido(sec)  szog(ADC)     ax(g)    ay(g)   az(g)
3.59707999	289	-0.032082 0.048602  0.804683
3.60229206	287	-0.032561 0.051954  0.799655
3.60752010	286	-0.024181 0.051235  0.785290
3.61272406	287	-0.029209 0.050517  0.781938
3.61777997	283	-0.028012 0.053390  0.769489
3.62281990	283	-0.029688 0.048602  0.770925
3.62788391	284	-0.025378 0.056024  0.763503
3.63294792	283	-0.025857 0.050996  0.758954
3.63800811	284	-0.021548 0.049799  0.759194
3.64304399	284	-0.017717 0.053869  0.759433
3.64809608	284	-0.028730 0.048602  0.748659
3.65313196	283	-0.015802 0.051714  0.730464
3.65816402	283	-0.013168 0.049081  0.742434
3.66320395	283	-0.012450 0.048123  0.745547
3.66824388	283	-0.019632 0.050038  0.743632
3.67330408	282	-0.018435 0.050278  0.738604
3.67834806	281	-0.012929 0.045729  0.733815
3.68339610	282	-0.017956 0.044292  0.736210
3.68844795	281	-0.016999 0.045968  0.746265
3.69348406	282	-0.007661 0.050517  0.738604
3.69852399	282	-0.010774 0.042856  0.736449
3.70357203	282	-0.013407 0.042856  0.748899
3.70861601	282	-0.021308 0.043095  0.742434
3.71365594	283	-0.009337 0.038307  0.750575
3.71868395	285	-0.021308 0.040222  0.756081
3.72371602	284	-0.012210 0.041180  0.758954
3.72875595	283	-0.015083 0.039504  0.759912
3.73379993	287	-0.016999 0.040701  0.770686
3.73884391	285	-0.017956 0.044053  0.776192
3.74389600	288	-0.023224 0.046686  0.774995
3.74893593	289	-0.022505 0.041898  0.785530
3.75397992	289	-0.024660 0.045250  0.791994
3.75902795	290	-0.026097 0.045011  0.791036
3.76408410	292	-0.021787 0.047405  0.796064
3.76914811	289	-0.025857 0.050757  0.811147
3.77421188	291	-0.034237 0.050996  0.815936
3.77925992	294	-0.034237 0.048362  0.823118
3.78430008	293	-0.036152 0.040462  0.832695
3.78934407	296	-0.034716 0.052432  0.842032
3.79437208	297	-0.033758 0.050517  0.857594
3.79941201	300	-0.034237 0.045011  0.859031
3.80446004	301	-0.035194 0.051475  0.876987
3.80951194	301	-0.035434 0.050038  0.883691
3.81455593	302	-0.036870 0.046926  0.900450
3.81959199	305	-0.033997 0.049799  0.909069
3.82463598	307	-0.033758 0.053390  0.911942
3.82967996	309	-0.036391 0.046208  0.944503
3.83473987	310	-0.037349 0.043335  0.945700
3.83978796	313	-0.037828 0.047405  0.952643
3.84483604	314	-0.029927 0.042377  0.963417
3.84988803	316	-0.028491 0.042377  0.984965
3.85491991	315	-0.028730 0.042856  1.000527
3.85996007	318	-0.030885 0.042377  1.017765
3.86498813	318	-0.036152 0.039743  1.029496
3.87003593	320	-0.032561 0.045729  1.040031
3.87508792	320	-0.028251 0.038546  1.048889
3.88014392	324	-0.029448 0.039025  1.071155
3.88518810	327	-0.032321 0.037589  1.087675
3.89024810	329	-0.028970 0.037349  1.094378
3.89529991	331	-0.023942 0.027054  1.113771
3.90036392	331	-0.024181 0.038067  1.132207
3.90542411	333	-0.029688 0.037589  1.146093
3.91049194	337	-0.028012 0.036870  1.164767
3.91555194	340	-0.028251 0.029927  1.180090
3.92060394	342	-0.029448 0.033518  1.195173
3.92565612	342	-0.023702 0.036391  1.204990
3.93068008	348	-0.024181 0.038307  1.217439
3.93572807	350	-0.028012 0.034237  1.237071
3.94076805	353	-0.027533 0.030406  1.248324
3.94582004	356	-0.029927 0.036631  1.270351
3.95086784	358	-0.035673 0.028970  1.284237
3.95592002	358	-0.040701 0.038067  1.288546
3.96095609	360	-0.036391 0.039025  1.314164
3.96602010	363	-0.039265 0.034237  1.329487
3.97108001	367	-0.042377 0.038307  1.340260
3.97614784	371	-0.045489 0.041419  1.357020
3.98120803	373	-0.050278 0.027533  1.369470
3.98626804	379	-0.046208 0.039504  1.385032
3.99133605	380	-0.052672 0.039504  1.409692
3.99640007	382	-0.047884 0.033518  1.398439
4.00144815	386	-0.047884 0.037828  1.424775
4.00649213	387	-0.048602 0.033758  1.439858
4.01152801	390	-0.049320 0.033040  1.451111
4.01656007	396	-0.046208 0.028012  1.472419
4.02160406	398	-0.048841 0.028491  1.469067
4.02665185	402	-0.055784 0.023224  1.494206
4.03171205	403	-0.047884 0.026097  1.492770
4.03675603	406	-0.053390 0.023224  1.507853
4.04180002	407	-0.049799 0.027294  1.522218
4.04685592	412	-0.044292 0.028251  1.540893
4.05190801	414	-0.048123 0.025857  1.539217
4.05696821	418	-0.039743 0.018196  1.544005
4.06203222	421	-0.046686 0.016280  1.550469
4.06709623	425	-0.041898 0.017717  1.565553
4.07214403	427	-0.041419 0.016520  1.568665
4.07719182	431	-0.038546 0.013407  1.576087
4.08223199	433	-0.041419 0.010774  1.587819
4.08728408	435	-0.041180 0.008619  1.594762
4.09232378	441	-0.046208 0.015562  1.595480
4.09736776	448	-0.038786 0.015802  1.607690
4.10240411	447	-0.039504 0.011013  1.606493
##inga 
#ido(sec)  szog(ADC)     ax(g)    ay(g)   az(g)
4.10798406	452	-0.039983 0.014844  1.614154
4.11322402	455	-0.047405 0.007183  1.625646
4.11845207	456	-0.045011 0.012210  1.617746
4.12368822	462	-0.048602 0.010056  1.621816
4.12873220	464	-0.042138 0.011013  1.631392
4.13378810	464	-0.052193 0.013168  1.629477
4.13884782	470	-0.049799 0.011253  1.622055
4.14391613	475	-0.047644 0.012929  1.628998
4.14897584	476	-0.056981 0.018196  1.622295
4.15402793	482	-0.059376 0.013168  1.623731
4.15907621	485	-0.065122 0.013647  1.623731
4.16412782	490	-0.066798 0.016041  1.623252
4.16916799	493	-0.074698 0.011492  1.615112
4.17419576	494	-0.072065 0.011253  1.625646
4.17923593	499	-0.075177 0.010295  1.619182
4.18427181	504	-0.075895 0.010056  1.608408
4.18932390	505	-0.073501 0.012929  1.601465
4.19437980	506	-0.078050 0.018435  1.592367
4.19941997	513	-0.078768 0.006943  1.589973
4.20446777	518	-0.084275 0.008619  1.593086
4.20953178	521	-0.079247 0.011971  1.596198
4.21458387	525	-0.084275 0.020829  1.564356
4.21964406	527	-0.079487 0.011013  1.576805
4.22468376	528	-0.079966 0.009577  1.565074
4.22973585	533	-0.074698 0.005028  1.548315
4.23477220	536	-0.083796 0.012450  1.536344
4.23981189	540	-0.073741 0.008619  1.522936
4.24484777	542	-0.073501 0.001437  1.516472
4.24989986	547	-0.072544 -0.004549  1.512641
4.25499200	549	-0.063925 -0.002873  1.493727
4.26007604	551	-0.064403 -0.004310  1.488221
4.26516389	556	-0.067995 -0.003352  1.472419
4.27024793	561	-0.065361 -0.009577  1.473377
4.27534818	559	-0.062967 -0.007901  1.462124
4.28042793	565	-0.061052 -0.006943  1.435070
4.28551578	570	-0.050278 -0.013647  1.429803
4.29060792	573	-0.053151 -0.013407  1.412325
4.29572010	575	-0.056024 -0.018675  1.404185
4.30082416	575	-0.050278 -0.015083  1.392214
4.30590820	581	-0.045250 -0.015802  1.367315
4.31099605	585	-0.040701 -0.021548  1.367315
4.31609582	584	-0.041898 -0.023463  1.351753
4.32119989	590	-0.048123 -0.022745  1.334275
4.32629585	589	-0.043813 -0.020111  1.323501
4.33139991	593	-0.037110 -0.025857  1.292856
4.33650398	594	-0.040462 -0.022026  1.293574
4.34159612	599	-0.047884 -0.030167  1.270829
4.34670019	601	-0.050278 -0.026815  1.248803
4.35180377	605	-0.050517 -0.026815  1.243296
4.35690402	608	-0.051954 -0.028251  1.232523
4.36201190	612	-0.057460 -0.021548  1.212890
4.36710405	613	-0.054348 -0.021548  1.195413
4.37221193	617	-0.057460 -0.014126  1.180329
4.37730407	618	-0.066079 -0.020829  1.173386
4.38238382	619	-0.066558 -0.020351  1.153275
4.38747215	623	-0.072304 -0.019393  1.136995
4.39256381	623	-0.075656 -0.012450  1.132925
4.39764022	627	-0.076374 -0.011013  1.106110
4.40273618	627	-0.079726 -0.009577  1.099646
4.40782022	629	-0.081641 -0.006464  1.077380
4.41289186	631	-0.082360 -0.010774  1.076901
4.41797208	635	-0.085233 -0.005985  1.055353
4.42305183	636	-0.086190 -0.006704  1.039552
4.42812395	638	-0.092655 -0.007422  1.036918
4.43320417	638	-0.086190 -0.006704  1.009625
4.43828821	643	-0.087387 -0.008619  0.993823
4.44335985	645	-0.087387 -0.011492  0.975867
4.44845199	645	-0.086669 -0.014844  0.976585
4.45354795	649	-0.087387 -0.015083  0.955756
4.45864391	650	-0.080444 -0.009098  0.943545
4.46371603	652	-0.080444 -0.013886  0.934926
4.46880817	653	-0.078768 -0.015802  0.928941
4.47390794	655	-0.078529 -0.023942  0.902365
4.47899580	654	-0.073262 -0.022026  0.905957
4.48409605	658	-0.064882 -0.018196  0.898774
4.48918819	658	-0.067276 -0.025857  0.885127
4.49429178	659	-0.057700 -0.022266  0.874114
4.49938392	661	-0.056024 -0.029209  0.853524
4.50445985	662	-0.054108 -0.030406  0.853524
4.50955581	662	-0.055066 -0.030645  0.845623
4.51465988	664	-0.049081 -0.036152  0.839638
4.51974821	665	-0.046686 -0.034716  0.826709
4.52484798	666	-0.048841 -0.033279  0.823358
4.52994012	667	-0.045489 -0.033758  0.813541
4.53503990	667	-0.042138 -0.038307  0.807077
4.54014396	666	-0.042856 -0.038786  0.801571
4.54522800	668	-0.039743 -0.039743  0.791276
4.55031204	667	-0.046447 -0.042616  0.785530
4.55539178	667	-0.049320 -0.037589  0.786487
4.56046390	668	-0.044771 -0.040940  0.775474
4.56554412	671	-0.050757 -0.035194  0.772601
4.57062387	670	-0.047884 -0.033758  0.782417
4.57571220	671	-0.049081 -0.037589  0.774038
4.58079195	671	-0.054827 -0.026097  0.770446
4.58587980	670	-0.056981 -0.041180  0.766137
4.59096384	670	-0.062009 -0.032082  0.762306
4.59603977	671	-0.057221 -0.029448  0.767334
4.60113620	672	-0.065600 -0.030406  0.756081
4.60622787	672	-0.063446 -0.026815  0.766855
4.61132001	672	-0.074938 -0.019393  0.768052
4.61641597	672	-0.071825 -0.017717  0.764700
##inga 
#ido(sec)  szog(ADC)     ax(g)    ay(g)   az(g)
4.62203598	672	-0.071825 -0.026575  0.766616
4.62728404	672	-0.077093 -0.018435  0.758954
4.63250398	670	-0.077811 -0.011731  0.779784
4.63773584	668	-0.078050 -0.012450  0.777389
4.64281177	669	-0.081402 -0.014844  0.775235
4.64789199	668	-0.076374 -0.014126  0.791276
4.65298795	666	-0.076374 -0.007183  0.785051
4.65808391	666	-0.079487 -0.012450  0.805162
4.66318798	667	-0.080923 -0.009816  0.800134
4.66828012	667	-0.074459 -0.008619  0.802768
4.67338800	664	-0.081881 -0.011013  0.811147
4.67849206	666	-0.080205 -0.011971  0.821682
4.68358421	665	-0.075417 -0.017717  0.827667
4.68869209	664	-0.079247 -0.009577  0.841075
4.69379186	663	-0.071107 -0.015323  0.840835
4.69888782	661	-0.066798 -0.015083  0.844905
4.70397186	659	-0.066798 -0.021548  0.860707
4.70906782	658	-0.068473 -0.014844  0.860467
4.71415996	657	-0.063685 -0.019393  0.881536
4.71924781	657	-0.062009 -0.017238  0.888958
4.72432422	652	-0.056024 -0.009098  0.899014
4.72940778	651	-0.049799 -0.028970  0.908351
4.73448801	652	-0.044053 -0.021069  0.917928
4.73956394	647	-0.045489 -0.024421  0.926068
4.74465608	648	-0.045729 -0.029448  0.937320
4.74974012	647	-0.053630 -0.023224  0.955516
4.75483989	646	-0.040940 -0.028970  0.962699
4.75992822	644	-0.042377 -0.023942  0.982570
4.76501178	640	-0.044532 -0.024660  0.997175
4.77010393	641	-0.047165 -0.020111  1.002681
4.77519989	639	-0.042616 -0.028730  1.019680
4.78028011	635	-0.048841 -0.021069  1.040749
4.78536796	634	-0.048123 -0.026815  1.037876
4.79047584	633	-0.044771 -0.025857  1.057508
4.79557180	629	-0.044292 -0.020590  1.079295
4.80066013	628	-0.046686 -0.020351  1.091266
4.80575609	624	-0.054108 -0.020829  1.085999
4.81083583	622	-0.051954 -0.017956  1.119278
4.81593990	620	-0.053151 -0.016759  1.135319
4.82104778	616	-0.061052 -0.018435  1.155669
4.82613992	616	-0.060812 -0.011731  1.165725
4.83123588	615	-0.063446 -0.009816  1.181287
4.83632421	611	-0.064403 -0.000718  1.186794
4.84141206	608	-0.066319 -0.003112  1.204511
4.84650802	608	-0.072544 -0.005028  1.219594
4.85159587	605	-0.073262 -0.006464  1.233241
4.85669183	601	-0.073980 -0.001915  1.253112
4.86178398	596	-0.076374 0.000958  1.267956
4.86684417	595	-0.086190 0.009577  1.277054
4.87189197	591	-0.082839 0.006704  1.284237
4.87694787	590	-0.074459 0.002634  1.310094
4.88197994	588	-0.071825 0.010774  1.321586
4.88702011	586	-0.082360 0.009816  1.336669
4.89205598	584	-0.076614 0.002873  1.345767
4.89709615	579	-0.079247 0.004070  1.366836
4.90214014	575	-0.078529 0.008619  1.376173
4.90718412	575	-0.074938 0.006943  1.385271
4.91221618	571	-0.073022 0.006704  1.404425
4.91726779	568	-0.072544 0.004310  1.418311
4.92233180	565	-0.075417 0.002634  1.428127
4.92739582	561	-0.069910 0.008140  1.445604
4.93245983	559	-0.064164 0.001676  1.454223
4.93752384	553	-0.054348 0.002634  1.476968
4.94258022	549	-0.054587 0.000000  1.488221
4.94757986	548	-0.049799 -0.003591  1.481756
4.95266819	544	-0.048841 0.003112  1.497319
4.95771980	542	-0.042377 0.002873  1.501868
4.96275997	539	-0.047165 -0.006704  1.510008
4.96784782	538	-0.039504 -0.002155  1.530119
4.97293186	535	-0.033518 -0.003831  1.530837
4.97801589	530	-0.035913 -0.005507  1.546878
4.98309183	524	-0.043335 -0.008140  1.549272
4.98818016	521	-0.036870 -0.004788  1.564595
4.99326419	520	-0.028970 0.001676  1.576087
4.99830389	515	-0.044053 0.002394  1.572496
5.00335216	509	-0.044532 0.003352  1.582791
5.00840377	508	-0.041419 -0.003352  1.587340
5.01349210	505	-0.038067 0.002873  1.590213
5.01853179	503	-0.041180 0.003112  1.591888
5.02358007	500	-0.049320 0.007422  1.602902
5.02862787	496	-0.045250 0.007901  1.606732
5.03367614	490	-0.046447 0.007183  1.602662
5.03873205	487	-0.053390 0.006225  1.613436
5.04376411	485	-0.052672 0.021069  1.613197
5.04881620	478	-0.054587 0.020829  1.612957
5.05384778	474	-0.053151 0.015802  1.621098
5.05889177	473	-0.054587 0.027294  1.616309
5.06393623	470	-0.065361 0.029209  1.617267
5.06899213	466	-0.066558 0.026815  1.622534
5.07404422	464	-0.065361 0.025857  1.607930
5.07909202	459	-0.069671 0.035913  1.602184
5.08414793	455	-0.068234 0.035194  1.618464
5.08920383	452	-0.079726 0.035913  1.604099
5.09426403	450	-0.070389 0.038307  1.600508
5.09932804	448	-0.074219 0.036391  1.607930
5.10438013	446	-0.083317 0.044771  1.602423
5.10942792	440	-0.079008 0.042138  1.590931
5.11446809	437	-0.074938 0.040940  1.592846
5.11950778	433	-0.077093 0.042616  1.578002
5.12454795	431	-0.076135 0.046447  1.574172
5.12960004	428	-0.071346 0.046686  1.555018
##inga 
#ido(sec)  szog(ADC)     ax(g)    ay(g)   az(g)
5.13517999	422	-0.065840 0.031124  1.553582
5.14041996	421	-0.063446 0.033997  1.558131
5.14564800	416	-0.066798 0.036391  1.539695
5.15087604	412	-0.057939 0.037589  1.536823
5.15592002	411	-0.060333 0.034476  1.522457
5.16096782	409	-0.050038 0.029688  1.508811
5.16601991	406	-0.046926 0.034716  1.499952
5.17106819	401	-0.041419 0.036870  1.503783
5.17612791	401	-0.032082 0.027294  1.476250
5.18117189	397	-0.033518 0.024660  1.470264
5.18621587	393	-0.025139 0.025618  1.459012
5.19126796	389	-0.015323 0.025857  1.437704
5.19631576	387	-0.014844 0.018675  1.424536
5.20136022	385	-0.014604 0.019393  1.426690
5.20638799	382	-0.006943 0.017477  1.416874
5.21142387	379	-0.007661 0.014604  1.397481
5.21646022	374	-0.007661 0.014126  1.388144
5.22148799	372	-0.010295 0.023702  1.371864
5.22654008	369	-0.006464 0.024899  1.359175
5.23158788	366	-0.002873 0.024660  1.348880
5.23661994	364	-0.011253 0.016041  1.333796
5.24169206	360	-0.013647 0.026575  1.306263
5.24675607	359	-0.012450 0.024181  1.297165
5.25182008	357	-0.010534 0.025618  1.288067
5.25685977	354	-0.015083 0.029688  1.270111
5.26191186	352	-0.020111 0.029927  1.260295
5.26694393	347	-0.011013 0.030645  1.235874
5.27198791	346	-0.016759 0.039983  1.228692
5.27703189	343	-0.017717 0.033518  1.215524
5.28207206	342	-0.026575 0.039983  1.196131
5.28712415	339	-0.031364 0.041180  1.171471
5.29217195	337	-0.034716 0.042377  1.170753
5.29722023	334	-0.037349 0.046926  1.158782
5.30225992	332	-0.045968 0.047644  1.135079
5.30731201	329	-0.045968 0.056263  1.114490
5.31236410	326	-0.053869 0.058179  1.101561
5.31742382	322	-0.056503 0.055784  1.086238
5.32247591	323	-0.060812 0.060573  1.078577
5.32752799	323	-0.055306 0.061770  1.066127
5.33257579	321	-0.060333 0.068234  1.048889
5.33761978	320	-0.062249 0.063446  1.038355
5.34265184	319	-0.067037 0.068952  1.015610
5.34768390	317	-0.063206 0.067516  1.008667
5.35273599	314	-0.063685 0.061530  1.004357
5.35777616	312	-0.061052 0.066558  0.980894
5.36281204	312	-0.055784 0.058418  0.967008
5.36786794	311	-0.052432 0.060573  0.962699
5.37293195	307	-0.052193 0.059136  0.946897
5.37798023	307	-0.049320 0.050038  0.936363
5.38302421	304	-0.034237 0.051714  0.918885
5.38808822	301	-0.040701 0.048123  0.910266
5.39313983	302	-0.029927 0.051954  0.906436
5.39817619	299	-0.024181 0.044053  0.875551
5.40321588	298	-0.015323 0.044053  0.879860
5.40825605	299	-0.017238 0.039504  0.862383
5.41329193	297	-0.003831 0.040462  0.852327
5.41832399	294	-0.005267 0.036631  0.847060
5.42335176	295	-0.001197 0.037349  0.840117
5.42839622	291	-0.004549 0.036391  0.842272
5.43342399	291	0.004788 0.027772  0.821921
5.43843603	292	0.001197 0.030167  0.818569
5.44347190	291	0.008140 0.034237  0.800852
5.44849205	288	0.008140 0.031364  0.792712
5.45351600	289	0.007901 0.028730  0.793909
5.45853185	287	0.013407 0.032321  0.791276
5.46355581	288	0.005267 0.030406  0.787206
5.46857976	288	0.006943 0.037349  0.779544
5.47359991	288	0.003831 0.029448  0.772362
5.47862386	285	0.001437 0.030645  0.765179
5.48364400	286	-0.001676 0.033040  0.756560
5.48867607	287	-0.007661 0.041659  0.759433
5.49372386	287	-0.005746 0.045250  0.761348
5.49876403	285	-0.008619 0.043574  0.745786
5.50382804	285	-0.016041 0.047405  0.756560
5.50888395	284	-0.014365 0.046926  0.745307
5.51393604	285	-0.024421 0.056503  0.746744
5.51899194	286	-0.031364 0.051475  0.745786
5.52403593	284	-0.032800 0.053151  0.749138
5.52906417	284	-0.037349 0.053151  0.755602
5.53409576	285	-0.041898 0.060812  0.748180
5.53912782	284	-0.046447 0.056503  0.757757
5.54417610	286	-0.045489 0.062249  0.754884
5.54921197	287	-0.049799 0.062009  0.761109
5.55424785	287	-0.052193 0.064882  0.761588
5.55930423	286	-0.058179 0.062727  0.762067
5.56435585	288	-0.058179 0.058657  0.767813
5.56939601	288	-0.056263 0.060812  0.761588
5.57447576	289	-0.045729 0.056503  0.773559
5.57953977	289	-0.052193 0.058418  0.779065
5.58459186	289	-0.045729 0.054108  0.784332
5.58964014	291	-0.040701 0.062009  0.786487
5.59465980	292	-0.044292 0.058418  0.793430
5.59969615	293	-0.040462 0.057460  0.804204
5.60473585	294	-0.037828 0.051954  0.813063
5.60977602	295	-0.032561 0.043813  0.820963
5.61481618	296	-0.026336 0.053869  0.822161
5.61986780	296	-0.024899 0.042377  0.824076
5.62491178	298	-0.021787 0.037828  0.838680
5.62996006	297	-0.014365 0.032800  0.857115
5.63500404	300	-0.009816 0.033997  0.852806
5.64005184	303	-0.010534 0.030645  0.878903
##inga 
#ido(sec)  szog(ADC)     ax(g)    ay(g)   az(g)
5.64565181	302	-0.006225 0.030645  0.878663
5.65087985	304	-0.007661 0.026575  0.895662
5.65609598	304	0.002155 0.031843  0.906436
5.66131210	306	0.004549 0.024421  0.918406
5.66631603	310	0.004549 0.028251  0.924631
5.67133617	312	0.000718 0.029209  0.945461
5.67634820	314	-0.003352 0.022026  0.958150
5.68138408	316	-0.003591 0.025857  0.957671
5.68641614	317	-0.006464 0.028251  0.981613
5.69144821	316	-0.007901 0.028012  0.983049
5.69649219	320	-0.007901 0.031364  1.003400
5.70153617	320	-0.015562 0.024660  1.026623
5.70658779	321	-0.016999 0.023463  1.022793
5.71165990	320	-0.021069 0.036152  1.043622
5.71672010	325	-0.027054 0.041180  1.057748
5.72175979	328	-0.028012 0.037349  1.069958
5.72680807	328	-0.030645 0.035434  1.079295
5.73183584	331	-0.035194 0.041898  1.103716
5.73687601	334	-0.039743 0.044292  1.115447
5.74191999	335	-0.045250 0.046926  1.123348
5.74696016	337	-0.049320 0.042377  1.144177
5.75199604	340	-0.050517 0.050038  1.158782
5.75704002	341	-0.054348 0.052193  1.180329
5.76209592	345	-0.059376 0.054587  1.185597
5.76714801	348	-0.057460 0.050517  1.215045
5.77219581	350	-0.061770 0.047405  1.221030
5.77725982	351	-0.057700 0.050996  1.230847
5.78232002	354	-0.062488 0.055066  1.253831
5.78738403	356	-0.060333 0.050996  1.264365
5.79243993	359	-0.059136 0.045011  1.270829
5.79748821	361	-0.056263 0.044053  1.290940
5.80252408	364	-0.056263 0.045729  1.306981
5.80757617	366	-0.055784 0.042377  1.317755
5.81261587	370	-0.054827 0.042377  1.331642
5.81765222	372	-0.057221 0.036152  1.345767
5.82269620	378	-0.056981 0.043095  1.356541
5.82774019	381	-0.044053 0.043095  1.370427
5.83278799	382	-0.046926 0.037828  1.391975
5.83782815	384	-0.039983 0.024660  1.402270
5.84287595	388	-0.044771 0.023224  1.412565
5.84793996	391	-0.029688 0.031843  1.429085
5.85300397	395	-0.035434 0.026815  1.438661
5.85806417	397	-0.036152 0.025139  1.455420
5.86312818	400	-0.032800 0.022505  1.464279
5.86817598	405	-0.025618 0.023224  1.471222
5.87321996	407	-0.025378 0.016041  1.488939
5.87828016	409	-0.020829 0.018675  1.489657
5.88332796	409	-0.019872 0.007422  1.505698
5.88836812	414	-0.020111 0.001915  1.500192
5.89342021	416	-0.015083 0.003591  1.523894
5.89845991	420	-0.017956 0.009098  1.529879
5.90350389	424	-0.018196 0.010295  1.547117
5.90856409	426	-0.026097 0.004549  1.544484
5.91361999	430	-0.019632 0.012689  1.555497
5.91867589	433	-0.025618 0.009577  1.563877
5.92373991	435	-0.025857 0.004070  1.569623
5.92880392	438	-0.027054 0.003591  1.582791
5.93386793	443	-0.032321 0.008380  1.583748
5.93892812	448	-0.036391 0.001915  1.583030
5.94397211	450	-0.040462 0.014126  1.583748
5.94900417	452	-0.033758 0.011971  1.587819
5.95404386	456	-0.045011 0.018675  1.598353
5.95909214	456	-0.043335 0.010295  1.600508
5.96413993	460	-0.052911 0.010295  1.597635
5.96919584	464	-0.061291 0.011731  1.597395
5.97424793	464	-0.067516 0.014844  1.610803
5.97930812	469	-0.074219 0.019153  1.602902
5.98435592	474	-0.073262 0.023463  1.607690
5.98941612	475	-0.080444 0.027054  1.613676
5.99446821	480	-0.089542 0.024899  1.604338
5.99952793	481	-0.095528 0.030167  1.600747
6.00459623	489	-0.100555 0.032321  1.603141
6.00964403	490	-0.101753 0.028491  1.600268
6.01470422	495	-0.099837 0.028491  1.591170
6.01974010	501	-0.102950 0.037589  1.594283
6.02477979	503	-0.100795 0.027054  1.584706
6.02981185	503	-0.094331 0.023463  1.580636
6.03485202	507	-0.098880 0.029448  1.577524
6.03989219	509	-0.096246 0.028251  1.588537
6.04493618	516	-0.096964 0.020111  1.573932
6.04998779	517	-0.088585 0.013886  1.566271
6.05502414	522	-0.075656 0.010295  1.555258
6.06007194	527	-0.073741 0.006225  1.554779
6.06513595	529	-0.065122 0.002155  1.539695
6.07019615	534	-0.064643 0.007661  1.523176
6.07525205	536	-0.055784 -0.001915  1.528443
6.08034420	537	-0.050757 -0.005507  1.528682
6.08542823	541	-0.056742 -0.005746  1.499952
6.09052419	544	-0.040701 -0.018196  1.499952
6.09561586	549	-0.039743 -0.020829  1.493009
6.10070800	549	-0.031124 -0.023463  1.468828
6.10579586	550	-0.027533 -0.022505  1.459969
6.11089611	559	-0.026815 -0.024899  1.444886
6.11599206	562	-0.023224 -0.034716  1.444886
6.12109184	564	-0.026815 -0.035673  1.431718
6.12618780	568	-0.023463 -0.032082  1.417832
6.13126420	568	-0.024181 -0.030406  1.409213
6.13634014	574	-0.021548 -0.028970  1.388623
6.14144420	575	-0.024181 -0.034716  1.372821
6.14652776	576	-0.031364 -0.033040  1.350316
6.15160799	581	-0.032561 -0.020829  1.345767
##inga 
#ido(sec)  szog(ADC)     ax(g)    ay(g)   az(g)
6.15723180	584	-0.037589 -0.025618  1.340021
6.16247177	587	-0.039504 -0.024899  1.319431
6.16770792	589	-0.041419 -0.023702  1.304587
6.17294406	589	-0.049320 -0.019153  1.291180
6.17803621	593	-0.057460 -0.014844  1.277054
6.18313217	596	-0.063925 -0.020590  1.253591
6.18822002	601	-0.066079 -0.020829  1.254070
6.19329977	602	-0.073501 -0.008858  1.230128
6.19837617	606	-0.079966 -0.005267  1.218158
6.20346784	608	-0.086430 -0.006704  1.210736
6.20855998	609	-0.088824 -0.009337  1.193019
6.21364784	611	-0.095528 -0.006943  1.174823
6.21873617	616	-0.099598 -0.002155  1.161415
6.22382783	618	-0.096725 0.009816  1.155191
6.22888422	619	-0.102950 -0.000718  1.133404
6.23397207	622	-0.104626 0.000239  1.131249
6.23903179	624	-0.109653 0.005267  1.099885
6.24409198	626	-0.100795 0.006943  1.085999
6.24913215	627	-0.105583 0.002634  1.072113
6.25418376	629	-0.101274 0.006704  1.067085
6.25923585	630	-0.096964 -0.005746  1.042185
6.26430797	634	-0.092655 -0.000958  1.036679
6.26939201	634	-0.096007 0.001197  1.028299
6.27441978	637	-0.088585 -0.011492  1.003160
6.27949190	638	-0.087387 -0.012929  1.006273
6.28458786	641	-0.077571 -0.012450  0.983528
6.28966808	642	-0.076614 -0.013168  0.974909
6.29475593	646	-0.065600 -0.020111  0.959347
6.29984378	647	-0.062488 -0.026097  0.950967
6.30493211	647	-0.054587 -0.030167  0.930377
6.31002807	649	-0.054108 -0.031603  0.926786
6.31511211	650	-0.045968 -0.031603  0.919843
6.32020378	652	-0.040222 -0.030645  0.908830
6.32530021	654	-0.044292 -0.035194  0.897338
6.33039617	655	-0.031603 -0.044532  0.883451
6.33548784	657	-0.035194 -0.036631  0.876987
6.34059190	656	-0.029448 -0.044532  0.874114
6.34568405	659	-0.031843 -0.047884  0.856158
6.35078382	657	-0.028012 -0.043335  0.848975
6.35587596	660	-0.025857 -0.040462  0.842750
6.36097621	660	-0.026336 -0.042856  0.836526
6.36606788	663	-0.034955 -0.047165  0.820963
6.37118005	664	-0.031843 -0.047644  0.810668
6.37627983	665	-0.036631 -0.049799  0.804683
6.38138008	665	-0.035434 -0.042377  0.808993
6.38647985	666	-0.039265 -0.034237  0.808514
6.39158391	664	-0.045489 -0.038546  0.793191
6.39667606	665	-0.049320 -0.034237  0.778347
6.40178012	664	-0.054108 -0.031364  0.794388
6.40685987	667	-0.053630 -0.028970  0.791754
6.41194391	666	-0.058657 -0.028251  0.782657
6.41702795	666	-0.066079 -0.028730  0.781938
6.42211198	668	-0.068234 -0.018914  0.783614
6.42719984	666	-0.071825 -0.018196  0.778108
6.43229198	667	-0.080923 -0.020111  0.779784
6.43737220	668	-0.086909 -0.019153  0.776671
6.44244813	665	-0.085472 -0.007901  0.782178
6.44753217	668	-0.080684 -0.015083  0.775953
6.45261192	668	-0.090260 -0.010774  0.780741
6.45768404	668	-0.092655 -0.012929  0.780741
6.46276807	665	-0.090500 -0.009816  0.784332
6.46784400	667	-0.091697 -0.005985  0.789600
6.47292423	666	-0.095767 -0.000479  0.777629
6.47801208	665	-0.091936 -0.003591  0.788881
6.48309612	664	-0.094091 -0.006225  0.793909
6.48817586	664	-0.092655 -0.006464  0.798698
6.49326801	664	-0.093852 -0.005746  0.796782
6.49836397	665	-0.081641 -0.007422  0.805880
6.50344800	664	-0.081402 -0.015802  0.815936
6.50854015	663	-0.072544 -0.010534  0.816654
6.51362800	662	-0.075417 -0.012210  0.826709
6.51871585	662	-0.071346 -0.015083  0.828625
6.52380800	660	-0.066319 -0.025139  0.837244
6.52891206	659	-0.058179 -0.020590  0.842750
6.53400802	658	-0.055306 -0.027294  0.848736
6.53912401	658	-0.046208 -0.023702  0.854482
6.54421997	655	-0.047405 -0.024899  0.865495
6.54930782	654	-0.041180 -0.026336  0.876987
6.55441188	653	-0.037828 -0.026336  0.882254
6.55951976	652	-0.044053 -0.030406  0.892070
6.56459999	651	-0.036631 -0.040701  0.904281
6.56967592	647	-0.039504 -0.032561  0.919364
6.57476806	647	-0.030406 -0.036152  0.925828
6.57984399	645	-0.031843 -0.032082  0.934447
6.58493614	645	-0.030167 -0.030645  0.949291
6.59001207	644	-0.036152 -0.038546  0.959107
6.59510803	641	-0.028012 -0.041659  0.976346