2.58514809	802	-0.076853 -0.032800  0.340213
2.59036803	803	-0.082360 -0.037589  0.327763
2.59545993	802	-0.074219 -0.039504  0.319623
2.60054802	804	-0.074938 -0.033279  0.304779
2.60563993	803	-0.069671 -0.033997  0.304061
2.61072802	806	-0.067037 -0.042377  0.292329
2.61580801	807	-0.058657 -0.048123  0.284428
2.62089610	804	-0.056263 -0.056024  0.284668
2.62597608	809	-0.053151 -0.047884  0.289217
2.63106393	807	-0.051475 -0.046208  0.279401
2.63614010	809	-0.062488 -0.047644  0.271500
2.64121603	808	-0.050996 -0.045489  0.279640
2.64628410	810	-0.049559 -0.042377  0.269345
2.65137600	810	-0.044053 -0.049799  0.267908
2.65646409	810	-0.044053 -0.054827  0.280837
2.66155195	808	-0.038786 -0.052911  0.279401
2.66664791	811	-0.041419 -0.048841  0.285625
2.67173600	810	-0.040462 -0.043813  0.286104
2.67682409	810	-0.040462 -0.045011  0.285865
2.68191599	810	-0.030885 -0.045729  0.302624
2.68700790	809	-0.039743 -0.050757  0.301666
2.69209599	804	-0.044532 -0.041419  0.320341
2.69718790	805	-0.040940 -0.050278  0.321538
2.70228004	800	-0.043335 -0.045250  0.334706
2.70737600	800	-0.049320 -0.036391  0.345959
2.71247196	799	-0.048841 -0.034476  0.368225
2.71757602	798	-0.051475 -0.036391  0.372534
2.72266793	799	-0.056742 -0.034716  0.386420
2.72777605	797	-0.055066 -0.038786  0.399588
2.73287606	796	-0.054108 -0.035194  0.414911
2.73796391	796	-0.063206 -0.032800  0.434543
2.74304795	795	-0.057700 -0.033279  0.459443
2.74815201	792	-0.061770 -0.031124  0.466625
2.75325608	789	-0.062488 -0.028012  0.491046
2.75833606	788	-0.054827 -0.027054  0.501580
2.76341605	786	-0.066319 -0.028012  0.541324
2.76851201	784	-0.068952 -0.030167  0.563829
2.77360796	783	-0.065600 -0.028730  0.574124
2.77868390	784	-0.071825 -0.031364  0.595671
2.78378391	780	-0.064164 -0.028970  0.637569
2.78886389	779	-0.071825 -0.028491  0.637809
2.79396796	780	-0.070868 -0.022505  0.672524
2.79905605	775	-0.069671 -0.029448  0.705803
2.80414791	774	-0.079966 -0.013647  0.718253
2.80924797	772	-0.077093 -0.026815  0.759194
2.81434392	770	-0.073741 -0.027772  0.801810
2.81942796	769	-0.079966 -0.026336  0.806598
2.82452392	762	-0.080444 -0.021069  0.844426
2.82960796	761	-0.078050 -0.017477  0.868608
2.83469200	756	-0.076614 -0.017717  0.913858
2.83978004	752	-0.078050 -0.018196  0.936602
2.84487199	752	-0.079008 -0.022505  0.971557
2.84995603	748	-0.082839 -0.009577  1.006273
2.85505599	747	-0.069910 -0.015323  1.046734
2.86014795	741	-0.074938 -0.019872  1.079295
2.86524791	742	-0.070389 -0.023702  1.111856
2.87033195	737	-0.071346 -0.016520  1.156148
2.87543601	732	-0.076374 -0.014844  1.181048
2.88054800	731	-0.070389 -0.019632  1.218636
2.88563613	729	-0.067276 -0.024660  1.253352
2.89072399	725	-0.071346 -0.018196  1.303630
2.89582395	721	-0.069910 -0.022505  1.345049
2.90091991	717	-0.061530 -0.021548  1.372343
2.90602397	714	-0.062488 -0.030167  1.409213
2.91112804	709	-0.057700 -0.026097  1.448477
2.91621589	702	-0.066319 -0.017717  1.494206
2.92132396	700	-0.064643 -0.018196  1.532034
2.92643184	697	-0.058179 -0.025618  1.561483
2.93156003	694	-0.059615 -0.022984  1.610563
2.93666791	689	-0.058179 -0.020590  1.640730
2.94176788	685	-0.060094 -0.019872  1.677361
2.94686393	681	-0.056981 -0.021069  1.714949
2.95195598	676	-0.054108 -0.019632  1.755650
2.95704793	673	-0.055784 -0.022026  1.789648
2.96216011	668	-0.057221 -0.016280  1.832264
2.96726398	664	-0.056981 -0.010056  1.872726
2.97235603	658	-0.061291 -0.010056  1.917018
2.97744388	652	-0.066319 -0.013407  1.957240
2.98253993	646	-0.067516 -0.011013  1.961250
2.98763990	643	-0.060094 -0.003591  1.961250
2.99271602	637	-0.063925 -0.011013  1.961250
2.99781208	634	-0.066558 0.006943  1.961250
3.00284790	627	-0.064643 -0.007422  1.961250
3.00793600	623	-0.066798 -0.005267  1.961250
3.01301193	615	-0.081163 0.010774  1.961250
3.01805996	612	-0.070389 0.001437  1.961250
3.02310395	606	-0.087866 0.007901  1.961250
3.02814793	600	-0.083317 0.012210  1.961250
3.03318810	594	-0.083796 0.009098  1.961250
3.03823995	589	-0.091218 0.014126  1.961250
3.04329204	584	-0.087148 0.009816  1.961250
3.04834008	579	-0.092415 0.022505  1.961250
3.05340790	573	-0.097443 0.028491  1.961250
3.05845594	571	-0.087866 0.028251  1.961250
3.06350803	564	-0.088106 0.021069  1.961250
3.06855607	557	-0.093373 0.023224  1.961250
3.07359600	553	-0.093373 0.023942  1.961250
3.07863998	547	-0.095049 0.034955  1.961250
3.08367991	539	-0.089782 0.037828  1.961250
##inga 
#ido(sec)  szog(ADC)     ax(g)    ay(g)   az(g)
3.08925199	536	-0.095049 0.010774  1.961250
3.09446001	529	-0.099358 0.034237  1.961250
3.09968805	524	-0.086190 0.046926  1.961250
3.10489606	515	-0.088824 0.035194  1.961250
3.10994410	510	-0.095528 0.026336  1.961250
3.11499190	504	-0.081163 0.018914  1.961250
3.12004399	502	-0.072304 0.040940  1.961250
3.12508392	492	-0.079487 0.059854  1.961250
3.13012790	486	-0.082360 0.038546  1.961250
3.13516402	478	-0.075417 0.013407  1.961250
3.14021611	475	-0.063206 0.025139  1.961250
3.14524793	471	-0.060573 0.036631  1.961250
3.15027594	462	-0.056742 0.043335  1.961250
3.15531611	458	-0.053630 0.032082  1.961250
3.16036009	450	-0.031124 0.014844  1.961250
3.16541600	448	-0.042616 0.017717  1.961250
3.17045211	444	-0.034476 0.037349  1.961250
3.17549204	438	-0.030645 0.028730  1.961250
3.18053603	431	-0.026815 0.022505  1.961250
3.18558788	425	-0.014844 0.010056  1.961250
3.19063997	421	-0.018435 0.025139  1.961250
3.19570398	415	-0.026097 0.034955  1.961250
3.20075607	410	-0.001437 0.019632  1.961250
3.20581197	405	-0.010056 0.017717  1.961250
3.21085596	400	-0.022745 0.028491  1.961250
3.21590805	396	-0.019393 0.029927  1.961250
3.22095608	386	-0.016520 0.025139  1.961250
3.22599601	385	-0.030885 0.029448  1.961250
3.23104000	376	-0.028491 0.030645  1.961250
3.23608398	372	-0.028491 0.036152  1.961250
3.24112391	368	-0.031603 0.045250  1.961250
3.24615597	360	-0.044053 0.046208  1.961250
3.25119996	357	-0.039743 0.044292  1.961250
3.25623989	349	-0.041659 0.049559  1.961250
3.26128411	345	-0.053869 0.061052  1.961250
3.26634407	340	-0.054827 0.058179  1.961250
3.27139210	336	-0.054587 0.061052  1.961250
3.27643990	332	-0.051714 0.062727  1.961250
3.28148388	325	-0.045729 0.066079  1.961250
3.28652811	323	-0.055784 0.061770  1.961250
3.29156398	318	-0.048123 0.061530  1.961250
3.29658794	314	-0.054348 0.061770  1.961250
3.30163192	310	-0.048841 0.064403  1.961250
3.30667591	306	-0.051714 0.068952  1.961250
3.31172394	299	-0.054108 0.069671  1.924679
3.31675601	295	-0.043095 0.063206  1.890203
3.32179999	290	-0.050278 0.060333  1.855009
3.32684803	286	-0.047165 0.073022  1.816223
3.33189988	285	-0.045250 0.074938  1.780550
3.33695197	276	-0.054587 0.075177  1.742482
3.34200406	274	-0.059615 0.070389  1.713992
3.34705209	271	-0.048123 0.076374  1.665629
3.35209608	269	-0.046686 0.073262  1.623492
3.35713601	266	-0.043335 0.066558  1.598113
3.36217188	263	-0.043095 0.070628  1.565792
3.36720800	258	-0.039983 0.073980  1.520542
3.37224793	255	-0.046686 0.067037  1.487981
3.37727999	253	-0.045489 0.077811  1.427887
3.38232803	247	-0.039743 0.064403  1.416395
3.38738799	244	-0.030406 0.077332  1.361569
3.39243602	236	-0.040701 0.077571  1.311770
3.39748001	238	-0.027054 0.076135  1.295729
3.40253591	236	-0.016759 0.058657  1.248803
3.40759205	230	-0.035913 0.060333  1.195413
3.41263604	227	-0.014844 0.064164  1.171232
3.41768789	223	-0.017477 0.067755  1.138192
3.42273211	221	-0.022026 0.067516  1.107307
3.42776393	219	-0.011731 0.059854  1.059663
3.43280410	215	-0.002155 0.054587  1.024947
3.43783593	214	-0.006225 0.057939  1.002203
3.44287610	209	0.000479 0.061530  0.978500
3.44787192	207	-0.003112 0.057221  0.921040
3.45291996	204	0.005507 0.055545  0.892549
3.45794391	202	0.005028 0.050278  0.869805
3.46297192	201	0.012689 0.050038  0.838441
3.46800398	201	0.011013 0.059615  0.798219
3.47302794	200	0.011253 0.059615  0.773319
3.47806000	199	0.013647 0.047644  0.744589
3.48307991	193	0.016759 0.054827  0.731900
3.48810005	190	0.011492 0.062009  0.694072
3.49313211	189	0.016041 0.058418  0.657920
3.49816393	183	0.014844 0.048602  0.643794
3.50318789	179	0.008858 0.050278  0.614346
3.50821208	178	0.000958 0.058418  0.581546
3.51322793	176	0.000958 0.061530  0.565744
3.51825189	176	-0.000718 0.068473  0.538451
3.52329206	175	0.007422 0.059136  0.525043
3.52830791	174	-0.004788 0.068952  0.502059
3.53334403	172	-0.012450 0.069431  0.481469
3.53837990	171	-0.012929 0.072065  0.455612
3.54342389	168	-0.022984 0.073262  0.439810
3.54844808	166	-0.019393 0.071107  0.423769
3.55349588	167	-0.022745 0.076614  0.415869
3.55855607	165	-0.028730 0.080205  0.390969
3.56358790	162	-0.027054 0.082360  0.373252
3.56862401	159	-0.036391 0.079487  0.350747
3.57367205	160	-0.027533 0.073741  0.351465
3.57872796	159	-0.029688 0.087148  0.342128
3.58378410	158	-0.035913 0.084514  0.321059
3.58884000	159	-0.036391 0.080205  0.314116
3.59387207	157	-0.025378 0.079726  0.299751
##inga 
#ido(sec)  szog(ADC)     ax(g)    ay(g)   az(g)
3.59945201	156	-0.030167 0.078768  0.288020
3.60468006	157	-0.027294 0.083796  0.274612
3.60989594	157	-0.029448 0.080684  0.276767
3.61509203	154	-0.020111 0.069671  0.265275
3.62013196	154	-0.014365 0.073501  0.266951
3.62518000	154	-0.010774 0.069671  0.261684
3.63021206	156	-0.009816 0.060812  0.259289
3.63525605	156	-0.003352 0.063446  0.259529
3.64031195	156	-0.002394 0.062009  0.248276
3.64535999	152	0.006464 0.058418  0.255938
3.65039205	155	0.007183 0.062249  0.253304
3.65542411	156	0.011253 0.058657  0.266711
3.66046810	156	0.012689 0.049081  0.255459
3.66549611	154	0.016520 0.050996  0.261205
3.67051196	156	0.023702 0.057221  0.271979
3.67553210	155	0.018196 0.044771  0.274373
3.68055200	157	0.019872 0.040940  0.276049
3.68557596	157	0.022505 0.043095  0.294723
3.69059205	159	0.025378 0.045489  0.294484
3.69562411	160	0.016280 0.047884  0.298315
3.70064806	160	0.018914 0.047884  0.323453
3.70567989	158	0.014604 0.053630  0.334227
3.71070790	159	0.011731 0.057460  0.333030
3.71571993	160	0.008380 0.057939  0.348113
3.72073602	160	-0.002634 0.057700  0.374928
3.72575998	163	0.002634 0.056503  0.381153
3.73078393	165	-0.004788 0.054587  0.399349
3.73581194	167	-0.008140 0.066798  0.407968
3.74084401	168	-0.010295 0.068473  0.430713
3.74588799	169	-0.015562 0.066798  0.450584
3.75093603	170	-0.023224 0.067755  0.467104
3.75599193	173	-0.022505 0.070149  0.488412
3.76104402	174	-0.024660 0.067755  0.502059
3.76609992	174	-0.027294 0.070868  0.530071
3.77115607	176	-0.031364 0.075895  0.547309
3.77620792	179	-0.026097 0.066798  0.572927
3.78125190	182	-0.029209 0.073501  0.604769
3.78629207	185	-0.033279 0.070868  0.624162
3.79133200	188	-0.035673 0.070628  0.649780
3.79635596	187	-0.031603 0.065122  0.678270
3.80139207	192	-0.032800 0.072304  0.705085
3.80642395	194	-0.030885 0.071346  0.730703
3.81146001	195	-0.030167 0.071107  0.761348
3.81649990	195	-0.039743 0.072304  0.784332
3.82155208	200	-0.031603 0.068473  0.814260
3.82659196	201	-0.027054 0.062727  0.856397
3.83165187	205	-0.034716 0.068234  0.873875
3.83671588	206	-0.027772 0.071346  0.906196
3.84177589	208	-0.028012 0.060094  0.939954
3.84682006	213	-0.021308 0.063446  0.977782
3.85186786	215	-0.021069 0.062249  0.998851
3.85690803	217	-0.018435 0.055784  1.031890
3.86195583	220	-0.019632 0.058657  1.080253
3.86700801	225	-0.016280 0.052672  1.117123
3.87204408	228	-0.009816 0.050996  1.145614
3.87707996	230	-0.017477 0.049320  1.191822
3.88213205	236	-0.014604 0.049799  1.233959
3.88718013	238	-0.008619 0.047884  1.258380
3.89222002	241	-0.005267 0.042138  1.297644
3.89726400	245	-0.002394 0.044292  1.333557
3.90231609	249	-0.011971 0.049799  1.370188
3.90739612	252	-0.009816 0.044532  1.405143
3.91246013	255	-0.000718 0.046686  1.461885
3.91750001	259	-0.011013 0.044771  1.475053
3.92254810	259	-0.010534 0.044532  1.515514
3.92758798	263	-0.009816 0.038307  1.561004
3.93262405	266	-0.015323 0.041898  1.597874
3.93767185	271	-0.010056 0.043574  1.635223
3.94269990	274	-0.020111 0.048841  1.668263
3.94774389	276	-0.019393 0.047165  1.708485
3.95280408	284	-0.023942 0.050996  1.764030
3.95784807	290	-0.033279 0.047165  1.790605
3.96289615	295	-0.028970 0.045968  1.842320
3.96794395	296	-0.039025 0.042138  1.866980
3.97298793	300	-0.033040 0.054348  1.904089
3.97803592	306	-0.044532 0.054348  1.935214
3.98309993	312	-0.048123 0.049081  1.961250
3.98815994	318	-0.053869 0.054348  1.961250
3.99320411	319	-0.053390 0.054827  1.961250
3.99824810	326	-0.059136 0.057221  1.961250
4.00328397	330	-0.064164 0.057221  1.961250
4.00831985	336	-0.065122 0.057700  1.961250
4.01336383	339	-0.064164 0.057939  1.961250
4.01841211	345	-0.068473 0.055784  1.961250
4.02345180	351	-0.074459 0.055066  1.961250
4.02849578	353	-0.075417 0.059615  1.961250
4.03353977	357	-0.080923 0.056503  1.961250
4.03858804	366	-0.076135 0.047884  1.961250
4.04363584	371	-0.079247 0.049320  1.961250
4.04868412	379	-0.081402 0.053630  1.961250
4.05372381	382	-0.073980 0.051235  1.961250
4.05876398	387	-0.069910 0.049320  1.961250
4.06379985	393	-0.073980 0.050996  1.961250
4.06882810	394	-0.070628 0.051235  1.961250
4.07386016	404	-0.064882 0.047884  1.961250
4.07889986	408	-0.068473 0.033040  1.961250
4.08393621	410	-0.066079 0.034237  1.961250
4.08898019	418	-0.061770 0.035673  1.961250
4.09402418	424	-0.060333 0.033040  1.961250
4.09906005	428	-0.062488 0.034955  1.961250
4.10411214	432	-0.063685 0.024421  1.961250
##inga 
#ido(sec)  szog(ADC)     ax(g)    ay(g)   az(g)
4.10969209	439	-0.062967 0.020829  1.961250
4.11490392	447	-0.051714 0.019632  1.961250
4.12014818	451	-0.058897 0.032082  1.961250
4.12536001	455	-0.060812 0.011492  1.961250
4.13040399	460	-0.052672 0.013407  1.961250
4.13544797	466	-0.056263 0.017477  1.961250
4.14049577	473	-0.050757 0.017238  1.961250
4.14554405	478	-0.045968 0.005267  1.961250
4.15057992	483	-0.049320 0.005507  1.961250
4.15562009	489	-0.044292 0.006464  1.961250
4.16064786	494	-0.049320 0.002634  1.961250
4.16568803	502	-0.049081 -0.010295  1.961250
4.17076015	505	-0.042138 -0.010056  1.961250
4.17584800	511	-0.045250 -0.007183  1.961250
4.18093204	520	-0.045489 -0.008619  1.961250
4.18601179	526	-0.043574 -0.006464  1.961250
4.19110012	531	-0.049799 -0.005028  1.961250
4.19618797	536	-0.054108 0.001437  1.961250
4.20124816	542	-0.048602 -0.011971  1.961250
4.20633220	546	-0.044532 -0.017238  1.961250
4.21142816	552	-0.053630 -0.007183  1.961250
4.21651983	557	-0.052672 -0.005267  1.961250
4.22160387	564	-0.050038 -0.005267  1.961250
4.22667598	568	-0.058179 -0.014844  1.961250
4.23177194	575	-0.067995 0.000718  1.961250
4.23681211	580	-0.067516 -0.008380  1.961250
4.24189615	585	-0.073262 -0.002634  1.961250
4.24698019	590	-0.085233 -0.005267  1.961250
4.25206804	591	-0.076614 -0.001915  1.961250
4.25714778	596	-0.094331 0.006464  1.961250
4.26218795	600	-0.088106 0.003352  1.961250
4.26722383	612	-0.105823 -0.007183  1.961250
4.27230787	617	-0.114921 0.012450  1.961250
4.27735996	620	-0.109893 0.005746  1.961250
4.28239583	625	-0.117554 0.017956  1.961250
4.28744411	631	-0.123061 0.014844  1.961250
4.29249191	638	-0.119948 0.013886  1.961250
4.29755210	641	-0.127370 0.017956  1.961250
4.30260419	644	-0.128567 0.011492  1.961250
4.30766820	649	-0.121624 0.008380  1.957958
4.31271600	656	-0.131440 0.012450  1.904568
4.31776380	660	-0.113245 0.011731  1.861712
4.32281208	663	-0.109174 0.004070  1.845911
4.32785987	670	-0.116357 0.000239  1.795394
4.33291196	674	-0.111329 -0.008140  1.756847
4.33800411	679	-0.103668 -0.007183  1.731948
4.34310007	682	-0.098880 -0.007661  1.704415
4.34817981	685	-0.087866 -0.005746  1.642645
4.35326004	690	-0.087866 -0.012450  1.609845
4.35835981	695	-0.074698 -0.024421  1.575369
4.36345577	699	-0.076374 -0.032082  1.550948
4.36853981	701	-0.066798 -0.033279  1.484390
4.37362813	703	-0.063685 -0.034476  1.463082
4.37871599	710	-0.047165 -0.040940  1.437943
4.38380384	713	-0.043574 -0.050517  1.395087
4.38890790	715	-0.038786 -0.048841  1.342176
4.39400815	721	-0.037349 -0.043095  1.299081
4.39909219	723	-0.033758 -0.052193  1.280167
4.40418004	729	-0.038067 -0.052193  1.241142
4.40928411	732	-0.033518 -0.052911  1.187273
4.41438817	733	-0.039504 -0.051954  1.142980
4.41946792	736	-0.036152 -0.047165  1.125982
4.42456817	740	-0.033997 -0.053630  1.101561
4.42966794	744	-0.043813 -0.052432  1.059902
4.43476819	746	-0.040701 -0.055066  1.031651
4.43985605	749	-0.040222 -0.049559  1.003639
4.44495201	748	-0.047884 -0.047884  0.966051
4.45004796	752	-0.047884 -0.049559  0.938757
4.45514011	753	-0.055306 -0.042138  0.887761
4.46023988	760	-0.063685 -0.034716  0.853045
4.46532821	761	-0.066079 -0.040940  0.831258
4.47040796	765	-0.062727 -0.038546  0.813541
4.47550010	767	-0.070149 -0.037349  0.766137
4.48059177	768	-0.072065 -0.037349  0.747462
4.48568010	769	-0.077332 -0.035434  0.719690
4.49075984	770	-0.089542 -0.021308  0.696706
4.49584817	774	-0.088345 -0.029927  0.664145
4.50093984	778	-0.084036 -0.026815  0.655765
4.50603199	776	-0.099358 -0.024899  0.621050
4.51110792	780	-0.088585 -0.015802  0.598544
4.51619577	784	-0.100555 -0.019632  0.573645
4.52127599	783	-0.098640 -0.024899  0.550661
4.52635622	784	-0.094570 -0.023463  0.536296
4.53144407	785	-0.093612 -0.018914  0.503735
4.53654384	787	-0.094331 -0.021548  0.485779
4.54164791	789	-0.090739 -0.028251  0.477399
4.54674386	791	-0.089542 -0.032561  0.456330
4.55184412	791	-0.088345 -0.027533  0.434064
4.55694389	790	-0.092894 -0.021787  0.421375
4.56203603	793	-0.087387 -0.028730  0.414911
4.56712007	794	-0.084275 -0.036631  0.388575
4.57221603	796	-0.081402 -0.031843  0.380674
4.57731580	799	-0.074219 -0.037589  0.381871
4.58240413	797	-0.079008 -0.033518  0.370140
4.58748817	799	-0.071346 -0.038786  0.342607
4.59259176	796	-0.063446 -0.048841  0.347156
4.59767580	798	-0.064882 -0.041659  0.336621
4.60276412	798	-0.063925 -0.033758  0.321777
4.60786390	800	-0.057460 -0.041659  0.319383
4.61295604	800	-0.061291 -0.055066  0.312680
4.61804819	799	-0.048841 -0.046686  0.298793
##inga 
#ido(sec)  szog(ADC)     ax(g)    ay(g)   az(g)
4.62368011	802	-0.056263 -0.043335  0.316271
4.62894010	803	-0.050757 -0.048841  0.301906
4.63415193	801	-0.044053 -0.051235  0.300709
4.63936376	802	-0.043095 -0.062009  0.296160
4.64444017	803	-0.042377 -0.049081  0.298554
4.64951610	803	-0.036631 -0.050996  0.299272
4.65460014	803	-0.040940 -0.052193  0.302624
4.65967988	801	-0.031843 -0.062727  0.310764
4.66477584	803	-0.029927 -0.052911  0.313877
4.66987180	802	-0.034955 -0.052911  0.309328
4.67495584	802	-0.029927 -0.049320  0.332312
4.68003988	800	-0.025857 -0.049559  0.335185
4.68513584	797	-0.042377 -0.050038  0.335185
4.69022417	796	-0.041659 -0.037589  0.357451
4.69531583	796	-0.042138 -0.040462  0.355775
4.70039987	797	-0.046686 -0.038786  0.362957
4.70550394	798	-0.048841 -0.040701  0.370140
4.71058797	794	-0.047884 -0.041419  0.389533
4.71568393	794	-0.051235 -0.027533  0.405334
4.72078418	792	-0.055066 -0.030645  0.419460
4.72586822	789	-0.063446 -0.028970  0.435980
4.73094797	790	-0.066319 -0.032561  0.459682
4.73606014	787	-0.066558 -0.025139  0.466625
4.74115991	788	-0.071346 -0.024421  0.486257
4.74626016	786	-0.070868 -0.022745  0.501341
4.75135993	783	-0.067755 -0.027054  0.521452
4.75644016	784	-0.062967 -0.028251  0.553055
4.76153182	781	-0.065361 -0.021548  0.569814
4.76663208	778	-0.070389 -0.028491  0.602854
4.77172422	778	-0.073741 -0.033758  0.608360
4.77682781	776	-0.078529 -0.010534  0.649780
4.78192806	773	-0.079487 -0.028491  0.659835
4.78704023	771	-0.084993 -0.011492  0.696706
4.79214811	770	-0.079247 -0.022026  0.706282
4.79724407	770	-0.079008 -0.021548  0.750335
4.80234384	766	-0.086430 -0.015562  0.756799
4.80744791	765	-0.083317 -0.017717  0.799655
4.81255197	762	-0.082360 -0.023224  0.836765
4.81765985	758	-0.088585 -0.015802  0.866932
4.82276391	752	-0.082360 -0.019393  0.886324
4.82784795	753	-0.088585 -0.005985  0.917688
4.83292388	747	-0.076853 -0.009816  0.958389
4.83800792	748	-0.075656 -0.018675  0.978740
4.84309577	743	-0.072783 -0.019153  1.016328
4.84818792	743	-0.072304 -0.018914  1.050804
4.85328006	738	-0.076374 -0.018675  1.080732
4.85838794	735	-0.076614 -0.023942  1.116165
4.86348819	732	-0.069910 -0.035673  1.150642
4.86858415	730	-0.067276 -0.026336  1.194455
4.87368392	726	-0.061530 -0.011013  1.224143
4.87877607	721	-0.055545 -0.032082  1.256704
4.88386392	718	-0.052911 -0.029688  1.291898
4.88896799	716	-0.057700 -0.029688  1.332360
4.89405202	712	-0.055545 -0.019872  1.366118
4.89913988	704	-0.055784 -0.014365  1.403227
4.90423583	700	-0.056263 -0.022266  1.446801
4.90933609	699	-0.049081 -0.029209  1.479841
4.91442012	694	-0.055066 -0.033758  1.521260
4.91950798	692	-0.051714 -0.025139  1.545202
4.92461204	688	-0.050996 -0.017477  1.599310
4.92969989	681	-0.052432 -0.023224  1.634984
4.93479585	680	-0.051475 -0.023702  1.678797
4.93989181	676	-0.052193 -0.016999  1.715907
4.94498777	672	-0.058179 -0.016280  1.736976
4.95008420	665	-0.060812 -0.010774  1.788451
4.95518398	663	-0.059615 -0.017717  1.818857
4.96028423	660	-0.069671 -0.008140  1.847826
4.96536016	653	-0.065840 -0.005028  1.893555
4.97045183	649	-0.083796 0.001197  1.928031
4.97551202	644	-0.076853 -0.004070  1.961250
4.98059177	639	-0.080444 -0.010534  1.961250
4.98568820	633	-0.082839 -0.002155  1.961250
4.99078798	627	-0.089063 0.016041  1.961250
4.99582386	623	-0.081163 0.013886  1.961250
5.00087594	619	-0.087387 0.002873  1.961250
5.00591993	616	-0.087627 0.004070  1.961250
5.01096010	608	-0.082599 0.016999  1.961250
5.01599979	604	-0.094331 0.030885  1.961250
5.02103614	594	-0.079008 0.013647  1.961250
5.02607583	591	-0.082839 0.005507  1.961250
5.03111982	588	-0.094091 0.022505  1.961250
5.03616380	581	-0.085712 0.022505  1.961250
5.04121208	577	-0.087627 0.025378  1.961250
5.04626417	570	-0.092415 0.017956  1.961250
5.05131578	566	-0.082839 0.013168  1.961250
5.05636787	560	-0.094091 0.026336  1.961250
5.06141996	555	-0.080923 0.034955  1.961250
5.06646013	548	-0.078529 0.012929  1.961250
5.07149982	542	-0.077811 0.017717  1.961250
5.07653999	539	-0.077811 0.013886  1.961250
5.08158397	535	-0.064882 0.017956  1.961250
5.08662796	527	-0.070628 0.022505  1.961250
5.09167194	522	-0.079726 0.028251  1.961250
5.09671211	514	-0.063925 0.029927  1.961250
5.10176420	510	-0.067755 0.020590  1.961250
5.10679578	502	-0.069910 0.034237  1.961250
5.11182785	501	-0.068234 0.022026  1.961250
5.11687612	494	-0.062488 0.025857  1.961250
5.12192010	486	-0.062249 0.021308  1.961250
5.12697601	479	-0.060812 0.027054  1.961250
5.13202381	474	-0.059854 0.023702  1.961250
##inga 
#ido(sec)  szog(ADC)     ax(g)    ay(g)   az(g)
5.13761997	469	-0.048602 0.032321  1.961250
5.14285993	461	-0.050996 0.027294  1.961250
5.14808416	456	-0.045968 0.026815  1.961250
5.15329980	452	-0.041180 0.011971  1.961250
5.15833616	445	-0.030885 0.018435  1.961250
5.16336822	441	-0.040222 0.030167  1.961250
5.16840410	436	-0.035434 0.028730  1.961250
5.17344379	431	-0.033040 0.020111  1.961250
5.17847585	425	-0.034955 0.026815  1.961250
5.18351602	421	-0.036391 0.027772  1.961250
5.18856811	414	-0.035194 0.039983  1.961250
5.19360399	410	-0.029448 0.032082  1.961250
5.19866800	403	-0.029688 0.016041  1.961250
5.20372009	401	-0.031603 0.028730  1.961250
5.20875597	396	-0.045011 0.045489  1.961250
5.21379995	389	-0.035673 0.044053  1.961250
5.21884012	384	-0.034955 0.028251  1.961250
5.22387981	378	-0.040701 0.039983  1.961250
5.22891187	374	-0.045489 0.048841  1.961250
5.23395204	367	-0.036391 0.054827  1.961250
5.23899984	361	-0.044292 0.054348  1.961250
5.24404382	359	-0.051475 0.045729  1.961250
5.24908781	353	-0.050278 0.056263  1.961250
5.25413608	348	-0.050996 0.065840  1.961250
5.25916385	344	-0.057700 0.062967  1.961250
5.26420783	340	-0.056742 0.051235  1.961250
5.26925182	333	-0.054587 0.056503  1.961250
5.27431201	326	-0.052911 0.067516  1.961250
5.27936410	325	-0.049320 0.065122  1.961250
5.28439998	319	-0.054348 0.062009  1.961250
5.28944396	313	-0.047884 0.059854  1.961250
5.29448795	312	-0.057939 0.061052  1.961250
5.29953193	307	-0.051235 0.066319  1.926834
5.30457592	302	-0.048841 0.064164  1.901695
5.30963182	298	-0.044532 0.074938  1.852136
5.31469202	292	-0.046686 0.058897  1.824363
5.31974792	289	-0.038307 0.061291  1.796830
5.32478809	284	-0.047405 0.064643  1.743919
5.32983207	281	-0.042138 0.067755  1.703218
5.33488416	277	-0.031603 0.075417  1.679037
5.33995199	273	-0.037110 0.060094  1.640969
5.34500408	271	-0.035913 0.056503  1.594043
5.35006380	266	-0.030406 0.063685  1.567229
5.35510015	264	-0.033279 0.067037  1.515036
5.36015176	261	-0.033518 0.070628  1.489657
5.36520004	256	-0.025618 0.064403  1.453744
5.37025213	254	-0.033997 0.064882  1.401073
5.37530422	248	-0.033518 0.064882  1.371145
5.38035583	247	-0.018914 0.066079  1.355583
5.38539981	240	-0.025618 0.078768  1.285913
5.39045190	238	-0.027294 0.052911  1.256943
5.39549589	237	-0.006225 0.055784  1.255746
5.40054798	235	-0.026815 0.054108  1.206426
5.40562391	230	-0.025857 0.068713  1.134601
5.41067600	225	-0.011492 0.065840  1.139629
5.41572380	225	-0.006464 0.058179  1.097491
5.42077589	221	-0.022026 0.058657  1.043143
5.42582416	220	-0.006225 0.062727  1.016328
5.43085193	214	-0.013647 0.061052  0.994541
5.43589210	215	-0.015802 0.063685  0.957192
5.44093608	210	-0.010534 0.059615  0.910027
5.44598388	206	-0.007661 0.055306  0.879142
5.45102405	203	-0.012689 0.058897  0.853764
5.45606422	202	-0.012210 0.064882  0.836526
5.46111583	202	-0.008380 0.066079  0.796064
5.46615600	198	-0.010056 0.059376  0.769010
5.47118806	196	-0.002634 0.056503  0.751053
5.47624015	197	-0.001676 0.059854  0.712507
5.48129177	198	-0.007661 0.065122  0.688087
5.48634004	191	-0.001437 0.058179  0.671327
5.49138784	190	-0.003591 0.058418  0.648583
5.49642801	188	0.001676 0.063206  0.619613
5.50144815	185	-0.005746 0.069192  0.593038
5.50648784	183	-0.001437 0.064164  0.572208
5.51150798	178	-0.004788 0.063925  0.545872
5.51654815	179	-0.009816 0.061052  0.533902
5.52158784	176	-0.002873 0.065600  0.504693
5.52661180	177	-0.003112 0.063446  0.487694
5.53165197	175	-0.000239 0.066558  0.475723
5.53668403	173	-0.010295 0.066079  0.456330
5.54173183	173	-0.007661 0.065840  0.419220
5.54678392	171	-0.012450 0.071586  0.416108
5.55183601	171	-0.007901 0.074459  0.401504
5.55687618	168	-0.011492 0.068713  0.384505
5.56192398	168	-0.012689 0.070389  0.370858
5.56695985	165	-0.009577 0.068234  0.362000
5.57198381	167	-0.012689 0.070389  0.356014
5.57701206	165	-0.010056 0.068234  0.341170
5.58204412	163	-0.011013 0.069431  0.328481
5.58709192	164	-0.013407 0.067276  0.319623
5.59212398	160	-0.010056 0.069431  0.314595
5.59716796	157	-0.009816 0.065600  0.314116
5.60221195	159	-0.010774 0.059854  0.303342
5.60726404	159	-0.013886 0.068234  0.300948
5.61232423	157	-0.008140 0.061770  0.292808
5.61736392	155	-0.009816 0.068952  0.279161
5.62239599	157	-0.007661 0.067276  0.284428
5.62743616	157	-0.007901 0.061530  0.289456
5.63246011	157	-0.005985 0.065122  0.285625
5.63749599	158	-0.002873 0.061052  0.285386
5.64253616	158	0.002634 0.064164  0.288020
##inga 
#ido(sec)  szog(ADC)     ax(g)    ay(g)   az(g)
5.64807176	158	-0.003352 0.058179  0.293287
5.65330410	157	-0.003352 0.059376  0.289456
5.65852785	158	-0.001676 0.059376  0.297836
5.66374397	160	0.000958 0.056263  0.306694
5.66875600	159	-0.002873 0.062009  0.310046
5.67379999	161	0.000718 0.054587  0.311243
5.67881584	162	-0.001676 0.055545  0.324890
5.68385601	163	0.001676 0.053151  0.335903
5.68886804	166	-0.004070 0.057460  0.349071
5.69389200	166	-0.005267 0.054348  0.349550
5.69891595	167	-0.000958 0.056981  0.354338
5.70393991	168	-0.002873 0.059376  0.371337
5.70897579	169	-0.005028 0.061052  0.382590
5.71401214	170	-0.001437 0.058418  0.400546
5.71907615	171	-0.001197 0.058179  0.419220
5.72412014	172	-0.007422 0.056742  0.434783
5.72916793	175	-0.003831 0.063206  0.454175
5.73422384	175	-0.004788 0.065600  0.464949
5.73927593	177	-0.011971 0.054587  0.483145
5.74432420	177	-0.011253 0.056503  0.492003
5.74938392	179	-0.011013 0.066798  0.520015
5.75442409	182	-0.011971 0.062009  0.552816
5.75947618	186	-0.015083 0.065600  0.571251
5.76451206	187	-0.019153 0.061052  0.597347
5.76955986	190	-0.023463 0.060333  0.611952
5.77459621	191	-0.013886 0.069431  0.646907
5.77963209	194	-0.019153 0.063925  0.659117
5.78468418	196	-0.022505 0.066319  0.685932
5.78974008	197	-0.022745 0.062727  0.717535
5.79478788	196	-0.019393 0.057700  0.751532
5.79983615	201	-0.024660 0.063206  0.777389
5.80489206	205	-0.018675 0.073022  0.795106
5.80993986	206	-0.019153 0.060094  0.826949
5.81500816	208	-0.017717 0.062967  0.853524
5.82004404	209	-0.023702 0.063925  0.889676
5.82508420	214	-0.017956 0.060094  0.909787
5.83012819	215	-0.023702 0.066558  0.950488
5.83516788	219	-0.015083 0.062249  0.987359
5.84021615	219	-0.020111 0.061770  1.011540
5.84525585	225	-0.020351 0.055545  1.046974
5.85031986	225	-0.026097 0.054348  1.093660
5.85536384	231	-0.020590 0.059615  1.114968
5.86041212	232	-0.025618 0.061052  1.143459
5.86547183	237	-0.016280 0.055306  1.198046
5.87054395	240	-0.016759 0.054108  1.232044
5.87560796	239	-0.023702 0.054108  1.244254
5.88066816	244	-0.018914 0.056742  1.297165
5.88573598	251	-0.013407 0.048602  1.331163
5.89079999	254	-0.026097 0.051235  1.371864
5.89584398	257	-0.022505 0.054587  1.403946
5.90088796	259	-0.018675 0.053630  1.445365
5.90593576	263	-0.017956 0.048602  1.483193
5.91098022	266	-0.019393 0.049320  1.509050
5.91602420	270	-0.029688 0.050757  1.543047
5.92106389	273	-0.029688 0.061052  1.596677
5.92611217	276	-0.032561 0.048123  1.637378
5.93116807	279	-0.038067 0.049320  1.648631
5.93620395	283	-0.034955 0.051714  1.699866
5.94126415	291	-0.030406 0.049320  1.746552
5.94630384	296	-0.039504 0.055545  1.779592
5.95134019	297	-0.043335 0.055784  1.815984
5.95639181	301	-0.038546 0.056024  1.842559
5.96145582	302	-0.041180 0.045011  1.882063
5.96650409	310	-0.048841 0.054827  1.923003
5.97155189	317	-0.046686 0.050038  1.958198
5.97659206	318	-0.047165 0.047644  1.961250
5.98163986	326	-0.056742 0.053390  1.961250
5.98668384	330	-0.059615 0.052911  1.961250
5.99172782	337	-0.054108 0.053151  1.961250
5.99676418	338	-0.063925 0.045729  1.961250
6.00182008	344	-0.057221 0.060333  1.961250
6.00686407	349	-0.061530 0.046926  1.961250
6.01190376	354	-0.063206 0.055306  1.961250
6.01695203	358	-0.062488 0.053630  1.961250
6.02198791	362	-0.062488 0.044292  1.961250
6.02704381	371	-0.067755 0.045729  1.961250
6.03209209	377	-0.067037 0.050278  1.961250
6.03714418	380	-0.056981 0.036391  1.961250
6.04218006	385	-0.061291 0.040940  1.961250
6.04722023	393	-0.067755 0.047405  1.961250
6.05225992	397	-0.056981 0.037349  1.961250
6.05730390	401	-0.063446 0.032561  1.961250
6.06234407	407	-0.059615 0.032321  1.961250
6.06737184	410	-0.060573 0.043574  1.961250
6.07240819	416	-0.065122 0.026336  1.961250
6.07745599	416	-0.055306 0.021069  1.961250
6.08250379	424	-0.057939 0.026575  1.961250
6.08755588	430	-0.061530 0.030885  1.961250
6.09262418	436	-0.054827 0.024421  1.961250
6.09767198	442	-0.053151 0.015323  1.961250
6.10273218	449	-0.056503 0.009816  1.961250
6.10778379	454	-0.053151 0.021069  1.961250
6.11283206	456	-0.057700 0.017477  1.961250
6.11787605	462	-0.053869 0.019393  1.961250
6.12292385	468	-0.051714 0.003352  1.961250
6.12796783	472	-0.046686 -0.003112  1.961250
6.13304805	480	-0.058418 0.011731  1.961250
6.13807582	484	-0.046926 0.006704  1.961250
6.14311981	491	-0.044532 -0.004549  1.961250
6.14820384	495	-0.061052 -0.006943  1.961250
6.15327596	502	-0.052432 0.002394  1.961250
##inga 
#ido(sec)  szog(ADC)     ax(g)    ay(g)   az(g)
6.15885210	508	-0.047405 0.002873  1.961250
6.16406011	513	-0.055066 0.004788  1.961250
6.16928815	521	-0.044532 -0.017956  1.961250
6.17450809	526	-0.057460 -0.005985  1.961250
6.17958784	530	-0.061291 0.011013  1.961250
6.18464422	536	-0.060573 0.008140  1.961250
6.18968391	541	-0.054348 -0.006704  1.961250
6.19475603	547	-0.066558 -0.013886  1.961250
6.19984388	551	-0.062009 0.002634  1.961250
6.20487213	560	-0.066079 0.012210  1.961250
6.20989608	562	-0.084754 0.004788  1.961250
6.21493196	570	-0.085951 -0.013407  1.961250
6.22001218	573	-0.091218 -0.000718  1.961250
6.22508382	578	-0.098640 0.012929  1.961250
6.23012018	583	-0.100555 0.027294  1.961250
6.23515987	589	-0.110611 -0.001676  1.961250
6.24024820	592	-0.096007 0.001197  1.961250
6.24528408	598	-0.107259 0.007422  1.961250
6.25033998	601	-0.107499 0.034716  1.961250
6.25540018	608	-0.118991 0.016759  1.961250
6.26046419	615	-0.108456 0.002394  1.961250
6.26551580	618	-0.101274 0.005267  1.961250
6.27056789	623	-0.114442 0.018675  1.961250
6.27561998	630	-0.115160 0.009577  1.961250
6.28065586	636	-0.105823 0.007901  1.961250
6.28570795	639	-0.096485 -0.008140  1.961250
6.29078817	645	-0.109174 -0.006464  1.924679
6.29587602	648	-0.102950 0.009577  1.894991
6.30091190	653	-0.092176 -0.013647  1.861712
6.30600404	660	-0.088106 -0.016759  1.845432
6.31110000	661	-0.090021 -0.010534  1.801858
6.31618785	669	-0.079008 -0.016041  1.755172
6.32126808	673	-0.073501 -0.021069  1.731230
6.32635211	676	-0.052911 -0.031603  1.699387
6.33144807	680	-0.062488 -0.033997  1.658686
6.33654785	682	-0.065840 -0.026097  1.604578
6.34163188	688	-0.050278 -0.030167  1.582791
6.34672021	691	-0.045250 -0.050038  1.538977
6.35179996	694	-0.040940 -0.053390  1.494446
6.35688018	700	-0.046447 -0.045729  1.466912
6.36198377	702	-0.036870 -0.035434  1.411368
6.36708021	706	-0.041180 -0.043813  1.389102
6.37220001	708	-0.038546 -0.047644  1.361808
6.37730407	713	-0.043574 -0.053869  1.315840
6.38240814	717	-0.047884 -0.040222  1.292377
6.38749599	718	-0.042856 -0.036391  1.246648
6.39258813	721	-0.058657 -0.053151  1.204750
6.39769220	727	-0.050038 -0.045729  1.165964
6.40278387	730	-0.051235 -0.049081  1.145135
6.40787220	733	-0.051475 -0.038546  1.112095
6.41296386	735	-0.056024 -0.039504  1.074028
6.41804790	737	-0.065361 -0.039983  1.040510
6.42312812	743	-0.067516 -0.037828  1.009385
6.42821979	745	-0.070389 -0.026336  0.986401
6.43331193	745	-0.074698 -0.028012  0.940193
6.43839216	751	-0.078529 -0.023702  0.911942
6.44348001	753	-0.079726 -0.034955  0.887522
6.44856405	754	-0.087627 -0.026575  0.853524
6.45365190	757	-0.089303 -0.021308  0.819527
6.45873212	758	-0.096246 -0.016041  0.798458
6.46381616	760	-0.099119 -0.023942  0.763024
6.46890020	764	-0.096007 -0.026815  0.739801
6.47398805	767	-0.103428 -0.022026  0.706761
6.47907209	769	-0.103428 -0.019153  0.700297
6.48418378	770	-0.098880 -0.015802  0.677073
6.48927211	772	-0.102471 -0.022266  0.645470
6.49437189	776	-0.095049 -0.024181  0.629429
6.49946022	777	-0.095288 -0.019872  0.598784
6.50455617	775	-0.087627 -0.023463  0.569575
6.50965213	778	-0.084275 -0.029448  0.552816
6.51474809	781	-0.079966 -0.031124  0.534141
6.51985216	781	-0.076853 -0.039025  0.528634
6.52494382	782	-0.077571 -0.022505  0.486736
6.53003978	783	-0.073741 -0.029688  0.486976
6.53514385	785	-0.075177 -0.040462  0.469977
6.54023599	786	-0.074219 -0.039743  0.455612
6.54532384	787	-0.067037 -0.038067  0.427600
6.55040788	789	-0.069192 -0.031843  0.413474
6.55550384	790	-0.075417 -0.044292  0.407010
6.56061220	788	-0.061530 -0.048602  0.399109
6.56570816	789	-0.061530 -0.045968  0.398391
6.57079982	789	-0.054587 -0.043095  0.373492
6.57588815	792	-0.056742 -0.045489  0.360563
6.58098411	792	-0.044771 -0.051475  0.360563
6.58609580	791	-0.043574 -0.049320  0.355296
6.59118413	794	-0.043574 -0.054108  0.338537
6.59626388	794	-0.044771 -0.053869  0.349071
6.60134792	795	-0.037110 -0.058657  0.340452
6.60643196	797	-0.037349 -0.061770  0.332312
6.61152791	794	-0.036870 -0.055784  0.337100
6.61660003	793	-0.038546 -0.056024  0.322256
6.62168407	795	-0.030406 -0.051235  0.321777
6.62676811	796	-0.032800 -0.053869  0.323214
6.63184785	794	-0.035194 -0.056981  0.332551
6.63692808	797	-0.038307 -0.054587  0.335903
6.64200782	794	-0.039983 -0.047405  0.324650
6.64707994	797	-0.044771 -0.041659  0.335185
6.65216779	797	-0.048362 -0.051954  0.342128
6.65725612	795	-0.049559 -0.042377  0.346916
6.66235208	793	-0.053630 -0.032082  0.356014
6.66743993	795	-0.052911 -0.032561  0.368703
##inga 
#ido(sec)  szog(ADC)     ax(g)    ay(g)   az(g)
6.67306804	792	-0.049320 -0.034476  0.375886
6.67829608	791	-0.062009 -0.032082  0.384744
6.68351221	791	-0.066319 -0.029927  0.397912
6.68875980	789	-0.066319 -0.019872  0.404855
6.69385194	789	-0.063925 -0.029688  0.407489
6.69895219	788	-0.067755 -0.028251  0.420418
6.70405578	787	-0.076135 -0.023702  0.430234
6.70915985	784	-0.074459 -0.021787  0.455133
6.71425199	783	-0.068234 -0.023942  0.470456
6.71935606	781	-0.072783 -0.029209  0.494398
6.72445583	783	-0.073262 -0.023224  0.509720
6.72956418	780	-0.070389 -0.027054  0.531029
6.73465585	781	-0.063685 -0.023463  0.540845
6.73975610	780	-0.071586 -0.026097  0.563589
6.74485588	776	-0.069192 -0.029927  0.588728
6.74995994	775	-0.073980 -0.025857  0.612909
6.75505208	769	-0.071107 -0.024181  0.631823
6.76014423	770	-0.079487 -0.018196  0.648104
6.76523208	770	-0.076853 -0.022266  0.687608
6.77032423	767	-0.079487 -0.028730  0.708198
6.77542400	764	-0.075656 -0.016280  0.733576
6.78050804	764	-0.083796 -0.015802  0.744829
6.78559207	760	-0.072544 -0.026097  0.783375
6.79067611	755	-0.070868 -0.024899  0.810190
6.79575204	752	-0.067037 -0.025378  0.825034
6.80083608	751	-0.074219 -0.011492  0.857594
6.80592823	749	-0.064164 -0.016999  0.894465
6.81101989	747	-0.063446 -0.029209  0.930617
6.81610012	745	-0.064882 -0.021548  0.953122
6.82119989	743	-0.064403 -0.021069  0.990950
6.82627582	741	-0.068713 -0.017717  1.021835
6.83138418	736	-0.064403 -0.037828  1.054396
6.83646011	734	-0.074459 -0.027294  1.089111
6.84155988	730	-0.066558 -0.019393  1.122869
6.84666395	729	-0.064164 -0.017717  1.148487
6.85177183	723	-0.063685 -0.017477  1.185836
6.85686779	720	-0.060094 -0.027533  1.222706
6.86195611	717	-0.065361 -0.024660  1.268914
6.86704015	714	-0.065840 -0.019872  1.291659
6.87213182	709	-0.062727 -0.020829  1.329247
6.87722778	704	-0.059376 -0.024899  1.367075
6.88233995	700	-0.059136 -0.032082  1.399636
6.88742780	699	-0.058179 -0.022984  1.434112
6.89252376	695	-0.060094 -0.015083  1.459012
6.89761590	691	-0.057460 -0.016999  1.499952
6.90269994	687	-0.054587 -0.028491  1.553582
6.90780019	683	-0.054348 -0.021787  1.578481
6.91289186	680	-0.059615 -0.014604  1.616788
6.91799211	678	-0.055784 -0.018675  1.661320
6.92309999	673	-0.070389 -0.016280  1.696514
6.92819213	664	-0.065361 -0.016999  1.728357
6.93330812	664	-0.064882 -0.008380  1.763551
6.93839597	658	-0.070868 -0.009098  1.802576
6.94347190	651	-0.072783 -0.009337  1.844235
6.94856405	648	-0.067995 -0.014844  1.860994
6.95363998	644	-0.073022 -0.008140  1.890682
6.95872020	639	-0.082120 -0.001437  1.911990
6.96379613	634	-0.071346 0.008858  1.961250
6.96882390	626	-0.075417 -0.003831  1.961250
6.97390794	621	-0.089782 -0.002155  1.961250
6.97899198	619	-0.077332 0.010534  1.961250
6.98403596	615	-0.075895 0.003352  1.961250
6.98907613	606	-0.087387 0.011013  1.961250
6.99411582	601	-0.084754 0.002394  1.961250
6.99913597	597	-0.084275 0.011731  1.961250
7.00417995	590	-0.087627 0.025857  1.961250
7.00922012	588	-0.083078 0.014844  1.961250
7.01426410	584	-0.079008 0.008380  1.961250
7.01928806	577	-0.082599 0.012929  1.961250
7.02434015	573	-0.078050 0.020590  1.961250
7.02937602	568	-0.081402 0.027533  1.961250
7.03440380	563	-0.085712 0.016280  1.961250
7.03943586	557	-0.078050 0.013407  1.961250
7.04447221	551	-0.074698 0.017477  1.961250
7.04951620	545	-0.071586 0.017477  1.961250
7.05456399	539	-0.068713 0.027294  1.961250
7.05961179	538	-0.073980 0.015562  1.961250
7.06464815	530	-0.060812 0.016759  1.961250
7.06968784	522	-0.072304 0.014365  1.961250
7.07472801	519	-0.072544 0.029688  1.961250
7.07978010	512	-0.060812 0.016520  1.961250
7.08481979	505	-0.067276 0.024181  1.961250
7.08987998	503	-0.067755 0.019393  1.961250
7.09493207	497	-0.054827 0.028251  1.961250
7.09999179	492	-0.063685 0.028251  1.961250
7.10502004	485	-0.070628 0.028970  1.961250
7.11005592	479	-0.054827 0.025139  1.961250
7.11510419	471	-0.065600 0.029927  1.961250
7.12014818	469	-0.063685 0.034955  1.961250
7.12519979	462	-0.054348 0.034955  1.961250
7.13023614	457	-0.057939 0.031124  1.961250
7.13529205	450	-0.056503 0.021308  1.961250
7.14033985	447	-0.043574 0.030645  1.961250
7.14538812	442	-0.059615 0.037828  1.961250
7.15043592	437	-0.042377 0.034955  1.961250
7.15548801	430	-0.035673 0.016520  1.961250
7.16053581	424	-0.041180 0.031843  1.961250
7.16558408	420	-0.042616 0.036391  1.961250
7.17062377	416	-0.038546 0.034237  1.961250
7.17566394	411	-0.042616 0.024421  1.961250
7.18069982	409	-0.033279 0.035673  1.961250
##inga 
#ido(sec)  szog(ADC)     ax(g)    ay(g)   az(g)
7.18627595	401	-0.035194 0.036391  1.961250
7.19151592	396	-0.035913 0.051475  1.961250
7.19676399	386	-0.030167 0.030645  1.961250
7.20198822	385	-0.035673 0.029927  1.961250
7.20704412	379	-0.049799 0.047405  1.961250
7.21209192	375	-0.039504 0.052911  1.961250
7.21714019	368	-0.038307 0.044532  1.961250
7.22219181	363	-0.047884 0.038786  1.961250
7.22723579	358	-0.041180 0.041659  1.961250
7.23228788	353	-0.040940 0.060094  1.961250
7.23732805	346	-0.051714 0.060333  1.961250
7.24237585	344	-0.049559 0.054108  1.961250
7.24741601	340	-0.044292 0.046208  1.961250
7.25246381	335	-0.051714 0.054587  1.961250
7.25750017	331	-0.046447 0.062249  1.961250
7.26253986	322	-0.043574 0.060094  1.961250
7.26758384	321	-0.048362 0.057460  1.961250
7.27262783	317	-0.040940 0.053630  1.961250
7.27765607	313	-0.040940 0.057700  1.914863
7.28269195	309	-0.042138 0.066319  1.880866
7.28774023	304	-0.037828 0.062009  1.859797
7.29279184	301	-0.036631 0.061052  1.831306
7.29784393	296	-0.035913 0.052911  1.776480
7.30290412	292	-0.036391 0.056742  1.739609
7.30795621	286	-0.034237 0.064164  1.712795
7.31301593	283	-0.041419 0.059376  1.677361
7.31805992	279	-0.029927 0.054348  1.636420
7.32310819	274	-0.028251 0.062727  1.610803
7.32814788	272	-0.029927 0.059615  1.569623
7.33319187	270	-0.026336 0.058897  1.530837
7.33824014	265	-0.024181 0.068234  1.490615
7.34329986	264	-0.028012 0.060573  1.454942
7.34834384	260	-0.035434 0.067516  1.430521
7.35339212	255	-0.021069 0.070868  1.384313
7.35844802	254	-0.032082 0.070868  1.338824
7.36349201	248	-0.025139 0.068473  1.298602
7.36854791	247	-0.030645 0.065840  1.271787
7.37360000	242	-0.027772 0.069192  1.239466
7.37865209	236	-0.035434 0.069671  1.204750
7.38369178	238	-0.024660 0.072065  1.169077
7.38873195	234	-0.029688 0.068952  1.133164
7.39376783	231	-0.023702 0.067516  1.106110
7.39879989	226	-0.028730 0.070628  1.074507
7.40384387	226	-0.021308 0.064882  1.039312
7.40888786	222	-0.020590 0.061770  1.026623
7.41391992	220	-0.022984 0.063206  0.973472
7.41896009	217	-0.010295 0.066558  0.949531
7.42399597	215	-0.011013 0.075177  0.914336
7.42904376	211	-0.014126 0.058418  0.889198
7.43410015	207	-0.010774 0.060573  0.842750
7.43915605	206	-0.013168 0.055066  0.829822
7.44422817	205	-0.006464 0.072065  0.793430
7.44927978	203	-0.015323 0.062009  0.746505
7.45432806	201	-0.000479 0.060333  0.743153
7.45936012	199	-0.003591 0.059854  0.715380
7.46438789	195	-0.010295 0.063685  0.684735
7.46942806	195	-0.005267 0.057939  0.665581
7.47446012	196	-0.003352 0.057700  0.639964
7.47949981	191	0.000000 0.058179  0.615304
7.48447179	190	-0.005746 0.058418  0.591122
7.48951578	186	-0.004549 0.061291  0.574842
7.49456405	184	0.003112 0.063685  0.559280
7.49959182	184	0.001915 0.060573  0.531747
7.50462007	180	-0.000239 0.059854  0.509960
7.50964403	180	-0.000239 0.058418  0.488652
7.51467609	176	-0.002634 0.066319  0.487694
7.51970005	177	0.000479 0.067037  0.461597
7.52471208	174	0.000479 0.063685  0.439332
7.52972793	175	-0.000718 0.059854  0.432628
7.53477191	175	-0.005267 0.060573  0.423051
7.53980398	174	-0.010774 0.065122  0.398391
7.54485607	173	-0.007661 0.063685  0.392166
7.54989576	170	-0.001915 0.064882  0.378519
7.55494403	172	-0.013407 0.061770  0.367746
7.55999612	170	-0.010534 0.075177  0.350747
7.56504392	170	-0.012929 0.065361  0.350029
7.57009983	170	-0.011971 0.065600  0.341649
7.57515192	167	-0.016759 0.069671  0.331354
7.58019590	169	-0.014126 0.070389  0.331354
7.58523988	167	-0.019153 0.069910  0.325608
7.59027576	167	-0.013886 0.066798  0.328960
7.59531211	168	-0.015323 0.068234  0.308370
7.60034799	168	-0.019393 0.070149  0.310285
7.60540390	167	-0.019393 0.072544  0.311243
7.61044788	167	-0.019393 0.072783  0.317468
7.61549997	167	-0.014365 0.068713  0.304539
7.62056016	164	-0.013407 0.066079  0.300709
7.62560415	168	-0.011013 0.067516  0.325848
7.63066816	166	-0.009816 0.065361  0.316031
7.63571596	167	-0.011253 0.061052  0.319383
7.64077997	169	-0.006704 0.059615  0.323214
7.64581203	167	-0.005985 0.065122  0.328481
7.65084791	170	0.000479 0.061770  0.339494
7.65585184	171	-0.005267 0.061530  0.340452
7.66087579	170	-0.004549 0.059376  0.347156
7.66590785	172	-0.003352 0.061052  0.360803
7.67094421	173	-0.008140 0.056981  0.374449
7.67598009	174	-0.001437 0.060333  0.385223
7.68102407	174	-0.000958 0.054587  0.402701
7.68605995	174	-0.001915 0.056263  0.407489
7.69110393	177	0.003831 0.055545  0.422572
##inga 
#ido(sec)  szog(ADC)     ax(g)    ay(g)   az(g)
7.69667196	176	-0.000958 0.055784  0.421136
7.70190000	178	-0.004070 0.057700  0.451542
7.70708799	177	-0.003591 0.061052  0.463992
7.71227979	181	-0.005028 0.059376  0.484342
7.71731615	185	-0.009816 0.054827  0.503735
7.72234821	186	-0.007661 0.061052  0.522888
7.72737979	187	-0.009816 0.061052  0.541563
7.73241996	190	-0.007661 0.061052  0.555689
7.73746013	191	-0.010056 0.053390  0.584658
7.74249601	194	-0.012929 0.056981  0.602136
7.74754810	192	-0.013407 0.065122  0.616740
7.75259208	195	-0.007183 0.060812  0.660314
7.75766420	195	-0.015562 0.058897  0.670609
7.76272392	198	-0.012450 0.060333  0.695987
7.76777219	203	-0.008858 0.064643  0.733576
7.77280807	203	-0.017238 0.064643  0.753448
7.77786016	205	-0.012450 0.057221  0.784332
7.78289222	207	-0.014844 0.063446  0.806120
7.78794002	208	-0.017477 0.064164  0.826470
7.79297208	213	-0.018196 0.060573  0.861664
7.79801607	215	-0.022505 0.061530  0.902126
7.80304813	216	-0.018196 0.062009  0.929180
7.80808401	219	-0.022505 0.061530  0.959347
7.81313610	224	-0.020351 0.060573  0.991908
7.81818389	226	-0.021308 0.059376  1.029736
7.82324790	229	-0.027054 0.058897  1.051044
7.82830810	232	-0.028730 0.060812  1.081210
7.83336400	234	-0.023942 0.052432  1.118081
7.83841609	239	-0.027533 0.061530  1.147290
7.84346389	242	-0.027533 0.061291  1.181527
7.84851217	242	-0.021787 0.061530  1.217200
7.85353994	249	-0.023942 0.056024  1.250239
7.85859203	252	-0.027533 0.047405  1.288546
7.86363983	255	-0.029209 0.051954  1.332120
7.86868000	256	-0.027533 0.051714  1.365639
7.87372779	261	-0.031603 0.055545  1.399876
7.87878417	264	-0.024660 0.043335  1.438661
7.88383579	267	-0.028970 0.055545  1.464040
7.88888788	271	-0.029448 0.053869  1.497797
7.89393186	273	-0.026336 0.055784  1.535865
7.89899206	276	-0.023702 0.048123  1.589016
7.90405988	278	-0.036152 0.055784  1.601944
7.90912389	287	-0.029448 0.044292  1.652940
7.91418409	291	-0.030406 0.049320  1.683586
7.91922378	296	-0.029927 0.054827  1.705373
7.92427206	297	-0.037828 0.047165  1.760678
7.92931985	299	-0.040940 0.043095  1.789648
7.93434810	305	-0.035434 0.044532  1.818857
7.93940782	311	-0.041659 0.052193  1.854290
7.94443607	317	-0.046926 0.056024  1.888048
7.94948816	320	-0.041898 0.053869  1.927552
7.95452404	322	-0.046447 0.052672  1.961250
7.95957612	328	-0.045489 0.045489  1.961250
7.96462392	335	-0.045968 0.044053  1.961250
7.96967601	338	-0.051235 0.055784  1.961250
7.97474002	342	-0.049320 0.051954  1.961250
7.97978019	348	-0.055306 0.046208  1.961250
7.98483991	353	-0.057221 0.038786  1.961250
7.98988819	357	-0.056024 0.045250  1.961250
7.99492788	361	-0.057460 0.043813  1.961250
7.99995613	369	-0.058179 0.051954  1.961250
8.00500011	372	-0.056742 0.036391  1.961250
8.01004028	379	-0.058418 0.036870  1.961250
8.01507568	381	-0.062249 0.036391  1.961250
8.02012443	389	-0.057700 0.053390  1.961250
8.02515983	396	-0.060573 0.041898  1.961250
8.03020000	400	-0.060573 0.025618  1.961250
8.03524017	405	-0.060333 0.029688  1.961250
8.04029178	409	-0.055784 0.039743  1.961250
8.04534435	412	-0.058179 0.028012  1.961250
8.05039978	415	-0.062488 0.021308  1.961250
8.05544757	422	-0.053869 0.028491  1.961250
8.06049633	427	-0.049799 0.034237  1.961250
8.06552410	433	-0.058897 0.036391  1.961250
8.07056045	435	-0.056263 0.019153  1.961250
8.07559585	445	-0.050278 0.006704  1.961250
8.08063983	449	-0.052432 0.020590  1.961250
8.08567619	453	-0.064164 0.035194  1.961250
8.09072017	457	-0.052432 0.024181  1.961250
8.09577560	464	-0.051954 -0.003352  1.961250
8.10086822	471	-0.055784 0.000958  1.961250
8.10591983	475	-0.051954 0.021069  1.961250
8.11097621	479	-0.061770 0.020111  1.961250
8.11602020	485	-0.056024 0.005028  1.961250
8.12106418	492	-0.057700 -0.004549  1.961250
8.12613964	494	-0.050996 -0.009098  1.961250
8.13121986	503	-0.063206 0.013647  1.961250
8.13626003	505	-0.055066 0.014844  1.961250
8.14130020	511	-0.059136 -0.000239  1.961250
8.14638042	519	-0.056742 -0.013168  1.961250
8.15147590	527	-0.053390 0.006943  1.961250
8.15651226	531	-0.060094 0.013886  1.961250
8.16154003	535	-0.066798 -0.000958  1.961250
8.16661643	541	-0.065122 -0.004549  1.961250
8.17169952	543	-0.068713 0.006704  1.961250
8.17673206	550	-0.082599 0.013886  1.961250
8.18177986	556	-0.083317 0.009337  1.961250
8.18683242	561	-0.084036 -0.005507  1.961250
8.19191169	568	-0.084036 -0.007183  1.961250
8.19699573	572	-0.090260 0.014365  1.961250
8.20203971	577	-0.096007 0.009816  1.961250
##inga 
#ido(sec)  szog(ADC)     ax(g)    ay(g)   az(g)
8.20763969	584	-0.101034 0.004070  1.961250
8.21285629	588	-0.095288 0.003112  1.961250
8.21809196	591	-0.096485 0.002394  1.961250
8.22329616	596	-0.105344 0.011253  1.961250
8.22834396	602	-0.103907 -0.001676  1.961250
8.23342037	606	-0.094091 -0.003591  1.961250
8.23851203	612	-0.104386 -0.006225  1.961250
8.24360370	617	-0.092894 0.006464  1.961250
8.24864006	621	-0.101034 -0.001676  1.961250
8.25371646	627	-0.100795 0.002394  1.961250
8.25875186	634	-0.099358 -0.013168  1.961250
8.26383590	636	-0.099598 -0.002873  1.928510
8.26891613	642	-0.096964 0.000239  1.901456
8.27398014	647	-0.080444 0.002155  1.877753
8.27902793	651	-0.079487 -0.020590  1.838249
8.28411197	656	-0.079008 -0.026097  1.792281
8.28919219	659	-0.069910 -0.016280  1.764030
8.29427623	666	-0.063685 -0.008858  1.728596
8.29937553	668	-0.071107 -0.026815  1.683825
8.30448436	673	-0.063206 -0.036391  1.649588
8.30958843	677	-0.058179 -0.032800  1.630914
8.31470394	679	-0.055066 -0.029209  1.590452
8.31980419	684	-0.054108 -0.022745  1.544245
8.32490444	688	-0.062249 -0.035673  1.516711
8.33001232	692	-0.055545 -0.044053  1.478644
8.33511161	698	-0.053630 -0.043813  1.458054
8.34021568	700	-0.059854 -0.029448  1.391496
8.34531211	705	-0.047884 -0.040940  1.367794
8.35038757	705	-0.041419 -0.042616  1.337866
8.35548782	710	-0.052672 -0.038307  1.294292
8.36056804	713	-0.054348 -0.040701  1.264365
8.36564826	716	-0.052911 -0.036391  1.233959
8.37073993	718	-0.054348 -0.038307  1.204271
8.37582778	722	-0.053630 -0.042616  1.164049
8.38092803	728	-0.058897 -0.028012  1.124545
8.38600826	731	-0.064643 -0.029448  1.093900
8.39107990	733	-0.064403 -0.035194  1.067803
8.39616012	735	-0.079008 -0.037589  1.033566
8.40125179	739	-0.077332 -0.033040  0.997175
8.40633583	741	-0.078768 -0.022266  0.970121
8.41142368	744	-0.089303 -0.021548  0.937320
8.41650390	746	-0.084754 -0.029448  0.910506
8.42160034	746	-0.093134 -0.027772  0.884170
8.42670440	751	-0.092415 -0.016280  0.856876
8.43179988	749	-0.090260 -0.015802  0.837004
8.43688011	752	-0.095528 -0.015562  0.794867
8.44198036	756	-0.102950 -0.026097  0.768770
8.44705963	759	-0.095288 -0.023702  0.740040
8.45215606	762	-0.096485 -0.026097  0.724957
8.45726394	766	-0.086430 -0.022984  0.690002
8.46235561	764	-0.093134 -0.026575  0.663905
8.46745967	766	-0.088585 -0.027294  0.652174
8.47255992	768	-0.087148 -0.027772  0.637091
8.47766399	768	-0.075895 -0.026336  0.612909
8.48276805	773	-0.079966 -0.032321  0.588968
8.48787593	774	-0.072304 -0.038067  0.576757
8.49296760	775	-0.070868 -0.046447  0.562632
8.49804401	778	-0.070628 -0.038067  0.510917
8.50314044	776	-0.075177 -0.032082  0.518579
8.50824356	779	-0.060573 -0.030645  0.499665
8.51333999	782	-0.070389 -0.038307  0.469498
8.51843166	780	-0.061530 -0.047405  0.458724
8.52352809	784	-0.059615 -0.043813  0.461119
8.52863216	783	-0.053630 -0.039983  0.431910
8.53372764	784	-0.053869 -0.039025  0.416108
8.53880786	783	-0.044771 -0.059376  0.412277
8.54389572	783	-0.048602 -0.056263  0.411799
8.54897594	785	-0.048602 -0.052432  0.393842
8.55405235	786	-0.046686 -0.043574  0.388575
8.55914020	788	-0.040462 -0.047405  0.377322
8.56421566	788	-0.041898 -0.058418  0.379956
8.56930446	788	-0.044532 -0.053390  0.359845
8.57438755	789	-0.048362 -0.050517  0.358169
8.57947158	788	-0.045489 -0.050278  0.360803
8.58456039	789	-0.041659 -0.057700  0.363197
8.58964824	787	-0.047644 -0.050038  0.344283
8.59472846	790	-0.043335 -0.054587  0.345001
8.59982395	789	-0.044532 -0.046447  0.354338
8.60491561	788	-0.044292 -0.050278  0.353620
8.61000442	790	-0.053869 -0.053630  0.348113
8.61509609	789	-0.053869 -0.042616  0.362239
8.62018013	788	-0.056981 -0.032800  0.356014
8.62526798	790	-0.065361 -0.034476  0.360084
8.63035583	790	-0.062488 -0.042138  0.374928
8.63545608	789	-0.056742 -0.038786  0.376844
8.64056015	788	-0.057221 -0.031843  0.375886
8.64566802	788	-0.063925 -0.025378  0.394560
8.65076828	786	-0.073741 -0.027294  0.401025
8.65587234	785	-0.067995 -0.029927  0.418981
8.66096401	781	-0.067755 -0.030645  0.419460
8.66605186	781	-0.074938 -0.025139  0.432388
8.67115592	783	-0.068713 -0.018435  0.440289
8.67624759	783	-0.073022 -0.025139  0.463273
8.68134021	782	-0.066079 -0.027772  0.474765
8.68644046	780	-0.074219 -0.026097  0.494158
8.69154834	780	-0.068234 -0.025378  0.500383