1.03656804	524	-0.016999 -0.015802  1.057987
1.04180395	523	-0.031124 -0.008619  1.049847
1.04703199	520	-0.034237 -0.005267  1.055353
1.05224800	520	-0.043574 0.003831  1.060381
1.05727195	520	-0.052193 0.003112  1.059184
1.06231200	519	-0.057939 0.011731  1.063494
1.06733596	518	-0.070389 0.023224  1.065409
1.07237994	516	-0.083078 0.024421  1.064691
1.07743597	517	-0.088106 0.022745  1.059902
1.08247196	513	-0.099358 0.023463  1.070197
1.08753597	513	-0.102710 0.026097  1.068761
1.09259200	513	-0.104865 0.042138  1.077380
1.09764802	512	-0.109174 0.042616  1.067803
1.10270798	510	-0.106062 0.042377  1.075943
1.10775995	510	-0.115639 0.034955  1.085760
1.11282002	508	-0.111329 0.043095  1.083844
1.11787199	506	-0.119709 0.050517  1.081929
1.12292003	506	-0.110850 0.041898  1.075943
1.12795996	505	-0.105583 0.038067  1.091266
1.13301205	503	-0.105104 0.037349  1.086238
1.13804805	503	-0.101753 0.034476  1.090308
1.14309597	501	-0.090979 0.038786  1.084084
1.14813601	502	-0.096007 0.027054  1.088632
1.15318405	503	-0.080923 0.019153  1.094857
1.15823602	501	-0.063925 0.017717  1.098209
1.16328799	500	-0.059376 0.020829  1.091745
1.16834402	496	-0.047884 0.011971  1.092224
1.17341196	494	-0.040222 -0.000479  1.092463
1.17849600	496	-0.035913 0.000239  1.098209
1.18356000	493	-0.024899 0.001437  1.097252
1.18861997	493	-0.012689 -0.008619  1.106589
1.19371997	491	-0.005267 -0.013168  1.100603
1.19880795	489	0.001197 -0.019393  1.099885
1.20384001	487	0.000000 -0.017956  1.100843
1.20885598	486	0.002873 -0.027054  1.099646
1.21387600	486	0.009098 -0.022505  1.098927
1.21889996	485	0.009816 -0.021548  1.102758
1.22394800	484	0.013168 -0.023463  1.115208
1.22899603	480	0.019153 -0.026097  1.117602
1.23403596	480	0.012450 -0.020351  1.110419
1.23908805	479	0.015802 -0.020111  1.103476
1.24413597	476	0.004549 -0.019153  1.116405
1.24917995	473	0.006704 -0.019872  1.114250
1.25421595	475	-0.001915 -0.013647  1.102279
1.25932002	471	-0.005985 -0.009577  1.102758
1.26441204	472	-0.014604 -0.002634  1.112335
1.26950395	471	-0.020351 -0.001437  1.119996
1.27460801	471	-0.030167 0.006464  1.125742
1.27964794	468	-0.040940 0.009577  1.101082
1.28467202	468	-0.039743 0.016999  1.101322
1.28971600	466	-0.048602 0.015083  1.112814
1.29474401	464	-0.068952 0.027533  1.115926
1.29979598	463	-0.073501 0.025378  1.105152
1.30484402	462	-0.082120 0.035913  1.106349
1.30988800	460	-0.088106 0.039265  1.106589
1.31494402	460	-0.096007 0.037589  1.108025
1.31999194	458	-0.105583 0.045011  1.115208
1.32505202	458	-0.111808 0.051954  1.100364
1.33010399	456	-0.112526 0.049320  1.099406
1.33515202	453	-0.106301 0.047165  1.104434
1.34020805	453	-0.105104 0.055784  1.099406
1.34526801	452	-0.111569 0.049081  1.102519
1.35033202	449	-0.107020 0.051235  1.097730
1.35536003	451	-0.107738 0.050517  1.086238
1.36040401	450	-0.098880 0.046447  1.100125
1.36544394	450	-0.096007 0.041180  1.092942
1.37047600	447	-0.094331 0.046208  1.093900
1.37551999	447	-0.076614 0.039025  1.089111
1.38055599	448	-0.080923 0.039983  1.083844
1.38559997	447	-0.058897 0.033279  1.094857
1.39064800	446	-0.058897 0.025618  1.097730
1.39569604	446	-0.045489 0.024421  1.087914
1.40075597	442	-0.038307 0.017238  1.086717
1.40581998	442	-0.022505 0.013647  1.084323
1.41088795	439	-0.019153 0.008140  1.082647
1.41594800	439	-0.008140 0.004549  1.080732
1.42099199	438	-0.007901 -0.004788  1.081210
1.42607202	436	-0.000958 -0.004070  1.074746
1.43113994	434	0.006943 -0.003352  1.065409
1.43617591	435	0.009337 -0.006225  1.066846
1.44120397	433	0.008140 -0.002873  1.082647
1.44622802	433	0.012929 -0.005985  1.065888
1.45125999	432	0.010534 -0.009337  1.060142
1.45631194	431	0.009337 -0.004070  1.068042
1.46133193	431	0.012929 -0.010534  1.057029
1.46638798	430	0.011971 -0.013168  1.066606
1.47144794	430	0.010056 -0.005985  1.064451
1.47648801	428	0.006225 -0.008380  1.059663
1.48153996	427	0.005267 -0.004549  1.055593
1.48659205	425	-0.002873 0.000239  1.045298
1.49163999	425	-0.001915 0.001915  1.050565
1.49668798	422	-0.014604 0.006943  1.048889
1.50171995	423	-0.025857 0.018675  1.046256
1.50676798	421	-0.028012 0.019632  1.054635
1.51180400	421	-0.040222 0.017956  1.044819
1.51683197	421	-0.048123 0.024660  1.043861
1.52188005	420	-0.056024 0.032082  1.029736
1.52691993	420	-0.066558 0.037349  1.038834
1.53197202	420	-0.069671 0.048362  1.043622
1.53703203	418	-0.076135 0.048123  1.037636
1.54209604	417	-0.074698 0.045011  1.023511
##inga 
#ido(sec)  szog(ADC)     ax(g)    ay(g)   az(g)
1.54769191	416	-0.077571 0.039265  1.025426
1.55294799	416	-0.081402 0.045489  1.020398
1.55816402	414	-0.092176 0.056981  1.029017
1.56338405	412	-0.090979 0.056981  1.024469
1.56842398	412	-0.083317 0.048362  1.023032
1.57346796	412	-0.085472 0.047884  1.020638
1.57852005	410	-0.087627 0.048841  1.021117
1.58357596	409	-0.086669 0.057460  1.019680
1.58860802	410	-0.079726 0.051235  1.020398
1.59364795	410	-0.080684 0.049081  1.003400
1.59868001	410	-0.078050 0.043335  1.012977
1.60373601	409	-0.073980 0.050038  1.014892
1.60878000	408	-0.070628 0.046926  1.012258
1.61383199	410	-0.066798 0.039504  1.012258
1.61888799	410	-0.057460 0.033997  1.017047
1.62393608	410	-0.049081 0.030885  0.994062
1.62898802	406	-0.043335 0.023463  1.006033
1.63404798	407	-0.035434 0.027533  1.008427
1.63910398	408	-0.027054 0.020590  1.006512
1.64414405	407	-0.017717 0.014365  0.997893
1.64919195	408	-0.014604 0.013647  0.998851
1.65422000	408	-0.007183 0.009098  1.004836
1.65925598	407	-0.000958 0.009577  0.999330
1.66428003	407	0.002634 -0.005267  0.994781
1.66930794	408	0.005267 0.001197  0.999330
1.67432794	408	0.014365 0.000239  1.003160
1.67936801	407	0.009816 -0.009577  0.994541
1.68441605	407	0.010774 -0.006464  0.993823
1.68946399	407	0.014604 -0.008380  0.994781
1.69450798	407	0.011731 -0.005028  0.990232
1.69956803	405	0.014126 0.001197  0.996217
1.70459995	407	0.008380 -0.001915  0.997414
1.70963201	406	0.001197 0.001197  0.989514
1.71464004	407	0.002634 0.007183  0.991908
1.71965599	407	-0.010295 0.012689  0.992387
1.72469606	406	-0.011971 0.012929  0.993823
1.72974801	407	-0.012450 0.012210  0.987838
1.73479604	406	-0.028012 0.021069  0.992147
1.73985195	407	-0.031124 0.019393  0.996696
1.74492001	407	-0.040222 0.021787  0.991189
1.74997196	407	-0.044771 0.030167  0.993105
1.75502395	405	-0.058657 0.034476  0.992626
1.76008796	406	-0.065840 0.038786  1.003639
1.76513600	405	-0.069192 0.042856  1.008427
1.77018404	408	-0.067037 0.043813  0.991668
1.77522397	406	-0.074459 0.035194  1.006752
1.78026795	406	-0.076135 0.042377  0.987359
1.78531208	407	-0.087387 0.047165  1.004118
1.79035606	409	-0.091458 0.046208  0.989992
1.79538402	409	-0.088106 0.039504  0.995260
1.80041999	408	-0.081641 0.044292  1.003400
1.80546398	409	-0.087627 0.046926  1.002203
1.81050796	407	-0.088345 0.045968  1.009864
1.81555604	410	-0.084754 0.039504  1.008427
1.82060804	407	-0.078050 0.039504  1.006033
1.82564792	410	-0.078290 0.040940  1.015849
1.83070001	408	-0.078050 0.034237  1.001724
1.83574790	412	-0.071825 0.033040  1.013934
1.84079599	411	-0.065840 0.032800  1.017765
1.84582405	411	-0.071346 0.035673  1.012737
1.85086402	413	-0.065122 0.025618  1.013455
1.85592403	414	-0.048362 0.023702  1.014413
1.86097602	415	-0.052911 0.027533  1.033566
1.86601600	416	-0.043095 0.026575  1.013695
1.87105598	414	-0.036631 0.022745  1.016328
1.87611999	417	-0.029448 0.005507  1.022793
1.88117599	417	-0.029927 0.012450  1.020398
1.88623199	415	-0.017956 0.011013  1.028299
1.89128799	418	-0.011731 0.009337  1.039791
1.89635601	418	-0.010774 -0.005267  1.019201
1.90144395	417	0.000000 -0.004549  1.041467
1.90645599	419	-0.000958 -0.005985  1.040749
1.91154394	422	0.002155 0.001915  1.033806
1.91656799	424	0.007661 -0.006704  1.044580
1.92159605	422	0.006943 -0.014604  1.039552
1.92663202	424	0.000239 -0.011253  1.043143
1.93166809	423	-0.001437 -0.005267  1.056072
1.93674802	425	0.004549 -0.006704  1.045298
1.94177608	426	0.002155 -0.012450  1.049607
1.94681205	426	-0.006704 -0.005267  1.054635
1.95189590	428	-0.011731 0.000718  1.054875
1.95694007	428	-0.010774 0.001676  1.052480
1.96200389	428	-0.019153 -0.001676  1.055114
1.96709594	428	-0.025618 0.005028  1.059184
1.97214794	428	-0.033997 0.013886  1.064691
1.97720003	433	-0.041659 0.016520  1.055114
1.98224792	432	-0.046686 0.011492  1.065648
1.98730802	433	-0.051714 0.019872  1.071155
1.99236001	434	-0.060094 0.023702  1.074267
1.99738397	436	-0.063685 0.032321  1.065170
2.00242805	436	-0.072304 0.032321  1.078816
2.00745606	437	-0.079966 0.024421  1.074746
2.01249599	438	-0.083796 0.033997  1.087675
2.01753997	440	-0.088106 0.041180  1.078098
2.02257609	440	-0.088824 0.045011  1.085760
2.02760791	444	-0.089303 0.036391  1.087196
2.03265595	445	-0.089542 0.033758  1.079056
2.03770399	446	-0.086430 0.036391  1.076422
2.04275202	448	-0.094809 0.039743  1.091027
2.04780411	448	-0.097443 0.037349  1.093660
2.05285596	449	-0.083796 0.040701  1.091266
##inga 
#ido(sec)  szog(ADC)     ax(g)    ay(g)   az(g)
2.05845189	448	-0.090979 0.035673  1.096533
2.06368398	450	-0.086190 0.035194  1.088872
2.06889605	450	-0.080444 0.033758  1.101561
2.07410001	451	-0.073262 0.027294  1.096533
2.07914805	453	-0.068234 0.021548  1.093181
2.08419609	452	-0.065122 0.017956  1.094378
2.08925199	454	-0.055306 0.019153  1.107546
2.09430003	455	-0.039504 0.021548  1.095576
2.09935188	456	-0.043813 0.011013  1.098449
2.10439991	455	-0.040222 0.009337  1.099406
2.10945200	458	-0.032082 0.000239  1.103476
2.11450004	459	-0.023224 -0.001437  1.104913
2.11960411	461	-0.016999 -0.009098  1.097730
2.12468004	462	-0.013647 -0.013168  1.104434
2.12978792	463	-0.009098 -0.009577  1.105631
2.13488006	465	-0.007183 -0.021548  1.098927
2.13998794	465	0.000000 -0.017717  1.101800
2.14500403	467	-0.002155 -0.011731  1.106828
2.15009593	469	0.002634 -0.021548  1.104195
2.15513610	469	-0.006225 -0.019632  1.107068
2.16022396	472	-0.003112 -0.018196  1.098688
2.16531205	473	-0.006943 -0.026097  1.107068
2.17039990	474	-0.009577 -0.011971  1.096773
2.17547988	476	-0.016280 -0.012929  1.099167
2.18057608	477	-0.016759 -0.005028  1.101561
2.18565988	477	-0.018675 -0.005028  1.108744
2.19074392	476	-0.024660 -0.009098  1.105152
2.19582009	478	-0.037349 -0.000718  1.107307
2.20090007	479	-0.034716 0.002394  1.108744
2.20594000	483	-0.052432 0.006704  1.106589
2.21098804	484	-0.059615 0.010295  1.104434
2.21604394	485	-0.064164 0.015323  1.097491
2.22110795	485	-0.071586 0.014365  1.103237
2.22616410	488	-0.077571 0.019632  1.094857
2.23122811	487	-0.076374 0.022266  1.104434
2.23629188	490	-0.087148 0.023942  1.109941
2.24135589	492	-0.089782 0.021308  1.089590
2.24641990	490	-0.091458 0.023224  1.102758
2.25146794	494	-0.095528 0.026575  1.103237
2.25651597	493	-0.091458 0.027533  1.094139
2.26154804	494	-0.097443 0.033518  1.086957
2.26659202	495	-0.092415 0.024899  1.096294
2.27164006	497	-0.098161 0.033997  1.091984
2.27667999	499	-0.093373 0.022505  1.088872
2.28172397	502	-0.089542 0.027772  1.080253
2.28676795	501	-0.086909 0.022266  1.087196
2.29181599	503	-0.081402 0.017956  1.085999
2.29687595	504	-0.079008 0.014365  1.083605
2.30192399	504	-0.069192 0.016759  1.076662
2.30698394	503	-0.074219 0.011971  1.079295
2.31204390	505	-0.057939 0.007661  1.078577
2.31710410	503	-0.053630 -0.000958  1.078816
2.32218408	508	-0.047405 -0.004070  1.074746
2.32727193	506	-0.046686 0.002394  1.065170
2.33231210	507	-0.041180 -0.005985  1.066367
2.33739209	510	-0.033279 -0.012210  1.069718
2.34247994	511	-0.032321 -0.013168  1.077380
2.34757995	511	-0.025139 -0.016041  1.068282
2.35267591	513	-0.021787 -0.019632  1.072592
2.35776805	514	-0.014126 -0.022026  1.064691
2.36285591	517	-0.022026 -0.024181  1.059902
2.36794805	518	-0.016759 -0.027772  1.061578
2.37303996	519	-0.009577 -0.022984  1.061339
2.37813210	517	-0.015562 -0.024660  1.065888
2.38321208	521	-0.016759 -0.020351  1.055114
2.38831210	524	-0.022026 -0.024421  1.044340
2.39339590	525	-0.017477 -0.022026  1.058466
2.39849209	524	-0.020590 -0.019872  1.046495
2.40356802	524	-0.037828 -0.014365  1.047213
2.40866804	526	-0.030406 -0.012450  1.050086
2.41375994	527	-0.039743 -0.015323  1.044340
2.41886401	527	-0.041659 -0.011492  1.050804
2.42397189	525	-0.043813 -0.015323  1.042185
2.42907190	528	-0.057700 -0.005746  1.046256
2.43416810	526	-0.056024 0.001197  1.043143
2.43919992	527	-0.065361 0.002634  1.036679
2.44426393	530	-0.067276 -0.002634  1.031412
2.44934391	531	-0.076135 0.006943  1.036918
2.45440006	530	-0.077093 0.012929  1.034045
2.45945191	533	-0.089303 0.013407  1.025905
2.46451592	532	-0.087866 0.010774  1.025666
2.46956801	534	-0.089303 0.011971  1.035242
2.47460794	534	-0.092176 0.012210  1.028060
2.47964811	536	-0.096485 0.016759  1.022074
2.48468399	536	-0.095049 0.018435  1.028299
2.48972797	535	-0.103189 0.014126  1.018244
2.49478006	536	-0.088585 0.018196  1.019920
2.49982404	537	-0.091936 0.014844  1.010343
2.50487208	537	-0.087387 0.015802  1.022793
2.50992393	537	-0.084754 0.015083  1.009864
2.51497602	535	-0.085472 0.005985  1.018004
2.52002406	537	-0.078290 0.007661  1.013455
2.52507209	537	-0.069192 0.005028  1.013934
2.53011608	538	-0.064403 0.000000  1.025666
2.53514409	538	-0.058418 -0.005507  1.013695
2.54022407	537	-0.059136 -0.000718  1.006991
2.54529595	538	-0.059854 -0.005985  1.005076
2.55037593	538	-0.048123 -0.003352  1.015610
2.55546402	539	-0.045489 -0.013168  1.005555
2.56055998	539	-0.032561 -0.013886  1.002203
2.56565189	539	-0.030885 -0.017717  0.998133
##inga 
#ido(sec)  szog(ADC)     ax(g)    ay(g)   az(g)
2.57128405	540	-0.029688 -0.021069  1.005315
2.57651996	540	-0.023702 -0.020590  0.999808
2.58173990	540	-0.017956 -0.025378  1.005555
2.58696794	540	-0.023702 -0.027533  0.997414
2.59206008	540	-0.017956 -0.023942  1.003879
2.59716391	541	-0.022745 -0.031124  1.002681
2.60226798	540	-0.017717 -0.028730  1.011061
2.60736393	539	-0.022984 -0.020829  1.003160
2.61245203	539	-0.019632 -0.026815  1.013695
2.61755609	540	-0.025139 -0.029927  0.998611
2.62264800	538	-0.026575 -0.021548  1.004118
2.62774395	538	-0.028730 -0.015562  1.003639
2.63284397	540	-0.039743 -0.014365  1.008427
2.63793206	540	-0.040222 -0.015802  1.004597
2.64301609	541	-0.047884 -0.010534  1.012258
2.64811992	539	-0.045011 -0.010534  1.004597
2.65321207	540	-0.059376 -0.003352  1.005076
2.65830397	539	-0.058897 -0.000718  1.006512
2.66339206	538	-0.066079 0.008140  1.006273
2.66844010	539	-0.073262 0.003831  1.007470
2.67350006	538	-0.067755 0.007422  1.007709
2.67856001	538	-0.084036 0.015083  1.008667
2.68362402	537	-0.084036 0.016759  1.007709
2.68866395	536	-0.085233 0.014126  1.006512
2.69370388	534	-0.086669 0.017477  1.015371
2.69874811	535	-0.087866 0.018435  1.018244
2.70377588	535	-0.091218 0.025857  1.028299
2.70881605	535	-0.092415 0.022745  1.025905
2.71386790	533	-0.087866 0.019872  1.017765
2.71892809	534	-0.086909 0.021787  1.016568
2.72397208	534	-0.086190 0.020111  1.028539
2.72902798	535	-0.075656 0.021548  1.014174
2.73407196	534	-0.079247 0.011492  1.019920
2.73912811	531	-0.073741 0.014126  1.032609
2.74418807	531	-0.069192 0.012929  1.023511
2.74924397	530	-0.063925 0.015802  1.031412
2.75430393	529	-0.061291 0.005028  1.032609
2.75936007	530	-0.056024 0.003112  1.030693
2.76438403	527	-0.051714 -0.000958  1.031412
2.76946806	529	-0.046926 -0.001676  1.031412
2.77455210	527	-0.045968 -0.001676  1.027820
2.77962398	527	-0.031843 -0.004070  1.030933
2.78470396	527	-0.031843 -0.008380  1.037158
2.78978800	527	-0.027533 -0.008858  1.040031
2.79486393	526	-0.031124 -0.014844  1.038594
2.79995989	525	-0.019872 -0.008380  1.045058
2.80504398	524	-0.025139 -0.016280  1.051283
2.81013984	521	-0.018675 -0.015083  1.046016
2.81523609	522	-0.017477 -0.015802  1.049368
2.82033205	520	-0.013407 -0.017477  1.061339
2.82543611	520	-0.016041 -0.015083  1.059902
2.83051986	519	-0.018914 -0.013168  1.054875
2.83562803	518	-0.020590 -0.015083  1.059184
2.84070796	515	-0.020829 -0.008380  1.052720
2.84578800	517	-0.027294 -0.004788  1.057748
2.85087985	516	-0.027294 -0.010056  1.063015
2.85596799	515	-0.031124 -0.003352  1.062775
2.86107206	514	-0.035673 -0.006943  1.058945
2.86616401	512	-0.035913 0.001676  1.057748
2.87122392	511	-0.041659 0.000718  1.067803
2.87626791	510	-0.055784 0.003831  1.070437
2.88134002	509	-0.052432 0.005507  1.067803
2.88639211	509	-0.052911 0.012929  1.076662
2.89143991	507	-0.058657 0.015083  1.080732
2.89648008	506	-0.067755 0.014604  1.078098
2.90153198	505	-0.072783 0.018675  1.081450
2.90657997	504	-0.079008 0.024181  1.075943
2.91160392	504	-0.077093 0.023224  1.079774
2.91664409	503	-0.083078 0.018675  1.078816
2.92169589	500	-0.083317 0.024181  1.091506
2.92675991	501	-0.091458 0.025857  1.083605
2.93179988	500	-0.087148 0.030406  1.086238
2.93686008	498	-0.079487 0.026097  1.087196
2.94193191	496	-0.086190 0.026815  1.094139
2.94697589	496	-0.083796 0.025857  1.090787
2.95203990	494	-0.082839 0.027054  1.097012
2.95710391	492	-0.078529 0.026336  1.086238
2.96216392	493	-0.073741 0.022026  1.100125
2.96721191	491	-0.073501 0.024899  1.090069
2.97225589	490	-0.064164 0.020590  1.098688
2.97729206	489	-0.066319 0.020111  1.097970
2.98232793	488	-0.055066 0.011731  1.101322
2.98737192	487	-0.046447 0.016759  1.109941
2.99241590	486	-0.047405 0.011492  1.105152
2.99744796	482	-0.041898 0.008140  1.103237
3.00247597	482	-0.035434 0.005746  1.104195
3.00752806	480	-0.034237 0.006704  1.099406
3.01257610	477	-0.024181 0.000000  1.106110
3.01758408	479	-0.019632 0.000479  1.093660
3.02264809	477	-0.018675 -0.004070  1.101082
3.02774000	475	-0.017956 -0.004310  1.098927
3.03282809	473	-0.016280 -0.005746  1.103237
3.03791999	473	-0.008140 -0.005985  1.098209
3.04299592	474	-0.012929 -0.011253  1.102040
3.04808402	470	-0.009337 -0.006225  1.107068
3.05317592	471	-0.013407 -0.008380  1.105871
3.05825591	470	-0.014844 -0.002155  1.099406
3.06334400	468	-0.010056 -0.007901  1.096773
3.06842398	468	-0.016041 -0.002634  1.093181
3.07350397	465	-0.020590 -0.004549  1.089830
3.07857990	465	-0.019153 -0.000718  1.101322
##inga 
#ido(sec)  szog(ADC)     ax(g)    ay(g)   az(g)
3.08418798	462	-0.032321 0.012450  1.105871
3.08942794	463	-0.032561 0.008140  1.100125
3.09464788	462	-0.037349 0.013886  1.103476
3.09986400	461	-0.043574 0.013168  1.088393
3.10491991	458	-0.048602 0.017238  1.100603
3.10996794	458	-0.054827 0.022745  1.086717
3.11502790	456	-0.058179 0.022505  1.103237
3.12007999	456	-0.069192 0.027294  1.093660
3.12512803	454	-0.067995 0.031124  1.090548
3.13018393	452	-0.067516 0.033279  1.105392
3.13524794	452	-0.072783 0.028251  1.081929
3.14030790	451	-0.081402 0.042616  1.094139
3.14535593	451	-0.077093 0.039025  1.091506
3.15039992	450	-0.082360 0.036631  1.086478
3.15543198	450	-0.085472 0.037349  1.098209
3.16047191	448	-0.077093 0.043574  1.083365
3.16551995	448	-0.081881 0.036870  1.086957
3.17055606	445	-0.079726 0.035913  1.087435
3.17560791	447	-0.081641 0.035673  1.089830
3.18066406	444	-0.074219 0.038786  1.083844
3.18571209	443	-0.074219 0.037589  1.080013
3.19077205	440	-0.067755 0.027054  1.072831
3.19582009	440	-0.062488 0.032321  1.074986
3.20088410	438	-0.057221 0.030885  1.083605
3.20593595	436	-0.055784 0.019393  1.073789
3.21099996	437	-0.045011 0.020590  1.078577
3.21603989	436	-0.044053 0.019153  1.062536
3.22108006	435	-0.033279 0.015083  1.072113
3.22612404	434	-0.030406 0.012450  1.067085
3.23116803	432	-0.025378 0.014365  1.063494
3.23622393	431	-0.024181 0.010534  1.055593
3.24126410	431	-0.016759 0.004310  1.047931
3.24630403	430	-0.019153 0.000958  1.061818
3.25135588	430	-0.012929 0.003831  1.063254
3.25640797	428	-0.008380 -0.000718  1.053678
3.26150393	429	-0.016041 0.002634  1.055114
3.26656007	429	-0.010295 0.003591  1.052480
3.27160406	426	-0.009098 0.006464  1.044819
3.27665591	425	-0.005507 0.001437  1.055832
3.28171205	423	-0.009337 0.004070  1.051283
3.28675198	423	-0.013647 0.003831  1.041946
3.29180407	424	-0.011971 0.002155  1.039312
3.29686403	422	-0.012450 0.008858  1.040031
3.30190396	421	-0.018914 0.010534  1.038834
3.30694389	419	-0.028491 0.013168  1.037636
3.31198406	421	-0.022745 0.015083  1.047453
3.31703591	419	-0.033758 0.016041  1.034763
3.32208395	418	-0.033758 0.018435  1.030454
3.32714390	421	-0.037589 0.021787  1.028060
3.33218002	420	-0.048123 0.022984  1.019201
3.33723592	415	-0.043095 0.028012  1.026863
3.34228801	416	-0.052432 0.022745  1.022793
3.34735202	414	-0.054587 0.034476  1.022314
3.35240793	416	-0.058418 0.035913  1.029257
3.35746788	417	-0.060573 0.039983  1.027342
3.36251211	415	-0.066079 0.039025  1.018723
3.36756396	412	-0.068952 0.036631  1.018483
3.37259197	412	-0.069910 0.041419  1.011540
3.37761592	411	-0.070628 0.036152  1.017286
3.38265204	411	-0.064882 0.039983  1.017286
3.38770008	409	-0.072065 0.040701  1.013455
3.39272809	411	-0.073022 0.038307  1.005076
3.39777994	410	-0.067516 0.039504  1.013934
3.40283989	411	-0.065600 0.035913  1.003400
3.40788006	408	-0.064643 0.039743  1.007949
3.41292810	410	-0.066798 0.034237  1.008427
3.41798806	410	-0.064403 0.043095  1.010103
3.42303991	407	-0.062009 0.033518  1.005555
3.42808008	410	-0.053630 0.029688  1.013695
3.43314003	410	-0.048602 0.027772  0.999569
3.43816804	410	-0.043095 0.027294  1.003160
3.44320797	408	-0.042377 0.028730  1.007470
3.44825196	409	-0.037349 0.020829  0.989992
3.45329594	409	-0.034955 0.024899  1.000766
3.45833611	407	-0.025378 0.019153  1.005555
3.46338796	408	-0.020351 0.023224  1.000287
3.46845602	408	-0.018914 0.013647  1.000287
3.47350406	409	-0.018196 0.012450  1.002921
3.47855997	409	-0.012929 0.012929  1.004118
3.48361611	406	-0.016280 0.008380  0.993823
3.48866391	408	-0.004549 0.015083  0.987838
3.49372005	409	-0.003831 0.002873  0.998372
3.49877595	406	-0.005985 0.006464  0.999569
3.50380802	406	-0.007661 0.010295  1.002203
3.50885200	407	-0.001437 0.008380  0.997414
3.51387596	408	-0.005746 0.006225  0.999808
3.51889991	407	-0.009816 0.005746  1.000048
3.52393603	409	-0.015323 0.010056  0.998851
3.52898788	409	-0.020111 0.015323  1.008667
3.53403592	408	-0.021308 0.014604  1.001006
3.53908801	408	-0.024660 0.017477  1.001484
3.54413199	408	-0.028491 0.015562  1.000527
3.54918789	409	-0.034237 0.018914  1.008427
3.55424404	410	-0.034716 0.020111  0.998851
3.55929589	411	-0.046447 0.022026  0.998372
3.56435990	411	-0.049799 0.025857  1.002442
3.56940388	410	-0.052193 0.027772  1.008906
3.57446002	412	-0.054587 0.031843  1.004357
3.57950806	410	-0.062967 0.027533  1.005555
3.58455610	412	-0.059376 0.038067  1.006991
3.58960008	413	-0.066079 0.035194  0.999330
##inga 
#ido(sec)  szog(ADC)     ax(g)    ay(g)   az(g)
3.59515190	412	-0.071825 0.033040  1.009385
3.60037207	413	-0.068234 0.036631  1.007709
3.60558795	414	-0.068952 0.037349  1.006033
3.61079597	413	-0.071825 0.038546  1.012498
3.61585211	413	-0.064403 0.035673  1.007949
3.62089610	416	-0.071346 0.040701  1.011301
3.62595605	414	-0.067276 0.039983  1.013216
3.63100409	416	-0.066319 0.037110  1.016328
3.63607192	416	-0.063925 0.029448  1.012498
3.64113593	417	-0.063446 0.032321  1.025666
3.64619994	415	-0.057939 0.029927  1.023750
3.65125203	418	-0.055784 0.027772  1.023750
3.65630006	416	-0.052193 0.028251  1.027342
3.66134810	419	-0.053630 0.029927  1.029257
3.66638803	419	-0.046926 0.024899  1.025905
3.67143607	419	-0.045968 0.025139  1.028778
3.67647600	423	-0.044771 0.018914  1.032130
3.68151211	422	-0.035194 0.014604  1.032130
3.68655204	422	-0.030406 0.010295  1.030693
3.69159603	424	-0.029209 0.016041  1.033327
3.69664001	425	-0.023942 0.011013  1.032609
3.70168805	424	-0.017238 0.002634  1.050326
3.70674800	426	-0.018914 0.003831  1.047213
3.71180009	426	-0.013168 0.002634  1.042904
3.71685194	425	-0.013886 -0.005985  1.055593
3.72192406	426	-0.012689 0.000958  1.046495
3.72697591	428	-0.010774 -0.004310  1.053438
3.73205590	427	-0.013647 0.000239  1.048889
3.73709607	431	-0.011492 -0.000718  1.061339
3.74216794	432	-0.014604 0.000718  1.056311
3.74720811	433	-0.019393 0.001676  1.061818
3.75225996	433	-0.015323 0.000958  1.059424
3.75730800	434	-0.023224 0.003352  1.059424
3.76237201	434	-0.020829 0.003591  1.058945
3.76741600	435	-0.028012 0.003112  1.062296
3.77245998	437	-0.028730 0.007422  1.065888
3.77751994	436	-0.033279 0.010774  1.061339
3.78259611	438	-0.039265 0.012689  1.066606
3.78764796	440	-0.045729 0.011253  1.070676
3.79270005	442	-0.045729 0.014604  1.068282
3.79776406	441	-0.056263 0.022505  1.073310
3.80282802	442	-0.061530 0.028970  1.074267
3.80786800	443	-0.062488 0.019872  1.073549
3.81290798	447	-0.069910 0.026575  1.073310
3.81794815	448	-0.073262 0.030167  1.075704
3.82299594	448	-0.072783 0.034237  1.078577
3.82803611	449	-0.076374 0.025857  1.091266
3.83308792	449	-0.079247 0.022505  1.089590
3.83813591	449	-0.080684 0.032800  1.082408
3.84315986	451	-0.082599 0.037110  1.091745
3.84821605	451	-0.079008 0.033040  1.093181
3.85326404	452	-0.084275 0.024899  1.095097
3.85832405	454	-0.073980 0.026575  1.092942
3.86339206	454	-0.077811 0.025139  1.089351
3.86846809	456	-0.080444 0.030406  1.099167
3.87351989	456	-0.065361 0.023463  1.089111
3.87858009	454	-0.067276 0.022266  1.092463
3.88363189	456	-0.062488 0.018675  1.095815
3.88868408	456	-0.059136 0.020829  1.101082
3.89372396	461	-0.058897 0.018435  1.102758
3.89876003	460	-0.048362 0.013647  1.100603
3.90380811	463	-0.042616 0.009577  1.089351
3.90884799	463	-0.039983 0.006225  1.098927
3.91389198	466	-0.039025 0.002155  1.096773
3.91893596	466	-0.031843 0.003352  1.100125
3.92401199	467	-0.035913 0.003831  1.099885
3.92907190	467	-0.025139 0.000000  1.100603
3.93408393	468	-0.016280 -0.000479  1.107546
3.93917989	470	-0.019872 -0.010774  1.094378
3.94428396	473	-0.017477 -0.006225  1.100125
3.94938392	472	-0.019632 -0.008619  1.102279
3.95449209	475	-0.019632 -0.020351  1.098927
3.95960407	475	-0.019393 -0.011013  1.101082
3.96470403	477	-0.017477 -0.013886  1.092224
3.96982002	478	-0.025139 -0.006704  1.097730
3.97491188	479	-0.018914 -0.011731  1.097970
3.98002414	480	-0.026575 -0.002634  1.093421
3.98510408	483	-0.026097 -0.008380  1.107068
3.99019603	483	-0.032561 -0.006704  1.099885
3.99528007	484	-0.036152 -0.006704  1.103955
4.00036811	485	-0.041659 -0.000958  1.097012
4.00544786	486	-0.049320 0.000239  1.103716
4.01049184	489	-0.053151 0.003591  1.105871
4.01552820	491	-0.061770 0.008140  1.091266
4.02055597	491	-0.060094 0.010774  1.097970
4.02557992	493	-0.066558 0.009098  1.078338
4.03063201	491	-0.067995 0.006225  1.095097
4.03566789	492	-0.076374 0.011013  1.091266
4.04071998	495	-0.074219 0.020111  1.084084
4.04577207	493	-0.083317 0.017956  1.085041
4.05081987	497	-0.074219 0.016520  1.093181
4.05586814	498	-0.083078 0.021548  1.092224
4.06093597	499	-0.080923 0.024899  1.080971
4.06599617	502	-0.084275 0.022026  1.088872
4.07105207	503	-0.081881 0.016041  1.089590
4.07609176	503	-0.078529 0.017477  1.083365
4.08114004	503	-0.084036 0.020590  1.074267
4.08618021	504	-0.083796 0.020111  1.076662
4.09122419	504	-0.074698 0.011492  1.079295
4.09626817	504	-0.073262 0.013407  1.076901
4.10131597	505	-0.071586 0.014126  1.084802
##inga 
#ido(sec)  szog(ADC)     ax(g)    ay(g)   az(g)
4.10690402	504	-0.069192 0.013168  1.070676
4.11213207	508	-0.057939 0.005985  1.074028
4.11736392	508	-0.060573 0.006943  1.073070
4.12256813	510	-0.056503 0.001915  1.067803
4.12761592	512	-0.049799 0.001197  1.074028
4.13267993	512	-0.041419 -0.006225  1.067564
4.13778400	511	-0.045968 -0.006225  1.057029
4.14286422	515	-0.039504 -0.010056  1.058945
4.14795207	516	-0.036391 -0.007901  1.052002
4.15303993	516	-0.043574 -0.012450  1.070437
4.15814018	515	-0.025857 -0.016280  1.060142
4.16322422	519	-0.036870 -0.019632  1.046495
4.16831207	519	-0.032800 -0.013407  1.054396
4.17339611	521	-0.025139 -0.022266  1.050326
4.17849588	522	-0.028012 -0.017717  1.046256
4.18359994	524	-0.025139 -0.020351  1.052002
4.18870019	524	-0.026097 -0.015083  1.047931
4.19377994	522	-0.022745 -0.022505  1.052720
4.19887208	523	-0.031364 -0.024181  1.049607
4.20397186	525	-0.032800 -0.016041  1.040031
4.20905208	526	-0.032800 -0.016759  1.038115
4.21413993	526	-0.042856 -0.015323  1.033088
4.21923208	525	-0.041898 -0.011971  1.039312
4.22432422	528	-0.048123 -0.008140  1.034524
4.22940015	529	-0.048123 -0.005507  1.034285
4.23447179	529	-0.053151 0.000000  1.028778
4.23948812	529	-0.052672 -0.004070  1.027102
4.24456787	529	-0.059615 -0.001676  1.030454
4.24965620	530	-0.056024 0.003831  1.033327
4.25470399	530	-0.067755 0.001915  1.028060
4.25975179	532	-0.066079 0.009816  1.025426
4.26480817	534	-0.072783 0.005985  1.020877
4.26986789	534	-0.075177 0.004549  1.023511
4.27491998	534	-0.075656 0.010534  1.027342
4.27997589	534	-0.078529 0.008858  1.017286
4.28502416	535	-0.080684 0.009577  1.019680
4.29004812	533	-0.080444 0.007901  1.012019
4.29508018	536	-0.080444 0.010295  1.011540
4.30010414	533	-0.080684 0.009816  1.022553
4.30513191	535	-0.085233 0.009098  1.020159
4.31017589	536	-0.082360 0.006943  1.012019
4.31521987	535	-0.078529 0.010534  1.015371
4.32027196	537	-0.078290 0.011013  1.005315
4.32531976	537	-0.071346 0.006943  1.012737
4.33036804	534	-0.064403 -0.002155  1.002921
4.33546781	535	-0.060333 0.004549  1.013934
4.34052801	537	-0.063206 -0.004070  1.016807
4.34561204	536	-0.062727 -0.002155  1.003639
4.35070419	536	-0.053151 -0.002394  1.004597
4.35579204	537	-0.052911 -0.012929  1.008667
4.36089611	537	-0.042377 -0.008380  1.005555
4.36598777	536	-0.044532 -0.013647  1.009385
4.37109184	537	-0.042377 -0.015802  1.009146
4.37619209	536	-0.030885 -0.014604  1.007949
4.38127994	535	-0.037349 -0.017477  1.010822
4.38636016	537	-0.032321 -0.014365  1.005076
4.39145612	537	-0.036631 -0.015083  1.002442
4.39653587	536	-0.029688 -0.022745  1.015610
4.40162801	537	-0.029688 -0.021548  1.004118
4.40671205	536	-0.029927 -0.008140  1.008906
4.41178798	538	-0.034716 -0.016999  1.011301
4.41689205	536	-0.035194 -0.015802  1.007949
4.42198801	537	-0.029448 -0.019632  1.003879
4.42709207	536	-0.035194 -0.019153  1.009385
4.43217992	537	-0.033758 -0.010534  1.009385
4.43726778	536	-0.038307 -0.012450  1.005076
4.44234418	536	-0.038546 -0.008858  1.014413
4.44743585	537	-0.036391 -0.002873  1.014892
4.45252799	533	-0.046447 -0.001676  1.019201
4.45762395	536	-0.052193 -0.001437  1.010343
4.46271181	535	-0.059136 -0.003591  1.022074
4.46779584	535	-0.062009 0.000479  1.015371
4.47283983	533	-0.057939 0.005267  1.018483
4.47788381	534	-0.063685 0.003831  1.017286
4.48295211	531	-0.069192 0.011253  1.020398
4.48801994	534	-0.065361 0.011731  1.014892
4.49308776	534	-0.069192 0.008858  1.015131
4.49815177	533	-0.070628 0.010774  1.022553
4.50319194	533	-0.079008 0.014126  1.029017
4.50822401	533	-0.071586 0.013168  1.020877
4.51328420	529	-0.074938 0.017717  1.019680
4.51830387	531	-0.074459 0.018196  1.025426
4.52335214	528	-0.078529 0.014365  1.025187
4.52839994	529	-0.072783 0.008140  1.029975
4.53345203	527	-0.075656 0.012450  1.029496
4.53849983	525	-0.073980 0.009577  1.032369
4.54356002	527	-0.072544 0.008858  1.026623
4.54861593	527	-0.072304 0.008140  1.041467
4.55366802	525	-0.063925 0.009577  1.031651
4.55872011	526	-0.057221 0.003112  1.034524
4.56377601	523	-0.056263 0.002634  1.037636
4.56883621	521	-0.048841 0.005746  1.046256
4.57389593	523	-0.045968 0.005267  1.043143
4.57893610	522	-0.044771 0.001915  1.049607
4.58398008	520	-0.044053 -0.006943  1.042664
4.58905601	521	-0.040701 -0.004549  1.042185
4.59413623	519	-0.033758 -0.003591  1.049847
4.59921598	518	-0.030406 -0.001915  1.042425
4.60429620	518	-0.034476 -0.011013  1.047213
4.60937976	517	-0.029448 -0.005985  1.051283
4.61445999	517	-0.029209 -0.011492  1.059663
##inga 
#ido(sec)  szog(ADC)     ax(g)    ay(g)   az(g)
4.62007999	515	-0.029448 -0.006704  1.060860
4.62527608	514	-0.027294 -0.011013  1.058226
4.63052797	514	-0.028491 -0.008619  1.062057
4.63574790	513	-0.025618 -0.008380  1.066367
4.64084386	512	-0.028012 -0.003591  1.061339
4.64593982	511	-0.035913 -0.001676  1.068761
4.65104007	509	-0.034955 -0.008619  1.062296
4.65613985	508	-0.033279 -0.005507  1.066127
4.66122388	507	-0.034476 -0.000958  1.071394
4.66630792	506	-0.039743 -0.001197  1.074507
4.67139196	505	-0.039504 0.000718  1.074746
4.67644405	504	-0.047644 0.008380  1.068761
4.68151187	503	-0.053390 0.004549  1.079774
4.68656778	503	-0.054108 0.006464  1.074986
4.69161605	503	-0.061052 0.014844  1.075225
4.69666814	502	-0.057460 0.016759  1.083605
4.70172023	502	-0.067755 0.014365  1.088393
4.70676422	502	-0.071346 0.019393  1.083365
4.71180820	499	-0.074459 0.019393  1.085520
4.71684789	499	-0.074219 0.018435  1.085999
4.72189617	493	-0.074698 0.016280  1.083605
4.72693586	496	-0.075177 0.018196  1.078098
4.73198413	493	-0.076374 0.025139  1.087196
4.73704385	493	-0.078050 0.025139  1.095097
4.74208402	493	-0.072783 0.022745  1.097730
4.74713611	490	-0.074219 0.019872  1.082647
4.75220012	490	-0.073262 0.020829  1.093421
4.75726413	488	-0.068234 0.023942  1.092703
4.76232814	488	-0.062488 0.022984  1.092224
4.76737213	485	-0.065600 0.020111  1.086957
4.77239990	485	-0.057460 0.024660  1.091027
4.77743196	483	-0.063685 0.014844  1.099885
4.78247213	482	-0.052432 0.010295  1.094378
4.78750801	481	-0.049320 0.009098  1.098927
4.79254388	477	-0.051235 0.011731  1.096773
4.79760408	476	-0.042138 0.015802  1.099406
4.80264806	477	-0.041419 0.004549  1.094857
4.80770778	476	-0.035434 0.004310  1.095576
4.81277179	475	-0.034237 0.003591  1.098688
4.81782388	473	-0.027054 0.004549  1.088872
4.82288408	472	-0.018675 -0.002155  1.094139
4.82800006	472	-0.021308 -0.002634  1.097252
4.83309602	471	-0.016041 0.001197  1.093421
4.83815193	469	-0.015323 0.000479  1.089351
4.84321594	469	-0.019632 0.001676  1.093181
4.84826421	466	-0.021069 -0.003831  1.095336
4.85334396	466	-0.019153 -0.002155  1.092703
4.85843992	465	-0.022266 -0.005985  1.093900
4.86352396	463	-0.018914 -0.003112  1.090548
4.86861610	463	-0.020351 0.008380  1.097252
4.87365579	462	-0.024899 0.002873  1.105152
4.87869977	461	-0.031124 0.009816  1.098449
4.88373994	458	-0.033040 0.012450  1.089830
4.88878011	457	-0.035673 0.009337  1.102758
4.89383220	456	-0.040701 0.016759  1.096054
4.89887189	455	-0.042616 0.017956  1.096054
4.90392017	454	-0.044771 0.017956  1.096773
4.90897989	452	-0.047405 0.017956  1.102279
4.91402816	450	-0.054108 0.014365  1.085760
4.91907215	452	-0.054827 0.028491  1.082647
4.92411994	452	-0.059615 0.028012  1.089111
4.92916822	448	-0.070389 0.031124  1.083126
4.93420410	451	-0.064403 0.028730  1.083605
4.93923997	450	-0.070149 0.031603  1.086957
4.94428014	449	-0.071586 0.035194  1.085520
4.94931983	447	-0.070389 0.032561  1.081450
4.95434379	446	-0.072304 0.034716  1.079774
4.95938014	445	-0.076374 0.033758  1.076422
4.96443605	444	-0.072544 0.036631  1.070437
4.96948814	444	-0.067037 0.035913  1.074267
4.97454404	443	-0.067276 0.034476  1.085041
4.97959184	442	-0.072544 0.033518  1.076662
4.98464822	441	-0.065600 0.031843  1.069240
4.98969602	438	-0.061770 0.032561  1.067564
4.99474382	439	-0.054108 0.029209  1.066367
4.99980020	436	-0.051714 0.029688  1.066846
5.00484418	433	-0.047644 0.020829  1.064930
5.00988388	435	-0.055066 0.025139  1.055593
5.01492023	434	-0.039265 0.018675  1.060860
5.01996803	433	-0.039025 0.010774  1.062296
5.02499580	430	-0.032561 0.014844  1.056311
5.03003978	432	-0.029448 0.010774  1.057748
5.03508377	432	-0.022745 0.007422  1.049368
5.04014396	429	-0.024899 0.011013  1.064691
5.04519987	431	-0.021308 0.006225  1.049847
5.05025577	430	-0.015802 0.013886  1.046016
5.05531597	427	-0.019393 0.009337  1.054875
5.06038379	428	-0.016280 0.009098  1.046495
5.06544780	424	-0.021069 0.010534  1.039791
5.07048416	423	-0.013886 0.009098  1.043383
5.07552814	425	-0.018435 0.007901  1.036200
5.08056783	424	-0.019632 0.007183  1.040510
5.08561182	422	-0.019872 0.005267  1.047692
5.09065198	423	-0.022745 0.011253  1.035961
5.09570407	422	-0.028970 0.009337  1.029496
5.10074806	420	-0.023942 0.006943  1.035482
5.10579586	419	-0.023463 0.014126  1.023032
5.11085605	421	-0.026097 0.010295  1.022553
5.11591577	419	-0.023224 0.019153  1.033088
5.12097978	420	-0.033758 0.020590  1.031890
5.12602806	420	-0.029927 0.016999  1.022793
##inga 
#ido(sec)  szog(ADC)     ax(g)    ay(g)   az(g)
5.13163185	417	-0.035913 0.022984  1.022074
5.13687181	416	-0.040462 0.030167  1.026623
5.14209222	415	-0.047884 0.028251  1.014174
5.14732408	417	-0.053630 0.029688  1.031172
5.15237188	417	-0.056263 0.030645  1.014652
5.15741205	416	-0.058657 0.033279  1.010103
5.16245985	416	-0.062967 0.036152  1.013216
5.16750001	416	-0.065122 0.040940  1.017525
5.17254018	413	-0.060573 0.039504  1.010822
5.17758798	412	-0.062249 0.040940  1.010103
5.18262004	410	-0.066558 0.043095  1.006273
5.18766403	412	-0.059615 0.038786  1.012258
5.19272422	412	-0.067755 0.038307  1.014892
5.19777584	411	-0.062727 0.033518  1.006033
5.20283603	410	-0.059136 0.038786  1.009146
5.20789623	410	-0.057221 0.031603  1.008188
5.21295213	408	-0.060333 0.029688  1.005794
5.21801614	408	-0.058418 0.029448  1.011061
5.22307205	410	-0.053390 0.026097  1.006273
5.22810411	410	-0.048841 0.027772  1.004597
5.23314380	408	-0.047405 0.032561  1.005555
5.23818778	411	-0.039504 0.032082  1.001724
5.24322795	410	-0.039504 0.024421  0.995978
5.24825191	410	-0.033040 0.023942  1.001484
5.25328397	408	-0.031843 0.017238  1.006991
5.25832796	409	-0.030885 0.021069  1.003160
5.26336812	408	-0.029209 0.016759  0.996457
5.26841592	410	-0.023702 0.016520  0.998372
5.27345991	410	-0.019393 0.016759  0.993105
5.27852010	409	-0.023224 0.009098  0.994062
5.28358793	410	-0.026097 0.015083  0.996217
5.28862810	408	-0.013886 0.009337  1.009146
5.29368019	410	-0.018914 0.006225  0.997175
5.29871606	410	-0.014365 0.015083  0.995020
5.30375623	410	-0.024660 0.015802  1.001006
5.30879211	408	-0.018675 0.009098  1.003879
5.31384801	408	-0.021548 0.005985  0.997175
5.31888818	410	-0.018675 0.009098  0.991908
5.32393598	408	-0.027054 0.009577  0.998611
5.32899618	412	-0.017956 0.007422  1.000766
5.33404779	409	-0.023702 0.012450  1.003639
5.33909606	409	-0.036870 0.013407  1.005555
5.34415197	413	-0.033997 0.016759  1.004597
5.34921598	413	-0.043813 0.019153  1.002442
5.35427618	414	-0.037349 0.023702  1.003639
5.35934400	413	-0.045968 0.023224  1.007470
5.36438798	414	-0.052432 0.023224  1.004597
5.36944389	416	-0.050517 0.023942  1.012977
5.37447977	415	-0.053869 0.024421  1.010582
5.37951612	417	-0.056742 0.031364  1.009864
5.38456010	416	-0.055306 0.025378  1.018244
5.38959980	415	-0.059854 0.029209  1.020398
5.39463996	415	-0.054827 0.029688  1.010103
5.39968776	417	-0.062488 0.028251  1.022314
5.40474414	417	-0.063446 0.027054  1.016807
5.40980005	418	-0.068713 0.036391  1.011779
5.41486406	417	-0.068234 0.033040  1.018962
5.41992378	418	-0.063206 0.033040  1.025187
5.42499208	419	-0.061530 0.025857  1.018244
5.43005609	419	-0.063925 0.027772  1.026144
5.43513202	421	-0.062727 0.027772  1.024708
5.44018411	422	-0.056981 0.028970  1.029496
5.44522380	423	-0.058657 0.029927  1.025426
5.45026779	424	-0.053151 0.022266  1.032609
5.45531606	425	-0.045968 0.025139  1.028539
5.46035623	425	-0.047165 0.018914  1.035242
5.46540403	423	-0.044771 0.018435  1.033806
5.47044420	425	-0.040222 0.025378  1.036679
5.47548389	426	-0.039743 0.011492  1.043143
5.48053216	428	-0.035194 0.021787  1.039552
5.48558378	428	-0.033997 0.007661  1.043861
5.49064779	429	-0.026815 0.012210  1.045298
5.49570798	427	-0.025857 0.010056  1.049129
5.50078010	430	-0.028491 0.013407  1.044580
5.50584793	430	-0.024421 0.004070  1.052241
5.51090383	431	-0.024899 0.005267  1.056072
5.51594781	433	-0.023702 0.003831  1.057029
5.52099180	433	-0.019872 0.005985  1.048410
5.52601623	433	-0.016999 0.008140  1.054156
5.53106021	435	-0.022266 0.006704  1.057987
5.53610801	434	-0.020829 0.007661  1.060381
5.54114818	434	-0.025618 0.004549  1.058705
5.54618787	437	-0.024899 0.006704  1.063733
5.55123996	437	-0.031843 0.009577  1.067564
5.55629205	437	-0.025139 0.007901  1.061578
5.56135177	441	-0.030406 0.011013  1.070676
5.56639194	441	-0.036391 0.006943  1.067564
5.57144784	444	-0.039025 0.008380  1.067803
5.57649993	445	-0.044532 0.020111  1.073310
5.58154392	445	-0.050278 0.014844  1.070676
5.58658409	447	-0.046926 0.016759  1.083844
5.59162378	446	-0.053869 0.021787  1.084802
5.59667205	446	-0.062249 0.022026  1.087675
5.60171222	448	-0.067276 0.019393  1.084562
5.60675621	447	-0.058179 0.023942  1.068042
5.61180019	450	-0.060333 0.022266  1.078816
5.61684417	450	-0.068952 0.027294  1.085520
5.62188816	449	-0.064403 0.029209  1.085520
5.62693595	451	-0.065122 0.022984  1.085760
5.63197994	453	-0.074459 0.026575  1.087196
5.63703203	452	-0.072783 0.023224  1.090069
##inga 
#ido(sec)  szog(ADC)     ax(g)    ay(g)   az(g)
5.64263200	455	-0.063925 0.022984  1.083605
5.64786005	456	-0.076614 0.027054  1.091266
5.65308380	454	-0.072304 0.026097  1.090787
5.65827989	457	-0.072065 0.027533  1.084562
5.66333198	457	-0.069671 0.016520  1.091266
5.66836786	460	-0.065600 0.021787  1.089590
5.67340421	462	-0.061530 0.021308  1.088393
5.67844390	462	-0.062967 0.014365  1.089111
5.68348407	462	-0.061052 0.012450  1.091984
5.68853616	463	-0.051475 0.007901  1.087914
5.69358015	465	-0.052193 0.008140  1.099167
5.69863176	466	-0.040940 0.007422  1.091027
5.70367193	468	-0.039743 0.006704  1.096533
5.70872402	468	-0.032321 0.003831  1.092224
5.71378803	469	-0.031124 0.000239  1.093660
5.71885585	472	-0.036152 -0.002634  1.100843
5.72395181	473	-0.033997 -0.005985  1.101082
5.72904777	474	-0.033279 -0.008140  1.094139
5.73414802	473	-0.022745 -0.003112  1.093421
5.73924016	476	-0.024660 -0.005267  1.095576
5.74431991	475	-0.030885 -0.008619  1.086717
5.74939203	477	-0.023942 -0.003831  1.096054
5.75447988	478	-0.026336 -0.008140  1.095336
5.75957202	480	-0.030885 0.001915  1.088632
5.76459980	479	-0.031364 -0.005985  1.091027
5.76968002	482	-0.025378 -0.002873  1.089830
5.77475976	483	-0.035673 -0.002394  1.084084
5.77984380	483	-0.032321 -0.002634  1.100843
5.78492784	487	-0.035434 0.001197  1.096054
5.78997993	487	-0.043574 -0.000958  1.088872
5.79506397	488	-0.039025 0.000239  1.094618
5.80009984	489	-0.047405 0.000000  1.084084
5.80509614	492	-0.052672 -0.000958  1.080971
5.81017208	493	-0.058657 0.005507  1.095336
5.81521987	494	-0.059136 0.003831  1.087675
5.82027196	495	-0.063446 0.011492  1.084562
5.82534790	495	-0.061770 0.007901  1.086238
5.83039999	496	-0.066798 0.011013  1.089351
5.83545207	497	-0.065122 0.011731  1.080013
5.84049987	499	-0.066079 0.009816  1.078577
5.84552812	501	-0.074938 0.016999  1.087435
5.85057210	501	-0.069192 0.011971  1.076662
5.85560798	502	-0.071346 0.010774  1.083844
5.86064815	503	-0.076135 0.011731  1.072113
5.86569976	504	-0.076135 0.015802  1.076662
5.87075614	504	-0.069192 0.008619  1.090548
5.87579202	504	-0.078050 0.016280  1.076183
5.88083219	502	-0.072783 0.012929  1.075704
5.88588809	504	-0.074698 0.011492  1.077380
5.89094400	505	-0.075417 0.015562  1.060621
5.89600801	507	-0.068952 0.011013  1.065170
5.90105581	506	-0.062009 0.001197  1.069958
5.90609216	506	-0.064643 0.005746  1.062296
5.91113996	510	-0.056503 0.002634  1.064691
5.91616821	510	-0.049320 0.000718  1.063494
5.92119979	512	-0.054348 -0.004070  1.061339
5.92628002	513	-0.051714 -0.003831  1.060381
5.93135976	515	-0.045968 -0.000718  1.056790
5.93643188	515	-0.046686 -0.010295  1.060621
5.94152021	517	-0.039265 -0.008619  1.050804
5.94661188	517	-0.039743 -0.013886  1.055114
5.95169210	517	-0.039504 -0.008619  1.042185
5.95677185	517	-0.036631 -0.011492  1.046734
5.96186780	519	-0.036631 -0.007901  1.042185
5.96695184	519	-0.028012 -0.010056  1.044819
5.97204017	523	-0.035673 -0.009098  1.033566
5.97711992	524	-0.035194 -0.019153  1.044580
5.98220777	525	-0.033518 -0.009816  1.045777
5.98730802	525	-0.033758 -0.015562  1.041228
5.99241590	522	-0.040701 -0.015802  1.038355
5.99750423	524	-0.035913 -0.013886  1.036200
6.00259208	524	-0.042616 -0.012210  1.034045
6.00769615	525	-0.041659 -0.008380  1.023750
6.01278400	525	-0.039504 -0.007422  1.031651
6.01786422	526	-0.048123 -0.009577  1.028299
6.02296018	529	-0.050517 -0.008858  1.032130
6.02804422	526	-0.055545 -0.004070  1.030215
6.03312778	529	-0.054587 0.000000  1.029975
6.03811979	529	-0.056981 0.000718  1.024947
6.04315996	530	-0.064882 -0.005028  1.029975
6.04823589	528	-0.060094 -0.005985  1.028539
6.05331182	528	-0.068713 0.000000  1.026623
6.05832815	532	-0.068234 0.001915  1.025426
6.06337213	533	-0.070389 0.004310  1.014892
6.06841611	532	-0.070628 0.006225  1.018004
6.07345199	533	-0.070628 0.005746  1.024708
6.07849597	534	-0.075177 0.003352  1.012258
6.08356380	532	-0.067516 0.011253  1.024469
6.08862781	534	-0.073022 0.007183  1.015610
6.09367990	535	-0.075417 0.003591  1.017765
6.09874391	535	-0.075895 0.007661  1.011061
6.10380792	536	-0.075656 0.005267  1.014652
6.10886001	535	-0.075417 0.000000  1.019201
6.11385583	535	-0.066079 0.004549  1.015849
6.11887979	535	-0.067755 0.003831  1.004597
6.12392807	536	-0.067276 0.004549  1.009385
6.12896013	533	-0.058657 0.005746  1.012019
6.13399982	536	-0.055545 -0.001437  1.014413
6.13908004	535	-0.058179 0.000479  1.013455
6.14413213	536	-0.054827 0.000000  1.010103
6.14913606	536	-0.050278 -0.011492  1.006033
##inga 
#ido(sec)  szog(ADC)     ax(g)    ay(g)   az(g)
6.15477180	536	-0.047405 -0.009337  1.006273
6.15999984	533	-0.037349 -0.009816  1.010103
6.16521596	536	-0.046208 -0.008619  1.014652
6.17044782	536	-0.042377 -0.010534  1.009864
6.17555999	534	-0.040940 -0.015323  1.012258
6.18065977	534	-0.035673 -0.020351  1.018483
6.18576002	536	-0.040462 -0.014844  1.007470
6.19085597	536	-0.031364 -0.014365  1.012258
6.19596815	536	-0.037349 -0.012450  1.006991
6.20106410	536	-0.032561 -0.012450  1.011301
6.20614385	536	-0.035194 -0.011971  1.012498
6.21123218	535	-0.038307 -0.009577  1.020638
6.21632003	535	-0.040701 -0.007901  1.004357
6.22139215	535	-0.040701 -0.008858  1.004597
6.22646379	534	-0.043095 -0.006704  1.013695
6.23154401	535	-0.042138 -0.007183  1.006512
6.23663187	535	-0.043574 -0.002873  1.017047
6.24171209	531	-0.046208 -0.000239  1.010343
6.24679613	534	-0.051475 -0.001437  1.009625
6.25188779	533	-0.044771 0.001197  1.024708
6.25693607	532	-0.049799 0.007661  1.013695
6.26198387	533	-0.055306 0.008140  1.028060
6.26701593	529	-0.059854 0.006704  1.016089
6.27206420	529	-0.061530 0.001676  1.023032