##inga 
#ido(sec)  szog(ADC)     ax(g)    ay(g)   az(g)
0.00171200	558	0.113245 0.292090  0.995738
0.00691600	559	0.106780 0.288020  1.004836
##inga 
#ido(sec)  szog(ADC)     ax(g)    ay(g)   az(g)
0.01316400	559	0.110850 0.289456  0.999090
0.01836000	559	0.105104 0.289217  0.996457
0.02355600	556	0.107259 0.292568  0.994541
0.02875200	557	0.106780 0.293766  0.988795
0.03378400	557	0.106780 0.290893  1.000048
0.03880400	558	0.106780 0.292329  0.993584
0.04383600	559	0.105823 0.288738  0.989514
0.04886800	557	0.104386 0.292329  0.986641
0.05389200	559	0.106780 0.285625  0.991908
0.05890800	557	0.110850 0.299512  0.995738
0.06391600	558	0.106301 0.292090  0.994541
0.06891601	559	0.109893 0.294723  0.991429
0.07394001	557	0.108935 0.296878  1.005555
0.07896400	557	0.108456 0.292090  0.994062
0.08397200	558	0.109893 0.294484  0.989514
0.08901200	559	0.117554 0.293526  0.987598
0.09404400	559	0.110850 0.294484  0.997654
0.09907200	559	0.104386 0.293047  0.994302
0.10410400	559	0.107259 0.290893  0.990950
0.10911600	559	0.107020 0.292568  0.990950
0.11412401	558	0.109653 0.286822  0.989753
0.11914800	556	0.107020 0.286822  0.988077
0.12416000	559	0.109414 0.290174  0.992387
0.12918800	559	0.103428 0.284189  0.993823
0.13421200	558	0.103668 0.292090  0.993584
0.13923599	559	0.108217 0.289217  0.998133
0.14426801	559	0.108696 0.288498  0.996457
0.14932399	559	0.112287 0.289217  0.985922
0.15437200	559	0.106541 0.289456  0.997893
0.15940399	558	0.103428 0.291371  0.995738
0.16441999	558	0.106780 0.289217  0.987838
0.16943199	557	0.109893 0.288498  0.987838
0.17445200	558	0.106541 0.292329  0.992387
0.17946801	559	0.106780 0.284668  0.981613
0.18448400	559	0.105344 0.296399  0.983289
0.18950800	559	0.107977 0.292808  0.995978
0.19453201	559	0.105823 0.293287  0.990471
0.19955598	559	0.112048 0.291850  0.984725
0.20461199	559	0.107499 0.288259  1.001006
0.20966000	558	0.112526 0.287062  0.987838
0.21469600	556	0.115639 0.285865  0.995260
0.21972000	559	0.109893 0.287062  0.989753
0.22472000	559	0.104147 0.293047  0.991189
0.22973999	559	0.103189 0.293047  0.995978
0.23475198	556	0.107499 0.291611  0.997654
0.23978800	557	0.114681 0.291611  0.989274
0.24481601	558	0.108696 0.286822  0.985683
0.24983999	559	0.109653 0.289695  0.990950
0.25486400	559	0.108696 0.289695  0.982331
0.25989198	559	0.104386 0.294244  0.986162
0.26493999	559	0.108217 0.286583  0.983767
0.26998000	556	0.106301 0.287541  0.984486
0.27498798	558	0.110611 0.287301  0.994781
0.27999999	559	0.104626 0.292090  0.995738
0.28501998	559	0.105583 0.284189  0.998611
0.29003999	558	0.105104 0.292329  0.985443
0.29506399	557	0.106301 0.285865  0.987598
0.30008399	559	0.105344 0.288977  0.990471
0.30511598	556	0.110850 0.285625  0.989514
0.31014399	558	0.108935 0.295442  0.982331
0.31519601	558	0.106062 0.298075  0.984007
0.32023200	558	0.107977 0.290174  0.989035
0.32525599	558	0.105104 0.295202  0.986880
0.33025197	559	0.107499 0.292090  0.994302
0.33526399	559	0.107977 0.295442  0.997414
0.34028801	558	0.108696 0.295442  0.987119
0.34531199	556	0.113005 0.296878  0.992387
0.35034399	559	0.112766 0.300948  0.991189
0.35538001	556	0.112048 0.289695  0.996457
0.36041998	559	0.102710 0.293526  0.984486
0.36546001	558	0.110132 0.288259  0.989992
0.37051200	559	0.108456 0.294484  0.994781
0.37554800	559	0.111090 0.288498  0.986162
0.38057198	556	0.106541 0.292808  0.987598
0.38559200	557	0.101992 0.289456  0.987838
0.39059600	558	0.103668 0.290893  0.994062
0.39561200	558	0.107977 0.291850  0.986162
0.40062398	558	0.106780 0.289935  0.999330
0.40564398	559	0.105104 0.288977  0.989035
0.41066799	559	0.104386 0.293766  0.984246
0.41570801	559	0.103907 0.289217  0.990950
0.42072401	557	0.110850 0.293766  0.990711
0.42575998	559	0.106062 0.289456  0.987598
0.43080401	559	0.111569 0.287301  0.993584
0.43583598	559	0.107977 0.286104  0.984486
0.44084401	559	0.105823 0.288498  0.989514
0.44586796	559	0.104865 0.288738  0.989274
0.45087599	559	0.105104 0.287062  0.991189
0.45589199	556	0.109174 0.287062  0.978979
0.46092000	558	0.107738 0.287301  1.000287
0.46595201	559	0.107499 0.292329  0.990711
0.47098798	558	0.108935 0.294244  0.994781
0.47602400	559	0.104626 0.294484  0.987119
0.48107600	559	0.108696 0.289217  0.984246
0.48610801	556	0.101992 0.291850  0.995499
0.49113197	559	0.105823 0.292808  0.985443
0.49615998	559	0.112287 0.295202  0.985443
0.50117998	559	0.114681 0.292090  0.998133
0.50621600	557	0.109893 0.291371  0.995738
0.51123199	558	0.106780 0.295202  0.984007
0.51624798	558	0.113484 0.297357  0.988795
##inga 
#ido(sec)  szog(ADC)     ax(g)    ay(g)   az(g)
0.52181601	558	0.108696 0.289695  0.984246
0.52704801	557	0.104626 0.292568  0.990950
0.53225202	557	0.108456 0.294244  0.983289
0.53738803	559	0.107259 0.289456  0.989992
0.54242801	558	0.109893 0.294963  0.996457
0.54745197	556	0.106062 0.299272  0.989514
0.55247201	559	0.110611 0.288977  0.987359
0.55749602	557	0.105823 0.294244  0.991189
0.56250801	558	0.110132 0.287062  0.991429
0.56753201	559	0.111808 0.287780  0.990711
0.57255201	558	0.108935 0.286822  0.991908
0.57758402	559	0.106062 0.289456  0.994062
0.58261594	558	0.107738 0.290893  0.994781
0.58765201	557	0.101034 0.291611  0.991429
0.59269199	558	0.106062 0.284668  0.993105
0.59773998	558	0.110611 0.289695  0.983767
0.60277996	559	0.107499 0.286822  0.987838
0.60779600	556	0.106541 0.294723  0.987838
0.61281199	559	0.107259 0.292329  0.998133
0.61784000	556	0.101992 0.290414  0.997654
0.62285203	559	0.107259 0.298554  0.991668
0.62787599	559	0.107738 0.291132  0.995020
0.63289203	559	0.109174 0.287780  0.984965
0.63792400	559	0.107259 0.292329  0.989035
0.64294795	559	0.107499 0.291611  0.987598
0.64799599	557	0.112766 0.294244  0.993823
0.65305604	558	0.106541 0.288977  0.991908
0.65809202	559	0.107977 0.297117  0.991429
0.66311597	556	0.107499 0.295202  0.992626
0.66813998	556	0.113245 0.290414  0.993105
0.67316398	557	0.108935 0.293766  0.987838
0.67818803	558	0.110850 0.287780  0.999808
0.68319997	559	0.106062 0.292808  0.992387
0.68823199	559	0.116357 0.289456  0.996935
0.69327998	559	0.110850 0.293287  0.986641
0.69831600	558	0.106541 0.290174  0.996217
0.70335197	558	0.104626 0.288738  0.990232
0.70840401	557	0.106062 0.290414  0.992865
0.71343998	558	0.113723 0.287780  0.987598
0.71847600	559	0.108935 0.288259  0.996935
0.72348399	559	0.103907 0.290414  0.993344
0.72850399	559	0.105104 0.290174  0.988795
0.73350801	556	0.104147 0.288977  0.993823
0.73853201	559	0.104865 0.293047  0.990711
0.74356002	559	0.107020 0.284668  0.987598
0.74859199	556	0.103189 0.292329  0.993105
0.75362401	558	0.108935 0.290653  0.988556
0.75866003	559	0.101513 0.292808  0.993105
0.76370000	559	0.106062 0.285625  0.990471
0.76872401	558	0.109414 0.285147  0.988077
0.77374796	559	0.106541 0.286583  0.989514
0.77877597	559	0.113723 0.289217  0.995260
0.78380002	558	0.108217 0.293766  0.992147
0.78882403	559	0.103668 0.293047  0.986880
0.79383602	558	0.109893 0.289695  0.987119
0.79885601	559	0.101992 0.294005  0.986162
0.80387601	559	0.116596 0.293766  0.987119
0.80892400	558	0.108217 0.294484  0.984965
0.81397199	558	0.103907 0.291611  0.988077
0.81900396	556	0.114921 0.299272  0.988316
0.82405195	556	0.111808 0.293526  0.990471
0.82907600	559	0.115639 0.290893  0.987119
0.83410797	558	0.105583 0.293526  0.986641
0.83912401	557	0.108217 0.295920  0.985922
0.84413995	559	0.107977 0.292329  0.997175
0.84916400	558	0.110611 0.287301  0.990471
0.85419597	556	0.102231 0.296639  0.984486
0.85922002	559	0.107738 0.291132  0.989992
0.86425199	558	0.108456 0.290653  0.990471
0.86928806	558	0.111329 0.288259  0.984486
0.87433996	558	0.107020 0.292808  0.988556
0.87936401	558	0.101992 0.290414  0.984965
0.88439998	559	0.101753 0.287541  0.985443
0.88942804	559	0.108217 0.290893  0.991189
0.89446001	557	0.108456 0.289935  0.991189
0.89948396	559	0.107499 0.289217  0.989514
0.90450000	558	0.105583 0.288977  0.988316
0.90951595	559	0.106541 0.285625  0.987598
0.91454000	557	0.112766 0.292329  0.989035
0.91957197	557	0.104865 0.292568  0.988316
0.92461595	557	0.105104 0.292329  0.980894
0.92964000	558	0.107020 0.294963  0.990471
0.93466005	559	0.109653 0.291611  0.989274
0.93968801	558	0.106780 0.291371  0.983528
0.94470005	558	0.105583 0.293766  0.994781
0.94971199	559	0.107499 0.293526  0.988077
0.95473594	557	0.113723 0.288977  0.995020
0.95975999	559	0.106062 0.290414  0.984486
0.96477994	558	0.105104 0.288020  0.991908
0.96979598	559	0.111808 0.292329  0.999330
0.97482004	559	0.103907 0.294723  0.986401
0.97984399	558	0.104626 0.293526  0.995260
0.98489198	557	0.108217 0.292329  0.989514
0.98993196	556	0.107499 0.290893  0.985204
0.99497594	559	0.110611 0.290414  0.989274
0.99998798	559	0.102950 0.290653  0.992387
1.00499594	559	0.107499 0.286344  0.983289
1.01002800	558	0.101274 0.291132  0.990711
1.01504802	559	0.109893 0.288977  0.988316
1.02008402	559	0.108456 0.293287  0.988077
1.02509605	558	0.107738 0.285386  0.997414
##inga 
#ido(sec)  szog(ADC)     ax(g)    ay(g)   az(g)
1.03067994	559	0.110850 0.299272  0.990950
1.03587996	558	0.104626 0.295442  0.995978
1.04111599	559	0.107259 0.288977  0.994541
1.04625201	558	0.104386 0.290174  0.987119
1.05129599	558	0.105104 0.288498  0.992387
1.05630803	558	0.111090 0.287780  0.996457
1.06132400	558	0.107977 0.292329  0.997893
1.06633996	559	0.109893 0.293047  0.999808
1.07135605	556	0.111569 0.287780  0.992147
1.07637596	556	0.103668 0.289456  0.982331
1.08140397	556	0.106301 0.289695  0.987838
1.08643603	559	0.112287 0.290414  0.993823
1.09148799	559	0.106780 0.289456  0.994541
1.09653198	558	0.107020 0.292568  0.986401
1.10157597	557	0.109893 0.295202  0.990711
1.10660398	559	0.108456 0.295681  0.989514
1.11162805	558	0.111329 0.291371  0.989035
1.11666405	558	0.109653 0.287780  0.988556
1.12168395	558	0.102471 0.291850  0.992387
1.12670803	558	0.102471 0.292329  0.985922
1.13173198	558	0.105104 0.295202  0.989992
1.13675200	558	0.109414 0.292808  0.983049
1.14177203	558	0.103428 0.288977  1.001006
1.14681196	559	0.105104 0.295202  0.993105
1.15184402	558	0.107738 0.288977  0.989514
1.15689599	558	0.104865 0.293766  1.000287
1.16193997	557	0.109653 0.292329  0.996457
1.16697597	558	0.101753 0.292808  0.991908
1.17201995	558	0.110372 0.287780  0.995738
1.17703604	558	0.109653 0.287062  0.989035
1.18206000	557	0.108696 0.287062  0.988077
1.18707597	556	0.106062 0.288259  0.990711
1.19210004	559	0.101992 0.294005  0.995260
1.19712400	559	0.105104 0.290414  0.979937
1.20215594	557	0.101992 0.289695  1.001963
1.20719599	559	0.105583 0.288738  0.983767
1.21223998	559	0.106062 0.286822  0.994541
1.21728003	557	0.109414 0.287301  0.991668
1.22232401	559	0.104386 0.286822  0.984725
1.22734797	558	0.101753 0.290414  0.991429
1.23237204	558	0.108456 0.290893  0.996217
1.23740398	558	0.108456 0.289456  0.985443
1.24242794	557	0.108217 0.292568  0.986641
1.24745202	556	0.109653 0.295442  0.989514
1.25249195	559	0.106062 0.297596  0.994302
1.25751996	559	0.106780 0.292090  0.981373
1.26253998	557	0.107738 0.295681  0.998372
1.26758801	558	0.107499 0.285147  0.992626
1.27264404	557	0.106541 0.287062  0.992147
1.27768802	559	0.110611 0.294005  0.990711
1.28272401	557	0.104626 0.289935  0.985922
1.28776395	558	0.105823 0.293287  0.990711
1.29279602	559	0.106301 0.289456  0.994781
1.29781997	558	0.105583 0.291132  0.978500
1.30285203	556	0.106541 0.288259  0.984486
1.30786800	559	0.110132 0.287062  0.997654
1.31291604	557	0.109174 0.286344  0.992865
1.31794798	559	0.109414 0.293526  0.995978
1.32298803	559	0.106541 0.288977  0.995020
1.32801997	559	0.110611 0.289695  0.989992
1.33306396	559	0.100795 0.287062  0.991429
1.33810794	559	0.105344 0.294005  0.982331
1.34314405	558	0.101513 0.291132  0.984246
1.34817194	559	0.109653 0.284668  0.987359
1.35319197	558	0.111808 0.288498  0.989514
1.35821604	558	0.107738 0.289695  0.985443
1.36324000	556	0.107738 0.293047  0.995020
1.36823999	558	0.106301 0.294484  0.992626
1.37326395	557	0.104147 0.291371  0.989274
1.37829995	559	0.111808 0.292090  0.993823
1.38333999	559	0.110611 0.292329  0.988077
1.38837599	556	0.102710 0.292090  0.990471
1.39340793	556	0.104386 0.290174  0.989274
1.39844406	558	0.108456 0.297596  0.986401
1.40346803	559	0.107259 0.295920  0.992626
1.40848398	559	0.108696 0.292329  0.993823
1.41350402	557	0.113963 0.290414  0.996457
1.41852798	557	0.106780 0.292568  0.995020
1.42354001	559	0.111090 0.287780  0.987838
1.42855596	557	0.103668 0.290893  0.994781
1.43359994	556	0.105344 0.287062  0.990711
1.43864002	559	0.115639 0.287541  0.992865
1.44367599	558	0.105583 0.290893  0.984486
1.44871606	559	0.109414 0.291132  0.990950
1.45374002	559	0.106301 0.291132  0.984246
1.45875597	559	0.112287 0.291850  0.993584
1.46378002	558	0.108696 0.288259  0.983049
1.46880807	558	0.105583 0.286583  0.994541
1.47382793	559	0.101992 0.294723  0.986162
1.47885999	556	0.103907 0.292090  0.993823
1.48388805	558	0.106062 0.281076  0.987838
1.48891997	557	0.101992 0.291371  0.999569
1.49395599	559	0.104865 0.293526  0.993105
1.49898805	558	0.108696 0.288977  0.991189
1.50404000	557	0.110372 0.290653  0.985922
1.50907602	559	0.111569 0.290653  0.995260
1.51410794	557	0.108696 0.296639  0.994781
1.51912794	557	0.103907 0.291611  0.996217
1.52415204	558	0.109174 0.293766  0.980894
1.52918004	558	0.109893 0.288738  0.988795
1.53418803	559	0.108696 0.291132  0.996935
##inga 
#ido(sec)  szog(ADC)     ax(g)    ay(g)   az(g)
1.53975591	559	0.109174 0.293287  0.990471
1.54499998	559	0.110372 0.291611  0.990471
1.55022802	559	0.112048 0.294005  0.994541
1.55537199	559	0.104865 0.298315  0.998611
1.56041202	558	0.117554 0.288977  0.991429
1.56547203	559	0.109653 0.289456  0.989753
1.57051601	557	0.109174 0.293526  0.996217
1.57554397	558	0.103907 0.290653  0.990950
1.58055601	558	0.114202 0.299751  0.982810
1.58557605	559	0.112766 0.289217  0.990950
1.59060392	558	0.109893 0.292329  0.988077
1.59562802	559	0.111090 0.288498  0.991429
1.60065603	559	0.113723 0.288259  0.994062
1.60570001	558	0.110611 0.286583  0.994062
1.61073994	558	0.106780 0.290414  0.989035
1.61577200	557	0.110132 0.293047  0.993823
1.62081599	559	0.109414 0.295442  0.997175
1.62587594	559	0.104147 0.293526  0.987838
1.63090000	556	0.106541 0.287541  0.993105
1.63590803	559	0.102231 0.291611  0.982092
1.64093599	559	0.108456 0.294005  0.984246
1.64595603	559	0.106062 0.290174  0.988795
1.65096797	559	0.108696 0.287301  0.997893
1.65599594	559	0.104865 0.289217  0.986162
1.66103601	557	0.107499 0.292808  1.001484
1.66605606	556	0.107738 0.292090  0.984725
1.67108001	556	0.113245 0.285625  0.991668
1.67613992	559	0.108456 0.287301  0.993344
1.68118801	558	0.111329 0.293526  0.987598
1.68622803	557	0.113963 0.287780  0.985683
1.69126405	558	0.111329 0.291371  0.984007
1.69630002	557	0.108456 0.295681  0.988556
1.70132398	556	0.108696 0.298315  0.992865
1.70635604	559	0.108696 0.291850  0.991908
1.71137199	558	0.107020 0.291850  1.002681
1.71638798	558	0.111569 0.294484  0.987838
1.72142801	556	0.107020 0.295442  1.006752
1.72647199	558	0.097922 0.294484  0.996696
1.73151597	559	0.103668 0.294723  0.995260
1.73653993	559	0.112526 0.287062  0.990232
1.74158802	559	0.107977 0.288498  0.984725
1.74662399	559	0.110132 0.289695  0.992147
1.75167202	556	0.106062 0.294005  0.992147
1.75669598	556	0.110850 0.289456  0.995260
1.76170802	558	0.114202 0.287062  0.993823
1.76672401	559	0.103907 0.289456  0.990950
1.77173995	559	0.103189 0.286822  0.991668
1.77677202	558	0.107977 0.289217  0.990711
1.78181195	558	0.107259 0.281555  0.992865
1.78684401	559	0.101992 0.287062  0.990232
1.79187593	559	0.104147 0.288977  0.996217
1.79693198	558	0.110850 0.292090  0.995499
1.80195608	559	0.108696 0.295920  0.991189
1.80698003	556	0.106062 0.292808  0.989992
1.81199598	559	0.105344 0.283471  0.991908
1.81703605	557	0.105823 0.291371  0.988556
1.82206001	556	0.106780 0.292090  0.992865
1.82706794	559	0.109174 0.293287  0.988077
1.83210000	559	0.101753 0.286344  0.993823
1.83712005	556	0.104147 0.289695  0.981134
1.84215602	559	0.103907 0.289935  0.984246
1.84719600	558	0.112526 0.292329  0.988795
1.85223598	558	0.115878 0.292329  0.994062
1.85728397	558	0.106780 0.294244  0.984486
1.86230802	556	0.104865 0.294963  0.983289
1.86732807	559	0.104865 0.300230  0.989992
1.87235202	558	0.110850 0.292090  0.989753
1.87735195	557	0.107499 0.295920  0.990471
1.88237199	559	0.109174 0.288738  0.992147
1.88741197	559	0.106062 0.296878  0.989514
1.89242401	559	0.111808 0.294005  0.990232
1.89746799	556	0.110132 0.288020  0.986880
1.90250005	557	0.109174 0.289217  0.985922
1.90754795	557	0.107259 0.289695  0.987119
1.91260805	559	0.110850 0.291611  0.989274
1.91763601	558	0.109653 0.292568  0.999330
1.92266798	559	0.112048 0.284189  0.996217
1.92769203	558	0.108935 0.286822  0.989274
1.93271598	558	0.109414 0.286104  0.986641
1.93775196	557	0.106062 0.295202  0.992387
1.94276409	559	0.100795 0.291611  0.996217
1.94778394	559	0.107738 0.292090  0.992387
1.95281600	556	0.106062 0.287301  0.990950
1.95783605	558	0.111329 0.291611  0.997414
1.96288795	557	0.102710 0.293047  0.990471
1.96792402	559	0.107020 0.287541  0.985443
1.97296409	559	0.109174 0.291132  0.983289
1.97798805	559	0.108935 0.293287  0.989992
1.98299999	559	0.106541 0.291850  0.995978
1.98802394	558	0.105823 0.288020  0.990471
1.99302806	557	0.107259 0.295202  0.993105
1.99804401	559	0.110132 0.291611  0.987359
2.00309205	557	0.111329 0.293526  0.992626
2.00812411	559	0.110850 0.293287  0.991668
2.01314806	559	0.103668 0.292808  0.984965
2.01817989	558	0.105344 0.296399  1.001724
2.02324008	556	0.114681 0.292808  0.987598
2.02828407	558	0.109174 0.295202  0.995499
2.03331995	559	0.104865 0.287780  0.987359
2.03834390	557	0.105104 0.290653  0.984965
2.04334402	559	0.109893 0.287301  1.000048
##inga 
#ido(sec)  szog(ADC)     ax(g)    ay(g)   az(g)
2.04889607	559	0.109893 0.294244  0.994062
2.05409598	557	0.103428 0.284428  0.988077
2.05931997	557	0.111329 0.288259  0.996935
2.06446003	559	0.110611 0.291850  0.995020
2.06949591	558	0.105823 0.292090  0.990711
2.07452392	559	0.108935 0.290414  0.990232
2.07956409	559	0.107020 0.291611  0.991429
2.08459591	558	0.099837 0.290174  0.991189
2.08962798	558	0.104147 0.288020  0.998133
2.09466004	558	0.107259 0.284907  0.989274
2.09968400	559	0.102231 0.287541  0.990950
2.10470008	559	0.103907 0.289456  0.984007
2.10971188	558	0.105823 0.285865  0.986401
2.11473989	559	0.110372 0.291371  0.995738
2.11978006	557	0.103907 0.288977  0.989514
2.12480401	556	0.107499 0.298793  0.988316
2.12985205	559	0.102950 0.297117  0.994781
2.13488411	558	0.104386 0.294963  0.984246
2.13993597	558	0.106541 0.292090  0.990232
2.14497208	558	0.107977 0.291611  0.994302
2.15000391	556	0.114202 0.296160  0.993344
2.15501999	558	0.112048 0.286822  0.986162
2.16005611	559	0.108217 0.295681  0.997893
2.16508007	559	0.113963 0.298075  0.985683
2.17012000	558	0.113484 0.288738  0.984725
2.17515611	558	0.108456 0.297117  0.984725
2.18019199	557	0.105344 0.293526  0.987119
2.18520808	559	0.106301 0.294963  0.982810
2.19024395	558	0.103907 0.290414  0.994062
2.19528388	559	0.108935 0.296160  0.999808
2.20030808	558	0.106541 0.298315  0.992626
2.20533990	559	0.108456 0.291611  0.984725
2.21035599	559	0.111090 0.298554  0.986880
2.21536397	559	0.107020 0.281795  0.990232
2.22037601	559	0.112287 0.293287  0.993584
2.22540402	559	0.107738 0.284189  0.993823
2.23043990	558	0.105583 0.290653  0.983528
2.23546791	558	0.108935 0.289217  0.989274
2.24050402	559	0.101513 0.283231  0.991189
2.24554800	558	0.106301 0.293047  0.995260
2.25058794	558	0.107738 0.291132  0.981373
2.25561594	559	0.109174 0.285386  0.992387
2.26065993	559	0.104626 0.282992  0.982570
2.26569199	557	0.109174 0.282992  1.000527
2.27071595	558	0.113484 0.293526  0.993823
2.27574801	559	0.114202 0.293287  0.989035
2.28078389	559	0.107499 0.291371  0.994541
2.28580808	557	0.105583 0.294484  0.996217
2.29083609	559	0.108456 0.290414  0.985204
2.29586791	559	0.107259 0.287541  0.984965
2.30092000	557	0.111090 0.291371  0.993584
2.30595588	557	0.109414 0.292808  0.997893
2.31099200	556	0.106301 0.285865  0.988795
2.31603193	559	0.109174 0.294963  0.991429
2.32106804	557	0.105823 0.287780  0.994302
2.32608389	559	0.112287 0.294723  0.989992
2.33110809	558	0.111329 0.290414  0.995499
2.33613204	556	0.102950 0.292808  0.992626
2.34115600	559	0.109653 0.294963  0.997893
2.34618806	559	0.107499 0.290174  0.990711
2.35121989	559	0.103668 0.294484  0.986641
2.35625600	559	0.111808 0.289217  0.985683
2.36129999	559	0.110850 0.292808  0.988077
2.36632394	558	0.103907 0.291371  0.977782
2.37136411	559	0.105104 0.287301  0.994541
2.37641191	558	0.106062 0.288977  0.985204
2.38144803	557	0.106301 0.287062  0.994541
2.38647198	558	0.107499 0.287062  0.987598
2.39148807	556	0.107738 0.293287  0.992626
2.39651989	559	0.102231 0.293287  0.986162
2.40154790	559	0.104626 0.289695  0.993344
2.40657210	558	0.102950 0.289456  0.994062
2.41158008	559	0.108217 0.290414  0.992865
2.41662001	557	0.111090 0.296639  0.994062
2.42165207	559	0.106062 0.291611  0.984246
2.42668795	559	0.114681 0.293526  0.995020
2.43172788	559	0.107259 0.298554  0.986401
2.43676400	558	0.104626 0.291850  0.989035
2.44178795	558	0.110372 0.291850  0.990950
2.44681191	559	0.107259 0.293526  0.990232
2.45182800	558	0.108456 0.296160  0.993823
2.45683598	559	0.113963 0.289695  0.979697
2.46187591	559	0.106541 0.291132  0.987598
2.46690011	559	0.106780 0.293047  0.988556
2.47193193	556	0.112526 0.292329  0.984725
2.47697210	558	0.111569 0.296399  0.994062
2.48201990	556	0.104865 0.299033  0.989274
2.48706007	558	0.106062 0.295442  0.993584
2.49209189	559	0.107259 0.295442  0.986880
2.49712395	559	0.108456 0.293526  0.989992
2.50214004	558	0.104626 0.293047  0.987598
2.50715589	558	0.108935 0.296878  0.985204
2.51218008	559	0.105104 0.288977  0.984725
2.51720404	559	0.103668 0.289695  0.992865
2.52222800	558	0.100077 0.291850  0.992626
2.52725601	559	0.107499 0.287062  0.997893
2.53229999	558	0.103668 0.288259  0.987838
2.53735208	559	0.107738 0.293766  0.993823
2.54239988	558	0.107738 0.287301  0.981852
2.54744410	559	0.104386 0.285625  0.989274
2.55246400	559	0.099837 0.287541  0.998372
##inga 
#ido(sec)  szog(ADC)     ax(g)    ay(g)   az(g)
2.55802011	558	0.111569 0.291611  0.989753
2.56326794	557	0.105344 0.285386  0.988556
2.56851601	559	0.106541 0.290893  0.983289
2.57364392	556	0.110132 0.289695  0.981852
2.57866001	558	0.108456 0.286583  0.988795
2.58368396	559	0.108935 0.283231  0.987119
2.58872008	559	0.109893 0.292329  0.991429
2.59376001	559	0.111090 0.297357  0.988556
2.59878396	558	0.108217 0.294244  0.989992
2.60382795	558	0.106301 0.290174  0.988795
2.60886406	556	0.114442 0.290893  0.990471
2.61389994	559	0.106062 0.292568  0.986401
2.61891198	558	0.106780 0.292329  0.992147
2.62393188	558	0.107499 0.292329  0.982810
2.62895202	558	0.108456 0.292329  0.988316
2.63397598	559	0.108935 0.292090  0.988077
2.63899588	559	0.108217 0.289217  0.998372
2.64403200	556	0.101274 0.288977  0.989514
2.64908409	559	0.106062 0.288738  0.995738
2.65412807	556	0.109174 0.291850  0.986401
2.65916395	558	0.111569 0.293287  0.984007
2.66421604	559	0.109414 0.278682  0.992865
2.66925191	558	0.106062 0.290174  0.991189
2.67427611	558	0.110372 0.294723  0.981613
2.67930793	556	0.107499 0.296878  0.995499
2.68432402	559	0.108696 0.290174  0.984965
2.68934011	558	0.098161 0.293047  0.980176
2.69436407	559	0.098880 0.291850  0.983767
2.69938802	557	0.103428 0.292568  0.994781
2.70442795	558	0.108456 0.290414  0.979937
2.70946788	558	0.113245 0.287780  0.992387
2.71451210	558	0.108935 0.294484  0.990711
2.71956396	559	0.105104 0.292568  0.986401
2.72460007	559	0.107020 0.287541  0.988077
2.72961997	557	0.107020 0.289695  0.989992
2.73463606	559	0.107738 0.290653  0.988316
2.73965191	559	0.109653 0.290174  0.990950
2.74466800	559	0.113963 0.294963  0.993344
2.74969196	556	0.108935 0.295920  0.992865
2.75472402	557	0.107020 0.283949  0.990950
2.75974011	557	0.107499 0.295202  0.995978
2.76478004	558	0.105583 0.293526  0.981134
2.76982402	556	0.107020 0.293287  0.992147
2.77486801	559	0.104865 0.290174  0.989274
2.77991604	558	0.103428 0.291850  0.999569
2.78494811	559	0.103907 0.293287  0.990471
2.78997206	558	0.109174 0.295681  0.990711
2.79499602	557	0.109653 0.291132  0.984965
2.80002002	559	0.111808 0.290414  0.979458
2.80504398	559	0.111090 0.288498  0.994062
2.81006793	559	0.107499 0.295920  0.994781
2.81508808	559	0.103907 0.289695  0.983049
2.82012004	559	0.110611 0.294484  0.983528
2.82517194	559	0.100795 0.292090  0.993105
2.83018798	558	0.109893 0.289695  0.985683
2.83523988	559	0.104386 0.287780  0.983049
2.84026794	559	0.108456 0.291850  0.999330
2.84529209	559	0.105583 0.290414  0.992865
2.85031204	556	0.106541 0.284907  0.984486
2.85533189	559	0.110372 0.288259  0.998133
2.86035995	557	0.103189 0.284668  0.988316
2.86538009	558	0.105823 0.292329  0.991908
2.87041587	559	0.107499 0.295442  0.996217
2.87545986	559	0.108935 0.292568  0.995260
2.88050003	559	0.112526 0.288977  0.991189
2.88554811	559	0.111329 0.295920  0.990711
2.89059591	559	0.108456 0.290414  0.985922
2.89564399	559	0.104386 0.294484  1.002203
2.90068416	557	0.107020 0.297596  0.985683
2.90570812	557	0.103428 0.292808  0.983049
2.91074390	558	0.110372 0.291850  0.980416
2.91575603	557	0.109174 0.294244  0.993105
2.92077999	559	0.105104 0.291611  0.991189
2.92580394	556	0.105583 0.288977  0.988077
2.93082408	558	0.109653 0.291850  0.990950
2.93585605	558	0.108217 0.292568  0.995738
2.94090003	558	0.109893 0.289695  0.996217
2.94595193	559	0.102710 0.298793  0.988077
2.95099592	556	0.104147 0.292329  0.992865
2.95604400	558	0.099837 0.293526  0.992387
2.96106414	556	0.110132 0.286344  0.994062
2.96610403	556	0.110372 0.292090  0.988077
2.97112798	558	0.107499 0.294244  0.989753
2.97614784	559	0.106301 0.288259  0.989035
2.98117208	558	0.105104 0.290893  0.991429
2.98620014	558	0.109174 0.292808  0.989035
2.99123592	556	0.106062 0.284428  0.983528
2.99626398	557	0.110372 0.287780  0.997654
3.00130796	558	0.104626 0.288977  0.990471
3.00634789	556	0.107977 0.290893  0.988077
3.01137995	556	0.109414 0.288259  0.989514
3.01643204	557	0.106301 0.289695  0.990471
3.02146005	559	0.104386 0.288259  0.987598
3.02648401	558	0.108935 0.297357  0.979219
3.03150391	556	0.107499 0.288977  0.988556
3.03651595	558	0.107977 0.289695  0.984486
3.04152798	559	0.103907 0.290414  0.987359
3.04655194	558	0.104865 0.296639  0.989753
3.05158400	558	0.105583 0.292329  0.992147
3.05660796	558	0.105583 0.293047  0.990711
3.06163191	556	0.113723 0.294244  0.990711
##inga 
#ido(sec)  szog(ADC)     ax(g)    ay(g)   az(g)
3.06723189	559	0.108217 0.289456  0.993105
3.07245588	559	0.107499 0.292568  1.000766
3.07767200	556	0.112287 0.293526  0.993344
3.08278799	559	0.108696 0.291611  0.992387
3.08781194	557	0.107977 0.289935  0.986401
3.09283208	559	0.107020 0.293526  0.988077
3.09785199	556	0.110132 0.297596  0.986401
3.10288405	558	0.104626 0.293766  0.987119
3.10789990	558	0.110611 0.295681  0.988077
3.11293196	559	0.112766 0.291132  0.992626
3.11797595	558	0.109174 0.291850  0.992865
3.12301993	558	0.109174 0.290653  0.989992
3.12806391	559	0.111329 0.288498  0.995260
3.13310003	557	0.103189 0.284428  0.984007
3.13812398	557	0.104386 0.291371  0.993344
3.14314794	559	0.109174 0.289217  0.989035
3.14817190	556	0.105823 0.288020  0.990950
3.15318393	558	0.103428 0.286583  0.992387
3.15821194	559	0.104626 0.285147  0.984486
3.16323995	558	0.104626 0.287541  0.993584
3.16826796	558	0.103907 0.284907  0.989514
3.17329597	558	0.103189 0.292808  0.987119
3.17833209	559	0.107738 0.292568  0.988316
3.18337988	559	0.107738 0.291850  0.981373
3.18842005	559	0.109893 0.293526  0.984965
3.19344401	558	0.109414 0.291611  0.988556
3.19847989	559	0.102710 0.289695  0.988077
3.20350408	558	0.109414 0.286583  0.990711
3.20852804	556	0.108935 0.290414  0.998851
3.21354007	558	0.103428 0.297117  0.988316
3.21857190	559	0.107020 0.293047  0.989035
3.22359204	559	0.102231 0.296639  0.986641
3.22864794	559	0.110372 0.291132  0.987359
3.23369193	558	0.106301 0.294244  0.984246
3.23873996	556	0.107977 0.289695  0.979937
3.24377989	558	0.103668 0.289695  0.994302
3.24880409	559	0.110372 0.294244  0.999808
3.25384807	556	0.110372 0.293526  0.985443
3.25887608	558	0.110850 0.289456  0.989514
3.26389598	559	0.104626 0.294244  0.987359
3.26892399	559	0.109414 0.287301  0.989753
3.27394795	556	0.104865 0.284428  0.990471
3.27897191	559	0.103428 0.291132  0.990711
3.28399991	558	0.104386 0.287541  0.987838
3.28903198	559	0.104865 0.290414  0.989992
3.29406809	559	0.107977 0.297117  0.991668
3.29910802	558	0.110611 0.291371  0.994062
3.30415201	559	0.106062 0.287780  0.990471
3.30917596	559	0.103907 0.287062  0.987119
3.31418800	559	0.105344 0.291371  0.994781
3.31921195	558	0.107738 0.289456  0.997414
3.32423591	559	0.107977 0.292329  0.988556
3.32925200	559	0.107499 0.289456  1.002681
3.33428001	557	0.109414 0.292329  0.993105
3.33930802	558	0.108935 0.289456  0.988556
3.34434390	558	0.106780 0.286583  0.995738
3.34938001	558	0.108217 0.291611  0.999808
3.35441994	559	0.108217 0.285147  0.981134
3.35946011	559	0.105344 0.298075  0.990950
3.36449193	559	0.111808 0.293287  0.999808
3.36951589	558	0.110611 0.289935  0.992865
3.37454390	559	0.110372 0.291132  0.988556
3.37957596	558	0.107977 0.291132  0.988316
3.38460397	559	0.105823 0.293047  0.976106
3.38962793	558	0.113245 0.294244  0.994781
3.39466810	559	0.110611 0.291132  0.985683
3.39970397	559	0.110132 0.290893  0.984246
3.40474796	559	0.106780 0.294723  0.990471
3.40978002	559	0.103189 0.286822  0.987359
3.41483592	558	0.107977 0.294005  0.981613
3.41987609	558	0.108456 0.289456  0.991908
3.42491197	559	0.108456 0.284428  0.989035
3.42993593	558	0.103907 0.294244  0.989514
3.43494796	558	0.103428 0.290414  0.978979
3.43997192	559	0.107738 0.288259  0.991429
3.44500803	559	0.103907 0.288738  0.991908
3.45003199	559	0.107738 0.287780  0.988556
3.45506000	559	0.106062 0.289695  1.003400
3.46007609	559	0.105583 0.285865  0.998611
3.46512007	559	0.109414 0.289456  0.994541
3.47016000	559	0.109653 0.290893  0.986880
3.47519207	559	0.105583 0.289695  0.990471
3.48022007	559	0.106301 0.288738  0.989035
3.48524403	559	0.104626 0.295202  0.993344
3.49026799	558	0.110611 0.294723  0.995260
3.49529194	559	0.107499 0.294484  0.989992
3.50031590	559	0.104386 0.288738  0.983289
3.50534796	557	0.107738 0.291611  0.995738
3.51038408	557	0.108935 0.293047  0.987359
3.51541590	559	0.103668 0.296639  0.984246
3.52045989	558	0.115160 0.293287  0.974670
3.52551198	556	0.109893 0.290414  0.988556
3.53056001	556	0.112048 0.292568  0.997893
3.53560400	557	0.101992 0.295442  0.990471
3.54063606	558	0.109174 0.289935  0.998133
3.54566001	556	0.110372 0.291132  0.989035
3.55068802	558	0.107020 0.297836  0.987119
3.55570793	559	0.114921 0.294484  0.992387
3.56074810	556	0.104626 0.290414  0.991668
3.56578397	557	0.106541 0.288498  0.988077
3.57081198	558	0.106062 0.287541  0.991908
##inga 
#ido(sec)  szog(ADC)     ax(g)    ay(g)   az(g)
3.57637190	558	0.102950 0.295442  0.989514
3.58159995	558	0.103428 0.296639  0.988316
3.58682394	559	0.108696 0.289695  0.989274
3.59196805	559	0.104865 0.292808  1.000048
3.59701204	557	0.111329 0.288498  0.988556
3.60204792	556	0.115878 0.291132  0.997654
3.60707592	559	0.099119 0.292568  0.985922
3.61209988	559	0.107499 0.291850  0.986401
3.61711192	559	0.101992 0.293047  0.988556
3.62213611	559	0.105583 0.294244  0.989514
3.62717199	558	0.112526 0.290893  0.998372
3.63221597	559	0.107977 0.291850  0.994062
3.63724398	558	0.107977 0.296878  0.991189
3.64228010	558	0.105823 0.292329  0.992387
3.64732789	558	0.109653 0.289935  0.986880
3.65236401	557	0.103428 0.287062  0.994541
3.65739202	560	0.106541 0.292808  0.991429
3.66242790	557	0.112526 0.290653  0.990471
3.66745209	559	0.106301 0.298075  0.988556
3.67247605	557	0.102231 0.291132  0.994781
3.67750811	558	0.107977 0.293047  0.984007
3.68252396	556	0.108696 0.290893  0.997414
3.68755602	559	0.106301 0.292808  0.989514
3.69258809	557	0.110611 0.296878  0.993584
3.69763207	559	0.110372 0.290893  0.992387
3.70267605	559	0.105583 0.294963  0.989753
3.70771193	557	0.102950 0.291611  0.990471
3.71274399	557	0.104626 0.285386  0.992626
3.71778798	559	0.109893 0.290893  1.000287
3.72280788	557	0.104147 0.290414  0.999569
3.72782802	558	0.105344 0.287062  0.996217
3.73285198	559	0.106541 0.290414  0.991189
3.73786807	559	0.101992 0.289935  0.998133
3.74289202	559	0.111569 0.293287  0.991189
3.74792790	559	0.107259 0.289217  0.985683
3.75296401	559	0.107738 0.286583  0.990950
3.75799608	558	0.105344 0.290893  0.986162
3.76303601	559	0.104865 0.294244  0.986880
3.76807594	559	0.104626 0.297836  0.986641
3.77312397	559	0.109174 0.295442  0.976106
3.77816009	559	0.107977 0.285147  0.987838
3.78318405	558	0.102231 0.295920  0.992147
3.78820800	556	0.107738 0.293047  0.990711
3.79322791	557	0.104147 0.288977  0.985683
3.79825592	559	0.109174 0.292090  0.986641
3.80328388	556	0.104626 0.290414  0.997414
3.80832004	559	0.109893 0.296639  0.996935
3.81336402	557	0.106541 0.288738  0.997654
3.81840801	557	0.103907 0.291850  0.995260
3.82344007	559	0.106062 0.293287  0.985204
3.82847595	556	0.108456 0.293526  0.995260
3.83349990	559	0.112287 0.298075  0.991189
3.83853197	559	0.113484 0.295920  0.989514
3.84354801	559	0.106062 0.296639  0.982570
3.84856395	559	0.107259 0.299990  0.980176
3.85358810	559	0.106541 0.288977  0.991189
3.85861988	559	0.108696 0.288020  0.982331
3.86365203	558	0.106780 0.290653  0.987838
3.86867599	559	0.106062 0.294723  0.998133
3.87370796	559	0.108696 0.287301  0.987119
3.87874794	559	0.111090 0.291132  0.989753
3.88378810	558	0.110850 0.296399  0.990232
3.88880395	559	0.107977 0.290653  0.990711
3.89382791	556	0.102950 0.289456  0.994541
3.89885215	558	0.102471 0.286104  0.993344
3.90387611	559	0.106062 0.292329  0.989035
3.90890789	559	0.108935 0.290414  0.990232
3.91393203	559	0.109414 0.293287  0.997414
3.91897201	559	0.111329 0.292329  0.990950
3.92400789	559	0.103189 0.294244  0.989992
3.92905216	556	0.105104 0.287301  0.988077
3.93408393	559	0.107738 0.291132  0.990232
3.93913602	559	0.110372 0.287062  0.988077
3.94417190	556	0.114202 0.289695  0.988556
3.94920396	559	0.110372 0.294484  0.996457
3.95422792	557	0.109174 0.288259  0.986641
3.95924396	558	0.110611 0.294484  0.989035
3.96427612	559	0.107499 0.292808  0.987359
3.96930007	559	0.104386 0.294963  0.984246
3.97433204	559	0.109653 0.292808  0.996935
3.97937202	556	0.103428 0.292329  0.994302
3.98442001	558	0.107499 0.294484  0.988556
3.98945598	559	0.107977 0.290653  0.996935
3.99449205	559	0.110372 0.288020  0.988556
3.99954795	559	0.108217 0.293047  0.992865
4.00458383	556	0.107499 0.285865  0.992147
4.00962781	558	0.107977 0.291850  0.998611
4.01464414	559	0.109893 0.287301  0.991908
4.01966810	558	0.108456 0.289456  0.983289
4.02468013	558	0.104147 0.292329  0.993823
4.02969980	558	0.106062 0.291611  0.988077
4.03471612	557	0.110372 0.291611  0.997893
4.03975200	559	0.102950 0.287780  0.987838
4.04478788	558	0.106541 0.290414  0.994302
4.04981994	557	0.110372 0.288738  0.988795
4.05486392	559	0.106541 0.288020  0.987119
4.05990791	559	0.113723 0.292329  0.985204
4.06494808	557	0.109653 0.291132  0.995738
4.06998395	559	0.106301 0.289695  0.999330
4.07498788	558	0.108935 0.290414  0.993344
4.07999610	558	0.101274 0.285865  0.989753
##inga 
#ido(sec)  szog(ADC)     ax(g)    ay(g)   az(g)
4.08554410	559	0.104865 0.288020  0.994062
4.09074401	557	0.106062 0.293526  0.989514
4.09596776	559	0.112526 0.295442  0.998851
4.10112380	558	0.099119 0.284428  0.990711
4.10616397	559	0.108696 0.294963  0.988795
4.11119985	559	0.115399 0.291850  0.984486
4.11625194	559	0.106062 0.292090  0.998372
4.12127590	559	0.107499 0.292090  0.991429
4.12629222	558	0.108935 0.293047  0.993344
4.13130807	557	0.107259 0.295442  0.995020
4.13633203	557	0.105583 0.291371  0.988316
4.14136409	558	0.103668 0.286104  0.989992
4.14637994	558	0.106541 0.287780  0.989274
4.15140390	557	0.101992 0.292568  0.990711
4.15643978	559	0.104626 0.294484  0.992147
4.16148376	557	0.106780 0.292090  0.993344
4.16650819	559	0.106301 0.290653  0.989992
4.17153978	558	0.104626 0.291132  0.990471
4.17657184	559	0.104865 0.292090  0.992387
4.18159580	557	0.111808 0.288977  0.997175
4.18662023	557	0.102710 0.290174  0.991189
4.19163179	559	0.103189 0.292329  0.997654
4.19665622	558	0.107499 0.282513  0.996935
4.20167589	559	0.102231 0.289217  0.984246
4.20671606	558	0.103668 0.293526  0.989992
4.21174383	556	0.101992 0.290653  0.990711
4.21678018	559	0.105823 0.290653  0.991908
4.22182416	558	0.101274 0.292329  0.992865
4.22686815	558	0.108935 0.291132  0.999569
4.23191213	559	0.110372 0.287062  0.992147
4.23694801	557	0.104865 0.291850  0.991668
4.24197196	559	0.107738 0.292568  0.995738
4.24698781	558	0.111090 0.293526  0.994302
4.25200796	559	0.111090 0.294244  0.985683
4.25701999	559	0.104865 0.291132  0.997175
4.26205205	556	0.107020 0.287780  0.996696
4.26706790	556	0.108456 0.294244  0.982810
4.27210378	558	0.109893 0.288259  0.985922
4.27714395	559	0.108456 0.291371  0.990471
4.28217601	558	0.104386 0.289935  0.993344
4.28722000	559	0.103668 0.297357  0.984246
4.29225206	558	0.111329 0.287062  0.992387
4.29729223	557	0.112526 0.293047  0.988795
4.30230379	558	0.105344 0.289456  0.989035
4.30732822	558	0.109174 0.289935  0.985922
4.31235218	559	0.104386 0.294244  0.990711
4.31738805	556	0.109893 0.290893  0.986401
4.32242012	559	0.107259 0.289695  0.988077
4.32744789	559	0.109174 0.291850  0.988795
4.33247995	559	0.112526 0.293766  0.995260
4.33752012	557	0.110611 0.291132  0.995260
4.34256792	559	0.107977 0.288738  0.986401
4.34760808	559	0.107020 0.287780  0.997175
4.35263204	559	0.105344 0.292329  0.984007
4.35765600	558	0.105583 0.289695  0.994062
4.36267995	559	0.106301 0.288498  0.980894
4.36770391	559	0.103428 0.290414  0.980655
4.37273216	557	0.102710 0.291132  0.992147
4.37777185	559	0.114202 0.288498  0.993584
4.38279581	557	0.103428 0.289695  0.994062
4.38782787	558	0.111808 0.295202  0.992387
4.39287996	559	0.104865 0.290653  0.989753
4.39791584	557	0.107020 0.294484  0.992865
4.40295600	558	0.106301 0.291132  0.980894
4.40797996	559	0.103189 0.293047  0.985683
4.41300392	559	0.109174 0.295681  0.984486
4.41802787	559	0.108935 0.294963  0.987838
4.42305183	559	0.113963 0.290653  0.992626
4.42808818	558	0.108935 0.290414  0.977782
4.43310022	557	0.108935 0.295681  0.984007
4.43813180	559	0.106541 0.293047  0.991189
4.44316005	558	0.111808 0.293287  0.989274
4.44820404	557	0.105823 0.299033  0.985204
4.45323610	556	0.109414 0.290414  0.981373
4.45826816	558	0.103668 0.293047  0.989514
4.46330404	557	0.106062 0.286583  0.989035
4.46833181	559	0.107738 0.287062  0.993823
4.47335195	559	0.103189 0.291850  0.999330
4.47835206	559	0.104147 0.293287  0.992626
4.48337602	556	0.105823 0.290414  0.992387
4.48839998	559	0.111329 0.282274  0.994302
4.49344396	558	0.109653 0.293047  0.992865
4.49847984	557	0.102710 0.288498  0.994541
4.50352001	558	0.105583 0.289695  0.989753
4.50856399	559	0.107499 0.289695  0.987598
4.51359987	559	0.111808 0.290414  0.991668
4.51864385	558	0.109893 0.286822  0.982570
4.52367591	558	0.103907 0.291850  0.995260
4.52867984	559	0.108456 0.290653  0.990711
4.53370380	559	0.106541 0.293526  0.988556
4.53872823	559	0.107738 0.294005  0.989514
4.54374790	556	0.109653 0.288738  0.997414
4.54877996	559	0.107977 0.289456  0.991189
4.55380392	559	0.111329 0.290414  0.988795
4.55885219	556	0.111569 0.291132  0.995738
4.56389999	558	0.101753 0.288977  0.996217
4.56894779	559	0.105104 0.289217  0.984725
4.57397985	559	0.104386 0.286822  0.986641
4.57902812	558	0.107738 0.293766  0.990471
4.58406400	556	0.117075 0.294244  0.995738
4.58908796	559	0.107259 0.287062  0.989753
##inga 
#ido(sec)  szog(ADC)     ax(g)    ay(g)   az(g)
4.59463214	559	0.107977 0.293766  0.987598
4.59987211	559	0.105344 0.287780  0.991189
4.60510396	559	0.107259 0.293526  0.998133
4.61023616	558	0.108696 0.286104  0.999569
4.61526823	559	0.105104 0.293047  0.991908
4.62029218	558	0.109174 0.291371  0.985443
4.62533998	558	0.107499 0.290174  0.991429
4.63037204	558	0.107499 0.289456  0.988795
4.63541984	559	0.105583 0.289935  0.983767
4.64046812	558	0.105104 0.293526  0.985683
4.64549207	556	0.107020 0.286583  0.994302
4.65049600	556	0.100555 0.289695  0.998611
4.65550804	559	0.101274 0.289695  0.995020
4.66052389	558	0.106062 0.282992  0.982810
4.66554784	558	0.103907 0.292808  0.995738
4.67058420	558	0.109893 0.291850  0.995260
4.67560386	558	0.103428 0.295920  1.002203
4.68063592	557	0.107499 0.291132  0.990232
4.68567180	559	0.108456 0.294244  0.998611
4.69070005	559	0.109893 0.291850  0.990471
4.69572401	557	0.103907 0.290893  0.988077
4.70075607	559	0.100316 0.291850  0.987598
4.70577192	559	0.108456 0.294963  0.994062
4.71080398	558	0.105583 0.293287  0.988077
4.71583223	557	0.103189 0.289217  0.997414
4.72085618	557	0.101992 0.294963  0.993344
4.72588777	559	0.106780 0.292329  0.995738
4.73091983	558	0.115160 0.294005  0.985922
4.73595619	558	0.108217 0.292329  0.992387
4.74100399	559	0.111569 0.288977  0.987359
4.74606800	559	0.107738 0.287541  0.989274
4.75110006	558	0.111569 0.292568  0.989274
4.75614023	559	0.110372 0.293526  0.987598
4.76117610	559	0.105104 0.287301  0.984007
4.76618003	558	0.109893 0.290174  0.999808
4.77119588	556	0.108217 0.285625  0.987838
4.77621984	559	0.106301 0.293047  0.988077
4.78124380	559	0.101753 0.283710  0.998851
4.78626012	558	0.105583 0.286822  0.989992
4.79129600	558	0.106301 0.286344  0.990950
4.79631996	557	0.106301 0.284428  0.988556
4.80136013	560	0.105104 0.297596  0.995738
4.80641603	557	0.105583 0.290414  0.993105
4.81144380	557	0.105823 0.292090  0.998611
4.81647586	557	0.103907 0.293047  0.989992
4.82149219	559	0.112287 0.286822  0.985922
4.82651615	556	0.107977 0.286583  0.994781
4.83153581	558	0.110372 0.294723  0.985443
4.83655977	559	0.113005 0.289935  0.984486
4.84157991	558	0.111569 0.291371  0.996457
4.84661579	558	0.104626 0.295442  0.994302
4.85165977	557	0.112287 0.294723  0.990471
4.85669183	557	0.109653 0.293287  0.986641
4.86173582	559	0.108456 0.289935  0.989514
4.86678791	557	0.109414 0.291132  0.991908
4.87181186	559	0.108456 0.290174  0.991429
4.87682819	557	0.109653 0.290174  0.990232
4.88184785	557	0.105823 0.290653  0.989035
4.88687610	557	0.112287 0.292329  0.990232
4.89191579	558	0.102950 0.294484  0.991429
4.89694786	556	0.110850 0.292329  0.994062
4.90197181	557	0.104865 0.285865  0.994781
4.90702009	558	0.113723 0.283710  0.999330
4.91205978	559	0.103189 0.288020  0.985204
4.91708421	556	0.101992 0.292329  0.981613
4.92212390	557	0.104147 0.297596  0.991429
4.92715597	559	0.109653 0.294723  0.988077
4.93217992	556	0.107499 0.289456  0.986162
4.93719577	557	0.105583 0.289695  0.984725
4.94220399	558	0.110850 0.290174  0.990950
4.94721221	559	0.107259 0.292568  0.988077
4.95223617	557	0.105344 0.287780  0.986162
4.95726013	559	0.112526 0.291132  0.990232
4.96231222	556	0.103428 0.288977  0.993344
4.96735620	556	0.102231 0.291850  0.988077
4.97238779	556	0.105344 0.294963  0.993105
4.97743606	559	0.110132 0.283949  0.987119
4.98248386	559	0.108217 0.287301  0.993105
4.98752021	558	0.109893 0.290414  0.991189
4.99254417	557	0.106541 0.292568  0.988795
4.99756002	556	0.105823 0.297596  0.992387
5.00258779	559	0.103189 0.293526  0.994062
5.00761985	559	0.106062 0.286822  0.996217
5.01264381	559	0.111569 0.293287  0.983289
5.01768398	557	0.110132 0.290414  0.992626
5.02273178	559	0.106301 0.288498  0.996217
5.02777194	556	0.109174 0.302385  0.985443
5.03281211	559	0.112766 0.287780  0.985204
5.03785991	559	0.103668 0.292568  0.992865
5.04290819	559	0.110132 0.292808  0.993344
5.04793596	559	0.110372 0.285865  0.989514
5.05295991	559	0.107977 0.291132  0.989274
5.05798006	559	0.105583 0.291850  0.990471
5.06300020	559	0.104626 0.290174  0.986162
5.06801223	559	0.107977 0.293287  0.993105
5.07304382	558	0.107020 0.289935  0.982331
5.07806777	557	0.113005 0.297357  0.986641
5.08311176	557	0.109174 0.289456  0.988077
5.08814811	558	0.110850 0.290414  0.983767
5.09318399	558	0.104865 0.286822  0.991908
5.09822797	556	0.110132 0.292808  0.991668
##inga 
#ido(sec)  szog(ADC)     ax(g)    ay(g)   az(g)
5.10380792	559	0.103907 0.292329  0.986162
5.10903978	559	0.106062 0.285147  0.992865
5.11425590	558	0.105583 0.289456  0.991668
5.11936807	559	0.103428 0.286583  0.992147
5.12439203	558	0.107259 0.294005  0.989992
5.12942790	557	0.107020 0.291611  0.983767
5.13445615	559	0.103428 0.291611  0.983528
5.13949203	558	0.109893 0.300230  0.983289
5.14452409	559	0.104147 0.290414  0.985922
5.14956378	559	0.105823 0.291611  0.987119
5.15460014	558	0.111808 0.289935  0.993105
5.15965223	556	0.108456 0.294005  0.981134
5.16468381	559	0.105823 0.292808  0.995738
5.16970777	558	0.105583 0.287541  0.989035
5.17473602	559	0.111329 0.291611  0.988795
5.17977190	559	0.108217 0.285865  0.991429
5.18478393	559	0.101992 0.291611  0.988077
5.18981599	559	0.107738 0.285865  0.995738
5.19485187	559	0.107738 0.288259  0.991429
5.19988393	559	0.109414 0.294244  0.989753
5.20493221	559	0.105583 0.288020  0.994302
5.20996379	559	0.107738 0.293047  0.983528
5.21501588	559	0.102471 0.293766  0.999330
5.22005987	559	0.103189 0.285625  0.986880
5.22506809	556	0.111090 0.287301  0.989992
5.23007583	558	0.108456 0.284428  0.984965
5.23509216	559	0.107738 0.289695  0.988077
5.24011611	559	0.103189 0.294005  0.982810
5.24512386	559	0.105344 0.292568  0.993823
5.25015211	557	0.110132 0.286583  0.983767
5.25518417	557	0.109653 0.288498  0.994302
5.26022005	559	0.108935 0.285147  0.992865
5.26526021	556	0.109414 0.287062  0.993105
5.27029609	556	0.105104 0.288020  0.993105
5.27531623	559	0.108696 0.292329  0.991429
5.28034019	557	0.103428 0.292329  0.995978
5.28535604	556	0.109893 0.294484  0.989035
5.29038000	559	0.100555 0.290653  0.991429
5.29538822	559	0.112526 0.287301  0.987598
5.30041980	559	0.104386 0.293766  0.998851
5.30545616	559	0.104386 0.295681  0.988316
5.31048822	559	0.107020 0.281316  0.986880
5.31550788	557	0.111329 0.293526  0.989753
5.32054805	556	0.101513 0.291611  0.987598
5.32558822	556	0.111090 0.291611  0.997654
5.33061981	558	0.102471 0.292568  0.996457
5.33565998	559	0.105104 0.293526  0.980176
5.34066820	556	0.110850 0.294244  0.988077
5.34568023	557	0.104865 0.291611  0.986401
5.35070419	557	0.111808 0.297117  0.996935
5.35572385	559	0.106541 0.298315  0.992387
5.36076021	556	0.109653 0.292808  0.977064
5.36579179	559	0.108696 0.290414  0.992387
5.37082815	558	0.101274 0.287541  0.989514
5.37587213	559	0.101753 0.292808  0.992626
5.38092803	559	0.108217 0.290414  0.990471
5.38597202	559	0.104865 0.289695  0.995499
5.39101219	559	0.099598 0.291611  0.983049
5.39603614	558	0.113005 0.290174  0.993823
5.40105199	558	0.109414 0.297117  0.988077
5.40607213	558	0.112766 0.287062  0.992147
5.41109609	558	0.107499 0.290414  0.983528
5.41612386	559	0.111329 0.287780  0.989035
5.42114019	558	0.114202 0.292090  0.991429
5.42617988	559	0.107499 0.288738  0.985204
5.43122005	558	0.105583 0.290174  0.983289
5.43625211	557	0.099119 0.295202  0.991429
5.44130802	558	0.103428 0.291132  0.998372
5.44635581	559	0.105583 0.293766  0.989992
5.45137977	559	0.106780 0.288498  0.989753
5.45638418	559	0.108217 0.287541  0.993105
5.46140384	557	0.109414 0.286583  0.981852
5.46642780	559	0.109653 0.296878  1.001484
5.47145605	557	0.106780 0.287301  0.993584
5.47648382	559	0.112526 0.294723  0.988316
5.48152399	559	0.107499 0.295442  0.987838
5.48656415	558	0.103189 0.297117  0.990471
5.49158811	557	0.106301 0.292808  0.988556
5.49662780	559	0.106541 0.291611  1.000287
5.50165987	559	0.113723 0.289695  0.995978
5.50670003	559	0.107259 0.294723  0.988077
5.51172399	559	0.103907 0.294005  0.987359
5.51673221	558	0.104626 0.294005  0.992387
5.52175998	558	0.104147 0.292090  0.990471
5.52678823	559	0.106301 0.292090  0.984965
5.53181219	557	0.106541 0.288498  0.993105
5.53682804	559	0.111569 0.293287  0.989514
5.54188394	556	0.106062 0.288977  0.989753
5.54691982	559	0.109653 0.290653  0.993823
5.55196809	558	0.101992 0.285386  0.993823
5.55702018	557	0.100795 0.296399  0.989992
5.56205177	558	0.107738 0.291611  0.987119
5.56708383	558	0.106780 0.285386  0.992865
5.57210016	559	0.107259 0.289695  0.984965
5.57711601	559	0.109414 0.288738  0.989514
5.58214807	558	0.107977 0.294723  0.987598
5.58717203	559	0.112526 0.289456  0.991429
5.59221601	558	0.108456 0.296160  0.996457
5.59724378	559	0.104386 0.296399  0.990950
5.60228395	558	0.105344 0.288498  0.987119
5.60731983	558	0.113245 0.294484  0.986641
##inga 
#ido(sec)  szog(ADC)     ax(g)    ay(g)   az(g)
5.61291599	559	0.107259 0.290653  0.994781
5.61815214	559	0.107020 0.297836  0.991429
5.62338018	558	0.109653 0.291132  0.989274
5.62851619	556	0.103907 0.292568  0.995260
5.63352394	559	0.102950 0.293526  0.989753
5.63854408	559	0.107738 0.292808  0.993823
5.64357185	559	0.109653 0.297836  0.989753
5.64859199	559	0.106780 0.288738  0.994541
5.65361976	557	0.110850 0.288259  0.989514
5.65865993	558	0.107977 0.292329  0.985683
5.66370820	558	0.110611 0.285625  0.986880
5.66873979	557	0.105104 0.285865  0.989514
5.67377996	558	0.110850 0.295202  0.993584
5.67882013	557	0.106780 0.286344  0.993105
5.68384408	556	0.107499 0.296878  0.997414
5.68885993	558	0.107020 0.290653  0.992865
5.69386386	558	0.106301 0.289456  0.985443
5.69888401	558	0.100316 0.287541  0.991668
5.70390796	558	0.107499 0.296160  0.993823
5.70894384	559	0.110850 0.292090  0.984246
5.71396780	559	0.107977 0.290174  0.988316
5.71901178	558	0.107499 0.294244  0.990471
5.72405576	559	0.107977 0.294005  0.987359
5.72908782	557	0.113963 0.291850  0.990950
5.73413181	557	0.111808 0.289935  0.997175
5.73918008	559	0.111569 0.295442  0.989035
5.74423599	556	0.106062 0.291132  0.994781
5.74925613	558	0.111329 0.293287  0.989753
5.75428390	559	0.114202 0.291371  0.994781
5.75930786	559	0.109893 0.294484  0.984725
5.76432800	556	0.112766 0.289935  0.986880
5.76935577	557	0.107499 0.288977  0.991908
5.77438402	559	0.108935 0.290893  0.989992
5.77941608	559	0.107020 0.285865  0.987838
5.78445196	559	0.110850 0.290893  0.994302
5.78949213	559	0.112287 0.296639  0.992626
5.79454803	559	0.108456 0.291132  0.992387
5.79958820	558	0.110372 0.293047  0.983767
5.80462408	559	0.106062 0.293287  0.993344
5.80963611	558	0.105583 0.291371  0.982092
5.81467199	559	0.106541 0.291611  0.982810
5.81969594	558	0.106301 0.288738  0.983289
5.82471990	556	0.106541 0.292329  0.992626
5.82975196	558	0.112526 0.293047  0.989992
5.83479976	559	0.109893 0.287062  0.987119
5.83984422	556	0.107259 0.285147  0.988316
5.84488391	557	0.104147 0.292329  0.989514
5.84992790	557	0.102950 0.288259  0.993584
5.85497188	556	0.102231 0.291371  0.989992
5.86000776	559	0.111090 0.287301  0.998133
5.86503601	559	0.106301 0.288498  0.992865
5.87004423	557	0.107499 0.291132  0.987359
5.87506818	559	0.110372 0.293526  0.999090
5.88009214	556	0.107259 0.283471  0.991189
5.88512802	559	0.112048 0.293287  0.984246
5.89017200	557	0.107977 0.290174  0.995260
5.89520788	559	0.111090 0.293047  0.986641
5.90024423	559	0.111329 0.289695  0.997893
5.90528821	559	0.114681 0.301427  0.986641
5.91035604	557	0.105823 0.294244  0.995020
5.91539621	558	0.116836 0.294484  0.984007
5.92044401	556	0.104147 0.290174  0.989035
5.92547607	559	0.107499 0.294244  0.982331
5.93050384	559	0.103428 0.292568  1.004597
5.93554401	559	0.105823 0.297596  0.991189
5.94057178	559	0.110372 0.292568  0.988077
5.94560384	558	0.106062 0.287301  0.989514
5.95062780	557	0.104147 0.290893  0.988316
5.95565986	557	0.101753 0.287780  0.991668
5.96070384	556	0.108456 0.288020  1.000766
5.96574020	560	0.107259 0.293526  0.994062
5.97077989	556	0.103907 0.291611  0.996457
5.97582006	559	0.104386 0.295442  0.985443
5.98086023	556	0.104147 0.284189  0.995260
5.98589181	559	0.110611 0.286583  0.993823
5.99092817	559	0.106062 0.286822  0.979937
5.99595212	559	0.108456 0.290893  0.989753
6.00097608	556	0.107499 0.290174  0.989753
6.00600004	559	0.102710 0.291850  0.993344
6.01102018	557	0.111569 0.285386  0.988077
6.01605176	558	0.103189 0.294484  0.985922
6.02108812	557	0.102710 0.289695  0.989274
6.02612400	559	0.108456 0.289695  0.991189
6.03117990	559	0.112766 0.291132  0.999090
6.03622817	559	0.108217 0.287780  0.998372
6.04125976	558	0.101513 0.297596  0.995499
6.04629611	559	0.108696 0.289695  0.994302
6.05132389	559	0.110372 0.293526  0.985683
6.05635595	557	0.106301 0.291611  0.996457
6.06137990	559	0.109414 0.292090  0.986641
6.06639194	557	0.107977 0.296878  0.995020
6.07141208	557	0.106541 0.286822  0.990950
6.07643985	557	0.107499 0.291132  0.989035
6.08147192	559	0.111329 0.288498  0.992147
6.08650779	557	0.114681 0.289695  0.986401
6.09155988	558	0.114921 0.296878  0.993344
6.09662389	558	0.109893 0.292568  0.997414
6.10165977	559	0.107977 0.293766  0.992865
6.10668420	559	0.106062 0.293526  0.990232
6.11169576	556	0.111090 0.291850  0.988795
6.11669588	557	0.105104 0.291132  0.983289
##inga 
#ido(sec)  szog(ADC)     ax(g)    ay(g)   az(g)
6.12224817	558	0.107020 0.289935  0.992865
6.12747621	558	0.107977 0.287780  0.996696
6.13270378	559	0.109414 0.296878  0.996935
6.13784408	559	0.105583 0.293526  0.996457
6.14287614	558	0.107977 0.289935  0.991668
6.14792013	559	0.107499 0.287780  0.993823
6.15296411	559	0.104626 0.288738  0.990232
6.15800380	558	0.106541 0.285386  0.985443
6.16304016	559	0.103668 0.291611  0.994062
6.16807603	558	0.108217 0.289217  0.995738
6.17309999	558	0.113245 0.282992  0.990950
6.17813587	558	0.108456 0.288977  0.990471
6.18315982	558	0.107738 0.292568  0.991429
6.18818807	558	0.107499 0.289456  0.991668
6.19322776	559	0.104147 0.293526  0.987119
6.19827604	559	0.112287 0.289695  0.989514
6.20333194	559	0.102950 0.293047  0.990232
6.20836400	556	0.107977 0.287780  0.998133
6.21340417	559	0.107499 0.295681  0.987119
6.21845197	559	0.109893 0.291850  0.988556
6.22348022	559	0.108935 0.300709  0.990950
6.22850799	556	0.110611 0.293526  0.996696
6.23353195	556	0.113723 0.292808  0.996217
6.23856401	558	0.109414 0.292808  0.990950
6.24359178	558	0.105583 0.289217  0.988556
6.24861621	559	0.109653 0.286583  0.993823
6.25363588	559	0.104147 0.290414  0.997414
6.25867605	558	0.110372 0.293526  0.998611
6.26370811	557	0.108696 0.293287  0.986401
6.26875209	559	0.108456 0.296399  0.994541
6.27380418	557	0.102231 0.289935  0.995020
6.27883577	558	0.106062 0.290653  0.993344
6.28385210	558	0.109653 0.289935  0.995499
6.28885984	558	0.113245 0.293766  0.980416
6.29389190	559	0.105583 0.289935  0.995260
6.29890823	558	0.107499 0.287301  0.991908
6.30393218	558	0.111569 0.291132  0.997893
6.30897617	559	0.108456 0.291611  0.996935
6.31400823	558	0.106062 0.296399  0.987119
6.31904411	557	0.109174 0.286583  0.995020
6.32408380	559	0.110850 0.289935  0.992387
6.32912778	557	0.108935 0.287541  0.994302
6.33416414	558	0.109893 0.290893  0.995499
6.33919191	559	0.105823 0.284428  0.985683
6.34421586	558	0.112287 0.288020  0.996457
6.34922790	559	0.109414 0.288738  0.997654
6.35425186	559	0.106541 0.298315  0.993823
6.35927581	558	0.112526 0.290653  0.994781
6.36431598	558	0.110850 0.293526  0.991668
6.36933183	556	0.102950 0.288977  0.989992
6.37436389	556	0.110611 0.290653  0.993823
6.37939596	559	0.104626 0.292808  0.989753
6.38445186	559	0.109174 0.296160  0.989274
6.38948392	558	0.104865 0.294963  0.984965
6.39451980	556	0.108935 0.286344  0.991668
6.39954376	559	0.108217 0.288259  0.996935
6.40456819	559	0.106301 0.292808  0.988556
6.40959215	559	0.107259 0.292090  0.987838
6.41461610	559	0.115160 0.289456  0.998851
6.41964387	556	0.104386 0.285865  0.994062
6.42467212	559	0.108217 0.290174  0.996217
6.42970800	559	0.102231 0.289456  0.987359
6.43475198	556	0.108935 0.293526  0.990471
6.43978786	559	0.107259 0.289935  0.991429
6.44483995	558	0.106062 0.288977  0.983767
6.44987583	558	0.098161 0.291132  0.996217
6.45490789	558	0.115160 0.288259  0.995978
6.45993185	559	0.112048 0.287301  0.994541
6.46495199	559	0.107499 0.291132  0.991189
6.46998786	559	0.104865 0.290414  0.989753
6.47499990	556	0.104865 0.290653  0.995978
6.48001623	559	0.102471 0.292329  0.989992
6.48504781	559	0.111329 0.290414  0.995978
6.49009180	559	0.106062 0.296878  0.984246
6.49513196	556	0.108456 0.290174  0.990711
6.50017213	558	0.108696 0.294484  0.993584
6.50521993	559	0.101513 0.292808  0.992865
6.51026010	559	0.109414 0.288498  0.986880
6.51526784	556	0.113484 0.294244  0.992865
6.52029180	559	0.105583 0.293047  0.984007
6.52530002	559	0.111329 0.290414  0.987598
6.53032398	558	0.106541 0.290174  0.996696
6.53535604	558	0.100555 0.290653  0.989274
6.54037618	556	0.110132 0.293526  0.987359
6.54542398	558	0.110372 0.291132  0.989274
6.55046415	557	0.111808 0.288738  0.987359
6.55551195	557	0.106062 0.292090  0.989035
6.56054019	557	0.104865 0.289935  0.985443
6.56558799	557	0.107977 0.290893  0.986880
6.57061195	558	0.107020 0.285865  0.986880
6.57561588	558	0.112766 0.286344  0.991908
6.58065223	558	0.113005 0.294005  0.992865
6.58566379	556	0.107977 0.284428  0.990232
6.59070014	558	0.105344 0.288977  0.985443
6.59573221	557	0.114442 0.292090  0.984486
6.60076379	558	0.109414 0.293766  0.984486
6.60579586	558	0.105583 0.289695  0.991189
6.61083602	557	0.106301 0.289456  0.977782
6.61587619	558	0.106780 0.291611  0.994302
6.62090778	557	0.107020 0.285386  0.991429
6.62594413	558	0.107738 0.298554  0.992387
##inga 
#ido(sec)  szog(ADC)     ax(g)    ay(g)   az(g)
6.63150405	557	0.104626 0.289695  0.987119
6.63674402	557	0.107738 0.292090  0.987598
6.64195585	559	0.107020 0.290174  0.987359
6.64706802	558	0.115399 0.287780  0.990471
6.65209197	559	0.106541 0.291371  0.999090
6.65710401	559	0.108935 0.294963  0.985443
6.66213989	558	0.108935 0.295920  0.984007
6.66717195	558	0.103907 0.294963  0.991189
6.67220783	559	0.103428 0.291850  0.992147
6.67725181	556	0.110611 0.286104  0.991429
6.68229198	559	0.105583 0.295681  0.984246
6.68733596	557	0.106301 0.291132  0.982092
6.69237613	557	0.113005 0.291371  0.993105
6.69738817	558	0.104386 0.293047  0.993105
6.70239591	559	0.109893 0.299512  0.993344
6.70741987	559	0.101992 0.289695  0.996696
6.71245193	558	0.108217 0.289695  0.989035
6.71748781	558	0.111808 0.287062  0.990232
6.72252416	557	0.108696 0.296399  0.994302
6.72755622	558	0.107977 0.288738  0.985443
6.73261213	556	0.111329 0.294484  0.987598
6.73765993	559	0.115160 0.292329  0.995260
6.74269199	556	0.110132 0.289456  0.986641
6.74772405	559	0.103428 0.289456  0.984486
6.75274801	558	0.100077 0.286583  0.985204
6.75776386	559	0.106780 0.281316  0.984725
6.76278018	557	0.104865 0.289935  0.984007
6.76781177	559	0.105104 0.293287  0.992387
6.77284383	558	0.107259 0.292329  0.989274
6.77786779	558	0.108935 0.289695  0.986401
6.78291177	559	0.103907 0.286104  0.986880
6.78793621	558	0.109414 0.290653  0.995738
6.79298019	558	0.105583 0.290893  0.991189
6.79802417	556	0.106062 0.294963  0.984965
6.80305194	557	0.107738 0.294244  0.986162
6.80807209	558	0.102471 0.293766  0.993823
6.81309986	559	0.102950 0.289695  0.999090
6.81810808	556	0.106780 0.294484  0.994302
6.82311582	558	0.103428 0.297357  0.994302
6.82814788	558	0.108935 0.294723  0.990232
6.83318376	556	0.105104 0.290174  0.985443
6.83821201	559	0.106062 0.289217  0.982570
6.84325218	559	0.108935 0.291371  0.990232
6.84829187	558	0.110372 0.286583  0.988316
6.85334014	558	0.107020 0.296639  0.988077
6.85837602	556	0.109174 0.290653  0.980655
6.86339998	557	0.108217 0.291371  0.985683
6.86842823	559	0.109893 0.290414  0.992387
6.87344789	559	0.104626 0.294244  0.995978
6.87847185	557	0.112048 0.283231  0.994541
6.88351202	558	0.107020 0.291611  0.984246
6.88853597	559	0.108696 0.282034  0.990711
6.89358377	559	0.107499 0.293766  0.989274
6.89862823	559	0.112526 0.288498  0.988077
6.90367603	559	0.109893 0.292808  0.987359
6.90871620	559	0.110850 0.294244  0.985683
6.91375589	559	0.107977 0.285625  0.994062
6.91877985	557	0.113005 0.287541  0.990950
6.92379999	557	0.102231 0.290893  0.992147
6.92883586	559	0.102471 0.291850  0.991429
6.93385982	559	0.107738 0.286822  0.984246
6.93889188	557	0.108456 0.290893  0.987598
6.94393587	559	0.106301 0.288498  0.991668
6.94894790	557	0.107977 0.291371  0.980894
6.95397186	559	0.107259 0.288977  0.992865
6.95900821	557	0.107020 0.296878  0.988556
6.96405220	556	0.106062 0.291371  0.990950
6.96907186	558	0.106541 0.289695  0.990950
6.97412014	557	0.106301 0.294723  0.992865
6.97913217	558	0.108217 0.294723  0.989035
6.98416423	558	0.108696 0.293047  0.987598
6.98918008	558	0.110372 0.291850  0.988795
6.99420404	557	0.102471 0.287780  0.997414
6.99923610	558	0.107738 0.295681  0.992626
7.00427198	558	0.115639 0.291132  0.989035
7.00930404	556	0.104626 0.286104  0.983289
7.01433992	559	0.107977 0.294963  0.989274
7.01938009	556	0.105104 0.292090  0.988556
7.02440023	559	0.104386 0.292329  1.000287
7.02943611	559	0.107499 0.293526  0.986880
7.03445196	559	0.109414 0.297117  0.990471
7.03947591	559	0.100555 0.286104  0.990471
7.04448413	559	0.108696 0.294484  0.995020
7.04950809	558	0.106780 0.294005  0.991668
7.05453205	557	0.108935 0.291850  0.989514
7.05955600	559	0.107977 0.283471  0.994302
7.06457996	559	0.106541 0.295202  0.992387
7.06961584	556	0.103428 0.288259  0.989753
7.07465982	559	0.107499 0.289935  0.993584
7.07971620	557	0.104626 0.284189  0.992865
7.08476400	559	0.105583 0.292568  0.988316
7.08979177	557	0.109653 0.291611  0.994302
7.09482812	560	0.107259 0.291132  0.992387
7.09986019	557	0.109174 0.290414  1.000527
7.10489177	559	0.102710 0.295681  0.991429
7.10991621	557	0.108456 0.289456  0.992865
7.11494016	556	0.108456 0.290414  0.998372
7.11996793	556	0.108935 0.290174  0.988077
7.12498807	558	0.105344 0.298075  0.984725
7.13003206	558	0.108696 0.290653  0.996696
7.13506793	559	0.108217 0.294005  0.993584
##inga 
#ido(sec)  szog(ADC)     ax(g)    ay(g)   az(g)
7.14064407	557	0.105104 0.300230  0.985922
7.14584398	559	0.105823 0.291132  0.996935
7.15108823	558	0.110850 0.294244  0.991668
7.15620422	559	0.106541 0.295681  0.994302
7.16124391	558	0.108217 0.294005  0.990471
7.16625976	558	0.104626 0.294484  0.990471
7.17128419	559	0.113005 0.291132  0.986880
7.17630386	556	0.102950 0.292808  0.994781
7.18133592	559	0.107499 0.298315  0.986641
7.18637180	559	0.106780 0.293047  0.984486
7.19140386	558	0.103907 0.291611  0.986162
7.19643211	559	0.105104 0.289695  0.990711
7.20146799	559	0.101992 0.295442  0.990950
7.20650815	558	0.101992 0.291371  1.000766
7.21153211	559	0.107977 0.291132  0.992865
7.21655607	559	0.105823 0.294723  0.989035
7.22159194	559	0.100077 0.284189  0.992387
7.22660398	559	0.104386 0.291611  0.994302
7.23163604	557	0.108456 0.285865  0.993584
7.23667621	556	0.107020 0.289456  0.988556
7.24170780	559	0.107499 0.290893  0.991429
7.24673986	558	0.100077 0.288498  0.982810
7.25176382	557	0.103189 0.291611  0.995020
7.25680398	558	0.102950 0.292568  0.986162
7.26183986	558	0.110372 0.293287  0.994062
7.26686811	558	0.108935 0.288498  0.985204
7.27188396	559	0.112287 0.292568  0.996696
7.27690792	559	0.107977 0.293287  0.984725
7.28193187	559	0.111569 0.292329  0.985443
7.28697204	557	0.109893 0.292329  0.991668
7.29200410	559	0.106780 0.296399  0.992865
7.29703187	557	0.108935 0.289217  0.984965
7.30206012	559	0.108696 0.293526  0.992865
7.30709981	559	0.105583 0.295202  0.993344
7.31214380	559	0.108456 0.296160  0.995738
7.31716823	557	0.107738 0.293766  0.987119
7.32220411	558	0.106541 0.289935  0.983289
7.32721996	558	0.104626 0.294963  1.004118
7.33223581	558	0.105344 0.291850  0.993584
7.33726406	559	0.106780 0.289695  0.994062
7.34228801	557	0.107738 0.288259  1.001484
7.34732007	558	0.106062 0.287062  0.985683
7.35235595	558	0.110611 0.295202  0.995738
7.35738801	559	0.104626 0.288498  0.991429
7.36243581	558	0.105344 0.294484  0.989514
7.36749601	556	0.101513 0.288259  0.981134
7.37253999	558	0.103428 0.291850  0.991668
7.37757205	556	0.107738 0.287780  0.987359
7.38260412	558	0.107020 0.288020  0.985204
7.38761186	558	0.105583 0.288977  0.986641
7.39263200	558	0.110850 0.290414  0.994062
7.39764404	559	0.111569 0.293766  0.983289
7.40268421	558	0.102471 0.287780  0.995978
7.40771198	558	0.110132 0.293287  0.995738
7.41274404	559	0.111808 0.295920  0.983049
7.41777992	559	0.106780 0.290653  0.991189
7.42281198	558	0.107499 0.294963  0.997414
7.42785596	557	0.101274 0.283710  0.982331
7.43289995	559	0.114202 0.292329  0.988556
7.43793201	557	0.106541 0.291850  0.984007
7.44295597	559	0.111329 0.288020  0.990471
7.44796419	559	0.106062 0.289456  0.993584
7.45298814	556	0.101274 0.284907  0.991908
7.45802783	559	0.108696 0.296639  0.994062
7.46305179	558	0.104386 0.289217  0.982570
7.46808004	559	0.105104 0.292568  0.989753
7.47312021	556	0.109174 0.291611  0.978261
7.47815608	559	0.108935 0.290414  0.992626
7.48321199	559	0.112526 0.293526  0.989753
7.48825979	559	0.106780 0.283471  0.981373
7.49328422	559	0.106301 0.293287  0.993823
7.49829578	558	0.103428 0.288738  0.990232
7.50331592	559	0.109414 0.285147  0.984965
7.50834417	557	0.108935 0.289456  0.991908
7.51336812	559	0.104386 0.293287  0.989035
7.51839208	557	0.105583 0.287780  0.994302
7.52341222	557	0.103907 0.292808  0.995978
7.52844810	559	0.107499 0.291850  0.993823
7.53348398	558	0.102950 0.290893  0.988795
7.53851604	557	0.107020 0.287780  0.986401
7.54354000	559	0.106301 0.290414  1.000766
7.54857206	556	0.108696 0.290174  0.992387
7.55359601	558	0.107738 0.284668  0.989992
7.55861997	556	0.104386 0.284428  0.992387
7.56364393	556	0.104386 0.289695  0.994781
7.56865596	559	0.107977 0.291132  0.984007
7.57369995	558	0.111329 0.291132  0.996457
7.57874822	558	0.108935 0.289217  0.992147
7.58378410	559	0.109893 0.293047  1.000287
7.58882808	558	0.105104 0.291371  0.995738
7.59386396	558	0.106062 0.294244  0.982810
7.59890794	557	0.105344 0.294244  0.994062
7.60395193	557	0.107499 0.297836  0.994781
7.60898780	557	0.101034 0.292090  0.995020
7.61400413	559	0.107259 0.292329  0.995020
7.61902809	559	0.108935 0.289456  0.984007
7.62404823	559	0.103907 0.289456  0.991429
7.62907218	559	0.105823 0.285865  0.989274
7.63409996	556	0.109174 0.288498  0.993344
7.63912391	559	0.103907 0.281555  0.990232
7.64414787	558	0.105823 0.296399  0.989514
##inga 
#ido(sec)  szog(ADC)     ax(g)    ay(g)   az(g)
7.64972782	557	0.101034 0.289217  0.984725
7.65497207	558	0.112766 0.286583  0.985922
7.66022014	559	0.101274 0.296639  0.987838
7.66534805	559	0.110611 0.292090  1.000527
7.67038011	559	0.101034 0.290174  0.996935
7.67539215	559	0.107020 0.292329  0.983767
7.68040418	559	0.105583 0.286583  0.977064
7.68541193	559	0.107977 0.293766  0.989514
7.69045209	557	0.106780 0.286583  0.992626
7.69548416	559	0.107499 0.294005  0.994781
7.70052003	557	0.105104 0.291371  0.991908
7.70554018	556	0.105583 0.292568  0.996457
7.71057605	559	0.105823 0.294723  0.984725
7.71562814	559	0.108456 0.295202  0.986880
7.72067213	556	0.103907 0.293526  0.985204
7.72569608	556	0.110611 0.293526  0.987359
7.73072385	556	0.103907 0.287301  0.996696
7.73574399	559	0.112766 0.294005  0.987119
7.74077987	556	0.112048 0.294723  0.993105
7.74580383	559	0.111329 0.293287  0.988316
7.75084400	558	0.110372 0.294963  0.991668
7.75588417	557	0.107738 0.295442  0.989514
7.76093196	556	0.104147 0.291611  0.993344
7.76597213	558	0.105344 0.288020  0.988077
7.77099609	559	0.106062 0.290174  0.994302
7.77602815	558	0.107499 0.284189  0.997175
7.78105592	559	0.105344 0.293047  0.988316
7.78608798	557	0.099358 0.283710  0.996457
7.79110002	556	0.105583 0.289695  0.993344
7.79612398	559	0.107020 0.285865  0.989035
7.80113983	559	0.106062 0.289935  0.992626
7.80615615	557	0.101513 0.287780  0.995260
7.81118822	559	0.108935 0.294963  0.992626
7.81622409	559	0.104865 0.291611  0.983767
7.82125997	559	0.098161 0.287780  0.984486
7.82629203	559	0.104626 0.287541  0.995499
7.83133220	559	0.112048 0.288738  0.996217
7.83638000	559	0.107977 0.288259  0.985922
7.84140396	556	0.109893 0.288977  0.991189
7.84642791	558	0.109653 0.297117  0.995978
7.85144805	557	0.108935 0.291611  0.994302
7.85647583	556	0.113484 0.288738  0.995738
7.86149978	558	0.108696 0.294484  0.986641
7.86653995	559	0.113963 0.296878  0.994541
7.87157201	559	0.112526 0.292090  0.990232
7.87661218	559	0.105583 0.287780  0.986401
7.88163614	559	0.113245 0.290414  0.999569
7.88668394	556	0.104386 0.289935  0.992865
7.89173221	559	0.110132 0.294484  0.989514
7.89678812	559	0.103907 0.291611  0.989753
7.90180015	559	0.101753 0.294244  0.991668
7.90682411	558	0.107499 0.291611  0.984725
7.91184806	558	0.109414 0.287062  0.987838
7.91686820	558	0.109174 0.296878  0.984965
7.92189216	558	0.101513 0.286104  0.996935
7.92692422	558	0.105583 0.293766  0.991189
7.93195581	559	0.111329 0.287541  0.990950
7.93697977	559	0.107259 0.286344  0.982810
7.94201183	559	0.107977 0.284428  0.999569
7.94706010	558	0.105104 0.284907  0.986401
7.95208406	558	0.106062 0.292808  0.990950
7.95711994	556	0.103428 0.297117  0.988556
7.96214389	559	0.104626 0.285865  0.993344
7.96716403	557	0.107499 0.283471  0.992387
7.97219610	558	0.110372 0.283710  0.991668
7.97721195	557	0.104147 0.292329  0.995020
7.98223590	559	0.102710 0.291611  0.988556
7.98725986	559	0.109174 0.291611  0.987838
7.99230003	559	0.111329 0.289695  0.988077
7.99734020	559	0.106062 0.286822  0.989992
8.00238037	559	0.104626 0.288498  0.987598
8.00742435	559	0.113963 0.287301  0.989274
8.01246833	558	0.105583 0.292329  0.989753
8.01749992	559	0.113245 0.294005  0.998611
8.02253627	559	0.107020 0.290414  0.986401
8.02754020	559	0.111808 0.294005  0.993584
8.03256034	557	0.111569 0.292808  0.996217
8.03759574	559	0.109893 0.286344  0.987838
8.04262828	558	0.111569 0.290893  0.979697
8.04766845	558	0.108696 0.289695  0.994781
8.05270767	559	0.107977 0.295442  0.988556
8.05774784	556	0.113245 0.290414  0.991908
8.06279182	559	0.108217 0.292808  0.988316
8.06782817	559	0.106541 0.288498  0.989035
8.07287979	556	0.110850 0.287301  0.999330
8.07790374	556	0.104865 0.284189  0.983528
8.08291625	556	0.106541 0.293287  0.991668
8.08795166	559	0.101992 0.292329  0.996935
8.09297561	559	0.104626 0.290414  0.995738
8.09799957	557	0.104865 0.293287  0.989992
8.10302829	556	0.106541 0.290174  0.990711
8.10806846	559	0.103428 0.288498  0.986641
8.11311626	557	0.108217 0.284428  0.989992
8.11815166	556	0.100795 0.290893  0.984486
8.12320423	559	0.102231 0.290653  0.988556
8.12825202	558	0.107499 0.292090  0.985683
8.13327598	558	0.102710 0.291850  0.988077
8.13828754	556	0.105344 0.283710  0.989753
8.14330768	559	0.104626 0.297836  0.986880
8.14833164	558	0.101753 0.282992  0.997175
8.15335559	557	0.111569 0.294723  0.988556
##inga 
#ido(sec)  szog(ADC)     ax(g)    ay(g)   az(g)
8.15892410	559	0.105823 0.290174  0.990232
8.16415596	559	0.109893 0.289935  0.986162
8.16938018	559	0.110132 0.293526  0.994781
8.17452812	559	0.107499 0.294244  0.988795
8.17956447	556	0.104147 0.285865  0.995978
8.18461608	558	0.107259 0.291371  0.992865
8.18965244	556	0.110132 0.295681  0.990232
8.19468402	558	0.111808 0.286822  0.989992
8.19970417	558	0.109653 0.295202  0.994541
8.20472812	559	0.105344 0.290893  0.989514
8.20976352	557	0.110850 0.293526  0.989514
8.21478843	558	0.104147 0.291371  0.996217
8.21982383	558	0.109174 0.295442  0.989514
8.22484779	558	0.108935 0.294244  0.988316
8.22988796	559	0.105104 0.292090  0.992865
8.23492431	559	0.109174 0.288498  0.993105
8.23996353	558	0.100316 0.291611  0.991429
8.24500370	558	0.106541 0.295920  0.994302
8.25002765	557	0.105583 0.287062  0.985443
8.25504398	558	0.110850 0.291132  0.998372
8.26006793	559	0.110372 0.291371  0.991668
8.26509189	558	0.107499 0.293047  1.001963
8.27010822	558	0.105583 0.286583  0.985443
8.27513217	558	0.104626 0.289217  0.992865
8.28015995	558	0.115878 0.290893  0.986162
8.28519153	556	0.105583 0.287541  0.983289
8.29021644	558	0.108456 0.294005  0.988795
8.29525184	559	0.105583 0.288738  0.998133
8.30029201	559	0.113005 0.293047  0.987359
8.30531597	556	0.111329 0.283949  0.989992
8.31035995	559	0.106541 0.289935  0.982331
8.31538772	558	0.103668 0.291850  0.991908
8.32041168	557	0.109653 0.288498  0.996696
8.32543182	558	0.109653 0.293766  0.988077
8.33045959	559	0.111329 0.293047  0.986162
8.33550357	558	0.109414 0.294005  0.986880
8.34052753	557	0.104626 0.292329  0.984007
8.34558010	556	0.113245 0.288498  0.990950
8.35062026	559	0.109893 0.294723  0.990232
8.35564804	559	0.109414 0.295202  0.992147
8.36068439	559	0.107259 0.295681  0.987119
8.36573219	557	0.107259 0.287541  0.983767
8.37075614	558	0.108696 0.294484  0.993105
8.37578010	557	0.105583 0.292568  0.998851
8.38079166	557	0.113484 0.287780  0.988795
8.38581180	559	0.105104 0.293287  0.988077
8.39083576	558	0.107977 0.293047  0.990950
8.39585971	559	0.103189 0.288977  0.985443
8.40090847	557	0.106780 0.290174  0.996935
8.40594005	559	0.104386 0.291611  0.985443
8.41097164	558	0.107499 0.290174  0.989514
8.41601181	558	0.107020 0.294005  0.986641
8.42103576	559	0.101034 0.291371  0.992147
8.42605972	559	0.102950 0.286583  0.993105
8.43106842	559	0.101274 0.292808  0.987119
8.43610763	557	0.108935 0.291850  0.988077
8.44113159	557	0.108456 0.293287  0.997175
8.44615554	557	0.108456 0.292329  0.988795
8.45118045	559	0.108696 0.291611  0.990232
8.45620441	558	0.107977 0.294005  0.994541
8.46124362	559	0.107499 0.297836  0.991189
8.46627998	556	0.102950 0.292568  0.989035
8.47131633	556	0.108696 0.290893  0.987598
8.47634792	558	0.110372 0.293526  0.992387
8.48138809	557	0.113005 0.294723  0.981852
8.48640441	559	0.107499 0.290893  0.992865
8.49142837	559	0.113245 0.294723  0.995738
8.49645233	559	0.107977 0.287541  0.992387
8.50147628	559	0.111090 0.293526  0.981852
8.50650405	557	0.106780 0.288977  0.988556
8.51153564	559	0.112048 0.296399  0.985443
8.51657962	559	0.105583 0.286104  0.989514
8.52160835	559	0.107259 0.293287  0.987359
8.52664375	558	0.105583 0.288259  0.997175
8.53169155	558	0.110611 0.288977  0.986641
8.53674411	559	0.106301 0.291132  0.995978
8.54175567	559	0.112526 0.293287  0.990950
8.54677963	559	0.102471 0.293047  0.997893
8.55180358	559	0.108696 0.287780  0.990232
8.55682754	556	0.103907 0.291850  0.990471
8.56185245	559	0.112287 0.293287  0.990711
8.56689167	559	0.109893 0.291611  0.990711
8.57191562	556	0.108456 0.294963  0.988077
8.57694816	559	0.098161 0.287780  1.001245
8.58198833	559	0.103907 0.295442  0.984965
8.58702754	559	0.109414 0.284907  0.990471
8.59206008	559	0.107738 0.288738  0.987838
8.59709644	558	0.103428 0.288977  0.995738
8.60212039	558	0.111569 0.293287  0.989274
8.60714817	559	0.106301 0.288977  0.991189
8.61217212	558	0.113963 0.296399  0.994541
8.61720752	559	0.105583 0.294963  0.993344
8.62224006	558	0.107020 0.287541  0.989274
8.62725162	559	0.108935 0.295202  0.998851
8.63228416	559	0.108456 0.292090  0.991429
8.63731956	559	0.101513 0.287301  0.997654
8.64237594	556	0.113005 0.299512  0.995260
8.64741230	559	0.109414 0.290414  0.983767
8.65244388	556	0.110132 0.291132  0.992387
8.65748405	559	0.105583 0.291611  0.995020
8.66250801	558	0.107977 0.297596  0.990950
##inga 
#ido(sec)  szog(ADC)     ax(g)    ay(g)   az(g)
8.66805553	559	0.108456 0.285386  0.987119
8.67328357	558	0.113484 0.285865  0.989514
8.67852783	557	0.109414 0.292329  0.984007
8.68366813	559	0.107977 0.295202  0.984725
8.68869590	558	0.101992 0.292329  0.989035
8.69373226	559	0.106062 0.290414  0.993105
8.69876384	557	0.107259 0.293287  0.996457
8.70379638	559	0.096246 0.286822  0.988795
8.70884418	559	0.107977 0.290174  0.992626
8.71388435	559	0.102471 0.293047  0.995260
8.71889209	556	0.107499 0.287301  0.991908
8.72391605	557	0.109653 0.287062  0.991668
8.72894001	558	0.106541 0.291611  0.998851
8.73396396	557	0.109893 0.290174  0.989035
8.73898029	559	0.107738 0.292090  0.993823
8.74400424	559	0.103428 0.291132  0.996935
8.74903583	559	0.103428 0.296160  0.989035
8.75405979	559	0.102950 0.290653  0.992387
8.75911617	557	0.107020 0.291850  0.994302
8.76414775	559	0.108217 0.290653  1.000766
8.76918792	557	0.107020 0.290893  0.987359
8.77421188	557	0.107738 0.296399  0.988795
8.77922439	559	0.106062 0.291371  0.985683
8.78424358	559	0.106062 0.292329  0.990950
8.78925228	559	0.106541 0.294963  0.993344
8.79428386	558	0.109653 0.294484  0.984007
8.79930782	558	0.108696 0.296160  0.989035
8.80433177	559	0.109414 0.289456  0.988795
8.80937576	557	0.099119 0.296639  0.988556
8.81442356	557	0.100795 0.293287  0.984725
8.81946754	559	0.107499 0.286104  0.989514
8.82450008	558	0.107020 0.287062  0.997414
8.82952404	558	0.106301 0.292090  0.987359
8.83454799	559	0.104386 0.294244  0.989992
8.83957195	558	0.104386 0.292090  0.992387
8.84457969	556	0.102231 0.288020  0.994302
8.84960365	559	0.106062 0.282992  0.989035
8.85462760	558	0.111329 0.288977  0.992147
8.85967159	559	0.109893 0.294244  0.982570
8.86471557	558	0.105583 0.292090  0.987598
8.86973953	558	0.106062 0.292808  0.987119
8.87477970	559	0.102471 0.290893  0.994302
8.87981605	556	0.105823 0.298793  0.989035
8.88485622	557	0.116596 0.286583  1.002681
8.88988399	557	0.108935 0.295442  0.995738
8.89490795	558	0.109653 0.291611  0.984486
8.89992809	559	0.114681 0.292808  0.992147
8.90496826	556	0.112526 0.295202  0.989992
8.91000366	559	0.114681 0.292808  0.995499
8.91505241	558	0.106301 0.294005  0.992147
8.92010021	559	0.112048 0.288498  0.995020
8.92514419	558	0.112048 0.286344  0.988077
8.93017959	559	0.104626 0.290174  0.987838
8.93523597	558	0.106301 0.296639  0.999330
8.94027233	559	0.103668 0.289695  0.997175
8.94530773	558	0.112766 0.285625  0.983289
8.95035552	558	0.108217 0.294244  0.999569
8.95538043	558	0.110850 0.290174  0.990950
8.96039581	558	0.104626 0.295681  0.991429
8.96541976	559	0.108217 0.289935  0.993344
8.97044372	557	0.114202 0.295442  0.991189
8.97548389	559	0.104386 0.284428  0.985683
8.98052024	558	0.106780 0.289456  0.998851
8.98555564	557	0.105104 0.288020  0.990711
8.99058818	557	0.107020 0.292329  0.990950
8.99561214	559	0.111808 0.292090  0.987838
9.00064754	556	0.108217 0.292329  0.991908
9.00567626	559	0.102950 0.289695  0.985443
9.01068401	557	0.103907 0.289935  0.981134
9.01570796	559	0.101992 0.289217  0.991189
9.02071952	558	0.108696 0.291850  0.996935
9.02573966	558	0.108935 0.288738  1.000766
9.03077983	557	0.104386 0.295202  0.995738
9.03580760	559	0.103428 0.290893  0.996457
9.04085159	558	0.106541 0.291132  0.989753
9.04588794	558	0.109414 0.288738  0.989514
9.05094432	559	0.110850 0.288738  0.995260
9.05597972	559	0.109653 0.295442  0.989274
9.06101989	559	0.106062 0.294244  0.986880
9.06602382	556	0.100077 0.295442  0.987598
9.07103157	559	0.110611 0.293526  0.988795
9.07605552	556	0.103907 0.298075  0.991189
9.08106803	559	0.110611 0.290174  0.998372
9.08609962	559	0.111569 0.295442  0.989035
9.09114837	559	0.106541 0.296160  0.984965
9.09617996	558	0.110372 0.292568  0.989035
9.10122013	556	0.107977 0.293526  0.985683
9.10626792	558	0.101274 0.292568  0.989992
9.11130809	559	0.105583 0.289935  0.978740
9.11633968	557	0.104147 0.286104  0.990950
9.12136363	559	0.105823 0.296160  0.989753
9.12638759	557	0.107499 0.293047  0.988077
9.13140392	558	0.110372 0.287062  0.989274
9.13642406	558	0.107020 0.289695  0.978979
9.14144802	556	0.105344 0.292808  0.992865
9.14649200	558	0.107738 0.287301  0.988795
9.15152359	559	0.111569 0.291611  0.993823
9.15657234	558	0.107977 0.287780  0.998611
9.16161155	558	0.111569 0.291132  0.986401
9.16666793	558	0.107020 0.288738  0.989514
9.17170810	557	0.106062 0.299272  0.990711
##inga 
#ido(sec)  szog(ADC)     ax(g)    ay(g)   az(g)
9.17727565	558	0.106301 0.292329  0.990950
9.18250370	557	0.112526 0.284428  0.985922
9.18772792	559	0.103907 0.290414  0.990950
9.19284439	559	0.105583 0.291132  0.989992
9.19785976	559	0.110611 0.291371  0.989514
9.20289230	559	0.109893 0.288020  0.988795
9.20791244	557	0.106301 0.289695  0.993584
9.21294403	556	0.106062 0.291132  0.990471
9.21798038	559	0.100316 0.294963  0.989514
9.22301959	557	0.117315 0.294005  0.994541
9.22806358	559	0.106062 0.290893  0.988077
9.23309230	559	0.107259 0.292329  0.987119
9.23811626	559	0.111329 0.300469  0.986162
9.24314785	558	0.113245 0.288977  0.994302
9.24818420	558	0.111569 0.294005  0.993344
9.25321197	559	0.113245 0.296878  0.987359
9.25823593	558	0.104386 0.296399  0.990711
9.26325988	559	0.109174 0.293526  0.990950
9.26828384	558	0.106541 0.291132  0.995738
9.27331638	558	0.104386 0.297596  0.998372
9.27835559	558	0.102710 0.284907  0.985204
9.28339576	559	0.107499 0.291850  0.986162
9.28844356	556	0.099598 0.285865  0.996217
9.29347991	556	0.107499 0.287062  0.985922
9.29850387	557	0.100316 0.290174  0.985922
9.30351638	559	0.106062 0.290893  0.988795
9.30854034	558	0.102471 0.288259  0.993105
9.31355190	557	0.106780 0.286344  0.996217
9.31857204	559	0.106541 0.288738  0.994541
9.32359981	556	0.103189 0.293287  0.990950
9.32861995	559	0.103907 0.292329  0.990232
9.33363628	558	0.106062 0.287541  0.991429
9.33868408	558	0.107020 0.295202  0.997175
9.34372425	557	0.108696 0.292329  0.987838
9.34875583	558	0.105583 0.295681  0.990471
9.35377979	557	0.105104 0.285625  0.991908
9.35879611	558	0.109893 0.291132  0.995260
9.36381244	559	0.107259 0.292808  0.997893
9.36883640	559	0.108456 0.295202  0.990471
9.37386035	557	0.105104 0.292808  0.988316
9.37888813	556	0.107499 0.294963  0.992865
9.38392353	559	0.107020 0.295920  0.988556
9.38894844	559	0.109893 0.291850  0.988795
9.39399242	559	0.107499 0.292090  0.998133
9.39903640	556	0.107977 0.295681  0.988077
9.40406799	559	0.116118 0.290174  0.988556
9.40910816	558	0.103907 0.293526  0.992865
9.41412353	559	0.109893 0.289456  0.984007
9.41913986	558	0.101034 0.290893  0.996457
9.42416381	557	0.106541 0.290414  0.989035
9.42918777	558	0.103189 0.295442  0.986162
9.43420791	558	0.103907 0.296399  0.987359
9.43923568	558	0.106062 0.288498  0.994302
9.44425964	556	0.106062 0.286344  0.986880
9.44929218	559	0.111329 0.287780  0.989274
9.45433998	558	0.101034 0.290174  1.000048
9.45937156	557	0.107020 0.292808  0.991908
9.46438789	558	0.110611 0.289695  0.987119
9.46941184	556	0.109893 0.284428  0.990471
9.47441959	559	0.106062 0.286104  0.991908
9.47944355	559	0.107259 0.290414  0.984246
9.48446846	557	0.100316 0.288977  0.995260
9.48948764	558	0.109414 0.294484  0.993823
9.49453163	558	0.109893 0.283710  0.991429
9.49956417	558	0.107977 0.292090  0.992147
9.50458431	558	0.105823 0.288738  0.995978
9.50962829	559	0.109653 0.287301  0.991429
9.51466369	559	0.109893 0.294484  0.994781
9.51968765	557	0.107977 0.283949  0.990950
9.52470016	556	0.105823 0.292808  0.986401
9.52972030	559	0.106301 0.291611  0.994781
9.53474044	558	0.105823 0.294723  0.993823
9.53977966	559	0.108456 0.293287  0.990471
9.54479980	556	0.110850 0.293766  0.988556
9.54982757	558	0.106062 0.294963  0.995978
9.55486774	559	0.107259 0.291132  0.983528
9.55990791	559	0.104386 0.292568  0.979937
9.56495571	559	0.105583 0.289456  0.989274
9.57000446	559	0.112287 0.293766  0.992387
9.57505226	557	0.109653 0.285625  0.984246
9.58007621	559	0.107499 0.288498  0.982810
9.58508777	559	0.104865 0.286583  0.998611
9.59011173	556	0.106062 0.290174  0.993344
9.59511566	559	0.111808 0.290893  1.002442
9.60015201	559	0.107499 0.294723  0.984246
9.60519599	559	0.110372 0.288977  0.983767
9.61023616	559	0.107499 0.291132  0.984725
9.61527156	556	0.104147 0.292568  0.994302
9.62031173	556	0.104865 0.287780  0.988077
9.62534809	559	0.108935 0.284668  0.994541
9.63037967	559	0.109893 0.282274  0.998611
9.63541984	559	0.109174 0.295681  0.996217
9.64043235	559	0.109174 0.288738  0.989274
9.64545631	559	0.106062 0.288738  0.989992
9.65046787	557	0.104386 0.296639  0.991668
9.65550041	558	0.112766 0.285865  0.987838
9.66053581	559	0.105104 0.293766  1.000766
9.66556835	559	0.107499 0.288738  0.994781
9.67060375	557	0.110850 0.291611  0.996696
9.67562770	559	0.114202 0.288259  0.989992
9.68067169	559	0.117075 0.292808  0.996696
##inga 
#ido(sec)  szog(ADC)     ax(g)    ay(g)   az(g)
9.68623161	559	0.109414 0.285147  0.994302
9.69147205	556	0.110372 0.295920  0.993344
9.69669628	559	0.105583 0.297596  0.996457
9.70182037	558	0.111329 0.289456  0.987359
9.70684432	556	0.108456 0.287541  0.984007
9.71186828	557	0.110372 0.290893  0.987838
9.71690845	558	0.109174 0.293047  0.994541
9.72194385	558	0.107020 0.292329  0.980416
9.72696781	559	0.104626 0.298315  0.990471
9.73199558	559	0.101992 0.288498  0.991908
9.73702430	559	0.110850 0.291371  0.983767
9.74205589	556	0.102231 0.286822  0.992387
9.74710845	558	0.103668 0.287062  0.986880
9.75213241	559	0.113005 0.289695  0.984965
9.75714778	559	0.104386 0.284189  0.993823
9.76216411	558	0.111329 0.294963  0.993823
9.76719570	559	0.105344 0.286583  0.995738
9.77223587	559	0.109414 0.287780  0.982810
9.77725601	559	0.104386 0.290653  0.992147
9.78229618	559	0.109414 0.294484  0.981373
9.78732776	559	0.100555 0.288498  0.993823
9.79235553	557	0.107499 0.294005  0.992387
9.79739570	557	0.105583 0.291611  0.989753
9.80241203	557	0.110132 0.291132  0.987119
9.80743980	559	0.108217 0.287780  0.988316
9.81245231	557	0.118272 0.286822  0.983049
9.81748390	558	0.104386 0.291850  0.991908
9.82250785	558	0.112766 0.293526  0.987359
9.82753562	556	0.105823 0.291132  0.990471
9.83256816	559	0.110850 0.290893  0.992147
9.83759975	557	0.108456 0.288738  0.994781
9.84264373	558	0.117075 0.288498  0.994781
9.84768390	559	0.109174 0.286104  0.984007
9.85272407	557	0.104865 0.296160  0.994541
9.85776042	557	0.111329 0.291132  0.994062
9.86280822	559	0.103907 0.292329  0.986401
9.86781978	556	0.109414 0.289695  0.985204
9.87284374	557	0.108935 0.289935  0.987359
9.87785625	559	0.113723 0.290653  0.990232
9.88290023	558	0.107259 0.291371  0.991429
9.88794422	559	0.109893 0.293766  0.995260
9.89297962	559	0.104626 0.288020  0.993344
9.89801979	557	0.105583 0.288498  0.989753
9.90305233	559	0.109653 0.292568  0.998133
9.90808773	558	0.109653 0.287541  0.987119
9.91312408	558	0.100077 0.291611  0.988077
9.91814804	558	0.106062 0.285625  0.994302
9.92316436	559	0.108456 0.286583  0.989753
9.92818355	558	0.102471 0.291611  0.995738
9.93320846	556	0.106541 0.288259  0.997414
9.93823623	558	0.107738 0.291850  0.987838
9.94324398	559	0.101513 0.293287  0.989274
9.94827556	556	0.110850 0.289695  0.991908
9.95330429	556	0.106062 0.288498  0.984725
9.95833969	558	0.111329 0.295442  0.994781
9.96338844	557	0.113723 0.290414  0.990471
9.96843624	559	0.105583 0.292568  0.986880
9.97347640	556	0.113005 0.293526  0.986641
9.97850036	559	0.111329 0.287541  0.988077
9.98353958	558	0.108217 0.288498  0.986641
9.98856353	558	0.112287 0.296399  0.989514
9.99359607	558	0.113005 0.287780  0.994781
9.99861240	559	0.106541 0.291850  0.989035
10.00363636	558	0.107499 0.293526  0.990711
10.00877571	557	0.108696 0.291132  0.985922
10.01389598	558	0.106780 0.294244  0.994541
10.01902770	558	0.104147 0.287062  0.982331
10.02414035	557	0.109653 0.292090  0.989753
10.02925968	556	0.106301 0.293526  0.989992
10.03437995	557	0.102950 0.289695  0.996457
10.03950786	556	0.107977 0.290414  0.987838
10.04461956	559	0.106541 0.288498  0.993344
10.04975223	557	0.110850 0.288977  0.990232
10.05487632	559	0.104865 0.286344  0.979937
10.06000041	559	0.104865 0.288738  0.995499
10.06510829	559	0.104147 0.283949  0.991189
10.07022762	558	0.111569 0.294723  0.992147
10.07535552	557	0.105583 0.287062  0.987598
10.08047580	559	0.113245 0.296878  0.986162
10.08559989	558	0.111808 0.286583  0.977303
10.09071636	558	0.107738 0.290653  0.983049
10.09584808	557	0.107977 0.291611  0.989514
10.10096359	558	0.109174 0.288259  0.995738
10.10608386	559	0.106062 0.291611  0.982331
10.11120414	559	0.107738 0.296160  0.990232
10.11631965	559	0.110132 0.291132  0.990950
10.12145233	556	0.106541 0.289695  0.994781
10.12658405	558	0.112526 0.290653  0.995978
10.13170814	559	0.105344 0.296639  0.989992
10.13682842	558	0.107020 0.292808  0.984246
10.14194393	556	0.109414 0.294484  0.988556
10.14706802	559	0.111808 0.293766  0.989992
10.15218830	558	0.108935 0.291611  0.986880
10.15730762	558	0.107499 0.291611  0.984486
10.16243553	559	0.109174 0.285386  0.985683
10.16756439	559	0.108696 0.292568  0.987838
10.17268371	559	0.109414 0.288977  0.980176
10.17781162	557	0.111569 0.294005  0.995020
10.18294811	558	0.100077 0.289695  0.989753
10.18805980	559	0.111569 0.282034  0.992387
10.19318008	558	0.108935 0.290414  0.989753
##inga 
#ido(sec)  szog(ADC)     ax(g)    ay(g)   az(g)
10.19882011	559	0.103189 0.287780  0.989514
10.20409965	559	0.106780 0.288498  0.994302
10.20936012	559	0.103907 0.288259  0.986401
10.21461582	558	0.104865 0.287062  0.996696
10.21973228	559	0.114202 0.292090  0.989514
10.22485160	558	0.108696 0.287541  0.993105
10.22997188	559	0.105823 0.286583  0.996696
10.23508358	559	0.109893 0.292568  0.990711
10.24021244	558	0.109414 0.294484  0.991908
10.24534797	557	0.104386 0.294963  0.991429
10.25046825	558	0.104865 0.295681  0.990950
10.25558376	558	0.109893 0.290893  0.985204
10.26071643	557	0.106301 0.291611  0.991908
10.26585197	556	0.109893 0.289935  0.990950
10.27097225	558	0.113963 0.295442  0.983767
10.27610778	556	0.102471 0.289695  0.991908
10.28123569	558	0.109653 0.295681  0.988316
10.28635597	556	0.108217 0.294963  0.990471
10.29148387	559	0.107738 0.295920  0.991429
10.29659557	559	0.110611 0.293766  0.988316
10.30173206	559	0.106062 0.286822  0.991429
10.30685234	558	0.105344 0.292329  0.992387
10.31197643	559	0.104147 0.295920  0.990950
10.31709194	559	0.101753 0.287780  0.991429
10.32221984	556	0.106301 0.290653  0.981613
10.32734012	559	0.106062 0.292568  0.983767
10.33244800	559	0.105344 0.291132  0.988077
10.33757972	559	0.104865 0.290414  0.995020
10.34269237	559	0.105344 0.289935  0.990950
10.34781169	557	0.105583 0.294244  0.992387
10.35293197	559	0.101274 0.290414  0.995978
10.35805606	557	0.107020 0.282752  0.985204
10.36317157	557	0.111090 0.288977  0.988316
10.36829185	559	0.115160 0.291850  0.980894
10.37341213	557	0.101513 0.286104  0.993105
10.37853240	558	0.109653 0.290414  0.985683
10.38365554	558	0.107499 0.292329  0.990711
10.38877201	559	0.106062 0.293766  0.990950
10.39390373	558	0.111329 0.288738  0.985683
10.39903640	557	0.105104 0.297117  0.989035
10.40415573	556	0.110132 0.286104  0.994781
10.40927600	559	0.115160 0.291611  0.994302
10.41440391	559	0.108935 0.289217  0.999330
10.41952419	559	0.106062 0.293287  0.984725
10.42464828	558	0.106780 0.291132  0.983289
10.42976379	559	0.113484 0.296639  0.986162
10.43489646	559	0.107499 0.291371  0.997414
10.44002819	556	0.113005 0.297117  0.992626
10.44514846	559	0.104865 0.293287  0.989274
10.45026397	559	0.110372 0.289935  0.990711
10.45538806	559	0.109174 0.295202  0.988077
10.46051216	559	0.110611 0.293047  0.997654
10.46564388	558	0.112766 0.292568  0.999569
10.47076797	558	0.104865 0.296160  0.980894
10.47589206	557	0.111808 0.290653  0.984007
10.48100757	558	0.106541 0.289217  0.991908
10.48613166	559	0.108935 0.292568  0.994541
10.49125194	559	0.107259 0.284907  0.994781
10.49637985	559	0.108456 0.286344  0.990711
10.50151157	559	0.106062 0.294484  0.998611
10.50662803	557	0.101992 0.290653  0.992865
10.51173973	558	0.105823 0.290653  0.982810
10.51685237	559	0.108217 0.289935  0.991668
10.52197170	559	0.101274 0.293526  0.979937
10.52709960	559	0.107499 0.287062  0.987359
10.53221607	559	0.108696 0.288498  0.991429
10.53733158	558	0.105104 0.290414  0.982331
10.54245185	558	0.106301 0.288259  0.994062
10.54756832	558	0.111808 0.294963  0.999090
10.55268383	559	0.105583 0.291132  0.989992
10.55780410	556	0.115878 0.289217  0.985683
10.56293201	559	0.111090 0.290414  0.990471
10.56805229	558	0.105583 0.291850  0.983049
10.57318019	559	0.107020 0.291850  0.994781
10.57830047	559	0.105583 0.291132  0.989274
10.58341979	558	0.105823 0.295920  0.993105
10.58853244	559	0.107977 0.291132  0.995020
10.59366035	559	0.105344 0.298554  0.995978
10.59879207	558	0.111329 0.293047  0.989992
10.60392379	557	0.101992 0.292329  0.990232
10.60904407	556	0.108217 0.290174  0.995020
10.61415576	558	0.110372 0.296160  0.985922
10.61927604	557	0.109414 0.289935  0.990950
10.62440395	558	0.104386 0.285625  0.983767
10.62953567	558	0.107259 0.290653  0.990471
10.63464355	557	0.103189 0.295920  0.991668
10.63975620	557	0.103428 0.289695  0.979937
10.64488410	558	0.107259 0.294963  0.984725
10.65000820	559	0.110850 0.282752  0.993823
10.65511989	559	0.105344 0.288020  0.989992
10.66023635	558	0.109893 0.295202  0.995260
10.66535568	558	0.105104 0.292808  0.984246
10.67047595	559	0.109414 0.290893  0.994781
10.67560386	557	0.107977 0.291371  0.990232
10.68072414	558	0.106541 0.289695  0.990471
10.68584442	558	0.108456 0.294244  0.992865
10.69095611	559	0.107020 0.290414  0.995978
10.69607162	559	0.112048 0.291611  0.987119
10.70120429	559	0.112766 0.289695  0.992387
10.70633220	559	0.111090 0.290174  0.981373
10.71145153	558	0.105823 0.293526  0.986880
##inga 
#ido(sec)  szog(ADC)     ax(g)    ay(g)   az(g)
10.71710395	559	0.109653 0.291611  0.984246
10.72239208	558	0.107499 0.295202  0.992626
10.72768020	556	0.108935 0.292568  0.996457
10.73289966	559	0.109174 0.288977  0.989274
10.73802757	558	0.109893 0.290414  0.989035
10.74315643	559	0.105104 0.289456  0.992626
10.74827575	559	0.104865 0.294244  0.990232
10.75339221	559	0.102471 0.283471  1.002921
10.75851154	558	0.115160 0.292329  0.986880
10.76364040	559	0.103907 0.288977  0.989514
10.76875591	556	0.101992 0.289456  0.985443
10.77387619	558	0.110132 0.287780  0.990711
10.77899646	559	0.110132 0.290893  0.989514
10.78413581	559	0.110850 0.289217  0.984725
10.78925228	559	0.107259 0.288977  0.992626
10.79437160	556	0.111569 0.281316  0.997893
10.79951190	558	0.113723 0.283949  0.980416
10.80463600	559	0.098640 0.283231  0.990471
10.80974006	557	0.111569 0.292090  0.987119
10.81485176	557	0.113245 0.287062  0.989035
10.81998825	558	0.107738 0.294244  0.988077
10.82511234	557	0.110850 0.282752  0.995020
10.83022785	558	0.102710 0.289456  0.992147
10.83535957	558	0.094570 0.290414  0.984246
10.84046840	559	0.107259 0.292329  0.989514
10.84558391	558	0.105104 0.290174  0.984486
10.85068798	558	0.109174 0.295681  0.987119
10.85581970	559	0.107020 0.289695  0.990232
10.86093235	558	0.109653 0.291850  0.988316
10.86605167	558	0.110372 0.292090  0.989992
10.87117958	557	0.103907 0.290653  0.989274
10.87629604	559	0.107977 0.286344  0.994302
10.88142776	556	0.109653 0.288020  0.988316
