##inga 
#ido(sec)  szog(ADC)     ax(g)    ay(g)   az(g)
0.00171200	698	0.324650 0.671088  0.692396
0.00691600	701	0.330157 0.676355  0.688326
##inga 
#ido(sec)  szog(ADC)     ax(g)    ay(g)   az(g)
0.01316400	699	0.323453 0.679707  0.682580
0.01837200	698	0.324650 0.675397  0.690960
0.02357600	701	0.322017 0.677313  0.696706
0.02879600	698	0.327045 0.674440  0.695509
0.03383600	701	0.325848 0.674679  0.687368
0.03888400	698	0.322735 0.677313  0.686890
0.04393200	701	0.326087 0.677313  0.697903
0.04896000	701	0.326566 0.680186  0.698142
0.05399600	698	0.332312 0.674679  0.699579
0.05903200	699	0.321059 0.677073  0.693593
0.06404800	698	0.328002 0.673722  0.690241
0.06906000	701	0.326326 0.677313  0.697184
0.07408400	701	0.327523 0.672046  0.692636
0.07910800	698	0.318186 0.683059  0.693833
0.08415201	698	0.322975 0.675637  0.689284
0.08919600	702	0.325129 0.679228  0.689523
0.09422800	698	0.328242 0.672764  0.690960
0.09926800	700	0.330636 0.677552  0.695030
0.10429201	700	0.326087 0.675397  0.694311
0.10933201	701	0.325369 0.675158  0.687368
0.11436400	701	0.331833 0.669651  0.696945
0.11938800	698	0.323214 0.674440  0.691438
0.12440000	701	0.322496 0.674919  0.684974
0.12941999	699	0.329199 0.673722  0.700536
0.13444800	701	0.324890 0.672764  0.687129
0.13947199	701	0.318186 0.674919  0.695509
0.14451199	701	0.326566 0.673003  0.688805
0.14954400	701	0.324890 0.669651  0.695509
0.15457999	701	0.325848 0.678510  0.692396
0.15961999	701	0.324890 0.672046  0.688087
0.16466000	701	0.323693 0.680425  0.689523
0.16970000	698	0.320102 0.679228  0.683059
0.17473199	701	0.324411 0.673003  0.690002
0.17976400	701	0.321299 0.671088  0.695030
0.18477600	700	0.321538 0.676116  0.689044
0.18980400	701	0.328242 0.670370  0.692636
0.19482398	698	0.322735 0.667257  0.687847
0.19986000	702	0.326805 0.676595  0.682819
0.20488400	699	0.331115 0.672285  0.684735
0.20992400	701	0.326326 0.676355  0.696227
0.21497600	701	0.320580 0.677552  0.683777
0.22000401	700	0.322256 0.675158  0.695269
0.22506399	701	0.326805 0.673961  0.690002
0.23008799	700	0.325369 0.673243  0.679946
0.23511600	698	0.330636 0.669173  0.690481
0.24013600	701	0.325129 0.671088  0.693354
0.24516000	701	0.322975 0.678749  0.690481
0.25018000	701	0.328481 0.676355  0.690481
0.25520398	701	0.328960 0.678270  0.694311
0.26021599	701	0.322017 0.670609  0.693114
0.26524801	700	0.328960 0.677792  0.689044
0.27028398	701	0.321777 0.678270  0.692396
0.27532398	698	0.326326 0.679707  0.693114
0.28036799	701	0.328481 0.677073  0.687129
0.28541998	701	0.330636 0.672764  0.688087
0.29045999	700	0.326805 0.676355  0.687847
0.29548401	700	0.331594 0.676595  0.678270
0.30050001	700	0.326805 0.674440  0.685932
0.30551600	698	0.321777 0.676834  0.696706
0.31054801	701	0.328242 0.670370  0.695269
0.31558001	700	0.324890 0.678031  0.683059
0.32060399	698	0.325608 0.675637  0.692396
0.32563600	701	0.325369 0.672764  0.684256
0.33069200	700	0.320580 0.676355  0.689763
0.33571600	701	0.328242 0.672524  0.690960
0.34074802	699	0.321538 0.666060  0.694311
0.34577999	700	0.322975 0.662708  0.693833
0.35081198	700	0.325848 0.674919  0.694072
0.35583600	699	0.319144 0.679707  0.696227
0.36084799	701	0.321538 0.671806  0.693354
0.36587200	699	0.319623 0.667018  0.685932
0.37089600	701	0.326805 0.675637  0.687608
0.37590799	701	0.321777 0.675637  0.692157
0.38093997	701	0.324650 0.673961  0.683777
0.38598001	698	0.329199 0.673243  0.690481
0.39101200	701	0.327523 0.677073  0.685214
0.39605199	699	0.323932 0.681383  0.690960
0.40109200	700	0.329199 0.676834  0.688087
0.40612401	699	0.328960 0.676355  0.690002
0.41114802	699	0.324890 0.679228  0.696227
0.41617197	700	0.317468 0.672285  0.693833
0.42120399	699	0.321059 0.672524  0.687368
0.42621998	701	0.323932 0.677552  0.693114
0.43125200	700	0.322975 0.676595  0.690481
0.43628401	701	0.328960 0.687368  0.690960
0.44131999	701	0.322017 0.674440  0.692157
0.44635601	700	0.325129 0.682101  0.701015
0.45141596	701	0.329918 0.677792  0.688087
0.45645999	698	0.320102 0.673722  0.688805
0.46149201	700	0.327763 0.682341  0.693354
0.46652402	700	0.329918 0.676116  0.689284
0.47154798	699	0.324890 0.674919  0.689044
0.47657198	700	0.324172 0.678510  0.699579
0.48159599	701	0.323453 0.677073  0.685453
0.48661999	701	0.325848 0.672764  0.692157
0.49164800	700	0.333748 0.671806  0.691917
0.49667997	699	0.325848 0.674200  0.684735
0.50171604	701	0.324890 0.674919  0.696466
0.50674800	701	0.327284 0.674200  0.682819
0.51180000	699	0.329439 0.677313  0.688326
0.51683597	701	0.322735 0.672285  0.696706
##inga 
#ido(sec)  szog(ADC)     ax(g)    ay(g)   az(g)
0.52241997	701	0.326087 0.670130  0.682819
0.52764797	701	0.324890 0.672524  0.698860
0.53287601	699	0.321538 0.668933  0.689523
0.53799600	700	0.320580 0.674440  0.690241
0.54299597	701	0.328242 0.673003  0.693354
0.54802799	701	0.326326 0.677073  0.685932
0.55308399	700	0.325608 0.672524  0.686650
0.55809998	701	0.321538 0.668454  0.690241
0.56315202	701	0.328002 0.678031  0.690002
0.56818003	701	0.321059 0.674679  0.687368
0.57321600	698	0.327763 0.677552  0.699818
0.57825202	701	0.324411 0.676595  0.686171
0.58329200	701	0.321299 0.671088  0.690720
0.58830795	701	0.325848 0.678031  0.688326
0.59331998	700	0.322017 0.676595  0.673722
0.59835600	698	0.329678 0.674919  0.696227
0.60337595	699	0.329678 0.678270  0.685214
0.60839200	701	0.321299 0.678510  0.686650
0.61343197	701	0.326326 0.675876  0.696945
0.61848402	700	0.327763 0.678031  0.695269
0.62353200	701	0.326805 0.676355  0.694790
0.62856798	701	0.327523 0.678510  0.693354
0.63362798	700	0.325608 0.678510  0.680665
0.63865203	701	0.328960 0.682101  0.690241
0.64367599	701	0.323214 0.686411  0.693833
0.64871597	700	0.329199 0.678510  0.686411
0.65373997	701	0.327045 0.685214  0.691917
0.65876398	699	0.322975 0.677552  0.689284
0.66378803	700	0.321538 0.678989  0.685453
0.66881599	701	0.327523 0.671088  0.692157
0.67384796	701	0.327763 0.665342  0.685453
0.67889204	701	0.323453 0.672764  0.689044
0.68393201	701	0.326087 0.668694  0.682101
0.68897600	701	0.326087 0.671088  0.693354
0.69401197	699	0.323693 0.674919  0.696227
0.69906001	701	0.324411 0.668215  0.692396
0.70408396	701	0.321538 0.675158  0.696706
0.70911598	701	0.326087 0.668454  0.693833
0.71413998	701	0.325608 0.673003  0.699579
0.71916399	698	0.324411 0.671088  0.690720
0.72418804	701	0.321299 0.669891  0.695748
0.72922401	701	0.321059 0.668933  0.686890
0.73426399	698	0.322975 0.680665  0.693833
0.73931598	700	0.323932 0.668933  0.689523
0.74436402	701	0.321777 0.675397  0.700536
0.74941201	700	0.322017 0.674440  0.691438
0.75446801	698	0.322496 0.673722  0.692157
0.75950803	701	0.324411 0.672046  0.688326
0.76454000	701	0.327284 0.676116  0.689763
0.76957201	700	0.326087 0.675637  0.696227
0.77459597	700	0.331115 0.678989  0.692875
0.77961997	701	0.325129 0.675158  0.684256
0.78464403	701	0.324890 0.679707  0.695748
0.78966398	700	0.331833 0.679707  0.688087
0.79469199	701	0.323214 0.675397  0.695509
0.79974403	701	0.322496 0.680904  0.692875
0.80478000	701	0.322496 0.673722  0.693833
0.80982799	701	0.331354 0.671327  0.694311
0.81486797	701	0.327523 0.674679  0.688087
0.81992397	700	0.328721 0.672764  0.687608
0.82495994	701	0.324172 0.681862  0.694551
0.82998399	700	0.322975 0.673961  0.683059
0.83501996	700	0.329199 0.679228  0.694790
0.84003200	698	0.324890 0.676355  0.686171
0.84504404	700	0.327763 0.682819  0.699100
0.85007200	701	0.321777 0.676595  0.686411
0.85509996	700	0.326326 0.672285  0.686171
0.86014804	699	0.321059 0.671567  0.700536
0.86518802	700	0.323453 0.672524  0.698621
0.87021598	701	0.323453 0.676355  0.688326
0.87525997	701	0.327763 0.674200  0.692396
0.88029994	700	0.324890 0.670609  0.690960
0.88533201	700	0.319862 0.668454  0.692396
0.89035596	701	0.317468 0.672046  0.690241
0.89538402	701	0.325848 0.674919  0.691917
0.90041198	701	0.328242 0.670130  0.698381
0.90542802	700	0.327284 0.676355  0.689044
0.91045999	701	0.322975 0.669651  0.688565
0.91550798	701	0.322496 0.674200  0.687368
0.92053995	701	0.323932 0.673243  0.695030
0.92557201	700	0.327284 0.667497  0.691678
0.93063602	701	0.323214 0.678749  0.695748
0.93568401	700	0.330397 0.673722  0.686171
0.94072399	700	0.323693 0.673722  0.688565
0.94574794	701	0.325129 0.677073  0.685932
0.95077199	701	0.327045 0.672046  0.695269
0.95578804	701	0.328242 0.680425  0.688087
0.96082000	700	0.320341 0.686171  0.685932
0.96584396	700	0.326566 0.676595  0.690481
0.97087202	701	0.324172 0.669651  0.687608
0.97591600	701	0.331115 0.674440  0.700297
0.98096399	700	0.333270 0.680904  0.688326
0.98601198	700	0.333748 0.672285  0.694311
0.99106798	701	0.326087 0.677552  0.692157
0.99610004	701	0.329439 0.675637  0.696227
1.00113999	701	0.329678 0.680665  0.690241
1.00616395	698	0.326566 0.679468  0.693833
1.01119601	701	0.329678 0.677792  0.695748
1.01622796	700	0.329199 0.678270  0.699818
1.02125203	701	0.322496 0.679707  0.695748
1.02627599	699	0.325848 0.667497  0.691678
##inga 
#ido(sec)  szog(ADC)     ax(g)    ay(g)   az(g)
1.03184401	700	0.325608 0.675876  0.691438
1.03707599	701	0.324411 0.677073  0.691917
1.04229998	700	0.322256 0.673722  0.685214
1.04743599	701	0.319144 0.674200  0.688087
1.05248796	701	0.326326 0.673243  0.692636
1.05754804	701	0.323693 0.669412  0.693114
1.06258797	701	0.328960 0.673722  0.684735
1.06761205	701	0.323453 0.676595  0.696945
1.07264804	701	0.322975 0.673243  0.691917
1.07768404	698	0.325369 0.668694  0.691199
1.08272397	701	0.317947 0.669651  0.693354
1.08775997	701	0.318904 0.673003  0.689523
1.09279596	699	0.320820 0.675876  0.693354
1.09781206	700	0.324411 0.676116  0.691438
1.10285198	701	0.322256 0.674440  0.700536
1.10790002	700	0.329439 0.670130  0.690481
1.11293196	700	0.325608 0.676595  0.689284
1.11798799	701	0.322975 0.674679  0.701733
1.12304794	701	0.322735 0.675637  0.688565
1.12807595	701	0.322496 0.678989  0.687847
1.13310003	700	0.330397 0.670130  0.689284
1.13811194	700	0.323932 0.673482  0.677073
1.14313995	700	0.328481 0.677073  0.700536
1.14816403	701	0.329918 0.679468  0.689763
1.15321195	701	0.332312 0.675637  0.689523
1.15825605	699	0.327045 0.678031  0.693833
1.16330397	698	0.319144 0.676355  0.695030
1.16833996	701	0.323932 0.676834  0.695509
1.17340004	701	0.325369 0.677552  0.687368
1.17844796	700	0.324411 0.679228  0.688805
1.18350005	700	0.325129 0.671088  0.696227
1.18853998	701	0.328242 0.672764  0.688326
1.19358801	700	0.323693 0.677073  0.681143
1.19861995	700	0.327284 0.670609  0.691917
1.20366001	698	0.326326 0.678270  0.682341
1.20869195	700	0.328721 0.680425  0.687608
1.21373200	701	0.327284 0.679468  0.687368
1.21878004	700	0.330157 0.678510  0.691678
1.22380805	701	0.329439 0.677552  0.696706
1.22883999	699	0.326326 0.678749  0.696706
1.23388803	701	0.321059 0.673961  0.691917
1.23892402	700	0.324411 0.676355  0.694311
1.24397599	699	0.322496 0.670849  0.690960
1.24901998	701	0.325848 0.678031  0.685932
1.25407600	698	0.326087 0.676595  0.683298
1.25909996	700	0.323453 0.673243  0.692636
1.26414000	698	0.324411 0.674200  0.692396
1.26914799	700	0.321059 0.671567  0.696227
1.27418005	700	0.327045 0.673482  0.692636
1.27920401	699	0.323932 0.667736  0.694790
1.28424000	701	0.327045 0.677073  0.699579
1.28927600	700	0.322975 0.673003  0.689044
1.29430794	701	0.324890 0.670609  0.685214
1.29934000	698	0.320341 0.672524  0.692157
1.30436801	699	0.325129 0.680186  0.694072
1.30941998	700	0.322735 0.671088  0.688326
1.31445205	701	0.323932 0.671327  0.687608
1.31949198	698	0.320102 0.670370  0.691678
1.32449996	701	0.325848 0.675397  0.683298
1.32953596	699	0.325608 0.672285  0.689044
1.33456003	698	0.324411 0.673722  0.697184
1.33960402	700	0.325369 0.679707  0.697184
1.34465205	701	0.329678 0.681622  0.701733
1.34968805	701	0.325369 0.677073  0.690241
1.35473597	701	0.328002 0.682580  0.690481
1.35976397	700	0.325369 0.677073  0.692396
1.36481595	698	0.331115 0.676834  0.697424
1.36988401	701	0.324411 0.678989  0.688326
1.37495195	701	0.326326 0.682819  0.686411
1.38000404	700	0.323453 0.672764  0.701973
1.38502799	701	0.327523 0.674919  0.684735
1.39006400	701	0.321538 0.676355  0.692875
1.39509201	701	0.327523 0.680186  0.692875
1.40011596	699	0.322256 0.680425  0.688805
1.40514802	700	0.326087 0.677313  0.690241
1.41017999	700	0.323214 0.667257  0.683298
1.41522002	701	0.325608 0.674679  0.695269
1.42026400	701	0.327523 0.667975  0.697184
1.42531595	700	0.325369 0.673003  0.702930
1.43035197	701	0.324411 0.677073  0.697424
1.43540391	701	0.329199 0.673003  0.687847
1.44043598	701	0.329199 0.677552  0.687129
1.44547200	700	0.330157 0.671806  0.695509
1.45050001	701	0.327763 0.673722  0.684016
1.45553197	700	0.326805 0.670370  0.706522
1.46054401	699	0.321059 0.673961  0.693833
1.46556797	698	0.324172 0.669173  0.689523
1.47061204	700	0.332072 0.672046  0.691438
1.47564401	699	0.326805 0.676834  0.690960
1.48068404	698	0.322256 0.674919  0.690002
1.48574399	701	0.327284 0.670849  0.695269
1.49078798	698	0.328960 0.676595  0.692396
1.49583601	700	0.321538 0.677792  0.695030
1.50089206	698	0.330636 0.675158  0.695748
1.50591602	698	0.319862 0.676834  0.684495
1.51094398	701	0.322735 0.673961  0.688805
1.51598000	699	0.323932 0.677552  0.686650
1.52099599	700	0.323932 0.672764  0.689044
1.52602806	700	0.326805 0.677792  0.690002
1.53105998	701	0.322256 0.676834  0.694551
1.53609204	701	0.329199 0.678510  0.688087
##inga 
#ido(sec)  szog(ADC)     ax(g)    ay(g)   az(g)
1.54165992	698	0.327284 0.676355  0.680904
1.54690003	700	0.324172 0.679468  0.691438
1.55212402	700	0.328721 0.676834  0.684016
1.55727601	701	0.324650 0.679707  0.690241
1.56230792	700	0.324172 0.681622  0.698860
1.56733999	701	0.319862 0.671806  0.698142
1.57237195	698	0.319144 0.674200  0.691678
1.57738804	700	0.324411 0.672764  0.693593
1.58241996	701	0.327523 0.674440  0.694790
1.58744392	701	0.322975 0.674919  0.695748
1.59249200	700	0.328481 0.675158  0.689763
1.59751996	701	0.322256 0.675158  0.676116
1.60257196	701	0.326087 0.670130  0.684016
1.60760402	701	0.322496 0.673961  0.684974
1.61264395	700	0.322017 0.672285  0.687608
1.61769199	701	0.324411 0.675158  0.683777
1.62274799	701	0.325848 0.669891  0.682819
1.62779607	699	0.325608 0.677552  0.691438
1.63282003	701	0.322256 0.672046  0.689044
1.63784799	700	0.321059 0.678270  0.686650
1.64286804	701	0.323453 0.673722  0.695509
1.64791593	701	0.323453 0.678270  0.690960
1.65294399	699	0.322496 0.676834  0.685692
1.65798797	701	0.324172 0.669891  0.684974
1.66303596	700	0.331115 0.675158  0.687129
1.66809201	701	0.325369 0.673722  0.689284
1.67313194	700	0.318186 0.676595  0.687608
1.67817997	700	0.324890 0.678510  0.691917
1.68322000	701	0.323932 0.678510  0.689763
1.68825998	700	0.321538 0.677552  0.686890
1.69329204	698	0.326087 0.673961  0.685214
1.69832396	701	0.326805 0.673482  0.675876
1.70334806	700	0.329199 0.670609  0.689044
1.70837202	701	0.326087 0.678270  0.691678
1.71338796	700	0.323932 0.674440  0.687368
1.71842002	701	0.328002 0.677073  0.699579
1.72344803	701	0.323693 0.678510  0.694311
1.72847604	700	0.328481 0.676355  0.695509
1.73351597	700	0.322256 0.681383  0.694311
1.73855600	698	0.327284 0.679946  0.699818
1.74360394	698	0.329199 0.681383  0.686171
1.74865198	701	0.330636 0.680665  0.694790
1.75367999	701	0.326805 0.680665  0.689763
1.75871601	701	0.320341 0.673722  0.686650
1.76374807	700	0.316750 0.676116  0.687129
1.76877999	698	0.321538 0.679707  0.691438
1.77381205	698	0.323693 0.672285  0.691199
1.77885999	699	0.326326 0.670370  0.693114
1.78388404	698	0.322735 0.676834  0.703649
1.78893604	701	0.326566 0.675876  0.690241
1.79398002	700	0.320580 0.670130  0.693354
1.79900798	699	0.328242 0.670609  0.692875
1.80405998	700	0.327284 0.672524  0.696706
1.80910005	700	0.320580 0.672764  0.697903
1.81412401	701	0.322975 0.674200  0.696945
1.81914796	702	0.327284 0.670370  0.690241
1.82416000	698	0.320580 0.675158  0.685214
1.82917203	700	0.327763 0.670609  0.692396
1.83420391	700	0.326566 0.671567  0.687608
1.83924789	700	0.324172 0.675397  0.694072
1.84430398	701	0.321299 0.672285  0.681143
1.84934797	701	0.322975 0.675637  0.701973
1.85439596	700	0.325608 0.672524  0.688805
1.85942802	701	0.326566 0.675876  0.684016
1.86448392	701	0.332072 0.676116  0.686171
1.86951599	700	0.324890 0.678031  0.689763
1.87455596	701	0.325848 0.677792  0.692875
1.87959594	700	0.325608 0.672764  0.687608
1.88462400	701	0.324172 0.675158  0.700776
1.88965597	701	0.323453 0.671567  0.686890
1.89469194	701	0.327763 0.672764  0.694311
1.89973201	698	0.321777 0.669651  0.691678
1.90477600	701	0.325608 0.681383  0.697663
1.90981597	701	0.328242 0.678031  0.687129
1.91485204	699	0.329439 0.675397  0.687608
1.91989994	698	0.324172 0.677073  0.691199
1.92496004	699	0.326087 0.680186  0.683298
1.93000402	699	0.328481 0.675397  0.697184
1.93504800	700	0.320341 0.673482  0.685932
1.94007196	698	0.323932 0.673961  0.685214
1.94510803	701	0.326566 0.675397  0.696227
1.95014400	701	0.321538 0.677792  0.690241
1.95517196	700	0.321059 0.673482  0.690241
1.96019601	700	0.323932 0.673003  0.693833
1.96523590	701	0.327284 0.670370  0.689763
1.97026805	701	0.322496 0.677792  0.684016
1.97532405	701	0.325608 0.670370  0.690960
1.98034801	701	0.320820 0.670609  0.693833
1.98539600	701	0.322975 0.678031  0.697184
1.99045600	701	0.320580 0.673003  0.690241
1.99548397	698	0.329199 0.672046  0.689284
2.00052404	701	0.323214 0.672524  0.689044
2.00555610	700	0.323693 0.676595  0.687368
2.01059603	701	0.325129 0.675158  0.690241
2.01563191	700	0.323932 0.677073  0.688326
2.02065992	701	0.322735 0.676116  0.695748
2.02569198	699	0.331833 0.677073  0.690960
2.03072404	699	0.323693 0.671806  0.688326
2.03577208	701	0.329199 0.676834  0.693833
2.04080796	700	0.323932 0.675876  0.684256
2.04586005	698	0.329439 0.680425  0.684974
##inga 
#ido(sec)  szog(ADC)     ax(g)    ay(g)   az(g)
2.05144000	701	0.322017 0.674679  0.685932
2.05666804	701	0.333270 0.678989  0.692157
2.06189608	701	0.325129 0.677313  0.694551
2.06701993	698	0.324650 0.677313  0.688326
2.07204389	701	0.325129 0.679468  0.687368
2.07708406	700	0.323453 0.675397  0.681862
2.08211994	701	0.335903 0.675158  0.695030
2.08714795	698	0.326087 0.676834  0.676834
2.09218788	701	0.327284 0.679707  0.696945
2.09722805	701	0.329199 0.677792  0.694790
2.10226798	698	0.331115 0.680186  0.689523
2.10732388	700	0.325848 0.676595  0.688326
2.11238002	701	0.322975 0.673482  0.697424
2.11743593	701	0.326805 0.672285  0.684735
2.12248396	699	0.328960 0.679707  0.690241
2.12751197	698	0.322735 0.677792  0.691678
2.13254809	701	0.325848 0.675397  0.689763
2.13757991	699	0.327523 0.674679  0.689763
2.14261198	701	0.318904 0.677073  0.692157
2.14763593	701	0.319862 0.673003  0.689523
2.15265989	699	0.325608 0.674200  0.689523
2.15769600	700	0.328721 0.674679  0.692396
2.16274809	701	0.327284 0.677313  0.696945
2.16778802	701	0.329199 0.677073  0.693593
2.17283201	701	0.324650 0.673722  0.690002
2.17788410	700	0.323214 0.675158  0.694072
2.18293190	701	0.322975 0.670609  0.684735
2.18797993	699	0.320341 0.670370  0.701733
2.19300794	701	0.327284 0.674200  0.686171
2.19802808	701	0.323214 0.678510  0.692396
2.20306396	700	0.331354 0.671327  0.689044
2.20810008	701	0.322496 0.673961  0.703649
2.21312403	701	0.323453 0.677313  0.691678
2.21816396	700	0.326326 0.671088  0.690960
2.22318005	700	0.324172 0.676116  0.686411
2.22821211	700	0.324411 0.670370  0.681143
2.23325204	698	0.324411 0.673003  0.682580
2.23829603	698	0.323932 0.677792  0.698860
2.24334001	701	0.320580 0.676834  0.696227
2.24837589	698	0.323214 0.675158  0.689523
2.25342798	701	0.324890 0.674440  0.687129
2.25844407	698	0.326326 0.673961  0.693833
2.26348805	701	0.324172 0.676595  0.694790
2.26851606	701	0.324411 0.677792  0.689763
2.27355599	701	0.326326 0.675876  0.690960
2.27857995	700	0.325369 0.676355  0.692875
2.28361606	701	0.329439 0.673243  0.690002
2.28866004	700	0.320820 0.680665  0.690481
2.29369997	700	0.322735 0.673482  0.684735
2.29874801	701	0.322735 0.675158  0.689523
2.30381608	701	0.325608 0.681143  0.688087
2.30886006	698	0.322735 0.674200  0.692396
2.31390810	701	0.326087 0.673961  0.695748
2.31893205	700	0.323693 0.680186  0.698142
2.32395601	701	0.324890 0.675397  0.690002
2.32897996	701	0.319862 0.672285  0.695987
2.33401203	701	0.326087 0.677313  0.690241
2.33904790	701	0.322735 0.670370  0.692875
2.34407997	700	0.315313 0.671806  0.692875
2.34912395	699	0.323932 0.677073  0.685692
2.35416388	700	0.332072 0.676116  0.686650
2.35919594	700	0.322975 0.670609  0.691678
2.36425590	698	0.323453 0.670849  0.690481
2.36929988	700	0.320102 0.677313  0.687129
2.37433195	701	0.328242 0.674440  0.696466
2.37936401	701	0.328960 0.669891  0.689523
2.38438796	701	0.322256 0.678031  0.692396
2.38942003	700	0.328002 0.672046  0.689044
2.39443588	701	0.323693 0.677792  0.694072
2.39948010	701	0.325369 0.673961  0.691199
2.40451192	699	0.324411 0.674919  0.684735
2.40954804	701	0.320820 0.674440  0.689044
2.41458010	699	0.326326 0.674679  0.689044
2.41962003	701	0.322496 0.676116  0.691678
2.42465996	701	0.325608 0.676355  0.681383
2.42969202	701	0.323932 0.674200  0.689284
2.43473196	701	0.326326 0.673722  0.689044
2.43976807	701	0.324411 0.678510  0.691199
2.44479203	701	0.328721 0.683538  0.690481
2.44982790	700	0.324650 0.677313  0.689523
2.45485210	701	0.330397 0.683298  0.692157
2.45988392	701	0.320341 0.677792  0.687608
2.46492004	700	0.328721 0.671806  0.691917
2.46996402	701	0.322256 0.676595  0.690002
2.47501206	698	0.326805 0.680425  0.697663
2.48004794	701	0.326087 0.677073  0.688565
2.48509192	701	0.324890 0.678031  0.686411
2.49013209	700	0.325848 0.675637  0.702691
2.49516391	701	0.329918 0.676595  0.682580
2.50020003	700	0.321538 0.671327  0.687847
2.50522804	700	0.326326 0.677073  0.683059
2.51025199	701	0.324411 0.673003  0.690002
2.51528406	700	0.327284 0.670370  0.686171
2.52031993	701	0.326566 0.671327  0.691678
2.52536392	702	0.323932 0.673243  0.695748
2.53039598	701	0.324650 0.668215  0.695269
2.53542804	698	0.318904 0.671088  0.695269
2.54047203	701	0.324890 0.670849  0.691917
2.54550409	701	0.323932 0.671567  0.698142
2.55054807	698	0.327284 0.666539  0.694551
2.55559611	700	0.328242 0.672046  0.685214
##inga 
#ido(sec)  szog(ADC)     ax(g)    ay(g)   az(g)
2.56118011	700	0.321299 0.675637  0.692396
2.56643199	701	0.326566 0.674919  0.688326
2.57167196	698	0.322496 0.668694  0.697424
2.57680392	699	0.329678 0.670609  0.691917
2.58183598	701	0.322256 0.677552  0.704606
2.58687996	699	0.324890 0.676834  0.692875
2.59191203	700	0.324411 0.675637  0.691438
2.59695601	699	0.326805 0.679228  0.694790
2.60199594	698	0.324650 0.678031  0.692875
2.60703611	701	0.325848 0.673722  0.691438
2.61208391	701	0.326566 0.673003  0.691438
2.61713194	698	0.330157 0.676595  0.685453
2.62219595	698	0.323214 0.669651  0.688805
2.62724399	700	0.330875 0.675637  0.694311
2.63226795	699	0.322256 0.673243  0.686411
2.63730001	698	0.328481 0.670130  0.688565
2.64232397	701	0.320580 0.676355  0.695748
2.64734411	701	0.321538 0.673722  0.689763
2.65237998	701	0.324411 0.676355  0.694790
2.65741610	698	0.326566 0.675637  0.693114
2.66245603	701	0.326566 0.682580  0.687368
2.66750001	701	0.326326 0.675158  0.696706
2.67253994	701	0.328960 0.675158  0.684016
2.67759203	701	0.325369 0.676355  0.693354
2.68266010	701	0.328481 0.669891  0.689763
2.68772411	701	0.330157 0.674200  0.693833
2.69274806	701	0.328721 0.678270  0.695269
2.69777202	701	0.322256 0.674200  0.690481
2.70278406	701	0.320820 0.678270  0.690960
2.70779609	700	0.320580 0.671806  0.692875
2.71281194	701	0.324411 0.672285  0.692875
2.71784806	700	0.322017 0.673243  0.686890
2.72288799	701	0.329918 0.671088  0.699579
2.72793197	701	0.323453 0.671088  0.686171
2.73296403	700	0.328242 0.670609  0.696945
2.73801994	700	0.316989 0.677792  0.688805
2.74307990	699	0.324890 0.674200  0.683777
2.74810791	700	0.322496 0.680665  0.686650
2.75313997	701	0.319862 0.674679  0.692636
2.75817608	701	0.323693 0.671088  0.698142
2.76320409	700	0.322017 0.676116  0.696227
2.76823592	701	0.325848 0.673243  0.689044
2.77326798	701	0.332072 0.671327  0.691438
2.77830004	698	0.318426 0.672285  0.692157
2.78333997	700	0.325369 0.674440  0.690241
2.78837609	700	0.327523 0.676834  0.686650
2.79342389	698	0.321777 0.675397  0.684735
2.79846811	699	0.326805 0.676116  0.688805
2.80349998	701	0.323453 0.674440  0.688805
2.80854797	701	0.322496 0.676355  0.691678
2.81357593	701	0.332551 0.677792  0.689523
2.81859989	701	0.332312 0.679228  0.683298
2.82363605	701	0.327763 0.680904  0.684735
2.82866811	701	0.327523 0.675397  0.692157
2.83369998	700	0.321538 0.684735  0.689044
2.83873195	701	0.327763 0.676834  0.677313
2.84376411	699	0.326087 0.674679  0.697903
2.84879989	701	0.324890 0.678270  0.697184
2.85384387	698	0.325369 0.678989  0.691917
2.85889196	700	0.328002 0.677792  0.698142
2.86394405	698	0.330157 0.674200  0.690481
2.86898803	701	0.322496 0.675397  0.691917
2.87403602	701	0.327763 0.676595  0.683298
2.87907600	700	0.325369 0.675397  0.690960
2.88409595	700	0.326087 0.676116  0.688087
2.88912391	699	0.319862 0.672764  0.692636
2.89416007	701	0.326087 0.676834  0.701973
2.89919996	701	0.320820 0.673722  0.678989
2.90423202	701	0.325848 0.672046  0.690241
2.90925598	700	0.320341 0.675637  0.684016
2.91429214	701	0.326326 0.670849  0.692396
2.91933994	701	0.325129 0.675637  0.694311
2.92438011	700	0.328960 0.679946  0.691199
2.92942810	698	0.322017 0.674919  0.691199
2.93446807	700	0.324890 0.675158  0.687129
2.93950004	700	0.322017 0.675876  0.700776
2.94453191	700	0.328002 0.672524  0.698381
2.94954795	701	0.324890 0.669173  0.693593
2.95458011	700	0.320820 0.671567  0.691917
2.95960407	698	0.325369 0.671567  0.691438
2.96465206	701	0.324650 0.675637  0.692636
2.96968383	698	0.328960 0.672285  0.696227
2.97472400	700	0.326087 0.673722  0.686171
2.97976398	700	0.326087 0.672046  0.682101
2.98480396	701	0.326805 0.679468  0.690960
2.98984413	701	0.322975 0.677313  0.684256
2.99488401	701	0.327284 0.674440  0.688087
2.99992389	698	0.326326 0.668933  0.689284
3.00496006	700	0.323932 0.674440  0.693354
3.00998401	701	0.332312 0.669891  0.694790
3.01501202	698	0.322017 0.679468  0.683298
3.02004408	700	0.323214 0.678989  0.685692
3.02509593	700	0.324650 0.677313  0.697663
3.03013992	699	0.328242 0.674440  0.697663
3.03517603	700	0.327763 0.677313  0.689763
3.04022002	701	0.327284 0.671088  0.689044
3.04525995	698	0.323453 0.673722  0.689523
3.05031991	700	0.324411 0.667257  0.693593
3.05537199	701	0.324172 0.670609  0.688326
3.06042790	700	0.322496 0.672285  0.686890
3.06545209	701	0.324650 0.679228  0.695509
##inga 
#ido(sec)  szog(ADC)     ax(g)    ay(g)   az(g)
3.07101988	701	0.325369 0.674679  0.690241
3.07625603	701	0.322017 0.676116  0.694072
3.08148002	701	0.322975 0.674200  0.693593
3.08659195	700	0.326326 0.678270  0.698142
3.09161591	700	0.325608 0.669651  0.689523
3.09664392	701	0.318186 0.675637  0.691438
3.10170006	700	0.320820 0.674919  0.686411
3.10673189	698	0.320820 0.674200  0.688565
3.11176395	700	0.326805 0.674200  0.692157
3.11680388	701	0.324650 0.674919  0.692396
3.12184810	701	0.326087 0.677552  0.695030
3.12685990	699	0.322735 0.678031  0.692157
3.13189196	700	0.324411 0.667975  0.686171
3.13692808	701	0.319623 0.676355  0.691199
3.14196395	701	0.331594 0.677073  0.690720
3.14698791	699	0.328481 0.680425  0.692875
3.15203595	698	0.327045 0.671088  0.688565
3.15707588	700	0.331354 0.676355  0.690481
3.16212391	698	0.327045 0.680186  0.686171
3.16715598	700	0.325848 0.676834  0.691438
3.17220401	701	0.330397 0.681383  0.685692
3.17725205	701	0.322496 0.670370  0.684495
3.18230009	698	0.322735 0.678989  0.689523
3.18734407	701	0.322496 0.677313  0.691917
3.19237995	701	0.329678 0.671327  0.693833
3.19741201	699	0.327763 0.677073  0.696466
3.20244407	701	0.322735 0.678749  0.694551
3.20746803	701	0.323453 0.680904  0.693593
3.21251201	701	0.323214 0.673722  0.679228
3.21755599	698	0.327763 0.680904  0.694790
3.22260403	701	0.322735 0.674200  0.687608
3.22763609	701	0.322975 0.675158  0.692396
3.23268389	701	0.326805 0.670609  0.694551
3.23772811	701	0.327284 0.670609  0.684974
3.24278807	701	0.323214 0.671327  0.691917
3.24783611	702	0.323932 0.670370  0.691199
3.25286793	701	0.324411 0.671088  0.690481
3.25789189	701	0.322735 0.669651  0.688565
3.26292395	700	0.321777 0.677792  0.689284
3.26794791	701	0.327284 0.670370  0.691438
3.27296400	701	0.325369 0.671327  0.686890
3.27800011	701	0.321059 0.674200  0.695269
3.28302001	699	0.329918 0.673243  0.691199
3.28806805	698	0.324650 0.672046  0.685214
3.29310798	701	0.319623 0.667975  0.692396
3.29815602	701	0.324650 0.677792  0.687368
3.30320811	701	0.326326 0.675876  0.690002
3.30826807	701	0.328960 0.673243  0.704846
3.31330800	701	0.324890 0.682101  0.693593
3.31832408	701	0.322975 0.673482  0.690481
3.32335591	700	0.328242 0.675158  0.693114
3.32838797	700	0.323932 0.674919  0.697184
3.33342003	700	0.324172 0.675637  0.689044
3.33845996	701	0.327763 0.676355  0.685453
3.34350395	701	0.332551 0.679707  0.701255
3.34854793	701	0.322017 0.672046  0.686890
3.35359597	701	0.327284 0.684495  0.692875
3.35863590	698	0.324890 0.683777  0.687368
3.36367988	701	0.322735 0.681143  0.690720
3.36871600	698	0.327763 0.677552  0.691678
3.37374806	698	0.323932 0.677552  0.687129
3.37879610	701	0.326326 0.666539  0.691917
3.38382005	701	0.325848 0.674440  0.693593
3.38883996	701	0.327763 0.674440  0.693354
3.39385604	698	0.319623 0.680665  0.683538
3.39890003	700	0.330636 0.677792  0.691917
3.40393209	698	0.335185 0.675158  0.690481
3.40895605	700	0.324650 0.668694  0.692157
3.41399598	700	0.328481 0.672285  0.689044
3.41903591	701	0.319623 0.674200  0.687608
3.42407989	701	0.320580 0.671327  0.695509
3.42911601	698	0.324890 0.674919  0.683298
3.43415188	700	0.326087 0.673722  0.685214
3.43917608	698	0.328481 0.675637  0.685453
3.44421195	701	0.323932 0.676834  0.691678
3.44924402	701	0.323932 0.674679  0.686411
3.45428395	701	0.320102 0.678270  0.693354
3.45930790	701	0.322256 0.673003  0.689044
3.46433591	698	0.326326 0.673243  0.694790
3.46936798	701	0.322975 0.670849  0.691917
3.47441196	701	0.327284 0.676355  0.690960
3.47945594	700	0.327523 0.673243  0.683777
3.48450398	701	0.325608 0.682101  0.696706
3.48954796	700	0.325129 0.672524  0.682819
3.49458003	701	0.331115 0.677313  0.690241
3.49960803	700	0.323932 0.670130  0.698142
3.50463199	699	0.332551 0.674919  0.687368
3.50966811	699	0.319383 0.676116  0.685214
3.51470804	700	0.333270 0.676834  0.698142
3.51973199	701	0.321059 0.679707  0.692875
3.52476000	701	0.324650 0.678270  0.692875
3.52979207	698	0.324411 0.673722  0.688805
3.53483605	701	0.324411 0.680425  0.693354
3.53988409	698	0.327284 0.673722  0.684016
3.54493188	700	0.323932 0.676355  0.701255
3.54996800	701	0.323214 0.675876  0.684016
3.55501198	700	0.334227 0.684016  0.687129
3.56005191	698	0.327284 0.674679  0.693833
3.56508803	701	0.326566 0.673482  0.682819
3.57012391	701	0.324411 0.668454  0.686411
3.57516407	700	0.325608 0.672524  0.695030
##inga 
#ido(sec)  szog(ADC)     ax(g)    ay(g)   az(g)
3.58073210	701	0.328242 0.675637  0.684735
3.58597207	701	0.324890 0.672524  0.697424
3.59119200	700	0.321777 0.674440  0.684974
3.59633588	699	0.321777 0.678749  0.691199
3.60138797	700	0.324650 0.679468  0.693354
3.60642790	701	0.327763 0.674679  0.692157
3.61147189	701	0.325369 0.676595  0.683059
3.61653208	700	0.324172 0.676355  0.696945
3.62157988	700	0.327523 0.674440  0.684016
3.62662005	701	0.322975 0.671088  0.690960
3.63164806	701	0.323693 0.673722  0.689044
3.63668394	701	0.325369 0.675158  0.700776
3.64171600	701	0.334706 0.675637  0.704846
3.64674806	698	0.325848 0.677073  0.689044
3.65178394	701	0.327284 0.669891  0.682819
3.65681600	700	0.325129 0.673243  0.695509
3.66184401	700	0.322496 0.677313  0.691917
3.66688394	700	0.323932 0.672524  0.694311
3.67192411	701	0.321059 0.668933  0.691438
3.67698407	701	0.323453 0.671327  0.692636
3.68203592	700	0.329199 0.673003  0.678031
3.68707609	701	0.329918 0.670609  0.701255
3.69212007	701	0.329439 0.675876  0.693593
3.69714403	701	0.319144 0.676355  0.690960
3.70217990	700	0.324650 0.681622  0.693833
3.70720410	701	0.326326 0.673722  0.685214
3.71223592	698	0.328002 0.672524  0.687608
3.71725988	701	0.324890 0.677313  0.693354
3.72228002	699	0.330875 0.677073  0.691438
3.72731590	701	0.328721 0.675876  0.689763
3.73236799	701	0.328242 0.677073  0.698621
3.73741602	701	0.324890 0.676355  0.684735
3.74245190	701	0.330397 0.681622  0.695748
3.74747991	700	0.321299 0.682580  0.694790
3.75251603	701	0.321299 0.677073  0.683777
3.75754809	700	0.321538 0.669412  0.689284
3.76257991	701	0.330636 0.675876  0.698621
3.76759600	700	0.328242 0.675158  0.690241
3.77262806	699	0.322017 0.679468  0.689044
3.77765607	701	0.321299 0.666060  0.685214
3.78268790	701	0.323453 0.671088  0.694072
3.78773188	701	0.319383 0.669651  0.690002
3.79277205	698	0.327284 0.677792  0.696466
3.79784011	700	0.324411 0.677313  0.695509
3.80288791	699	0.323453 0.678749  0.692875
3.80794000	700	0.325369 0.677073  0.697424
3.81297206	701	0.320580 0.672524  0.698621
3.81799602	701	0.328242 0.671327  0.690960
3.82302398	698	0.323693 0.672764  0.694551
3.82806396	698	0.321059 0.673243  0.699100
3.83309192	700	0.327045 0.678270  0.695269
3.83812408	701	0.327763 0.675397  0.698860
3.84315605	701	0.325848 0.673722  0.691199
3.84820384	698	0.329678 0.677073  0.691438
3.85324401	701	0.328721 0.672046  0.690960
3.85827999	701	0.329678 0.671567  0.699818
3.86332397	701	0.330397 0.672524  0.695509
3.86836795	701	0.327763 0.680186  0.690960
3.87341194	698	0.322496 0.675158  0.688326
3.87844390	699	0.328242 0.677073  0.695269
3.88346786	701	0.332072 0.676355  0.683298
3.88850002	698	0.324650 0.680904  0.695987
3.89352397	701	0.325608 0.680665  0.696227
3.89856414	700	0.321538 0.680186  0.690720
3.90360403	699	0.326087 0.678270  0.693354
3.90863990	701	0.326566 0.678270  0.687368
3.91369199	700	0.325608 0.673243  0.695509
3.91873188	701	0.322256 0.677073  0.689523
3.92379188	701	0.324411 0.683538  0.695987
3.92885208	699	0.321538 0.674440  0.686650
3.93389205	700	0.333270 0.675397  0.685932
3.93892784	701	0.329439 0.673722  0.692396
3.94396400	698	0.324650 0.673961  0.686890
3.94898014	701	0.321538 0.675397  0.703649
3.95400409	698	0.317707 0.671567  0.680904
3.95902805	701	0.328242 0.675637  0.690960
3.96406383	701	0.328242 0.669891  0.693354
3.96909999	701	0.323453 0.671806  0.689523
3.97415590	701	0.330636 0.681383  0.695269
3.97919607	701	0.325848 0.673961  0.687608
3.98423595	701	0.326087 0.677792  0.688805
3.98927593	700	0.322256 0.677792  0.689763
3.99433212	700	0.317947 0.680425  0.687129
3.99937200	700	0.324890 0.676355  0.688087
4.00439596	698	0.324411 0.665581  0.697903
4.00943613	701	0.321059 0.668694  0.691917
4.01446008	700	0.326566 0.676116  0.693354
4.01949596	700	0.328960 0.667497  0.686890
4.02453184	700	0.328481 0.676355  0.686171
4.02957201	701	0.319144 0.673722  0.690481
4.03460788	701	0.325848 0.677552  0.692396
4.03965187	700	0.319144 0.675397  0.689523
4.04470777	701	0.331115 0.679228  0.691438
4.04977178	702	0.322975 0.673722  0.693114
4.05482006	699	0.327763 0.678749  0.692636
4.05988407	700	0.325848 0.673722  0.687129
4.06492376	699	0.325608 0.678749  0.685214
4.06994819	700	0.321059 0.674200  0.683777
4.07495594	701	0.323693 0.683059  0.693354
4.07999610	700	0.325369 0.677792  0.687847
4.08502006	701	0.327284 0.684735  0.684735
##inga 
#ido(sec)  szog(ADC)     ax(g)    ay(g)   az(g)
4.09059619	701	0.320820 0.677552  0.688087
4.09582376	701	0.323932 0.681383  0.692875
4.10105180	700	0.328721 0.674200  0.691917
4.10618400	701	0.327523 0.675637  0.695269
4.11122798	698	0.331354 0.674679  0.694790
4.11628818	698	0.330875 0.680665  0.695269
4.12133979	701	0.333030 0.671327  0.686890
4.12636423	699	0.327045 0.674440  0.684735
4.13138818	698	0.324411 0.677792  0.690241
4.13641214	699	0.325369 0.671567  0.699818
4.14144420	699	0.326326 0.681383  0.697903
4.14647197	701	0.319623 0.680186  0.693354
4.15149593	700	0.323932 0.673722  0.691917
4.15652799	700	0.323214 0.674919  0.683298
4.16158008	700	0.325129 0.672524  0.700057
4.16661977	700	0.321538 0.673722  0.689044
4.17165184	701	0.325608 0.673961  0.699579
4.17669582	700	0.328002 0.673961  0.692875
4.18173599	700	0.320580 0.675637  0.682819
4.18675613	700	0.326566 0.678749  0.697184
4.19178390	701	0.322975 0.674679  0.692157
4.19681978	699	0.321299 0.675397  0.691917
4.20184421	701	0.326805 0.675158  0.694551
4.20687580	701	0.332312 0.673003  0.690960
4.21190786	701	0.323932 0.679946  0.694790
4.21694421	698	0.326566 0.676355  0.689284
4.22199201	699	0.328721 0.675637  0.695509
4.22703981	701	0.322975 0.671567  0.688087
4.23208379	701	0.325848 0.673003  0.698381
4.23714399	701	0.322256 0.679707  0.686171
4.24219608	701	0.329199 0.679707  0.698381
4.24723196	701	0.321777 0.673003  0.691438
4.25226783	701	0.325369 0.676355  0.690720
4.25729179	700	0.328242 0.671567  0.699339
4.26232385	701	0.326326 0.677552  0.690241
4.26734781	700	0.328242 0.676834  0.695748
4.27237176	701	0.327284 0.673482  0.692875
4.27740812	701	0.325848 0.673722  0.695748
4.28244018	701	0.324172 0.679946  0.682819
4.28749179	701	0.332791 0.676116  0.687129
4.29254817	701	0.328481 0.678270  0.691678
4.29758787	700	0.320580 0.673482  0.698142
4.30262804	698	0.319623 0.676595  0.693354
4.30769205	698	0.326326 0.671806  0.694311
4.31273221	699	0.331594 0.673482  0.683298
4.31776380	701	0.325369 0.678510  0.695509
4.32280397	701	0.334945 0.678270  0.690720
4.32782793	699	0.323453 0.681383  0.693833
4.33285999	701	0.325129 0.675158  0.685214
4.33790016	700	0.325608 0.671806  0.686411
4.34291982	701	0.325129 0.674919  0.685692
4.34796380	701	0.322017 0.671088  0.693833
4.35299587	701	0.331833 0.674679  0.691199
4.35805177	700	0.329918 0.672046  0.691917
4.36309623	701	0.323693 0.666060  0.694551
4.36813592	701	0.322975 0.670609  0.690241
4.37317609	700	0.331115 0.672524  0.685692
4.37822389	701	0.328002 0.671567  0.692875
4.38325214	700	0.323932 0.676116  0.688087
4.38828802	701	0.321538 0.670849  0.697663
4.39332389	698	0.323214 0.669173  0.698621
4.39835596	698	0.321059 0.676834  0.690481
4.40337991	701	0.321059 0.672285  0.689523
4.40841197	701	0.327045 0.675158  0.691678
4.41345977	700	0.326087 0.675876  0.683777
4.41849994	701	0.324172 0.679468  0.687368
4.42355585	701	0.326087 0.675637  0.691678
4.42860412	699	0.325608 0.677313  0.694072
4.43363618	700	0.326805 0.673961  0.688805
4.43866014	701	0.325608 0.678031  0.686171
4.44368410	701	0.329439 0.676355  0.686890
4.44870376	698	0.324650 0.676355  0.690720
4.45372819	699	0.331115 0.675397  0.691917
4.45876789	700	0.324411 0.677552  0.684974
4.46381187	699	0.322975 0.678510  0.693114
4.46883201	700	0.324411 0.679468  0.689523
4.47388410	701	0.327763 0.674919  0.691678
4.47894001	700	0.326326 0.679228  0.690002
4.48398399	700	0.329678 0.675637  0.690960
4.48901987	701	0.323214 0.673243  0.688087
4.49406814	698	0.322735 0.677073  0.695269
4.49911594	701	0.323453 0.675158  0.689044
4.50417184	700	0.325369 0.675637  0.692157
4.50921583	701	0.328242 0.680186  0.691917
4.51425218	700	0.327763 0.676355  0.693593
4.51928377	701	0.322256 0.674440  0.691917
4.52430820	700	0.324411 0.672285  0.683538
4.52934789	700	0.329918 0.675397  0.700057
4.53439617	700	0.322735 0.677073  0.684974
4.53944396	701	0.321538 0.676834  0.684735
4.54450416	700	0.323453 0.672524  0.695509
4.54954004	701	0.324890 0.673243  0.694311
4.55457592	701	0.324411 0.677073  0.694311
4.55961990	701	0.323693 0.677552  0.693354
4.56465196	700	0.323932 0.679946  0.689763
4.56969976	698	0.319144 0.674440  0.688087
4.57473182	700	0.325608 0.677073  0.683777
4.57974815	700	0.324172 0.667975  0.689044
4.58478784	701	0.318186 0.674200  0.688087
4.58982419	701	0.321538 0.675637  0.695030
4.59485578	700	0.326087 0.675397  0.692875
##inga 
#ido(sec)  szog(ADC)     ax(g)    ay(g)   az(g)
4.60042381	701	0.326805 0.679468  0.693354
4.60566377	700	0.323214 0.677552  0.688087
4.61089181	700	0.316271 0.679228  0.689523
4.61605596	701	0.325369 0.678510  0.698381
4.62110805	699	0.330636 0.680425  0.687129
4.62614393	701	0.328481 0.679707  0.684016
4.63116788	701	0.320580 0.679707  0.694551
4.63617992	701	0.329678 0.681143  0.690720
4.64120388	701	0.329199 0.676116  0.692157
4.64624786	700	0.322735 0.678989  0.692396
4.65128421	701	0.327284 0.675637  0.682819
4.65632390	700	0.321777 0.679228  0.706522
4.66136407	700	0.325129 0.679468  0.686890
4.66641616	701	0.324890 0.671806  0.681622
4.67145204	700	0.322975 0.680425  0.701015
4.67649221	701	0.327284 0.674440  0.697903
4.68154382	698	0.326326 0.677792  0.695269
4.68660402	701	0.325608 0.675637  0.683777
4.69163608	701	0.332072 0.667018  0.693833
4.69667577	701	0.322256 0.670370  0.685932
4.70170783	699	0.321538 0.673243  0.686650
4.70673179	701	0.323932 0.677552  0.695748
4.71176385	701	0.325848 0.674440  0.689763
4.71678781	698	0.321538 0.675637  0.695748
4.72182416	701	0.326805 0.675397  0.691917
4.72685194	701	0.326326 0.673722  0.689284
4.73190021	701	0.325369 0.679946  0.690720
4.73693990	701	0.324411 0.677792  0.699818
4.74198818	701	0.326805 0.672524  0.694790
4.74702787	700	0.329199 0.665342  0.684974
4.75206804	700	0.320820 0.673722  0.690960
4.75708007	701	0.326805 0.676595  0.687129
4.76210403	701	0.326805 0.671806  0.696706
4.76713609	701	0.328002 0.676834  0.686171
4.77216386	699	0.322735 0.673243  0.694311
4.77719593	698	0.320580 0.679707  0.697184
4.78221607	701	0.333748 0.675158  0.688565
4.78727197	700	0.329199 0.671088  0.690720
4.79230022	701	0.327284 0.671806  0.684256
4.79734802	701	0.329199 0.678510  0.698142
4.80239200	698	0.326326 0.673961  0.685932
4.80743598	701	0.324172 0.673482  0.687129
4.81248378	701	0.332072 0.682580  0.688087
4.81752395	698	0.321059 0.676116  0.690002
4.82253599	700	0.325369 0.673243  0.684016
4.82755994	701	0.324411 0.673722  0.684495
4.83259582	701	0.322735 0.676116  0.690960
4.83763599	699	0.327523 0.677073  0.694072
4.84266805	700	0.330397 0.680186  0.689044
4.84769582	701	0.329439 0.677073  0.693833
4.85273981	700	0.324172 0.673243  0.694072
4.85777997	699	0.323453 0.678510  0.697663
4.86282777	701	0.327763 0.676355  0.690481
4.86788415	698	0.326805 0.675158  0.685692
4.87290811	698	0.327284 0.678510  0.692396
4.87793207	700	0.329918 0.674679  0.686650
4.88295602	698	0.322975 0.673243  0.690002
4.88797998	698	0.324172 0.673243  0.692636
4.89302396	698	0.325848 0.673722  0.693593
4.89805984	700	0.324411 0.669891  0.695269
4.90310001	698	0.330636 0.678270  0.687847
4.90812397	700	0.319623 0.670609  0.696706
4.91317987	700	0.324890 0.671567  0.685214
4.91820383	699	0.323932 0.673482  0.689284
4.92324018	702	0.320341 0.667975  0.695030
4.92828798	700	0.329199 0.673482  0.688087
4.93332386	701	0.329918 0.670130  0.687608
4.93836402	701	0.322975 0.667975  0.691917
4.94339609	700	0.324650 0.676355  0.687129
4.94842004	701	0.328002 0.671327  0.694072
4.95345211	700	0.326326 0.671806  0.687847
4.95847606	699	0.323453 0.677552  0.690481
4.96351623	698	0.326087 0.678031  0.690241
4.96855592	698	0.321059 0.673722  0.689523
4.97358798	700	0.329199 0.680425  0.681383
4.97862815	701	0.324650 0.675158  0.680665
4.98367595	700	0.324650 0.676116  0.689523
4.98871612	701	0.323453 0.668933  0.684974
4.99377584	701	0.327763 0.670849  0.690481
4.99881219	700	0.320341 0.678031  0.696466
5.00385189	699	0.329199 0.675637  0.690960
5.00887584	699	0.328002 0.673003  0.688326
5.01389980	701	0.320341 0.678270  0.688565
5.01891183	701	0.322735 0.675876  0.689044
5.02394819	699	0.322256 0.674919  0.700536
5.02897596	698	0.323453 0.672046  0.682580
5.03401184	700	0.325848 0.680186  0.687129
5.03906011	698	0.322975 0.673243  0.691199
5.04410791	701	0.329199 0.676595  0.702212
5.04916810	701	0.324650 0.675876  0.694072
5.05421209	700	0.326805 0.677073  0.693114
5.05925178	700	0.327523 0.673722  0.690002
5.06428384	701	0.327284 0.667257  0.692875
5.06932020	698	0.323453 0.670609  0.692875
5.07433605	698	0.325129 0.673482  0.690720
5.07936811	701	0.322975 0.667497  0.691438
5.08440399	698	0.332791 0.672764  0.691438
5.08945608	699	0.324411 0.678270  0.695269
5.09448385	701	0.328002 0.671806  0.695030
5.09950780	701	0.320102 0.673482  0.690241
5.10453987	700	0.326087 0.674440  0.705564
##inga 
#ido(sec)  szog(ADC)     ax(g)    ay(g)   az(g)
5.11010789	701	0.318426 0.680665  0.685692
5.11534786	701	0.323214 0.669412  0.694311
5.12060022	699	0.326087 0.674919  0.687368
5.12574005	699	0.327045 0.681622  0.697903
5.13077211	701	0.318426 0.671806  0.698621
5.13579607	698	0.327763 0.672285  0.689044
5.14083194	700	0.324890 0.672285  0.686171
5.14586019	701	0.325848 0.679228  0.703170
5.15089178	698	0.320820 0.672285  0.691438
5.15592384	700	0.326805 0.675876  0.690002
5.16095590	700	0.320820 0.671806  0.688805
5.16597986	700	0.326087 0.672524  0.698381
5.17101192	698	0.324890 0.681622  0.686890
5.17605209	700	0.322975 0.677313  0.691917
5.18109607	701	0.324172 0.675397  0.685692
5.18614006	701	0.329678 0.684256  0.690720
5.19117212	701	0.328242 0.681622  0.685692
5.19620418	698	0.326326 0.677313  0.691199
5.20124816	698	0.326805 0.676116  0.682819
5.20627593	701	0.323453 0.677313  0.687847
5.21132421	701	0.325848 0.672285  0.687368
5.21636819	700	0.325369 0.677073  0.691678
5.22141599	701	0.323453 0.671567  0.690720
5.22645187	700	0.327523 0.677073  0.699339
5.23149204	701	0.324411 0.671806  0.694790
5.23652791	701	0.323932 0.675397  0.689523
5.24158811	700	0.323932 0.673961  0.692157
5.24663591	701	0.330157 0.672046  0.689284
5.25166797	701	0.320580 0.673003  0.689523
5.25667619	701	0.322256 0.669651  0.691917
5.26170778	701	0.320341 0.673722  0.686171
5.26674795	700	0.322735 0.674679  0.687608
5.27178382	699	0.321299 0.676595  0.690720
5.27681207	701	0.326805 0.673722  0.693354
5.28184795	701	0.326326 0.677792  0.693114
5.28690004	700	0.321777 0.674440  0.686890
5.29193592	701	0.322496 0.671088  0.697903
5.29697608	698	0.322017 0.672285  0.690960
5.30202388	700	0.321059 0.677552  0.689763
5.30705976	701	0.326326 0.676595  0.683538
5.31209993	698	0.326326 0.677792  0.696227
5.31713199	698	0.322975 0.669412  0.696227
5.32216787	701	0.329199 0.673722  0.694072
5.32719993	700	0.320820 0.673003  0.685932
5.33222389	701	0.324411 0.678989  0.689044
5.33725214	698	0.320341 0.680904  0.692157
5.34227609	700	0.325848 0.682101  0.691199
5.34733200	700	0.326805 0.666060  0.691678
5.35236406	699	0.328242 0.677073  0.687129
5.35740804	699	0.328721 0.670609  0.695748
5.36246776	701	0.324172 0.678031  0.694551
5.36751604	700	0.322496 0.676355  0.693833
5.37256383	699	0.331115 0.678989  0.699818
5.37759590	698	0.330636 0.678510  0.688565
5.38261222	698	0.326805 0.676595  0.695269
5.38763618	698	0.329439 0.672764  0.691678
5.39266014	699	0.321299 0.674679  0.692157
5.39769983	699	0.328481 0.670609  0.699100
5.40272808	700	0.329678 0.678031  0.687129
5.40775585	701	0.326805 0.670130  0.693354
5.41278791	701	0.327045 0.680186  0.690481
5.41782379	699	0.324650 0.673722  0.695269
5.42287588	701	0.324890 0.680186  0.687608
5.42790794	700	0.322017 0.667257  0.688326
5.43293619	701	0.322017 0.678270  0.681862
5.43795585	700	0.327045 0.677073  0.693833
5.44298791	701	0.329439 0.670849  0.692396
5.44803190	698	0.325608 0.671806  0.696227
5.45305585	698	0.319383 0.667018  0.688087
5.45808410	698	0.319383 0.675397  0.683298
5.46312379	699	0.324172 0.673243  0.683298
5.46816396	700	0.318904 0.667497  0.693593
5.47320795	701	0.330875 0.670849  0.693593
5.47825193	701	0.325129 0.671567  0.686890
5.48330020	698	0.328481 0.675637  0.689763
5.48833179	698	0.323214 0.677313  0.683298
5.49336385	700	0.324172 0.671567  0.687368
5.49840021	701	0.327045 0.671327  0.689763
5.50342798	700	0.326087 0.671567  0.685214
5.50846004	699	0.326566 0.674440  0.686650
5.51347589	700	0.329678 0.673961  0.690720
5.51849603	701	0.323932 0.675637  0.684016
5.52352809	700	0.332791 0.674440  0.692157
5.52857208	699	0.327045 0.669173  0.696706
5.53361177	701	0.325848 0.679946  0.688326
5.53866386	699	0.325369 0.678510  0.693114
5.54370403	701	0.329918 0.677792  0.688087
5.54875612	698	0.326805 0.676834  0.690241
5.55378007	701	0.328242 0.678510  0.691917
5.55880403	701	0.321299 0.677792  0.697184
5.56383991	700	0.331833 0.676595  0.691199
5.56886816	700	0.321059 0.678510  0.689523
5.57388782	700	0.329199 0.677792  0.691438
5.57893180	699	0.323932 0.676834  0.691917
5.58395576	701	0.325369 0.673243  0.682580
5.58898782	701	0.315553 0.674440  0.687847
5.59403991	700	0.328242 0.672764  0.690960
5.59907197	699	0.328721 0.672046  0.694790
5.60412788	701	0.328242 0.677792  0.699100
5.60917997	701	0.322496 0.677073  0.692396
5.61421203	701	0.322496 0.672764  0.693833
##inga 
#ido(sec)  szog(ADC)     ax(g)    ay(g)   az(g)
5.61979198	700	0.317229 0.677792  0.702452
5.62505197	701	0.328242 0.671806  0.686171
5.63029193	701	0.324172 0.674679  0.693593
5.63542413	701	0.320102 0.677792  0.690002
5.64044809	701	0.325369 0.665342  0.690002
5.64549207	701	0.325369 0.673243  0.692636
5.65053176	701	0.324172 0.672285  0.681383
5.65558385	701	0.331594 0.672285  0.690720
5.66062021	701	0.322017 0.673243  0.687368
5.66565990	699	0.328002 0.673003  0.687847
5.67068004	701	0.328960 0.674440  0.690720
5.67572784	700	0.324890 0.668933  0.684016
5.68076419	701	0.325369 0.673961  0.699579
5.68579578	700	0.322496 0.675876  0.688326
5.69082784	701	0.327763 0.670849  0.693114
5.69586801	701	0.322496 0.674200  0.695748
5.70088005	698	0.326326 0.679946  0.693833
5.70591592	701	0.324890 0.683059  0.696227
5.71095609	700	0.328242 0.674679  0.689763
5.71600818	701	0.327523 0.681862  0.694072
5.72104406	699	0.331115 0.680665  0.692396
5.72609186	700	0.328960 0.678270  0.688087
5.73112821	701	0.324411 0.672046  0.694790
5.73618793	699	0.325608 0.674440  0.705803
5.74122810	701	0.334227 0.672285  0.690960
5.74625205	700	0.331833 0.673722  0.679228
5.75129222	700	0.327523 0.672046  0.692875
5.75631618	700	0.329918 0.673243  0.690002
5.76134014	699	0.322975 0.675637  0.679468
5.76637983	698	0.321777 0.676355  0.688087
5.77140808	701	0.322496 0.668933  0.697184
5.77645206	701	0.327284 0.673961  0.691438
5.78149223	701	0.324890 0.672046  0.682101
5.78652381	700	0.330875 0.670370  0.690481
5.79154777	701	0.323214 0.673482  0.692636
5.79659986	701	0.322735 0.675397  0.682101
5.80164384	699	0.320580 0.673961  0.691678
5.80666017	701	0.328002 0.669891  0.688326
5.81167984	701	0.326566 0.674200  0.687608
5.81670379	700	0.325848 0.671567  0.693114
5.82174015	701	0.328242 0.669173  0.700776
5.82677984	700	0.324411 0.670609  0.688565
5.83182382	701	0.329439 0.676834  0.694551
5.83686017	698	0.326087 0.674440  0.694072
5.84189176	701	0.321538 0.672524  0.697663
5.84692382	700	0.330636 0.679228  0.699339
5.85197591	700	0.323214 0.676834  0.689044
5.85702800	701	0.325129 0.673482  0.694072
5.86205196	701	0.329199 0.672764  0.689044
5.86709213	701	0.317707 0.675637  0.688805
5.87212419	701	0.326326 0.674919  0.688805
5.87715578	701	0.322496 0.674200  0.680186
5.88217210	700	0.328960 0.671806  0.692636
5.88719606	701	0.321538 0.678989  0.693354
5.89223194	700	0.322017 0.680425  0.698381
5.89727210	701	0.321538 0.680665  0.684016
5.90231609	700	0.329439 0.677792  0.691917
5.90736007	699	0.328242 0.675397  0.683059
5.91240787	702	0.330636 0.678510  0.694072
5.91745185	700	0.330875 0.674919  0.698860
5.92248392	700	0.327523 0.673961  0.683538
5.92751216	699	0.325608 0.677313  0.693114
5.93253612	700	0.324650 0.678510  0.690960
5.93755578	700	0.328481 0.679468  0.697424
5.94258403	700	0.322256 0.673722  0.691438
5.94761991	700	0.328721 0.675158  0.695987
5.95266389	701	0.330157 0.681383  0.691678
5.95769977	699	0.324890 0.665821  0.694311
5.96273183	698	0.326566 0.680186  0.700776
5.96777200	700	0.319862 0.673003  0.689044
5.97280788	701	0.324172 0.673003  0.686411
5.97785186	700	0.321538 0.678270  0.691199
5.98289203	698	0.331833 0.680425  0.690720
5.98792791	701	0.318904 0.671327  0.680904
5.99295186	701	0.330157 0.676595  0.686171
5.99798822	701	0.319862 0.667975  0.691438
6.00301599	700	0.323693 0.675637  0.686650
6.00803995	702	0.326566 0.670609  0.694790
6.01307201	701	0.320580 0.668694  0.693833
6.01810789	700	0.324650 0.673961  0.693354
6.02313184	700	0.323214 0.675397  0.690241
6.02818822	701	0.320102 0.673003  0.688087
6.03322410	700	0.322975 0.677073  0.692875
6.03827190	701	0.321538 0.673243  0.682819
6.04330778	701	0.320820 0.678031  0.694551
6.04833221	700	0.324890 0.671806  0.686411
6.05335998	701	0.328481 0.676116  0.696227
6.05839586	700	0.322975 0.667257  0.689284
6.06342792	701	0.329199 0.673243  0.691199
6.06845998	701	0.324172 0.674440  0.696227
6.07348823	701	0.322017 0.675158  0.687129
6.07851982	699	0.327284 0.677313  0.694311
6.08355617	701	0.326087 0.677313  0.688087
6.08858823	699	0.326566 0.675637  0.689284
6.09365606	701	0.329918 0.674440  0.691438
6.09870815	701	0.326566 0.674200  0.692396
6.10374021	701	0.328002 0.678749  0.693833
6.10877180	700	0.325848 0.679707  0.692396
6.11379623	701	0.327045 0.677073  0.685453
6.11882019	700	0.321059 0.673722  0.691917
6.12385177	699	0.325608 0.678031  0.700776
##inga 
#ido(sec)  szog(ADC)     ax(g)    ay(g)   az(g)
6.12939977	701	0.326805 0.673482  0.686650
6.13464021	701	0.328242 0.676355  0.690960
6.13986396	701	0.324172 0.675158  0.684974
6.14501190	700	0.329678 0.672524  0.689763
6.15005588	698	0.321777 0.677552  0.690960
6.15509605	701	0.321777 0.670849  0.687368
6.16015577	701	0.326326 0.673722  0.685932
6.16519594	701	0.323214 0.670370  0.701973
6.17022800	700	0.321299 0.671088  0.688326
6.17526388	701	0.322735 0.671806  0.693354
6.18029212	701	0.325369 0.670609  0.690481
6.18532419	699	0.325848 0.674440  0.689763
6.19034814	701	0.323453 0.673003  0.688805
6.19538784	698	0.329439 0.683059  0.693593
6.20042800	701	0.324650 0.674679  0.695509
6.20546007	701	0.324650 0.678510  0.699100
6.21048784	701	0.326087 0.673243  0.689523
6.21552419	701	0.333509 0.668694  0.680665
6.22057199	701	0.320102 0.666778  0.684735
6.22562789	699	0.322735 0.675158  0.698860
6.23066806	701	0.318665 0.680425  0.696227
6.23568391	699	0.328242 0.680665  0.688805
6.24072408	701	0.324650 0.673722  0.685214
6.24576377	698	0.322496 0.679707  0.690002
6.25078821	701	0.326087 0.675876  0.692157
6.25582408	701	0.324411 0.678510  0.695269
6.26085615	699	0.326087 0.675876  0.690002
6.26590013	701	0.326805 0.679228  0.683298
6.27093982	701	0.321299 0.678749  0.681862
6.27597618	701	0.325369 0.677552  0.680425
6.28103208	700	0.323214 0.682580  0.695509
6.28608417	698	0.330157 0.673722  0.690960
6.29112386	701	0.322256 0.674919  0.684735
6.29616403	701	0.323453 0.678031  0.696227
6.30119609	701	0.326087 0.678749  0.698142
6.30622005	698	0.326805 0.672285  0.690481
6.31124401	701	0.326087 0.674440  0.689044
6.31626796	701	0.321777 0.678031  0.691438
6.32131195	700	0.324650 0.674919  0.701015
6.32634401	701	0.328002 0.674440  0.697903
6.33137989	699	0.326566 0.672285  0.690960
6.33641576	699	0.329678 0.678989  0.684735
6.34146022	701	0.322496 0.682341  0.686171
6.34649991	698	0.326805 0.672524  0.693354
6.35153198	701	0.326805 0.673003  0.692636
6.35655593	699	0.322735 0.672764  0.685453
6.36157989	700	0.314834 0.671567  0.692636
6.36662387	701	0.319383 0.676116  0.696706
6.37166023	700	0.328481 0.681143  0.688087
6.37670421	701	0.324172 0.672524  0.683298
6.38174819	701	0.325369 0.671806  0.683298
6.38677215	698	0.320341 0.676355  0.691199
6.39181995	701	0.323453 0.668933  0.696706
6.39686822	700	0.336861 0.673482  0.690241
6.40190792	700	0.320820 0.673243  0.692157
6.40693616	701	0.324172 0.673482  0.690002
6.41197204	699	0.325129 0.677073  0.683538
6.41701221	698	0.324172 0.675158  0.694551
6.42204809	701	0.328481 0.672764  0.698381
6.42707204	698	0.328242 0.673722  0.688326
6.43209981	701	0.319862 0.682341  0.690960
6.43713188	701	0.328002 0.675158  0.692157
6.44215583	698	0.322017 0.678031  0.693833
6.44719600	700	0.323932 0.674679  0.692157
6.45223617	698	0.325608 0.673003  0.688565
6.45726823	700	0.328721 0.678031  0.693114
6.46230792	701	0.330157 0.678270  0.690960
6.46734809	698	0.330157 0.680904  0.695748
6.47238779	700	0.324172 0.678749  0.693114
6.47743177	698	0.330397 0.678031  0.690002
6.48245191	701	0.322975 0.678270  0.697424
6.48748016	701	0.326326 0.671327  0.680665
6.49251604	700	0.322256 0.673722  0.690720
6.49755620	701	0.319862 0.673961  0.693354
6.50260400	701	0.327763 0.673003  0.691199
6.50763988	701	0.325848 0.673243  0.698621
6.51267194	700	0.326087 0.679946  0.687129
6.51771593	699	0.322496 0.679468  0.694311
6.52275609	701	0.319383 0.675637  0.691917
6.52780818	701	0.329199 0.673482  0.690241
6.53285598	700	0.319144 0.674919  0.690960
6.53789615	701	0.328721 0.675637  0.689763
6.54294013	701	0.324411 0.671088  0.686171
6.54797220	698	0.324650 0.672285  0.688805
6.55300378	700	0.326087 0.673243  0.700776
6.55802822	701	0.328721 0.671806  0.688087
6.56307220	701	0.326087 0.678989  0.692636
6.56810379	701	0.324890 0.675876  0.694311
6.57312822	698	0.320580 0.679946  0.686411
6.57815217	699	0.324890 0.675637  0.690481
6.58318376	699	0.324890 0.674919  0.690002
6.58823204	701	0.326326 0.668454  0.692157
6.59327602	699	0.328721 0.674200  0.687129
6.59831619	700	0.325848 0.677073  0.703170
6.60334014	700	0.323693 0.678270  0.696466
6.60836410	701	0.322017 0.673722  0.688565
6.61338806	699	0.325608 0.684495  0.691678
6.61841201	701	0.325608 0.679946  0.694790
6.62344408	700	0.327523 0.670849  0.696706
6.62848806	700	0.329199 0.676355  0.689044
6.63352823	698	0.326566 0.676595  0.690960
##inga 
#ido(sec)  szog(ADC)     ax(g)    ay(g)   az(g)
6.63910388	701	0.320102 0.674200  0.687847
6.64431619	700	0.325608 0.683298  0.693354
6.64955997	701	0.325129 0.674200  0.682341
6.65469217	701	0.322256 0.675876  0.694311
6.65973615	700	0.324411 0.680425  0.684735
6.66475582	700	0.323693 0.674200  0.691917
6.66978406	701	0.321538 0.673482  0.687847
6.67481184	700	0.324890 0.677073  0.684016
6.67983198	701	0.322496 0.673003  0.690481
6.68487596	700	0.323214 0.670849  0.689284
6.68992376	700	0.321299 0.675637  0.686171
6.69496393	702	0.332791 0.670130  0.691917
6.70000791	700	0.327045 0.673482  0.685692
6.70503616	701	0.322256 0.676595  0.685692
6.71010398	701	0.323453 0.672524  0.694790
6.71514797	699	0.323932 0.676595  0.696466
6.72019577	698	0.326566 0.672524  0.694311
6.72523593	701	0.323932 0.672285  0.694551
6.73026800	701	0.322256 0.678510  0.695269
6.73529577	701	0.327045 0.673003  0.703170
6.74032020	701	0.323214 0.672046  0.683777
6.74535989	700	0.327763 0.674919  0.690002
6.75040388	701	0.320580 0.676355  0.694311
6.75541210	701	0.327284 0.676834  0.687608
6.76044797	701	0.322017 0.674919  0.685214
6.76549196	700	0.325369 0.675397  0.695269
6.77053594	701	0.324411 0.674200  0.679946
6.77558803	701	0.322017 0.672285  0.687368
6.78063583	700	0.322017 0.669891  0.688565
6.78567600	700	0.326566 0.673003  0.691678
6.79069995	700	0.318186 0.669173  0.683298
6.79573202	701	0.323214 0.677552  0.696227
6.80077219	701	0.326326 0.678749  0.693833
6.80580806	700	0.331354 0.676595  0.692396
6.81083583	698	0.331115 0.678031  0.691917
6.81586408	701	0.326805 0.673003  0.691199
6.82089614	700	0.324650 0.677073  0.690720
6.82592821	698	0.327763 0.675637  0.698860
6.83095598	700	0.322256 0.670849  0.681862
6.83601188	700	0.322975 0.678749  0.690960
6.84106779	698	0.325848 0.675158  0.681862
6.84609985	699	0.325129 0.676116  0.690481
6.85113191	701	0.323932 0.673722  0.694790
6.85616397	701	0.331594 0.674919  0.696466
6.86119222	701	0.326326 0.671567  0.694551
6.86622810	701	0.330875 0.667497  0.694311
6.87126016	701	0.327523 0.675637  0.702212
6.87630414	700	0.315792 0.674200  0.684495
6.88134002	701	0.328242 0.672046  0.690960
6.88637208	701	0.324650 0.672285  0.700057
6.89141178	701	0.325129 0.675397  0.698142
6.89646387	698	0.323932 0.670130  0.693833
6.90151214	698	0.323932 0.670130  0.688087
6.90655612	701	0.320341 0.673722  0.690481
6.91158008	701	0.327284 0.670609  0.697663
6.91660404	701	0.325848 0.674440  0.686650
6.92161989	701	0.322735 0.671806  0.692396
6.92664384	701	0.326566 0.678031  0.690960
6.93167209	698	0.324411 0.669412  0.695269
6.93671178	701	0.328242 0.675158  0.698142
6.94175577	698	0.326326 0.677552  0.689284
6.94679594	698	0.326326 0.676355  0.692157
6.95183610	701	0.323453 0.675876  0.700536
6.95687580	698	0.325369 0.672764  0.685932
6.96192407	699	0.323932 0.678031  0.686411
6.96697187	701	0.326805 0.681622  0.701973
6.97200393	700	0.323693 0.676834  0.695030
6.97702789	700	0.328481 0.684016  0.694790
6.98204421	702	0.330636 0.675876  0.689284
6.98706817	699	0.319144 0.675397  0.687368
6.99209976	698	0.327284 0.675397  0.697184
6.99713611	701	0.323453 0.678031  0.685932
7.00218009	699	0.329678 0.678031  0.698381
7.00721597	699	0.323932 0.673961  0.688565
7.01225185	701	0.331115 0.678749  0.699339
7.01731204	699	0.325608 0.677073  0.683777
7.02236413	700	0.326566 0.681862  0.692157
7.02742004	698	0.332551 0.677552  0.689763
7.03245592	698	0.329199 0.679468  0.696466
7.03748416	701	0.319383 0.678989  0.692157
7.04251623	701	0.322017 0.676116  0.691438
7.04755592	700	0.327523 0.678510  0.687129
7.05258798	698	0.324411 0.676595  0.684735
7.05762004	698	0.328242 0.669412  0.684735
7.06266403	699	0.327045 0.675158  0.694551
7.06769609	701	0.322975 0.672524  0.692157
7.07274007	700	0.320102 0.674919  0.690720
7.07777976	700	0.323932 0.677552  0.691678
7.08283185	698	0.322975 0.675876  0.696466
7.08789205	701	0.324411 0.673961  0.678031
7.09292793	701	0.324411 0.679707  0.699818
7.09796380	701	0.323932 0.672764  0.690960
7.10298776	701	0.325848 0.670130  0.696466
7.10801219	701	0.325369 0.670370  0.688326
7.11303615	700	0.324172 0.676116  0.693593
7.11806821	701	0.319862 0.674200  0.688565
7.12310791	701	0.326805 0.678031  0.697184
7.12813997	701	0.318426 0.678510  0.693833
7.13316392	699	0.327763 0.670849  0.687847
7.13819980	700	0.328481 0.677792  0.692396
7.14325618	699	0.325369 0.675397  0.695030
##inga 
#ido(sec)  szog(ADC)     ax(g)    ay(g)   az(g)
7.14884376	701	0.319383 0.673961  0.679707
7.15408420	700	0.327045 0.679468  0.695748
7.15930795	699	0.319144 0.675397  0.693114
7.16443204	700	0.330636 0.674919  0.684016
7.16946411	698	0.324172 0.679946  0.688326
7.17449617	700	0.326805 0.675397  0.690481
7.17952394	698	0.325369 0.677552  0.697424
7.18456411	701	0.322017 0.678031  0.695748
7.18959617	701	0.325848 0.673961  0.687129
7.19462394	701	0.324650 0.678510  0.690720
7.19964790	699	0.324411 0.674440  0.692396
7.20469999	701	0.325369 0.676355  0.688805
7.20973587	701	0.329918 0.674440  0.691917
7.21477985	701	0.328721 0.677313  0.689044
7.21982002	701	0.322496 0.670609  0.692636
7.22484779	701	0.327523 0.680186  0.685453
7.22988414	698	0.324890 0.673243  0.698621
7.23491621	701	0.332551 0.676355  0.697424
7.23994779	701	0.330157 0.672285  0.697903
7.24498796	700	0.318186 0.678270  0.691438
7.25002813	701	0.327045 0.676834  0.686171
7.25506019	700	0.325369 0.680904  0.694072
7.26011180	701	0.324411 0.673482  0.697184
7.26515579	700	0.322735 0.669173  0.690960
7.27020406	700	0.325848 0.673722  0.693593
7.27525186	698	0.329439 0.669651  0.686890
7.28028392	699	0.330397 0.678031  0.695269
7.28530788	701	0.321059 0.676595  0.689523
7.29033184	701	0.326326 0.673243  0.684016
7.29536390	700	0.326805 0.675158  0.687368
7.30038785	700	0.332312 0.671088  0.684974
7.30543184	701	0.324411 0.674679  0.688565
7.31047582	701	0.325848 0.676116  0.694311
7.31551218	698	0.320820 0.675637  0.691678
7.32054805	701	0.325848 0.673003  0.690241
7.32558822	701	0.327763 0.677792  0.696227
7.33063983	700	0.322496 0.679468  0.696945
7.33570003	699	0.328242 0.679468  0.689763
7.34074783	701	0.325129 0.674919  0.690960
7.34577989	701	0.325848 0.679707  0.681862
7.35081195	701	0.326087 0.674440  0.688087
7.35584402	700	0.330397 0.674440  0.681622
7.36086797	700	0.327763 0.672764  0.687129
7.36590003	700	0.323453 0.677792  0.690960
7.37094020	701	0.327763 0.678031  0.691678
7.37599611	698	0.326805 0.678989  0.703409
7.38103199	701	0.323932 0.674200  0.693354
7.38606786	701	0.322017 0.677073  0.692636
7.39111614	701	0.328721 0.680665  0.694790
7.39615583	701	0.323932 0.676595  0.691678
7.40121221	701	0.322017 0.673243  0.689044
7.40625190	700	0.325369 0.675637  0.692157
7.41128778	700	0.324890 0.674679  0.683298
7.41631221	700	0.331354 0.675397  0.689523
7.42133998	700	0.325848 0.675876  0.689763
7.42636394	700	0.324411 0.679707  0.690720
7.43138790	698	0.325848 0.670130  0.684256
7.43642807	699	0.330397 0.671806  0.683298
7.44147205	698	0.330875 0.683059  0.685692
7.44651222	700	0.320102 0.677073  0.693114
7.45154809	701	0.327523 0.677313  0.692396
7.45660018	701	0.320341 0.673243  0.683298
7.46165180	700	0.326566 0.671806  0.685932
7.46668815	701	0.322975 0.669412  0.686890
7.47172403	700	0.323453 0.675397  0.685214
7.47676801	701	0.322256 0.676834  0.680425
7.48179578	698	0.328242 0.677073  0.700057
7.48682022	698	0.322496 0.678989  0.693593
7.49184417	700	0.324890 0.667018  0.688087
7.49686384	701	0.323693 0.672524  0.686411
7.50189590	700	0.328481 0.678510  0.694790
7.50693178	701	0.332072 0.677792  0.694551
7.51197195	701	0.322735 0.683538  0.688087
7.51702404	701	0.324650 0.677552  0.687847
7.52206802	700	0.328960 0.674200  0.686171
7.52709579	700	0.324890 0.675637  0.690002
7.53211593	700	0.323453 0.678749  0.691438
7.53713989	701	0.328002 0.676834  0.688565
7.54215621	701	0.325369 0.679468  0.697424
7.54718780	701	0.325608 0.674919  0.697663
7.55221223	700	0.327284 0.679228  0.689044
7.55724000	701	0.325848 0.674679  0.689284
7.56228780	701	0.326087 0.678270  0.692875
7.56733608	699	0.331115 0.678989  0.688805
7.57238006	698	0.333270 0.679228  0.701255
7.57744407	698	0.322496 0.676116  0.699339
7.58249998	701	0.327523 0.670849  0.687129
7.58755588	701	0.322017 0.676355  0.688087
7.59258794	698	0.326805 0.676116  0.690960
7.59761619	698	0.321538 0.674919  0.691199
7.60264396	700	0.323932 0.675876  0.688565
7.60766792	698	0.322735 0.674919  0.687129
7.61269998	699	0.323214 0.677792  0.687368
7.61774778	700	0.323932 0.671806  0.694790
7.62277984	701	0.326326 0.680665  0.696466
7.62782812	701	0.326087 0.671567  0.694790
7.63286018	700	0.321538 0.675876  0.694790
7.63791179	699	0.325129 0.671088  0.685692
7.64296817	701	0.328242 0.670849  0.686650
7.64801979	698	0.325608 0.676834  0.690002
7.65306377	701	0.322735 0.680186  0.683777
##inga 
#ido(sec)  szog(ADC)     ax(g)    ay(g)   az(g)
7.65863609	700	0.326566 0.672524  0.705325
7.66387176	701	0.331833 0.677792  0.699100
7.66909599	701	0.324172 0.674440  0.684495
7.67421197	701	0.326087 0.670609  0.692157
7.67923593	698	0.322017 0.672764  0.689523
7.68426799	701	0.327763 0.674440  0.695030
7.68929576	701	0.331115 0.672285  0.688565
7.69434022	700	0.319383 0.677552  0.688565
7.69938421	701	0.326087 0.673003  0.693114
7.70441579	701	0.328242 0.668694  0.688805
7.70947217	700	0.329439 0.674440  0.689763
7.71453619	699	0.326087 0.680425  0.690960
7.71955585	700	0.321777 0.679946  0.686890
7.72457981	701	0.327763 0.678989  0.689284
7.72960376	701	0.328721 0.670370  0.693114
7.73463582	701	0.326326 0.675637  0.686650
7.73965978	699	0.326566 0.673482  0.692636
7.74469614	701	0.326566 0.673243  0.692875
7.74973583	700	0.326805 0.677073  0.682819
7.75476408	700	0.324890 0.678510  0.693354
7.75978803	701	0.323693 0.679707  0.693833
7.76483583	701	0.325848 0.678270  0.694551
7.76988410	698	0.328002 0.672046  0.687847
7.77490806	700	0.329199 0.676834  0.689284
7.77994823	701	0.320341 0.675397  0.691917
7.78499221	701	0.320820 0.677313  0.693114
7.79001998	701	0.323693 0.678510  0.691199
7.79505205	701	0.326326 0.672524  0.693114
7.80008411	701	0.324411 0.677313  0.691438
7.80513191	701	0.323693 0.673961  0.693114
7.81017208	700	0.321059 0.670370  0.683298
7.81520795	701	0.325129 0.677552  0.685692
7.82025194	701	0.326087 0.672285  0.695748
7.82529211	701	0.326087 0.672046  0.690960
7.83033180	700	0.326326 0.672046  0.690002
7.83538007	698	0.327045 0.675637  0.685932
7.84041213	700	0.323453 0.676116  0.693114
7.84545612	701	0.320580 0.671806  0.697903
7.85046005	700	0.322496 0.671806  0.683059
7.85549211	701	0.319144 0.679707  0.690481
7.86052417	701	0.323693 0.674200  0.687129
7.86556005	700	0.328242 0.674200  0.698381
7.87059211	699	0.322496 0.671567  0.688087
7.87563610	700	0.329678 0.678031  0.688565
7.88068389	701	0.324172 0.671806  0.687608
7.88572406	701	0.324411 0.673003  0.699100
7.89075994	701	0.324411 0.676355  0.694790
7.89580821	700	0.327284 0.670849  0.688565
7.90085220	700	0.327523 0.683059  0.695509
7.90588808	701	0.329678 0.679707  0.688326
7.91091203	701	0.329918 0.679707  0.694311
7.91594791	701	0.324172 0.676355  0.691678
7.92097997	701	0.326326 0.677073  0.689523
7.92600393	698	0.327045 0.677552  0.684974
7.93103599	701	0.328721 0.676595  0.688565
7.93608379	701	0.323932 0.675158  0.695987
7.94113206	700	0.328960 0.672046  0.693593
7.94617986	701	0.326566 0.678749  0.691678
7.95123577	701	0.322256 0.682101  0.692636
7.95630407	698	0.323453 0.680186  0.688326
7.96135616	701	0.328481 0.674200  0.682580
7.96638822	701	0.324411 0.678749  0.682580
7.97142410	700	0.325369 0.671567  0.693354
7.97646808	702	0.322496 0.676834  0.691199
7.98150396	701	0.326805 0.682341  0.684495
7.98653221	698	0.326805 0.673243  0.689523
7.99155616	699	0.326805 0.674919  0.690960
7.99657583	701	0.325848 0.672764  0.692396
8.00162029	698	0.322496 0.669891  0.698142
8.00667572	699	0.323214 0.672524  0.686890
8.01171588	698	0.321059 0.673961  0.690960
8.01674842	699	0.322735 0.673243  0.690960
8.02178764	700	0.321777 0.672764  0.687608
8.02684402	701	0.327763 0.672524  0.684016
8.03186798	701	0.326805 0.672524  0.690720
8.03689575	700	0.324890 0.676595  0.693833
8.04192447	701	0.332072 0.678270  0.684256
8.04694843	701	0.326326 0.675637  0.701255
8.05198001	701	0.326326 0.673003  0.684256
8.05702781	700	0.322735 0.673961  0.689284
8.06206417	698	0.326326 0.674440  0.687368
8.06711196	700	0.324890 0.675637  0.691438
8.07214832	701	0.321299 0.674200  0.686411
8.07719230	698	0.322496 0.677792  0.685692
8.08226013	699	0.327045 0.676834  0.695748
8.08732032	698	0.327523 0.677552  0.694311
8.09235572	701	0.325369 0.678749  0.690960
8.09739589	701	0.327763 0.674679  0.693354
8.10243225	701	0.325608 0.680425  0.688326
8.10744380	700	0.332791 0.671806  0.697903
8.11248016	700	0.330157 0.675397  0.693114
8.11752033	701	0.329678 0.670609  0.689523
8.12255573	701	0.326326 0.673961  0.691199
8.12759971	698	0.325129 0.675158  0.694790
8.13263988	700	0.325848 0.675158  0.691917
8.13768386	700	0.330157 0.673722  0.691678
8.14272403	701	0.329199 0.675397  0.693114
8.14777183	699	0.321059 0.678031  0.685692
8.15281963	698	0.327284 0.674919  0.684735
8.15787601	701	0.321538 0.673243  0.692396
8.16290760	700	0.324172 0.674679  0.680904
##inga 
#ido(sec)  szog(ADC)     ax(g)    ay(g)   az(g)
8.16847229	698	0.327523 0.673003  0.691917
8.17372035	701	0.328242 0.670130  0.693354
8.17894363	701	0.322975 0.670130  0.679228
8.18408012	701	0.318665 0.674200  0.692875
8.18911552	701	0.324411 0.678270  0.688565
8.19414043	701	0.325129 0.671806  0.688087
8.19919204	699	0.330875 0.678031  0.693354
8.20423221	698	0.325848 0.676595  0.688565
8.20929241	701	0.320341 0.675637  0.683059
8.21433162	699	0.325848 0.672046  0.698142
8.21939563	701	0.322017 0.674919  0.684495
8.22444438	701	0.325608 0.674200  0.686890
8.22945976	699	0.322496 0.669173  0.693833
8.23449611	701	0.325608 0.670370  0.687368
8.23950767	701	0.324650 0.675876  0.680186
8.24454021	701	0.319383 0.675397  0.692157
8.24957561	700	0.327523 0.677792  0.694551
8.25460433	701	0.328242 0.676116  0.695269
8.25964355	701	0.318186 0.672285  0.690002
8.26468372	701	0.328721 0.678031  0.689284
8.26973247	700	0.323453 0.671327  0.687847
8.27478027	700	0.332551 0.674679  0.693833
8.27984046	700	0.322975 0.673003  0.691678
8.28489208	698	0.324172 0.676834  0.684016
8.28993225	701	0.324411 0.678510  0.694790
8.29495239	701	0.326566 0.677552  0.696227
8.29998779	701	0.325848 0.676355  0.686171
8.30502796	701	0.325848 0.674440  0.695269
8.31005191	701	0.332072 0.676834  0.690481
8.31508445	700	0.327284 0.674679  0.687847
8.32011985	699	0.324411 0.674919  0.688087
8.32516765	701	0.322017 0.670130  0.679946
8.33020401	701	0.330157 0.675637  0.688565
8.33523559	700	0.325129 0.673482  0.686171
8.34027576	701	0.322975 0.674440  0.686890
8.34532356	701	0.324650 0.679228  0.694790
8.35034847	700	0.328481 0.671567  0.697424
8.35538387	701	0.328481 0.676595  0.688087
8.36041164	700	0.325369 0.673003  0.695987
8.36544418	700	0.326087 0.667018  0.690241
8.37046813	700	0.326566 0.670370  0.683538
8.37550830	700	0.328960 0.673003  0.692396
8.38053607	701	0.326326 0.675637  0.689523
8.38557624	699	0.323214 0.675158  0.702930
8.39060401	699	0.324650 0.676355  0.691199
8.39564418	701	0.326566 0.675158  0.690960
8.40069580	700	0.332312 0.672285  0.693833
8.40573215	701	0.323214 0.684016  0.691438
8.41077232	701	0.323693 0.672285  0.688326
8.41580390	700	0.325369 0.675158  0.695269
8.42082786	701	0.330636 0.676116  0.691438
8.42586040	700	0.332312 0.671806  0.694072
8.43089199	700	0.326566 0.674440  0.695509
8.43592834	700	0.324890 0.668454  0.690002
8.44095611	701	0.324890 0.669891  0.695269
8.44600391	701	0.323453 0.678270  0.687847
8.45104408	701	0.319623 0.672046  0.696227
8.45608043	699	0.324650 0.670849  0.691678
8.46113204	699	0.319623 0.680425  0.694072
8.46617984	701	0.327284 0.678031  0.693833
8.47122001	700	0.325129 0.680904  0.693114
8.47625637	700	0.324890 0.673482  0.689763
8.48128032	700	0.323214 0.678989  0.691199
8.48631572	699	0.327523 0.672764  0.687608
8.49134826	701	0.330875 0.673722  0.681862
8.49638366	701	0.323453 0.678989  0.684016
8.50141620	700	0.322735 0.675637  0.699339
8.50645160	700	0.328002 0.678989  0.699818
8.51148414	698	0.329678 0.676116  0.686411
8.51651573	700	0.326326 0.681862  0.688565
8.52156352	701	0.325608 0.677313  0.692636
8.52661228	700	0.325369 0.673961  0.689523
8.53165245	698	0.329678 0.677073  0.685932
8.53668403	698	0.325608 0.673243  0.690960
8.54171562	700	0.326566 0.673482  0.695269
8.54674816	700	0.333748 0.674440  0.681622
8.55177593	700	0.331115 0.678270  0.693593
8.55680370	700	0.321538 0.678989  0.693114
8.56182765	701	0.329199 0.681383  0.693354
8.56686401	701	0.322496 0.673482  0.692157
8.57190036	699	0.327045 0.674440  0.688805
8.57692813	701	0.327045 0.672524  0.681143
8.58195972	700	0.331354 0.677792  0.683538
8.58701992	700	0.325848 0.677552  0.693593
8.59205245	698	0.324411 0.670370  0.695987
8.59708786	700	0.327284 0.668933  0.690002
8.60211563	701	0.321538 0.673243  0.681383
8.60714817	699	0.327045 0.676116  0.693354
8.61219215	699	0.334706 0.675158  0.692396
8.61721992	698	0.323932 0.677792  0.691438
8.62226009	701	0.324172 0.680904  0.694311
8.62728404	700	0.331594 0.677552  0.690481
8.63232040	701	0.324890 0.678510  0.690241
8.63735580	700	0.324411 0.670130  0.683298
8.64239978	701	0.331115 0.673243  0.683538
8.64745235	700	0.323214 0.676834  0.687847
8.65251636	698	0.330636 0.682341  0.697424
8.65754413	698	0.326805 0.674919  0.692157
8.66257190	701	0.326326 0.679228  0.690960
8.66760444	701	0.322735 0.674200  0.685214
8.67262840	701	0.331115 0.674200  0.695030
##inga 
#ido(sec)  szog(ADC)     ax(g)    ay(g)   az(g)
8.67818355	698	0.330397 0.678031  0.686890
8.68342399	699	0.326326 0.669891  0.691917
8.68865585	700	0.326805 0.669173  0.684735
8.69379997	700	0.327763 0.680425  0.683298
8.69884395	700	0.319383 0.672524  0.688326
8.70388412	700	0.318186 0.672764  0.688805
8.70893573	701	0.319862 0.672524  0.691917
8.71397972	698	0.324650 0.676595  0.688565
8.71902847	701	0.328721 0.677552  0.683059
8.72406768	701	0.327284 0.674919  0.691917
8.72910404	699	0.325369 0.674440  0.694311
8.73412418	698	0.318186 0.676355  0.690960
8.73915576	701	0.325608 0.671806  0.684495
8.74417591	698	0.318426 0.674679  0.690002
8.74920845	700	0.324411 0.674200  0.692636
8.75425243	698	0.327284 0.676355  0.704606
8.75929164	701	0.321538 0.677792  0.689763
8.76434040	701	0.320341 0.672524  0.694790
8.76937961	698	0.326326 0.673722  0.688087
8.77442836	701	0.323214 0.677073  0.694790
8.77947616	698	0.321538 0.676595  0.682580
8.78450775	700	0.331354 0.677792  0.693593
8.78954029	701	0.326805 0.669891  0.692396
8.79456424	701	0.332312 0.676116  0.690960
8.79959964	698	0.325608 0.676355  0.687368
8.80462360	702	0.325848 0.673482  0.692396
8.80965995	700	0.324411 0.674200  0.684735
8.81468391	701	0.326566 0.672046  0.695269
8.81972408	699	0.328242 0.677552  0.695030
8.82475566	701	0.324650 0.676355  0.693354
8.82981204	701	0.323214 0.676116  0.695030
8.83485984	701	0.331354 0.678989  0.697184
8.83990764	700	0.326326 0.680904  0.696945
8.84494781	701	0.324650 0.673243  0.689284
8.84998035	700	0.324172 0.672285  0.695987
8.85500812	701	0.324172 0.676834  0.687847
8.86003208	700	0.329439 0.673722  0.688805
8.86506843	698	0.327523 0.679707  0.692157
8.87010765	701	0.323932 0.667018  0.700536
8.87513160	700	0.317707 0.679707  0.695269
8.88015556	698	0.330157 0.677792  0.694072
8.88519954	700	0.326805 0.677552  0.697184
8.89023590	701	0.328481 0.674679  0.690481
8.89529228	700	0.323693 0.673243  0.692396
8.90034008	701	0.325129 0.678989  0.694551
8.90538787	701	0.321299 0.673961  0.695269
8.91042423	701	0.322496 0.672524  0.691199
8.91545963	701	0.328721 0.673961  0.692636
8.92049217	699	0.335185 0.679707  0.699818
8.92552375	700	0.325369 0.673243  0.691438
8.93056011	698	0.319383 0.677792  0.692875
8.93559169	701	0.329439 0.677552  0.689044
8.94062423	701	0.319383 0.673482  0.691199
8.94567584	701	0.326805 0.673722  0.690002
8.95071601	701	0.325848 0.674440  0.693833
8.95574760	699	0.323932 0.675637  0.691438
8.96078777	699	0.323214 0.677313  0.687129
8.96583557	701	0.322496 0.679468  0.686890
8.97087574	700	0.324650 0.679468  0.701494
8.97589969	701	0.329199 0.676595  0.693833
8.98093223	698	0.321538 0.670370  0.693114
8.98595619	700	0.323932 0.676116  0.692396
8.99099636	701	0.324650 0.679228  0.687368
8.99602794	701	0.325608 0.674919  0.690960
9.00104045	699	0.323453 0.679228  0.685692
9.00608825	701	0.328002 0.679946  0.681862
9.01111602	700	0.317947 0.680425  0.694072
9.01616001	698	0.323693 0.675158  0.698381
9.02121162	700	0.327284 0.677073  0.692396
9.02625179	701	0.324650 0.672524  0.691917
9.03128433	699	0.331833 0.673243  0.686171
9.03632354	701	0.322496 0.673722  0.694072
9.04135990	700	0.324890 0.676355  0.689044
9.04638385	700	0.324890 0.675397  0.685453
9.05140781	701	0.329918 0.683059  0.687129
9.05644416	700	0.331115 0.673482  0.692157
9.06147193	701	0.328481 0.676834  0.683059
9.06652355	698	0.333748 0.673722  0.697184
9.07157230	699	0.324411 0.677792  0.693593
9.07662010	701	0.319862 0.675637  0.687608
9.08166027	698	0.323693 0.673482  0.685214
9.08671188	701	0.322017 0.670130  0.691438
9.09173583	701	0.328960 0.672524  0.692396
9.09675979	701	0.325848 0.680186  0.693593
9.10177993	701	0.325369 0.672285  0.682819
9.10681629	699	0.328242 0.673961  0.689044
9.11185169	701	0.327523 0.670609  0.688565
9.11689186	701	0.324411 0.672046  0.687129
9.12193202	700	0.329199 0.676116  0.687129
9.12696838	701	0.326566 0.669891  0.689044
9.13201618	700	0.317947 0.678989  0.688326
9.13706016	699	0.321777 0.678031  0.689523
9.14211177	700	0.320580 0.675158  0.691438
9.14716434	700	0.320820 0.679707  0.691917
9.15220355	698	0.325848 0.679707  0.692396
9.15724372	698	0.322496 0.675397  0.684974
9.16227245	701	0.323214 0.681622  0.697424
9.16730785	701	0.328481 0.676355  0.690002
9.17234039	700	0.326805 0.670609  0.685453
9.17736434	700	0.327284 0.672524  0.690002
9.18239593	698	0.332072 0.672524  0.695748
##inga 
#ido(sec)  szog(ADC)     ax(g)    ay(g)   az(g)
9.18795967	699	0.321299 0.678749  0.694072
9.19320011	698	0.328721 0.678270  0.685214
9.19842815	701	0.328002 0.673961  0.686890
9.20357990	701	0.326326 0.676116  0.695269
9.20862770	701	0.320580 0.675876  0.685214
9.21367645	701	0.325848 0.676834  0.695030
9.21871185	701	0.325369 0.681862  0.692636
9.22374820	701	0.328002 0.671567  0.689523
9.22877216	700	0.327284 0.673243  0.691438
9.23380374	701	0.324411 0.673482  0.691917
9.23883628	701	0.328481 0.677313  0.688805
9.24387168	700	0.320580 0.675876  0.690002
9.24888801	699	0.327523 0.675637  0.690481
9.25392818	700	0.323693 0.678270  0.698860
9.25895977	700	0.323693 0.679468  0.691438
9.26400375	701	0.323932 0.669412  0.684974
9.26905155	698	0.324650 0.675637  0.688565
9.27410030	701	0.322256 0.675397  0.688326
9.27914810	701	0.329199 0.670370  0.690960
9.28417205	700	0.325608 0.670370  0.691917
9.28918838	700	0.330875 0.668694  0.691917
9.29421234	700	0.318665 0.671088  0.684974
9.29923629	701	0.325369 0.668215  0.688565
9.30426788	700	0.322496 0.674679  0.681143
9.30929565	700	0.317707 0.675158  0.685214
9.31432437	700	0.322735 0.673482  0.685214
9.31936359	700	0.329678 0.673482  0.696706
9.32439231	700	0.326566 0.677792  0.693354
9.32945632	700	0.325369 0.670849  0.680425
9.33450794	701	0.323693 0.677073  0.690241
9.33953952	698	0.326087 0.672285  0.690002
9.34455585	701	0.329678 0.678989  0.692157
9.34958839	701	0.326326 0.672764  0.689044
9.35462760	701	0.324411 0.674200  0.692157
9.35965156	700	0.324890 0.671327  0.696945
9.36468410	701	0.323693 0.681622  0.686650
9.36972045	700	0.325369 0.669891  0.699579
9.37476825	698	0.325608 0.675397  0.689523
9.37980365	700	0.326805 0.676595  0.693354
9.38485240	700	0.333270 0.671806  0.685692
9.38989639	701	0.324890 0.679468  0.694072
9.39494037	700	0.325608 0.680904  0.687847
9.39997959	701	0.324890 0.678031  0.696466
9.40501213	700	0.328481 0.673482  0.694790
9.41003608	701	0.330397 0.682341  0.691199
9.41506767	701	0.324890 0.673722  0.694551
9.42010021	700	0.324890 0.673243  0.686890
9.42512416	701	0.325369 0.669173  0.683298
9.43016433	701	0.324411 0.678510  0.698860
9.43519210	698	0.322975 0.671567  0.686890
9.44023609	701	0.327523 0.676595  0.692396
9.44528388	701	0.323453 0.674679  0.687608
9.45033645	701	0.327523 0.673243  0.691438
9.45538043	700	0.321059 0.675876  0.697903
9.46043205	701	0.327045 0.678031  0.691438
9.46545982	700	0.332551 0.677073  0.694551
9.47049236	701	0.327284 0.681143  0.684735
9.47553157	700	0.321299 0.671567  0.690720
9.48056411	700	0.325369 0.678749  0.691438
9.48559570	700	0.322256 0.674919  0.683777
9.49063587	700	0.325608 0.674200  0.685453
9.49566364	701	0.322256 0.679707  0.696227
9.50069618	701	0.323453 0.676116  0.688565
9.50574016	700	0.324650 0.671327  0.701255
9.51077175	701	0.327763 0.673243  0.693593
9.51581954	700	0.328721 0.677073  0.684974
9.52087211	698	0.325608 0.671088  0.688565
9.52590847	701	0.330397 0.673243  0.682819
9.53094005	701	0.323453 0.677552  0.691917
9.53597164	701	0.324890 0.672046  0.698142
9.54098796	701	0.325369 0.675876  0.685214
9.54601955	701	0.331115 0.670370  0.692396
9.55105972	698	0.322975 0.672524  0.693593
9.55610847	701	0.332072 0.678031  0.683059
9.56114387	701	0.330636 0.673243  0.688565
9.56618022	701	0.322496 0.678031  0.691678
9.57122802	701	0.324411 0.679946  0.687608
9.57627964	701	0.329918 0.675637  0.685932
9.58133220	698	0.327045 0.678749  0.684495
9.58636379	698	0.325369 0.677313  0.691917
9.59139156	701	0.327284 0.676595  0.690002
9.59641647	700	0.331115 0.676355  0.688565
9.60144805	701	0.328242 0.674200  0.686890
9.60645961	701	0.323453 0.673961  0.686171
9.61149978	699	0.322017 0.669891  0.695269
9.61652755	701	0.323932 0.673961  0.688565
9.62156391	701	0.322017 0.675158  0.689523
9.62661170	701	0.327045 0.674919  0.689284
9.63166046	701	0.328960 0.673243  0.691438
9.63670444	701	0.329918 0.667975  0.688087
9.64174842	701	0.324890 0.677073  0.688805
9.64678764	700	0.326566 0.669891  0.682341
9.65183639	701	0.324411 0.681143  0.695509
9.65687561	701	0.323693 0.671088  0.690960
9.66190433	701	0.324172 0.674679  0.689763
9.66693973	700	0.327045 0.672524  0.690481
9.67197990	700	0.322975 0.676834  0.693833
9.67701244	701	0.320102 0.675158  0.693593
9.68205165	699	0.324650 0.671806  0.687129
9.68708801	701	0.323453 0.674679  0.686171
9.69213962	698	0.325369 0.674919  0.695030
##inga 
#ido(sec)  szog(ADC)     ax(g)    ay(g)   az(g)
9.69772434	701	0.318904 0.673003  0.683777
9.70295619	701	0.318426 0.675397  0.690720
9.70818042	698	0.324411 0.676834  0.695030
9.71329975	701	0.329678 0.674200  0.694072
9.71830844	700	0.323693 0.672524  0.686650
9.72334003	699	0.325608 0.675397  0.697184
9.72836399	700	0.327523 0.677073  0.689523
9.73338794	700	0.323693 0.675637  0.686890
9.73841953	700	0.327284 0.676116  0.690720
9.74344444	701	0.326805 0.678989  0.684495
9.74847602	701	0.323693 0.676834  0.683059
9.75352001	701	0.325369 0.668454  0.694790
9.75856399	701	0.328481 0.673003  0.688087
9.76360416	698	0.333030 0.677073  0.687608
9.76863193	700	0.331354 0.678510  0.688805
9.77366828	701	0.329199 0.674679  0.691199
9.77869224	700	0.326326 0.678749  0.688565
9.78372383	698	0.323453 0.677552  0.694311
9.78875637	701	0.322017 0.676116  0.684256
9.79379177	702	0.328242 0.676355  0.695269
9.79882431	699	0.327763 0.668215  0.682341
9.80384826	701	0.319383 0.674679  0.688805
9.80889225	700	0.327045 0.670849  0.686171
9.81393241	700	0.327763 0.673482  0.698860
9.81896400	701	0.324890 0.679946  0.687847
9.82401180	701	0.329199 0.675158  0.684974
9.82904815	700	0.320102 0.672046  0.697184
9.83408355	698	0.327763 0.673243  0.684735
9.83911609	701	0.323453 0.677313  0.688565
9.84414768	701	0.325608 0.677552  0.690960
9.84916400	701	0.323932 0.672524  0.685453
9.85419559	700	0.330157 0.672285  0.687847
9.85923194	701	0.320580 0.674440  0.691438
9.86425971	701	0.323932 0.675637  0.684974
9.86929988	700	0.322975 0.675876  0.692875
9.87434768	699	0.320580 0.673722  0.698860
9.87938404	698	0.328002 0.680665  0.690002
9.88442802	701	0.326326 0.678510  0.696945
9.88947582	701	0.323932 0.674679  0.693114
9.89452838	700	0.333270 0.667257  0.693114
9.89956378	701	0.329199 0.672285  0.694072
9.90458774	701	0.326087 0.677792  0.687608
9.90962028	699	0.327523 0.674679  0.690960
9.91465187	700	0.331833 0.678270  0.686650
9.91967582	701	0.322975 0.676834  0.692396
9.92471981	701	0.331354 0.680904  0.693114
9.92975234	699	0.326566 0.673243  0.694790
9.93478775	701	0.328960 0.673961  0.701733
9.93982028	701	0.323932 0.674200  0.688565
9.94486427	701	0.328481 0.675397  0.693593
9.94990825	700	0.327284 0.673722  0.696945
9.95493984	698	0.329439 0.671088  0.682101
9.95996379	701	0.325129 0.665342  0.697184
9.96500396	700	0.326805 0.675637  0.697663
9.97003555	701	0.324411 0.675397  0.690241
9.97506809	700	0.319623 0.673243  0.694551
9.98010826	698	0.326805 0.680665  0.688805
9.98513603	698	0.328242 0.674440  0.695269
9.99018383	701	0.326566 0.671088  0.688326
9.99523162	701	0.320580 0.665342  0.693354
10.00025558	701	0.329918 0.669651  0.690002
10.00538825	701	0.322975 0.670370  0.690241
10.01052379	699	0.325848 0.673243  0.686171
10.01566028	701	0.323453 0.673961  0.694790
10.02079200	700	0.323693 0.673722  0.690481
10.02591991	700	0.323453 0.675158  0.692157
10.03106021	701	0.326326 0.681622  0.694551
10.03618431	699	0.321538 0.672046  0.692396
10.04132843	698	0.319383 0.675637  0.696706
10.04646015	700	0.329199 0.677073  0.697663
10.05160427	701	0.325848 0.668215  0.689763
10.05675601	699	0.325608 0.675158  0.688326
10.06190013	700	0.325369 0.675637  0.691438
10.06703186	700	0.328960 0.680186  0.693354
10.07217979	700	0.324650 0.683298  0.697184
10.07731246	700	0.327523 0.675637  0.689523
10.08245563	701	0.326566 0.677073  0.696227
10.08759593	701	0.324890 0.680186  0.693354
10.09271240	698	0.331354 0.676595  0.693354
10.09785175	699	0.326326 0.673243  0.689523
10.10299587	698	0.327763 0.681143  0.698142
10.10813236	699	0.331115 0.677313  0.683777
10.11326789	700	0.319144 0.675158  0.690960
10.11840438	701	0.325369 0.674919  0.691678
10.12353610	699	0.324172 0.675876  0.683777
10.12866783	701	0.325608 0.675397  0.692396
10.13379192	698	0.322496 0.675637  0.682819
10.13892364	698	0.328242 0.672046  0.690960
10.14405155	700	0.321538 0.676116  0.691438
10.14919567	699	0.328960 0.673961  0.686890
10.15431594	700	0.328002 0.676355  0.689044
10.15943622	701	0.324411 0.678510  0.687129
10.16456413	700	0.323214 0.675397  0.696706
10.16970825	701	0.327284 0.676595  0.688326
10.17483997	698	0.328002 0.672524  0.693833
10.17996788	698	0.326087 0.676116  0.694551
10.18509197	698	0.326566 0.673722  0.685932
10.19022846	701	0.322256 0.674200  0.690002
10.19534778	701	0.329439 0.674440  0.687608
10.20046806	701	0.321538 0.673003  0.693114
10.20559597	701	0.320341 0.673003  0.687608
##inga 
#ido(sec)  szog(ADC)     ax(g)    ay(g)   az(g)
10.21126842	701	0.327284 0.683777  0.689763
10.21658039	698	0.325608 0.668454  0.696227
10.22186374	701	0.324411 0.676595  0.680425
10.22707557	701	0.320580 0.673961  0.691917
10.23219966	701	0.328481 0.676595  0.696466
10.23732376	699	0.325848 0.674200  0.688565
10.24244403	701	0.331594 0.674919  0.706282
10.24757957	701	0.323453 0.681143  0.678749
10.25270843	701	0.331115 0.676834  0.694790
10.25784397	700	0.328721 0.673243  0.690960
10.26297569	698	0.329439 0.674679  0.694072
10.26809215	701	0.330157 0.677792  0.684735
10.27322769	698	0.325848 0.675158  0.690481
10.27836418	700	0.326805 0.672046  0.689044
10.28348827	701	0.329678 0.679707  0.693354
10.28860378	701	0.320820 0.672285  0.691199
10.29371643	701	0.326805 0.674679  0.703170
10.29883575	698	0.327045 0.676834  0.698142
10.30396366	698	0.326566 0.678989  0.686411
10.30908775	701	0.322496 0.677552  0.695748
10.31421184	700	0.325369 0.682580  0.699100
10.31932353	700	0.324411 0.673003  0.691438
10.32446002	700	0.333748 0.674919  0.694790
10.32957172	700	0.324890 0.676595  0.689284
10.33469963	701	0.327763 0.669412  0.696227
10.33983612	701	0.328002 0.676116  0.693114
10.34496402	700	0.328481 0.672764  0.701255
10.35008430	700	0.325369 0.673243  0.683059
10.35521221	701	0.325129 0.674440  0.692396
10.36034011	700	0.324172 0.672764  0.692396
10.36547183	698	0.325848 0.672285  0.690960
10.37060356	698	0.323214 0.675397  0.688565
10.37572383	699	0.327045 0.672764  0.695987
10.38084411	701	0.321538 0.675397  0.679946
10.38596820	698	0.326087 0.672524  0.687847
10.39108371	700	0.322975 0.673003  0.688326
10.39621162	700	0.326805 0.679468  0.689044
10.40134429	700	0.320102 0.675158  0.689284
10.40645980	700	0.325129 0.671806  0.690720
10.41159629	701	0.324411 0.677552  0.685932
10.41672420	701	0.328242 0.676355  0.691438
10.42185974	701	0.323453 0.678031  0.688565
10.42699623	701	0.326326 0.671327  0.688326
10.43213176	700	0.323932 0.675637  0.682819
10.43726825	701	0.328242 0.676595  0.692875
10.44241237	700	0.327763 0.679228  0.681143
10.44755554	700	0.321777 0.674679  0.688087
10.45270442	701	0.327284 0.679468  0.692396
10.45785999	701	0.318665 0.679468  0.683298
10.46301174	700	0.329199 0.680425  0.686890
10.46815204	701	0.319144 0.675637  0.687368
10.47331619	700	0.326326 0.673482  0.694311
10.47845554	700	0.325369 0.671327  0.694072
10.48358821	701	0.326326 0.673243  0.690002
10.48872375	700	0.319862 0.673243  0.687129
10.49385166	701	0.324411 0.681383  0.696466
10.49898815	701	0.322017 0.675158  0.689044
10.50412368	700	0.323453 0.676116  0.691438
10.50928020	701	0.328002 0.677552  0.688565
10.51439571	698	0.325369 0.679468  0.688087
10.51954841	701	0.329918 0.672285  0.689763
10.52468395	701	0.328960 0.671806  0.693354
10.52981185	698	0.326087 0.670130  0.690720
10.53493595	700	0.321059 0.675397  0.689763
10.54008769	701	0.322975 0.677792  0.687368
10.54523563	698	0.320580 0.672524  0.688087
10.55035591	699	0.319623 0.674679  0.699100
10.55550003	700	0.326805 0.679468  0.687847
10.56062793	700	0.322975 0.675876  0.691438
10.56577205	701	0.322017 0.677792  0.686171
10.57090377	700	0.323932 0.672046  0.689284
10.57603168	701	0.324650 0.676355  0.687847
10.58117198	700	0.328721 0.673003  0.681862
10.58630752	701	0.324411 0.670370  0.694311
10.59143638	701	0.327523 0.673961  0.694311
10.59656810	701	0.327284 0.676355  0.687129
10.60169982	700	0.323453 0.673243  0.695030
10.60683631	700	0.327045 0.680904  0.691917
10.61197185	698	0.327763 0.677313  0.685214
10.61710357	701	0.326087 0.671806  0.696227
10.62222766	698	0.332072 0.679707  0.689523
10.62736034	701	0.321777 0.671806  0.692396
10.63249206	700	0.323693 0.674440  0.691917
10.63761997	701	0.326566 0.673003  0.687847
10.64275169	701	0.322496 0.679946  0.701973
10.64787578	701	0.323693 0.668694  0.683777
10.65299606	701	0.328721 0.677792  0.701015
10.65814399	701	0.323453 0.678031  0.693593
10.66326808	700	0.322496 0.673722  0.689284
10.66840362	700	0.318665 0.674440  0.695269
10.67353153	699	0.318665 0.670130  0.685932
10.67865180	699	0.327284 0.674440  0.697903
10.68378829	700	0.326087 0.672524  0.693354
10.68890762	699	0.326326 0.671806  0.683298
10.69403553	701	0.323453 0.680425  0.691917
10.69915580	701	0.329678 0.679707  0.680186
10.70427227	701	0.325369 0.677792  0.686411
10.70940399	700	0.324890 0.676834  0.693114
10.71452045	701	0.324890 0.676834  0.688326
10.71964359	701	0.324411 0.675397  0.689044
10.72478008	701	0.321538 0.673722  0.692396
##inga 
#ido(sec)  szog(ADC)     ax(g)    ay(g)   az(g)
10.73044013	701	0.324172 0.678270  0.689763
10.73572826	701	0.323453 0.673003  0.680425
10.74099636	701	0.323932 0.676355  0.697663
10.74623584	699	0.329199 0.675637  0.693833
10.75136375	701	0.328002 0.678510  0.686171
10.75648403	701	0.323453 0.676116  0.688805
10.76162815	701	0.325608 0.676355  0.693593
10.76675605	700	0.326805 0.672764  0.689523
10.77188396	701	0.329678 0.673961  0.690481
10.77700805	701	0.319383 0.675397  0.691678
10.78213596	698	0.322735 0.676834  0.688087
10.78726768	700	0.320580 0.675637  0.691678
10.79238414	700	0.326087 0.679707  0.691438
10.79750823	701	0.326805 0.668694  0.690481
10.80262374	700	0.327523 0.681383  0.693593
10.80776405	701	0.324411 0.671806  0.691678
10.81289196	701	0.318904 0.675876  0.693354
10.81802368	701	0.328960 0.679707  0.686411
10.82314777	701	0.323932 0.676834  0.692157
10.82828426	701	0.326566 0.673243  0.700776
10.83341598	699	0.322735 0.673243  0.697184
10.83854770	701	0.321059 0.664145  0.695509
10.84366798	701	0.323214 0.678510  0.684256
10.84879589	701	0.328481 0.677073  0.690960
10.85390758	701	0.325848 0.673003  0.689763
10.85902404	701	0.324411 0.674679  0.688565
10.86415195	701	0.332312 0.676116  0.693354
10.86929225	700	0.327284 0.675637  0.690960
10.87442016	701	0.322017 0.676355  0.686650
10.87953186	701	0.321538 0.677552  0.690002
10.88465976	699	0.322496 0.669173  0.698621
10.88978767	701	0.326805 0.674679  0.687608
10.89490795	701	0.324890 0.673482  0.684974
