##inga 
#ido(sec)  szog(ADC)     ax(g)    ay(g)   az(g)
0.00170400	394	-0.198956 -0.267190  0.972994
0.00691600	393	-0.204223 -0.265993  0.967487
##inga 
#ido(sec)  szog(ADC)     ax(g)    ay(g)   az(g)
0.01350800	391	-0.210927 -0.265514  0.977303
0.01872400	392	-0.202547 -0.270063  0.976106
0.02393200	393	-0.197520 -0.266951  0.981373
0.02916800	393	-0.199435 -0.265993  0.971078
0.03426000	392	-0.207815 -0.268627  0.975148
0.03935200	393	-0.202787 -0.261684  0.971557
0.04444800	393	-0.202308 -0.264796  0.979937
0.04952400	393	-0.199914 -0.262641  0.982331
0.05462400	392	-0.195844 -0.269106  0.968205
0.05971600	393	-0.199674 -0.270063  0.968445
0.06479600	391	-0.201111 -0.266472  0.972994
0.06988400	392	-0.199435 -0.263599  0.978500
0.07497200	391	-0.205660 -0.268148  0.983049
0.08006400	393	-0.202787 -0.271021  0.971797
0.08516799	392	-0.199435 -0.262402  0.980894
0.09026401	391	-0.205899 -0.266233  0.977303
0.09536400	393	-0.200153 -0.269824  0.972515
0.10044400	391	-0.196323 -0.266233  0.975148
0.10557200	393	-0.201350 -0.269345  0.966290
0.11066000	393	-0.200871 -0.268627  0.974191
0.11574400	390	-0.202547 -0.268866  0.971557
0.12084000	391	-0.202547 -0.268148  0.970600
0.12593199	393	-0.200153 -0.270781  0.973951
0.13102400	393	-0.193210 -0.268866  0.974430
0.13612400	392	-0.203505 -0.271739  0.971078
0.14121199	390	-0.198477 -0.267190  0.981852
0.14632399	393	-0.206139 -0.268627  0.970839
0.15142799	392	-0.194647 -0.266472  0.974191
0.15653200	392	-0.197998 -0.269584  0.975867
0.16163599	393	-0.205420 -0.269824  0.978022
0.16673999	390	-0.207575 -0.267908  0.977543
0.17184800	393	-0.202069 -0.267430  0.975627
0.17694799	393	-0.198956 -0.267669  0.985443
0.18206800	392	-0.203266 -0.265275  0.978979
0.18716800	394	-0.203505 -0.267190  0.978261
0.19225599	393	-0.200871 -0.268866  0.981373
0.19734000	392	-0.203745 -0.271500  0.977064
0.20242800	393	-0.198238 -0.265275  0.979219
0.20752799	393	-0.195604 -0.262881  0.974191
0.21261200	392	-0.205660 -0.268627  0.982810
0.21769599	393	-0.207336 -0.261205  0.982092
0.22279999	392	-0.203745 -0.261444  0.984007
0.22789199	392	-0.201350 -0.259529  0.972275
0.23298401	393	-0.202308 -0.261923  0.975388
0.23806800	392	-0.202069 -0.265514  0.979219
0.24315600	393	-0.204223 -0.268866  0.973233
0.24824800	393	-0.204942 -0.270781  0.975627
0.25334000	390	-0.200632 -0.268387  0.972994
0.25842800	393	-0.202547 -0.269106  0.987119
0.26351199	390	-0.201590 -0.270303  0.973951
0.26859598	393	-0.200632 -0.264557  0.969881
0.27368400	392	-0.205181 -0.268387  0.973951
0.27877597	391	-0.197998 -0.266951  0.967248
0.28387598	392	-0.203984 -0.270303  0.969642
0.28896400	393	-0.205899 -0.268148  0.980176
0.29405999	391	-0.202308 -0.266472  0.980176
0.29915599	393	-0.206378 -0.269106  0.973712
0.30424401	391	-0.205181 -0.267908  0.972036
0.30933599	393	-0.203505 -0.262641  0.972036
0.31442799	393	-0.200393 -0.269584  0.972515
0.31953201	392	-0.203026 -0.267908  0.968684
0.32462401	393	-0.197280 -0.267430  0.977303
0.32971599	392	-0.199674 -0.269824  0.970360
0.33481600	393	-0.198717 -0.265514  0.981613
0.33992400	392	-0.200393 -0.262402  0.967487
0.34502398	393	-0.204942 -0.268387  0.985204
0.35011601	392	-0.201590 -0.265993  0.961502
0.35520801	391	-0.196562 -0.270542  0.977782
0.36031601	393	-0.200632 -0.262402  0.978500
0.36540400	392	-0.202069 -0.268387  0.974909
0.37049601	390	-0.202308 -0.264078  0.972754
0.37559599	393	-0.205420 -0.269106  0.976346
0.38071201	393	-0.198717 -0.270542  0.970121
0.38582000	393	-0.206139 -0.269106  0.983289
0.39092001	391	-0.197998 -0.260726  0.967726
0.39602802	392	-0.208533 -0.266472  0.977543
0.40113201	392	-0.202547 -0.265275  0.969163
0.40623598	394	-0.204223 -0.264557  0.978740
0.41132397	392	-0.198956 -0.268148  0.975867
0.41642799	393	-0.204223 -0.270063  0.974670
0.42150802	393	-0.197520 -0.264796  0.974191
0.42660799	392	-0.202787 -0.266951  0.977782
0.43169999	394	-0.201590 -0.264557  0.974909
0.43680000	393	-0.200393 -0.268627  0.975867
0.44187998	393	-0.205899 -0.270303  0.971557
0.44696002	392	-0.202069 -0.273415  0.978979
0.45205202	392	-0.196801 -0.267669  0.972754
0.45715198	393	-0.200871 -0.271979  0.973951
0.46224398	393	-0.206618 -0.262162  0.983528
0.46733999	391	-0.197998 -0.260965  0.981373
0.47242798	391	-0.202308 -0.260008  0.981134
0.47750396	393	-0.197041 -0.268627  0.968445
0.48260798	392	-0.197280 -0.264317  0.970839
0.48771200	393	-0.204223 -0.264078  0.972515
0.49279999	393	-0.201350 -0.267190  0.971797
0.49788398	393	-0.200153 -0.266951  0.975148
0.50298399	393	-0.203026 -0.269584  0.975867
0.50808401	392	-0.200632 -0.268387  0.976585
0.51317601	393	-0.197041 -0.269106  0.975388
0.51828002	393	-0.192252 -0.268866  0.983289
0.52339601	391	-0.201590 -0.267190  0.976346
##inga 
#ido(sec)  szog(ADC)     ax(g)    ay(g)   az(g)
0.52902402	394	-0.201350 -0.269345  0.971557
0.53426403	393	-0.201829 -0.265754  0.977064
0.53949203	392	-0.203745 -0.267430  0.975148
0.54472799	393	-0.200632 -0.270063  0.971078
0.54981203	393	-0.195125 -0.269345  0.974909
0.55491600	393	-0.195604 -0.264317  0.973233
0.56001596	393	-0.206139 -0.268866  0.978979
0.56511597	391	-0.198477 -0.266711  0.986401
0.57021999	393	-0.200871 -0.269584  0.972994
0.57532401	393	-0.206139 -0.265514  0.978500
0.58042402	393	-0.201111 -0.268148  0.975867
0.58554000	391	-0.207815 -0.272697  0.979219
0.59065198	393	-0.205660 -0.264078  0.976585
0.59575200	393	-0.202069 -0.267430  0.974191
0.60083599	392	-0.197759 -0.267908  0.983289
0.60593600	391	-0.199914 -0.267908  0.979458
0.61102800	391	-0.205660 -0.264317  0.981373
0.61612396	390	-0.201350 -0.268387  0.978022
0.62122397	392	-0.201111 -0.262402  0.978740
0.62631602	391	-0.197041 -0.270542  0.972994
0.63140397	393	-0.198477 -0.263838  0.972275
0.63649997	392	-0.202787 -0.266711  0.980894
0.64160003	393	-0.201350 -0.266233  0.973951
0.64669198	393	-0.202308 -0.275091  0.979937
0.65177202	392	-0.202069 -0.265514  0.976824
0.65685997	392	-0.199674 -0.263360  0.972515
0.66196398	393	-0.199196 -0.264796  0.975867
0.66706399	393	-0.196083 -0.263838  0.971318
0.67216005	393	-0.196801 -0.263360  0.971318
0.67726397	393	-0.200871 -0.271739  0.972515
0.68235597	393	-0.203505 -0.267430  0.971318
0.68744802	393	-0.196801 -0.267190  0.981373
0.69254798	392	-0.198238 -0.266951  0.972275
0.69765195	392	-0.199914 -0.270063  0.983528
0.70274000	393	-0.199674 -0.268148  0.975388
0.70783195	393	-0.204463 -0.271979  0.975627
0.71292800	393	-0.200153 -0.262881  0.973472
0.71802000	393	-0.201111 -0.272457  0.983767
0.72312402	392	-0.203984 -0.267908  0.970121
0.72821598	392	-0.198238 -0.271500  0.978261
0.73331999	394	-0.198238 -0.266711  0.973712
0.73842802	392	-0.198477 -0.264557  0.969163
0.74354000	392	-0.195125 -0.265275  0.977782
0.74864797	393	-0.202308 -0.268148  0.973951
0.75373201	393	-0.198956 -0.265993  0.979697
0.75883598	392	-0.203026 -0.262641  0.978979
0.76393995	392	-0.199674 -0.267430  0.971557
0.76903600	390	-0.203745 -0.267430  0.981852
0.77414398	393	-0.207336 -0.265993  0.976346
0.77925200	391	-0.202787 -0.262162  0.975627
0.78436398	391	-0.196801 -0.261444  0.976346
0.78946800	392	-0.203026 -0.266472  0.972515
0.79456400	390	-0.197520 -0.265514  0.972036
0.79966802	393	-0.203745 -0.271739  0.978022
0.80478000	393	-0.203984 -0.264317  0.979219
0.80988397	393	-0.200153 -0.269106  0.972036
0.81497993	393	-0.195604 -0.260247  0.973951
0.82007999	392	-0.199914 -0.266711  0.973951
0.82518796	393	-0.201829 -0.266472  0.972515
0.83029193	393	-0.199196 -0.260008  0.966769
0.83540401	393	-0.202787 -0.270542  0.979219
0.84051198	393	-0.204463 -0.264796  0.970360
0.84561195	392	-0.201829 -0.267190  0.975388
0.85071601	392	-0.202308 -0.266951  0.975388
0.85581998	393	-0.206378 -0.268148  0.974191
0.86092395	393	-0.199196 -0.266711  0.973233
0.86604003	393	-0.203745 -0.264078  0.974909
0.87114400	393	-0.201350 -0.265993  0.978979
0.87621994	393	-0.208293 -0.267669  0.977543
0.88131599	393	-0.196323 -0.266711  0.970360
0.88642005	393	-0.207096 -0.269106  0.967008
0.89150400	393	-0.200632 -0.269106  0.973472
0.89658803	393	-0.203505 -0.267430  0.978740
0.90167198	392	-0.199674 -0.270063  0.978740
0.90674800	392	-0.199914 -0.264557  0.974430
0.91184005	391	-0.204223 -0.263120  0.976585
0.91693201	393	-0.203984 -0.265035  0.973472
0.92202005	393	-0.200632 -0.265514  0.974191
0.92711200	392	-0.199435 -0.265754  0.973472
0.93220405	393	-0.201350 -0.265035  0.970600
0.93729200	393	-0.201350 -0.265754  0.972036
0.94237203	393	-0.200153 -0.263599  0.969163
0.94745998	390	-0.201590 -0.263838  0.981373
0.95255203	393	-0.201111 -0.261684  0.978740
0.95764398	393	-0.201111 -0.268387  0.967248
0.96274795	393	-0.201829 -0.264557  0.970839
0.96784801	390	-0.210688 -0.267908  0.978261
0.97293195	393	-0.203026 -0.271500  0.977303
0.97802000	393	-0.206857 -0.268866  0.969402
0.98310003	393	-0.208293 -0.265514  0.976346
0.98820800	391	-0.198717 -0.271739  0.982092
0.99331998	393	-0.199674 -0.268627  0.975867
0.99843597	392	-0.202308 -0.269345  0.973233
1.00352394	393	-0.202787 -0.265754  0.976585
1.00862801	394	-0.201829 -0.266951  0.988795
1.01373195	393	-0.197280 -0.264557  0.973712
1.01883602	392	-0.202308 -0.269584  0.963896
1.02393603	390	-0.199674 -0.265754  0.976824
1.02904403	392	-0.206618 -0.270063  0.979219
1.03414797	393	-0.199914 -0.259529  0.970839
1.03925204	393	-0.198238 -0.269106  0.969163
##inga 
#ido(sec)  szog(ADC)     ax(g)    ay(g)   az(g)
1.04489600	391	-0.200871 -0.264557  0.984965
1.05012798	393	-0.203745 -0.268148  0.982331
1.05535602	392	-0.201111 -0.269345  0.968684
1.06059598	393	-0.202308 -0.264796  0.967726
1.06570005	393	-0.198477 -0.263360  0.971318
1.07080399	393	-0.199674 -0.263120  0.974430
1.07589602	393	-0.200153 -0.265275  0.977543
1.08099996	393	-0.201590 -0.269824  0.979219
1.08609199	393	-0.197520 -0.268866  0.974909
1.09119594	392	-0.195844 -0.263838  0.973712
1.09630001	393	-0.200632 -0.267908  0.977782
1.10137999	392	-0.200632 -0.265035  0.973712
1.10648000	393	-0.200871 -0.263599  0.976346
1.11156797	393	-0.201111 -0.267669  0.980416
1.11665999	390	-0.201590 -0.265035  0.978979
1.12176001	391	-0.202308 -0.268627  0.976585
1.12685596	393	-0.205660 -0.269345  0.974430
1.13194799	393	-0.210688 -0.265754  0.976824
1.13704800	392	-0.203026 -0.264317  0.973233
1.14213597	392	-0.204463 -0.266472  0.978261
1.14722800	392	-0.201350 -0.269584  0.975148
1.15232002	392	-0.208533 -0.265275  0.968684
1.15741205	392	-0.208054 -0.270781  0.973712
1.16250002	393	-0.199435 -0.269584  0.974430
1.16759598	393	-0.204702 -0.269345  0.973472
1.17269194	393	-0.198956 -0.269345  0.986641
1.17780399	393	-0.200871 -0.266472  0.970121
1.18290400	391	-0.199914 -0.265275  0.974909
1.18801200	393	-0.201350 -0.265035  0.971797
1.19311201	393	-0.200153 -0.265754  0.983049
1.19821203	393	-0.195844 -0.265035  0.978261
1.20331597	390	-0.203745 -0.265035  0.977064
1.20842003	391	-0.201111 -0.265993  0.972515
1.21352005	393	-0.200632 -0.267669  0.975388
1.21862399	393	-0.196323 -0.261923  0.974191
1.22373199	393	-0.203505 -0.268627  0.978979
1.22883605	393	-0.202069 -0.271500  0.976106
1.23392403	393	-0.201350 -0.265514  0.970121
1.23904001	391	-0.195844 -0.264557  0.963178
1.24415600	393	-0.206139 -0.266711  0.973951
1.24925196	393	-0.200153 -0.269584  0.980894
1.25434005	392	-0.202787 -0.267908  0.971557
1.25942802	393	-0.200871 -0.266951  0.966051
1.26453197	392	-0.203266 -0.266711  0.974430
1.26963603	393	-0.202308 -0.264796  0.973712
1.27473199	391	-0.202787 -0.270781  0.978261
1.27984404	391	-0.200153 -0.270781  0.966529
1.28496003	393	-0.205181 -0.271500  0.977543
1.29007196	393	-0.199914 -0.269824  0.977064
1.29518795	392	-0.202787 -0.270303  0.978022
1.30029594	394	-0.201829 -0.268627  0.983767
1.30541205	393	-0.198717 -0.266472  0.978022
1.31053996	393	-0.200153 -0.265993  0.977543
1.31564795	393	-0.203984 -0.263360  0.968205
1.32075595	393	-0.202787 -0.269584  0.977782
1.32587599	392	-0.197520 -0.268387  0.979937
1.33099603	393	-0.195604 -0.264796  0.970360
1.33609604	393	-0.202787 -0.268387  0.972515
1.34119999	393	-0.199914 -0.259768  0.983289
1.34630799	391	-0.201111 -0.264078  0.972515
1.35142004	393	-0.195604 -0.268148  0.978500
1.35652399	393	-0.209012 -0.269824  0.978022
1.36163997	393	-0.203984 -0.261923  0.978500
1.36674404	394	-0.198238 -0.267190  0.974191
1.37184798	394	-0.202787 -0.265514  0.965572
1.37695598	393	-0.202547 -0.265993  0.971078
1.38206005	392	-0.201350 -0.269106  0.968445
1.38715993	393	-0.202787 -0.270542  0.977303
1.39225196	393	-0.202308 -0.259768  0.972754
1.39733195	393	-0.202547 -0.262162  0.968924
1.40243196	393	-0.203745 -0.263360  0.974191
1.40753602	394	-0.202787 -0.270303  0.972515
1.41262397	393	-0.203266 -0.272697  0.973712
1.41772794	393	-0.209251 -0.267190  0.974909
1.42282400	393	-0.202787 -0.262881  0.978979
1.42791604	393	-0.200393 -0.263599  0.981852
1.43301591	391	-0.199435 -0.268387  0.972036
1.43811597	393	-0.198477 -0.268387  0.979937
1.44320402	393	-0.202069 -0.266233  0.967008
1.44830408	393	-0.200393 -0.265993  0.976585
1.45338797	393	-0.199435 -0.267669  0.976346
1.45849599	391	-0.202308 -0.263360  0.978022
1.46358799	391	-0.200871 -0.264796  0.976824
1.46868395	393	-0.203266 -0.261684  0.970121
1.47378802	393	-0.197280 -0.268148  0.980894
1.47888803	393	-0.201829 -0.266472  0.972275
1.48397994	391	-0.198238 -0.267190  0.981134
1.48908400	393	-0.204223 -0.259050  0.977303
1.49417200	393	-0.200871 -0.267908  0.967726
1.49926805	393	-0.203505 -0.266951  0.969163
1.50437202	393	-0.202069 -0.266472  0.976824
1.50947594	393	-0.204942 -0.269824  0.977064
1.51456403	391	-0.198717 -0.265275  0.974909
1.51968002	393	-0.200632 -0.266233  0.972754
1.52478799	393	-0.201111 -0.265754  0.977782
1.52990398	393	-0.203026 -0.255938  0.972994
1.53500795	393	-0.206857 -0.265275  0.970600
1.54010400	393	-0.201829 -0.268866  0.978740
1.54519605	393	-0.206139 -0.269824  0.973712
1.55029201	393	-0.193689 -0.262641  0.975627
1.55540394	392	-0.201350 -0.268387  0.976346
##inga 
#ido(sec)  szog(ADC)     ax(g)    ay(g)   az(g)
1.56104397	393	-0.206618 -0.263599  0.975627
1.56629600	393	-0.207815 -0.265754  0.977064
1.57153201	393	-0.198238 -0.269824  0.965811
1.57677993	393	-0.202308 -0.270303  0.976824
1.58187999	393	-0.203266 -0.264557  0.972515
1.58698406	393	-0.200871 -0.271739  0.974670
1.59209203	393	-0.203505 -0.265993  0.981134
1.59719204	390	-0.201829 -0.266472  0.976824
1.60230803	393	-0.206378 -0.265275  0.973712
1.60741195	393	-0.201111 -0.263120  0.974191
1.61251602	393	-0.204223 -0.264317  0.976106
1.61761999	392	-0.202308 -0.261923  0.976824
1.62271203	393	-0.202787 -0.270063  0.974430
1.62779998	392	-0.205660 -0.269824  0.976106
1.63288793	393	-0.197041 -0.261444  0.977303
1.63799200	391	-0.202787 -0.269345  0.972515
1.64308404	392	-0.205420 -0.264078  0.972515
1.64818000	393	-0.199914 -0.265035  0.972515
1.65327596	393	-0.200632 -0.268627  0.989992
1.65836801	392	-0.200871 -0.268387  0.978500
1.66346001	393	-0.201350 -0.271260  0.979697
1.66854801	392	-0.204702 -0.263838  0.977064
1.67364397	393	-0.200632 -0.268148  0.982810
1.67873201	393	-0.200871 -0.259050  0.976346
1.68382000	393	-0.199914 -0.268387  0.972515
1.68891201	393	-0.200393 -0.266472  0.974909
1.69401597	393	-0.198477 -0.269584  0.974670
1.69910802	394	-0.205899 -0.270303  0.975867
1.70419597	393	-0.196562 -0.267908  0.976824
1.70929203	393	-0.202308 -0.264078  0.968445
1.71439194	392	-0.202308 -0.270542  0.974670
1.71948003	395	-0.205181 -0.263360  0.976585
1.72458400	392	-0.203266 -0.267669  0.975627
1.72968397	393	-0.204942 -0.264317  0.967726
1.73480405	393	-0.195604 -0.268387  0.973951
1.73990402	392	-0.200871 -0.264796  0.978500
1.74499597	392	-0.202787 -0.264796  0.981852
1.75010395	391	-0.206139 -0.261444  0.983289
1.75520801	393	-0.198717 -0.266951  0.977782
1.76031599	391	-0.203026 -0.267908  0.968205
1.76540803	393	-0.202787 -0.266472  0.975867
1.77053203	393	-0.203266 -0.265514  0.975627
1.77565202	393	-0.201590 -0.267908  0.974430
1.78074002	393	-0.207575 -0.261923  0.974909
1.78584394	393	-0.198956 -0.266951  0.972036
1.79095993	392	-0.200632 -0.268627  0.976585
1.79606399	393	-0.195125 -0.268866  0.977782
1.80117206	392	-0.200393 -0.264796  0.972036
1.80627202	393	-0.206618 -0.262641  0.967726
1.81138000	393	-0.202308 -0.262162  0.972994
1.81648397	393	-0.202069 -0.270303  0.970360
1.82157192	393	-0.201829 -0.267190  0.976346
1.82668800	393	-0.195125 -0.259289  0.976585
1.83180408	391	-0.203266 -0.266472  0.975388
1.83691997	392	-0.206857 -0.270542  0.974430
1.84202394	390	-0.205420 -0.267430  0.974191
1.84713191	393	-0.200871 -0.271021  0.974670
1.85223999	393	-0.203984 -0.266472  0.973951
1.85734405	393	-0.200393 -0.268866  0.976106
1.86245594	392	-0.204702 -0.270542  0.978740
1.86754798	394	-0.204942 -0.271739  0.974909
1.87265205	393	-0.198717 -0.268627  0.977303
1.87777194	393	-0.197998 -0.268387  0.968924
1.88288402	393	-0.204223 -0.268627  0.975867
1.88800392	392	-0.202787 -0.270303  0.970839
1.89310398	393	-0.202069 -0.267190  0.974191
1.89820804	391	-0.204702 -0.267908  0.973233
1.90329189	392	-0.200393 -0.267190  0.976106
1.90837593	393	-0.200393 -0.266951  0.963656
1.91346797	393	-0.203505 -0.268387  0.977064
1.91855602	390	-0.204223 -0.263838  0.978261
1.92366008	392	-0.206618 -0.271021  0.964854
1.92875595	393	-0.201590 -0.267669  0.964375
1.93385601	393	-0.200393 -0.267908  0.966529
1.93894395	393	-0.201111 -0.265275  0.981373
1.94405193	392	-0.200871 -0.269824  0.978979
1.94913997	393	-0.198717 -0.265035  0.975867
1.95424404	391	-0.207096 -0.265035  0.979937
1.95933609	393	-0.209969 -0.269824  0.969163
1.96442794	393	-0.203745 -0.269106  0.978740
1.96952800	393	-0.208293 -0.265275  0.975388
1.97461605	393	-0.194886 -0.261205  0.968924
1.97971591	393	-0.203266 -0.271979  0.976106
1.98480405	393	-0.203026 -0.266711  0.979458
1.98990402	393	-0.193689 -0.262162  0.977782
1.99501209	392	-0.204702 -0.265514  0.979219
2.00011992	392	-0.201829 -0.266711  0.980894
2.00523209	393	-0.201350 -0.269584  0.966529
2.01032400	394	-0.202547 -0.264796  0.976824
2.01542806	393	-0.204463 -0.261923  0.978979
2.02053189	392	-0.199674 -0.269345  0.977303
2.02563595	393	-0.203984 -0.269106  0.980176
2.03073191	393	-0.200632 -0.264557  0.974430
2.03582406	393	-0.203266 -0.270781  0.973472
2.04090809	393	-0.202787 -0.269106  0.977303
2.04601192	393	-0.200632 -0.266233  0.977064
2.05112004	393	-0.205899 -0.268148  0.976585
2.05623197	391	-0.197759 -0.264557  0.967248
2.06135201	393	-0.198477 -0.261923  0.978740
2.06646800	393	-0.204223 -0.265514  0.975627
2.07158803	393	-0.200393 -0.266951  0.978500
##inga 
#ido(sec)  szog(ADC)     ax(g)    ay(g)   az(g)
2.07720398	393	-0.197280 -0.259768  0.969881
2.08244395	393	-0.197759 -0.260965  0.976585
2.08768010	393	-0.201111 -0.269345  0.966290
2.09290409	392	-0.200393 -0.261444  0.981613
2.09801602	393	-0.200632 -0.266951  0.977303
2.10312795	393	-0.202547 -0.261205  0.972036
2.10824394	393	-0.204702 -0.268387  0.978261
2.11333203	393	-0.205420 -0.268866  0.977543
2.11843609	390	-0.202787 -0.265993  0.972515
2.12353610	393	-0.198477 -0.264078  0.976824
2.12864398	393	-0.204702 -0.262641  0.975388
2.13374805	393	-0.198717 -0.268387  0.981613
2.13885188	391	-0.196083 -0.269584  0.981134
2.14393997	393	-0.199435 -0.264796  0.972275
2.14903998	392	-0.202547 -0.270542  0.971318
2.15413188	391	-0.205899 -0.269584  0.980416
2.15922403	393	-0.200393 -0.266951  0.972275
2.16432809	393	-0.200871 -0.261923  0.974909
2.16942000	390	-0.206857 -0.268148  0.965811
2.17450809	393	-0.203745 -0.268387  0.978979
2.17960000	391	-0.202308 -0.263838  0.973712
2.18467593	393	-0.201829 -0.266472  0.978261
2.18977189	393	-0.196323 -0.269106  0.972754
2.19487190	393	-0.201350 -0.261444  0.984246
2.19996809	391	-0.199435 -0.258092  0.968205
2.20506000	394	-0.197520 -0.264317  0.981373
2.21014809	393	-0.196083 -0.266233  0.972994
2.21524810	392	-0.203266 -0.264557  0.970839
2.22034406	390	-0.204223 -0.271979  0.973951
2.22543597	391	-0.199914 -0.265514  0.968205
2.23054003	392	-0.204942 -0.263599  0.977303
2.23564004	393	-0.201350 -0.264078  0.977782
2.24072408	391	-0.199196 -0.265754  0.979937
2.24584388	394	-0.202069 -0.263360  0.983049
2.25094389	393	-0.200632 -0.267430  0.970839
2.25603604	393	-0.204463 -0.268627  0.979937
2.26114010	394	-0.199196 -0.269824  0.979697
2.26625204	391	-0.200871 -0.264078  0.973712
2.27133989	390	-0.201111 -0.265993  0.972994
2.27643609	392	-0.201350 -0.265514  0.976346
2.28155207	393	-0.206378 -0.272457  0.975867
2.28665995	393	-0.201829 -0.274133  0.978261
2.29176402	393	-0.202547 -0.271739  0.971318
2.29687190	393	-0.200153 -0.266711  0.984725
2.30198788	392	-0.202787 -0.268387  0.971797
2.30709195	393	-0.204942 -0.272457  0.974430
2.31218791	392	-0.197041 -0.266233  0.968205
2.31730389	391	-0.199435 -0.260965  0.976585
2.32241201	392	-0.202308 -0.267908  0.972994
2.32751202	394	-0.204463 -0.268387  0.978740
2.33261990	393	-0.196083 -0.267190  0.977303
2.33772397	393	-0.197759 -0.267190  0.980416
2.34282803	393	-0.198238 -0.264796  0.975388
2.34793996	392	-0.195604 -0.263838  0.985922
2.35305190	393	-0.202787 -0.265035  0.980655
2.35814809	391	-0.210448 -0.274852  0.978979
2.36326789	393	-0.200871 -0.266472  0.969642
2.36838388	393	-0.198956 -0.268387  0.970600
2.37348794	393	-0.202787 -0.258811  0.967966
2.37859606	393	-0.194647 -0.261205  0.974670
2.38370800	392	-0.208054 -0.265035  0.974430
2.38880801	393	-0.197998 -0.259529  0.977064
2.39392399	390	-0.199914 -0.270303  0.976585
2.39903593	393	-0.200632 -0.269106  0.984965
2.40415191	393	-0.199435 -0.266951  0.976585
2.40926003	393	-0.197759 -0.268866  0.977782
2.41436409	393	-0.201590 -0.261923  0.981373
2.41946792	393	-0.198717 -0.265514  0.981852
2.42459201	392	-0.206378 -0.267908  0.975388
2.42969989	393	-0.207336 -0.268627  0.975867
2.43481993	392	-0.202547 -0.269106  0.975627
2.43993210	393	-0.204223 -0.265754  0.977303
2.44503593	393	-0.203266 -0.268866  0.968924
2.45015597	393	-0.209491 -0.266233  0.981613
2.45526003	393	-0.206139 -0.268387  0.967726
2.46036005	393	-0.203745 -0.265754  0.973712
2.46546792	393	-0.202547 -0.262402  0.973472
2.47056794	393	-0.197759 -0.265275  0.972994
2.47567200	394	-0.204702 -0.265275  0.978261
2.48076009	393	-0.202547 -0.264557  0.972036
2.48585200	391	-0.195365 -0.261205  0.968924
2.49094796	391	-0.202787 -0.270303  0.975627
2.49603605	390	-0.201111 -0.261444  0.969402
2.50115203	390	-0.200632 -0.268627  0.979219
2.50624394	393	-0.197520 -0.268627  0.984246
2.51134395	390	-0.199196 -0.270063  0.978740
2.51642799	393	-0.200871 -0.270542  0.980176
2.52151608	391	-0.200632 -0.267190  0.971557
2.52660393	393	-0.205420 -0.265035  0.980894
2.53169202	393	-0.211166 -0.267669  0.969642
2.53679609	393	-0.197998 -0.265514  0.978022
2.54189991	393	-0.203026 -0.266951  0.978261
2.54700398	392	-0.207815 -0.270303  0.968445
2.55209994	392	-0.204702 -0.270063  0.972994
2.55718398	393	-0.197759 -0.261923  0.977782
2.56228804	391	-0.201829 -0.269584  0.973472
2.56737995	392	-0.201829 -0.269345  0.983289
2.57249593	394	-0.207096 -0.266951  0.973712
2.57758808	391	-0.203266 -0.267908  0.978740
2.58267998	393	-0.199674 -0.264796  0.973951
2.58777999	393	-0.201829 -0.265035  0.972036
##inga 
#ido(sec)  szog(ADC)     ax(g)    ay(g)   az(g)
2.59342002	392	-0.197520 -0.266233  0.975148
2.59866809	393	-0.199914 -0.263120  0.978740
2.60391998	392	-0.198477 -0.269824  0.972515
2.60915207	393	-0.201350 -0.260247  0.971557
2.61423611	393	-0.197998 -0.271500  0.969402
2.61933207	393	-0.205660 -0.270542  0.970121
2.62443208	393	-0.195844 -0.267430  0.973712
2.62953591	392	-0.199196 -0.264796  0.977543
2.63464403	393	-0.209730 -0.265754  0.980176
2.63974404	393	-0.197041 -0.262881  0.978261
2.64486002	393	-0.203984 -0.266472  0.974909
2.64996409	393	-0.204223 -0.265993  0.986641
2.65508389	392	-0.200871 -0.260487  0.972036
2.66018795	393	-0.202787 -0.262402  0.974909
2.66529607	393	-0.202547 -0.268387  0.976824
2.67041611	393	-0.197520 -0.269106  0.972515
2.67551994	393	-0.199914 -0.260487  0.973951
2.68061995	391	-0.198717 -0.266951  0.978979
2.68574810	393	-0.196323 -0.262881  0.977543
2.69086790	394	-0.197520 -0.265514  0.975867
2.69598793	390	-0.200632 -0.267190  0.974430
2.70108389	393	-0.205181 -0.265035  0.981373
2.70618796	390	-0.203266 -0.267908  0.983528
2.71129989	391	-0.200153 -0.269106  0.977543
2.71640396	393	-0.200393 -0.267669  0.977543
2.72150802	393	-0.199196 -0.267908  0.967966
2.72661209	391	-0.200393 -0.267669  0.980176
2.73170804	392	-0.197998 -0.269584  0.974191
2.73680806	393	-0.199435 -0.265275  0.971557
2.74191594	393	-0.201829 -0.264317  0.981373
2.74701595	391	-0.203026 -0.267190  0.977303
2.75210404	393	-0.204702 -0.267430  0.974909
2.75718808	393	-0.199674 -0.271979  0.973472
2.76229190	393	-0.197998 -0.265514  0.978261
2.76739597	393	-0.206139 -0.266233  0.980176
2.77250409	393	-0.196562 -0.265514  0.978500
2.77760791	393	-0.202547 -0.265275  0.973472
2.78271198	393	-0.203745 -0.265993  0.981852
2.78780388	391	-0.202069 -0.264557  0.978022
2.79289603	393	-0.192731 -0.263360  0.972036
2.79800009	393	-0.202787 -0.271739  0.976346
2.80310392	392	-0.206857 -0.270303  0.972754
2.80819206	394	-0.200632 -0.268627  0.981373
2.81328392	391	-0.204463 -0.257853  0.970360
2.81838016	393	-0.203266 -0.265993  0.977064
2.82348394	393	-0.199674 -0.265035  0.972515
2.82858800	393	-0.199435 -0.266951  0.973233
2.83368396	391	-0.198956 -0.265514  0.982810
2.83878803	393	-0.195844 -0.264796  0.978500
2.84388399	391	-0.205899 -0.269106  0.978979
2.84897212	393	-0.203026 -0.269106  0.978740
2.85405998	393	-0.199674 -0.265514  0.981373
2.85915994	390	-0.198238 -0.266951  0.973712
2.86426811	393	-0.201350 -0.267190  0.976106
2.86936397	392	-0.203026 -0.261684  0.974430
2.87446804	393	-0.200632 -0.267190  0.973472
2.87956809	393	-0.202787 -0.271021  0.973472
2.88465995	393	-0.205660 -0.263838  0.973472
2.88976402	392	-0.200153 -0.269824  0.987119
2.89487600	393	-0.203984 -0.266472  0.973472
2.89998388	393	-0.203984 -0.267430  0.975388
2.90508794	393	-0.199435 -0.260726  0.971078
2.91019611	391	-0.203745 -0.265754  0.975867
2.91531200	391	-0.199914 -0.264557  0.973472
2.92041606	392	-0.198238 -0.264796  0.976585
2.92552394	393	-0.202547 -0.267669  0.972275
2.93062801	391	-0.203984 -0.267190  0.984007
2.93572807	393	-0.203026 -0.264078  0.969642
2.94081993	390	-0.202547 -0.263360  0.974430
2.94592399	393	-0.201111 -0.262641  0.983289
2.95104007	393	-0.204223 -0.263838  0.978500
2.95614795	393	-0.201350 -0.257374  0.972754
2.96125202	391	-0.204942 -0.259289  0.972515
2.96635608	393	-0.201111 -0.269584  0.977782
2.97148399	392	-0.203505 -0.269824  0.971557
2.97658805	393	-0.202308 -0.265514  0.973472
2.98169593	390	-0.198956 -0.263838  0.972515
2.98680801	390	-0.207815 -0.267669  0.973712
2.99191188	393	-0.204223 -0.266233  0.978740
2.99701995	393	-0.202069 -0.271021  0.978500
3.00212001	393	-0.198238 -0.263838  0.972515
3.00723600	390	-0.203026 -0.263120  0.971078
3.01232790	390	-0.204942 -0.265035  0.970600
3.01743197	392	-0.202547 -0.267190  0.974430
3.02252006	393	-0.203984 -0.261923  0.976106
3.02761197	392	-0.205420 -0.268387  0.974430
3.03270411	393	-0.199914 -0.267430  0.966290
3.03779602	390	-0.196083 -0.263838  0.971557
3.04289603	393	-0.198477 -0.266233  0.978979
3.04800009	393	-0.200393 -0.269345  0.972515
3.05309200	391	-0.207815 -0.272457  0.972275
3.05818796	391	-0.202308 -0.264796  0.977303
3.06327605	392	-0.197280 -0.270063  0.980655
3.06836390	393	-0.203266 -0.269824  0.972275
3.07345199	390	-0.200393 -0.263360  0.976824
3.07854390	393	-0.203026 -0.271021  0.977782
3.08363199	391	-0.198477 -0.260247  0.979458
3.08872795	394	-0.201111 -0.267430  0.979458
3.09382796	393	-0.200632 -0.268387  0.978261
3.09891605	393	-0.200153 -0.269584  0.982331
3.10401606	393	-0.202547 -0.265514  0.967248
##inga 
#ido(sec)  szog(ADC)     ax(g)    ay(g)   az(g)
3.10965204	394	-0.202787 -0.268387  0.975388
3.11488795	393	-0.200153 -0.270303  0.978979
3.12011599	391	-0.206857 -0.263599  0.985204
3.12534809	393	-0.202308 -0.266472  0.967966
3.13045191	393	-0.205899 -0.266951  0.975627
3.13555192	391	-0.199914 -0.264317  0.978261
3.14066004	390	-0.206857 -0.269584  0.973712
3.14576411	393	-0.206139 -0.269345  0.972275
3.15086388	392	-0.196562 -0.267669  0.980416
3.15597200	393	-0.203505 -0.269106  0.981613
3.16106009	391	-0.197998 -0.268866  0.980655
3.16616392	393	-0.202787 -0.267430  0.971557
3.17126393	392	-0.205420 -0.269824  0.976585
3.17636799	393	-0.201350 -0.265275  0.975867
3.18147611	392	-0.204223 -0.267430  0.977782
3.18657994	393	-0.200871 -0.271260  0.980416
3.19167995	394	-0.202547 -0.269106  0.981373
3.19678401	391	-0.198238 -0.267908  0.970600
3.20188403	392	-0.195844 -0.271739  0.980894
3.20700001	392	-0.203266 -0.270781  0.973951
3.21210408	393	-0.202787 -0.264796  0.980416
3.21722793	391	-0.195604 -0.272218  0.973712
3.22233605	392	-0.201829 -0.264557  0.974191
3.22744798	391	-0.201590 -0.260965  0.965332
3.23253607	391	-0.196801 -0.265275  0.980416
3.23764395	392	-0.200632 -0.269345  0.970360
3.24274396	393	-0.202069 -0.263360  0.972994
3.24785208	393	-0.200871 -0.268387  0.967966
3.25296401	391	-0.196323 -0.261684  0.983289
3.25808405	392	-0.200393 -0.267669  0.972515
3.26318001	393	-0.202547 -0.269584  0.971318
3.26828002	393	-0.201111 -0.259289  0.976824
3.27337193	393	-0.199914 -0.265514  0.972515
3.27847599	392	-0.197041 -0.269345  0.979697
3.28357601	390	-0.201350 -0.266951  0.982092
3.28867602	392	-0.199196 -0.264557  0.984246
3.29378390	391	-0.201829 -0.271739  0.978500
3.29887604	392	-0.202308 -0.270303  0.972275
3.30396008	391	-0.197998 -0.265993  0.977782
3.30906391	393	-0.199435 -0.267669  0.977064
3.31416797	393	-0.203026 -0.265993  0.968924
3.31925201	394	-0.203266 -0.271739  0.976346
3.32435607	393	-0.198956 -0.269824  0.984965
3.32945609	393	-0.201350 -0.264557  0.971557
3.33455991	393	-0.203745 -0.266711  0.973472
3.33966398	393	-0.201111 -0.267669  0.977064
3.34476804	393	-0.198717 -0.265993  0.973712
3.34987211	391	-0.205660 -0.261684  0.972994
3.35496807	391	-0.203026 -0.265275  0.984246
3.36006402	391	-0.205420 -0.265035  0.972515
3.36515593	392	-0.203745 -0.265275  0.970600
3.37025594	392	-0.196083 -0.265993  0.975388
3.37535190	394	-0.197998 -0.265514  0.972036
3.38043594	391	-0.200632 -0.259529  0.980176
3.38553190	391	-0.197520 -0.264796  0.975867
3.39063191	393	-0.198956 -0.257374  0.971557
3.39573597	393	-0.197998 -0.269345  0.971557
3.40084004	393	-0.197759 -0.264557  0.976346
3.40596008	390	-0.198238 -0.270303  0.966290
3.41106009	390	-0.203505 -0.262641  0.979458
3.41616392	393	-0.201829 -0.263599  0.977064
3.42126393	393	-0.204942 -0.267190  0.972036
3.42636394	392	-0.201350 -0.265035  0.978022
3.43146800	391	-0.199196 -0.264557  0.976824
3.43658804	393	-0.198717 -0.264557  0.968205
3.44170808	393	-0.201350 -0.267430  0.982810
3.44681191	391	-0.201590 -0.272697  0.969163
3.45190000	393	-0.204702 -0.267669  0.972754
3.45699596	393	-0.203266 -0.267908  0.980894
3.46209192	392	-0.205420 -0.265275  0.974909
3.46719598	394	-0.206139 -0.267190  0.966769
3.47230005	393	-0.202069 -0.269106  0.974430
3.47740006	393	-0.202787 -0.268627  0.979219
3.48250794	393	-0.203266 -0.268627  0.975148
3.48763203	391	-0.195604 -0.266233  0.978979
3.49273991	394	-0.202547 -0.266472  0.975867
3.49785590	393	-0.203745 -0.271979  0.975627
3.50297188	391	-0.203266 -0.265993  0.977543
3.50809192	393	-0.200871 -0.268627  0.979937
3.51319599	393	-0.199196 -0.271739  0.974191
3.51831197	392	-0.201111 -0.275091  0.977064
3.52342009	392	-0.199196 -0.267190  0.974670
3.52853989	394	-0.203266 -0.267190  0.980416
3.53364801	391	-0.200153 -0.267908  0.971078
3.53874802	393	-0.199674 -0.265514  0.978979
3.54387211	391	-0.203505 -0.263120  0.982810
3.54897189	392	-0.202547 -0.267669  0.977303
3.55407595	393	-0.196801 -0.265754  0.977543
3.55920004	393	-0.195125 -0.265993  0.971557
3.56430411	390	-0.206139 -0.273415  0.977303
3.56941199	392	-0.204223 -0.266711  0.979937
3.57452392	393	-0.201829 -0.266951  0.972275
3.57962799	393	-0.200871 -0.264557  0.987119
3.58472394	392	-0.201829 -0.265275  0.984965
3.58982801	393	-0.201590 -0.268866  0.979458
3.59491991	393	-0.198956 -0.270781  0.973712
3.60002398	394	-0.204463 -0.266472  0.979458
3.60511589	393	-0.205660 -0.271021  0.968924
3.61020398	392	-0.203026 -0.265754  0.982570
3.61529588	393	-0.199674 -0.271021  0.964854
3.62039995	393	-0.200871 -0.264557  0.978261
##inga 
#ido(sec)  szog(ADC)     ax(g)    ay(g)   az(g)
3.62603211	392	-0.200632 -0.266472  0.969163
3.63128399	393	-0.200393 -0.268866  0.978500
3.63653206	391	-0.197280 -0.266711  0.981852
3.64176797	391	-0.200871 -0.265275  0.980416
3.64686393	392	-0.203026 -0.268387  0.973233
3.65196800	393	-0.200871 -0.262881  0.971797
3.65705990	392	-0.198238 -0.262881  0.970121
3.66215610	393	-0.199674 -0.260726  0.967487
3.66724395	392	-0.204223 -0.267430  0.974670
3.67233204	394	-0.202787 -0.265035  0.978261
3.67743206	393	-0.200871 -0.263360  0.978261
3.68253207	394	-0.202787 -0.264557  0.973472
3.68763589	393	-0.199914 -0.265514  0.979219
3.69275593	393	-0.196562 -0.271260  0.974191
3.69786000	394	-0.199914 -0.266711  0.978022
3.70297193	393	-0.201829 -0.269584  0.969402
3.70807600	393	-0.205181 -0.265993  0.979458
3.71317601	393	-0.205660 -0.267430  0.969402
3.71826791	392	-0.198956 -0.275330  0.976824
3.72337198	394	-0.206378 -0.265275  0.975867
3.72846794	391	-0.204223 -0.270781  0.977064
3.73357200	391	-0.201829 -0.260008  0.979458
3.73866796	392	-0.201350 -0.263360  0.971797
3.74378395	393	-0.195604 -0.267430  0.966290
3.74887609	393	-0.207815 -0.260965  0.976106
3.75397610	393	-0.200393 -0.269106  0.985204
3.75906801	393	-0.201590 -0.260008  0.982331
3.76415610	393	-0.205181 -0.265275  0.973472
3.76927590	393	-0.207815 -0.267430  0.976824
3.77437996	390	-0.200632 -0.265993  0.975148
3.77948403	394	-0.205660 -0.265275  0.983049
3.78458404	394	-0.202787 -0.265754  0.975867
3.78970003	392	-0.202069 -0.263360  0.972275
3.79480409	391	-0.195125 -0.263599  0.981852
3.79992389	392	-0.197520 -0.261923  0.983049
3.80502796	391	-0.205660 -0.262881  0.976585
3.81013603	392	-0.205660 -0.265275  0.979937
3.81525611	392	-0.203984 -0.260965  0.976346
3.82038002	394	-0.200871 -0.266233  0.969402
3.82548809	391	-0.197041 -0.267908  0.983767
3.83060407	391	-0.198717 -0.266472  0.983049
3.83573198	393	-0.195604 -0.261923  0.979458
3.84085197	392	-0.204463 -0.267908  0.968684
3.84595985	392	-0.201111 -0.261444  0.977303
3.85107212	393	-0.196083 -0.273415  0.969642
3.85619211	393	-0.199914 -0.263838  0.982810
3.86131191	393	-0.201111 -0.264796  0.977543
3.86644001	394	-0.202547 -0.263360  0.976346
3.87156391	393	-0.206618 -0.263360  0.979697
3.87668399	392	-0.201111 -0.263360  0.969642
3.88180398	393	-0.207815 -0.266472  0.969163
3.88691596	390	-0.206857 -0.270542  0.972515
3.89202003	393	-0.196801 -0.262641  0.979458
3.89714794	393	-0.206618 -0.269824  0.979219
3.90226793	392	-0.201350 -0.265275  0.972994
3.90738010	393	-0.200871 -0.264557  0.967966
3.91248397	393	-0.197280 -0.268387  0.970360
3.91758804	393	-0.200871 -0.267669  0.976824
3.92270393	391	-0.202069 -0.268148  0.978261
3.92781209	393	-0.208772 -0.265514  0.965093
3.93292407	393	-0.200871 -0.269106  0.982092
3.93803596	393	-0.204223 -0.265993  0.978979
3.94314785	393	-0.206139 -0.263360  0.974909
3.94826393	390	-0.201350 -0.264317  0.988316
3.95337200	391	-0.197759 -0.264078  0.972275
3.95847206	394	-0.200393 -0.261444  0.974191
3.96356391	391	-0.200632 -0.268387  0.971078
3.96865606	393	-0.197041 -0.267908  0.972754
3.97374801	394	-0.200632 -0.262402  0.982810
3.97883605	393	-0.200153 -0.266711  0.974909
3.98393201	393	-0.203745 -0.269824  0.986641
3.98903608	393	-0.198477 -0.261684  0.968445
3.99414396	393	-0.207336 -0.269106  0.978979
3.99923610	391	-0.199914 -0.264557  0.973472
4.00434017	390	-0.194886 -0.265754  0.976824
4.00944423	393	-0.204702 -0.265754  0.973472
4.01453208	393	-0.203266 -0.267908  0.973472
4.01961994	393	-0.204702 -0.262881  0.978979
4.02470779	393	-0.199196 -0.264557  0.981373
4.02981615	393	-0.201111 -0.269345  0.974670
4.03492021	393	-0.202069 -0.263120  0.963896
4.04000806	391	-0.205420 -0.266472  0.980894
4.04510021	392	-0.201111 -0.270542  0.968684
4.05020380	391	-0.197520 -0.261444  0.969163
4.05530023	390	-0.193689 -0.265754  0.980416
4.06041193	393	-0.201829 -0.264317  0.976346
4.06551599	392	-0.206618 -0.264557  0.967248
4.07062005	393	-0.197998 -0.266472  0.975867
4.07572412	393	-0.203026 -0.264078  0.978261
4.08082818	392	-0.199435 -0.269824  0.978022
4.08594417	392	-0.196323 -0.267908  0.979458
4.09105205	393	-0.198956 -0.267190  0.973951
4.09615182	392	-0.197280 -0.268627  0.974909
4.10125589	392	-0.194886 -0.265514  0.982331
4.10636377	391	-0.200632 -0.272936  0.977543
4.11147594	391	-0.206857 -0.266711  0.968684
4.11658000	393	-0.200153 -0.263599  0.973472
4.12168407	391	-0.199914 -0.268387  0.978022
4.12679576	393	-0.199435 -0.267190  0.979937
4.13189983	393	-0.201111 -0.269345  0.976824
4.13700819	393	-0.200153 -0.265993  0.971557
##inga 
#ido(sec)  szog(ADC)     ax(g)    ay(g)   az(g)
4.14264011	393	-0.203984 -0.265035  0.970600
4.14788007	393	-0.200871 -0.266233  0.973233
4.15311193	394	-0.202308 -0.272218  0.974430
4.15834808	393	-0.201829 -0.271260  0.970121
4.16346406	393	-0.201350 -0.265275  0.974670
4.16856813	390	-0.203745 -0.266711  0.972515
4.17367601	391	-0.204223 -0.266711  0.972994
4.17878818	394	-0.201829 -0.263838  0.973712
4.18389987	394	-0.201350 -0.269824  0.975627
4.18901205	393	-0.201829 -0.266711  0.973951
4.19413185	391	-0.200153 -0.268866  0.980176
4.19924020	393	-0.198956 -0.266472  0.971797
4.20436382	393	-0.201590 -0.266233  0.978740
4.20947217	393	-0.201350 -0.267669  0.972036
4.21457195	393	-0.207575 -0.266472  0.984486
4.21968793	391	-0.210927 -0.264078  0.971797
4.22480010	393	-0.203984 -0.265754  0.979458
4.22990417	390	-0.203745 -0.263599  0.974670
4.23502397	391	-0.205181 -0.262402  0.970121
4.24012422	393	-0.200393 -0.265035  0.981852
4.24523210	393	-0.199914 -0.265993  0.974430
4.25033998	393	-0.199196 -0.268148  0.972515
4.25544404	392	-0.202547 -0.266472  0.978979
4.26054000	393	-0.197041 -0.268148  0.975867
4.26562786	393	-0.200871 -0.270542  0.976346
4.27071189	393	-0.200632 -0.263838  0.977782
4.27580404	393	-0.197759 -0.267190  0.980894
4.28090000	393	-0.203984 -0.265514  0.971557
4.28598785	392	-0.206618 -0.266233  0.977543
4.29109621	393	-0.197280 -0.271500  0.976824
4.29618787	393	-0.204223 -0.265514  0.967248
4.30129194	393	-0.207336 -0.265754  0.977543
4.30639600	393	-0.204463 -0.269824  0.971797
4.31148815	393	-0.197759 -0.265275  0.968684
4.31659221	391	-0.203266 -0.268627  0.972994
4.32168388	393	-0.204223 -0.266472  0.974909
4.32678413	393	-0.202308 -0.266951  0.977543
4.33187580	391	-0.200153 -0.266472  0.971318
4.33696413	392	-0.203505 -0.266472  0.986880
4.34204387	392	-0.206139 -0.264557  0.975867
4.34714794	394	-0.200393 -0.264557  0.975148
4.35224819	393	-0.204942 -0.265993  0.980416
4.35734796	392	-0.197759 -0.272936  0.978261
4.36244821	391	-0.203266 -0.265275  0.978979
4.36755180	393	-0.200393 -0.267430  0.979697
4.37265586	393	-0.202308 -0.266472  0.970360
4.37773990	393	-0.198477 -0.266472  0.983767
4.38285207	393	-0.197998 -0.263599  0.975388
4.38795995	392	-0.203266 -0.268866  0.980655
4.39306783	393	-0.196323 -0.267908  0.973712
4.39815998	393	-0.194647 -0.259529  0.983049
4.40326786	394	-0.199914 -0.264557  0.978500
4.40837192	393	-0.198956 -0.266951  0.969642
4.41348791	392	-0.204463 -0.264317  0.983289
4.41860389	392	-0.197998 -0.266233  0.979937
4.42372417	393	-0.201350 -0.269584  0.975867
4.42882394	393	-0.197998 -0.267669  0.973472
4.43393611	393	-0.201350 -0.267430  0.976824
4.43904018	393	-0.200871 -0.268387  0.980416
4.44413185	393	-0.205181 -0.265993  0.980416
4.44923591	392	-0.205181 -0.271260  0.972994
4.45433187	392	-0.206857 -0.268387  0.973712
4.45942020	393	-0.202069 -0.264078  0.981373
4.46451187	393	-0.199914 -0.265993  0.972275
4.46962785	392	-0.205420 -0.267669  0.968445
4.47473192	392	-0.208054 -0.268148  0.979458
4.47983598	393	-0.203026 -0.271739  0.987359
4.48494386	393	-0.204463 -0.273176  0.977303
4.49005985	393	-0.206618 -0.269106  0.968924
4.49516820	392	-0.200871 -0.264796  0.973951
4.50026416	393	-0.202308 -0.265993  0.975627
4.50537204	393	-0.204223 -0.268387  0.967248
4.51048421	392	-0.203505 -0.267669  0.977303
4.51558017	393	-0.197280 -0.268866  0.967966
4.52068376	393	-0.202069 -0.260008  0.980894
4.52577209	393	-0.200632 -0.265514  0.980655
4.53087186	393	-0.200153 -0.260247  0.968445
4.53596401	394	-0.198717 -0.268627  0.982570
4.54106807	393	-0.204942 -0.263838  0.973233
4.54616785	394	-0.205181 -0.262162  0.970121
4.55125999	390	-0.198477 -0.268148  0.969402
4.55637598	391	-0.203745 -0.268148  0.965811
4.56148004	393	-0.199914 -0.264078  0.971557
4.56657218	391	-0.198956 -0.266472  0.974430
4.57166004	391	-0.195125 -0.265275  0.980416
4.57675600	392	-0.200153 -0.265035  0.971797
4.58184385	391	-0.196323 -0.270063  0.974191
4.58694791	393	-0.197998 -0.268387  0.978979
4.59204816	392	-0.202069 -0.265514  0.977782
4.59713983	393	-0.203026 -0.262881  0.981852
4.60223579	393	-0.204942 -0.263838  0.972754
4.60733604	393	-0.200871 -0.263599  0.975388
4.61242389	393	-0.203505 -0.265754  0.974191
4.61750793	392	-0.204702 -0.261923  0.971078
4.62260389	392	-0.201590 -0.266711  0.983528
4.62770414	390	-0.200393 -0.268627  0.972754
4.63280391	393	-0.201590 -0.265993  0.967487
4.63790798	391	-0.204702 -0.267190  0.974670
4.64299583	393	-0.198238 -0.271500  0.975627
4.64811182	391	-0.198717 -0.265993  0.969163
4.65321588	391	-0.198477 -0.269345  0.977782
##inga 
#ido(sec)  szog(ADC)     ax(g)    ay(g)   az(g)
4.65885210	392	-0.197280 -0.270303  0.980655
4.66408395	390	-0.199435 -0.270063  0.975148
4.66931200	393	-0.197998 -0.262881  0.970360
4.67453622	390	-0.202547 -0.267430  0.971557
4.67963981	393	-0.203266 -0.266951  0.980416
4.68474817	391	-0.200632 -0.271739  0.977303
4.68985223	393	-0.195125 -0.264557  0.970600
4.69495582	394	-0.207575 -0.264796  0.982331
4.70005607	392	-0.199435 -0.267430  0.967726
4.70516014	393	-0.201829 -0.266472  0.975867
4.71027994	393	-0.198238 -0.261444  0.979458
4.71538782	393	-0.200393 -0.264557  0.970121
4.72049999	391	-0.199196 -0.266951  0.975627
4.72561979	393	-0.203266 -0.262641  0.971318
4.73072385	392	-0.202308 -0.266951  0.967966
4.73583221	393	-0.200393 -0.265993  0.971797
4.74095201	393	-0.209730 -0.266472  0.967248
4.74606418	393	-0.201350 -0.265514  0.977303
4.75118398	391	-0.206618 -0.264796  0.971318
4.75629997	393	-0.207575 -0.264796  0.980176
4.76141214	393	-0.205181 -0.267908  0.980416
4.76651620	391	-0.202787 -0.262881  0.978261
4.77161979	393	-0.203984 -0.269106  0.981852
4.77672386	393	-0.201111 -0.270542  0.965572
4.78182792	392	-0.200393 -0.268627  0.978261
4.78692817	392	-0.198477 -0.267190  0.970839
4.79203176	394	-0.204223 -0.269106  0.977064
4.79714012	394	-0.202787 -0.266472  0.981373
4.80224418	391	-0.199435 -0.266472  0.972036
4.80734777	393	-0.202547 -0.264796  0.983767
4.81244421	393	-0.203505 -0.268627  0.978022
4.81754016	392	-0.206139 -0.263360  0.980416
4.82264804	393	-0.199196 -0.261205  0.975867
4.82775211	393	-0.201111 -0.268148  0.971557
4.83285617	393	-0.205181 -0.263360  0.978979
4.83794021	394	-0.202308 -0.263599  0.978979
4.84303188	393	-0.207815 -0.261923  0.975148
4.84813594	392	-0.196562 -0.270063  0.974909
4.85324001	391	-0.198477 -0.265275  0.983767
4.85834407	391	-0.200632 -0.270542  0.978261
4.86342811	392	-0.202308 -0.264796  0.981373
4.86851596	393	-0.197520 -0.266951  0.981373
4.87362003	393	-0.205660 -0.263838  0.977064
4.87869977	393	-0.201829 -0.267430  0.976585
4.88380002	394	-0.203505 -0.269106  0.974909
4.88889598	393	-0.203745 -0.271260  0.978740
4.89398384	392	-0.202308 -0.270542  0.970121
4.89907598	393	-0.196801 -0.266951  0.973951
4.90417194	392	-0.198717 -0.265514  0.977064
4.90928411	392	-0.203984 -0.267908  0.972994
4.91438007	394	-0.202069 -0.266711  0.974191
4.91946792	392	-0.206378 -0.266233  0.970839
4.92458391	393	-0.204942 -0.258332  0.978261
4.92967605	391	-0.199674 -0.262162  0.975867
4.93478822	393	-0.197280 -0.265754  0.975867
4.93989992	392	-0.199196 -0.264796  0.972994
4.94500780	393	-0.205181 -0.266951  0.982810
4.95010805	393	-0.198717 -0.264317  0.977064
4.95522022	393	-0.201829 -0.266233  0.973472
4.96032381	393	-0.196323 -0.264557  0.975867
4.96544408	393	-0.203266 -0.261923  0.980894
4.97054815	393	-0.200153 -0.262881  0.976585
4.97565984	393	-0.195604 -0.267669  0.968924
4.98076820	393	-0.199914 -0.267190  0.968924
4.98588418	393	-0.198956 -0.267430  0.971078
4.99099206	390	-0.200153 -0.267908  0.982092
4.99608421	393	-0.201829 -0.260726  0.979458
5.00118780	393	-0.203266 -0.267430  0.979937
5.00629186	393	-0.202547 -0.263838  0.978500
5.01138782	391	-0.202547 -0.265035  0.974670
5.01649188	394	-0.204223 -0.266472  0.969642
5.02159595	391	-0.200393 -0.271739  0.973472
5.02670001	391	-0.200153 -0.263360  0.983767
5.03181219	390	-0.201111 -0.267430  0.981373
5.03692007	393	-0.198717 -0.268148  0.976585
5.04203605	392	-0.207575 -0.262162  0.969642
5.04715204	394	-0.204702 -0.265035  0.972515
5.05225610	393	-0.199674 -0.269584  0.975148
5.05737209	391	-0.203505 -0.267430  0.984246
5.06248378	393	-0.198717 -0.269106  0.977064
5.06759977	390	-0.204942 -0.272218  0.977782
5.07272005	392	-0.203745 -0.266711  0.980655
5.07783222	390	-0.204702 -0.264796  0.974909
5.08293199	393	-0.199435 -0.270063  0.969402
5.08803606	393	-0.199914 -0.265993  0.977543
5.09315204	393	-0.203745 -0.264796  0.975627
5.09827184	394	-0.199196 -0.265035  0.975627
5.10338783	391	-0.198477 -0.270303  0.973472
5.10849189	393	-0.197759 -0.266951  0.969163
5.11360788	393	-0.201350 -0.267669  0.972994
5.11871194	393	-0.203745 -0.264317  0.974670
5.12382793	391	-0.198956 -0.260487  0.980176
5.12894392	393	-0.203266 -0.267908  0.975388
5.13405179	394	-0.202547 -0.265993  0.973712
5.13915586	394	-0.195844 -0.265993  0.973951
5.14425182	393	-0.201590 -0.258811  0.971078
5.14935207	393	-0.197520 -0.268387  0.976106
5.15444421	391	-0.200153 -0.272697  0.976106
5.15953207	393	-0.203266 -0.266472  0.971078
5.16462802	390	-0.196562 -0.261684  0.981373
5.16973209	392	-0.200871 -0.266233  0.978261
##inga 
#ido(sec)  szog(ADC)     ax(g)    ay(g)   az(g)
5.17537212	392	-0.202787 -0.265993  0.982570
5.18063211	390	-0.199914 -0.265754  0.980655
5.18588018	393	-0.202787 -0.271260  0.983767
5.19111204	393	-0.203266 -0.272697  0.973951
5.19620800	392	-0.201111 -0.261205  0.978979
5.20129585	392	-0.204463 -0.266233  0.969163
5.20639991	393	-0.207096 -0.269106  0.978261
5.21148395	393	-0.200632 -0.266472  0.981373
5.21657180	393	-0.206139 -0.263120  0.986162
5.22166013	391	-0.201829 -0.265275  0.978740
5.22675609	393	-0.201111 -0.259529  0.972036
5.23185586	392	-0.201350 -0.269106  0.978500
5.23694419	393	-0.200632 -0.263120  0.972036
5.24203586	391	-0.201829 -0.267908  0.979937
5.24713993	393	-0.203026 -0.261923  0.971557
5.25223588	393	-0.209251 -0.263599  0.981852
5.25733995	394	-0.202308 -0.268387  0.978261
5.26243209	394	-0.204223 -0.263838  0.978261
5.26753187	392	-0.201829 -0.264317  0.972515
5.27263212	393	-0.198238 -0.269584  0.965811
5.27774000	393	-0.199914 -0.266951  0.981613
5.28285217	392	-0.206618 -0.261923  0.975388
5.28797197	393	-0.198956 -0.265993  0.970600
5.29307222	393	-0.201590 -0.271739  0.979697
5.29817581	393	-0.197520 -0.265275  0.971078
5.30327987	391	-0.201111 -0.262641  0.982331
5.30838823	393	-0.198477 -0.263838  0.975388
5.31349992	392	-0.201350 -0.271500  0.976346
5.31859207	392	-0.201829 -0.264078  0.976824
5.32369613	391	-0.201590 -0.265993  0.975388
5.32880020	393	-0.206139 -0.272457  0.978979
5.33390808	393	-0.200393 -0.265035  0.975388
5.33900785	392	-0.199914 -0.264557  0.984246
5.34412384	393	-0.199435 -0.263599  0.978979
5.34924411	394	-0.206139 -0.265754  0.969642
5.35436010	392	-0.197759 -0.270781  0.976346
5.35947608	393	-0.201350 -0.263838  0.978979
5.36459207	392	-0.202308 -0.265993  0.979458
5.36969995	393	-0.201111 -0.266711  0.977064
5.37481594	391	-0.203505 -0.263120  0.977782
5.37992811	390	-0.198477 -0.265514  0.972994
5.38505220	393	-0.201350 -0.263838  0.974430
5.39016008	393	-0.204942 -0.267908  0.979937
5.39527606	393	-0.201111 -0.265754  0.982810
5.40040397	393	-0.200632 -0.261684  0.978979
5.40552377	390	-0.201350 -0.264557  0.978979
5.41063213	393	-0.202787 -0.269345  0.972994
5.41575622	393	-0.195125 -0.265275  0.978261
5.42087602	392	-0.205420 -0.264557  0.978261
5.42598819	393	-0.203984 -0.266711  0.975388
5.43110799	392	-0.205181 -0.264078  0.978261
5.43621206	390	-0.202069 -0.267430  0.965811
5.44131183	393	-0.202547 -0.266711  0.972994
5.44642782	393	-0.197280 -0.266233  0.973472
5.45153999	391	-0.200632 -0.267669  0.979458
5.45664787	392	-0.199196 -0.267190  0.974909
5.46175622	390	-0.206857 -0.268866  0.970600
5.46685600	393	-0.200393 -0.269345  0.971797
5.47196388	393	-0.203505 -0.266233  0.972515
5.47706413	393	-0.196562 -0.271739  0.973472
5.48217201	393	-0.199914 -0.264796  0.971557
5.48727607	393	-0.191774 -0.265275  0.981373
5.49238014	393	-0.200871 -0.272936  0.970600
5.49746799	392	-0.205899 -0.263599  0.976346
5.50256395	393	-0.205420 -0.267908  0.969163
5.50764799	393	-0.201350 -0.261684  0.982092
5.51275205	393	-0.208293 -0.266711  0.976346
5.51785612	393	-0.204942 -0.268866  0.966529
5.52294778	393	-0.198238 -0.267669  0.969642
5.52805185	393	-0.201590 -0.265035  0.981852
5.53314399	393	-0.204223 -0.270781  0.968205
5.53823614	391	-0.210209 -0.269824  0.976346
5.54333591	393	-0.203266 -0.271979  0.968684
5.54842805	391	-0.199196 -0.268387  0.980655
5.55353212	391	-0.206378 -0.265514  0.980416
5.55863618	393	-0.203984 -0.266233  0.982570
5.56372785	393	-0.201350 -0.264557  0.976585
5.56881618	393	-0.204223 -0.267669  0.973472
5.57390785	391	-0.203984 -0.267190  0.979937
5.57899999	394	-0.196562 -0.270303  0.966051
5.58409976	393	-0.202547 -0.265993  0.978740
5.58920001	392	-0.202547 -0.268387  0.971557
5.59430789	393	-0.205899 -0.267908  0.978022
5.59939622	393	-0.198956 -0.265275  0.980176
5.60450410	393	-0.199914 -0.263838  0.978740
5.60960817	393	-0.205660 -0.267669  0.976346
5.61470794	392	-0.204223 -0.265275  0.978740
5.61981201	393	-0.206139 -0.264078  0.975388
5.62491607	392	-0.200871 -0.269345  0.973472
5.63002014	393	-0.197520 -0.265035  0.982092
5.63512420	393	-0.203026 -0.270781  0.970600
5.64022016	390	-0.199914 -0.271021  0.972275
5.64532804	393	-0.201111 -0.262881  0.979937
5.65043592	393	-0.195125 -0.266951  0.968684
5.65555191	392	-0.200871 -0.268387  0.977064
5.66064405	392	-0.201590 -0.269824  0.979937
5.66574811	392	-0.206857 -0.266233  0.977064
5.67085218	392	-0.197520 -0.266472  0.974909
5.67595577	391	-0.202308 -0.267430  0.982570
5.68105602	391	-0.201350 -0.263599  0.978500
5.68614387	393	-0.202787 -0.266472  0.975627
##inga 
#ido(sec)  szog(ADC)     ax(g)    ay(g)   az(g)
5.69179582	393	-0.205420 -0.260487  0.973472
5.69703578	393	-0.203505 -0.262162  0.973233
5.70228385	393	-0.201111 -0.267430  0.974670
5.70751190	392	-0.203266 -0.267430  0.975148
5.71261596	393	-0.200632 -0.262881  0.978740
5.71772384	392	-0.200393 -0.272936  0.971078
5.72282409	393	-0.204223 -0.268148  0.973233
5.72792816	393	-0.203505 -0.271021  0.983767
5.73301219	392	-0.204223 -0.272218  0.977303
5.73810815	392	-0.203745 -0.268866  0.981134
5.74321222	393	-0.198717 -0.269106  0.983767
5.74832010	393	-0.199674 -0.264557  0.979219
5.75341987	392	-0.201590 -0.267430  0.978979
5.75850009	391	-0.206618 -0.257614  0.975388
5.76360797	391	-0.206139 -0.264078  0.972994
5.76870012	391	-0.205660 -0.271739  0.967726
5.77379179	391	-0.202308 -0.263360  0.969881
5.77888393	393	-0.198477 -0.266711  0.974909
5.78399991	393	-0.202547 -0.266472  0.978261
5.78910017	393	-0.201829 -0.269106  0.983289
5.79419612	391	-0.203984 -0.268627  0.976346
5.79929590	393	-0.207336 -0.269824  0.979219
5.80439996	393	-0.202308 -0.264557  0.972515
5.80949592	391	-0.206618 -0.265993  0.972036
5.81459188	393	-0.196083 -0.267430  0.982331
5.81969594	393	-0.200871 -0.264557  0.977303
5.82478809	392	-0.193928 -0.264078  0.975627
5.82988786	391	-0.197041 -0.271739  0.972754
5.83499193	393	-0.203026 -0.263838  0.981373
5.84007596	393	-0.201829 -0.265993  0.977782
5.84518003	393	-0.197998 -0.265754  0.968684
5.85028409	393	-0.199435 -0.264078  0.978022
5.85538816	394	-0.198717 -0.265754  0.982331
5.86049604	394	-0.198956 -0.263599  0.968684
5.86561203	393	-0.207336 -0.270781  0.974191
5.87070798	393	-0.204223 -0.268866  0.981373
5.87581205	393	-0.200632 -0.267669  0.971797
5.88091182	392	-0.197998 -0.272936  0.977064
5.88601589	394	-0.209969 -0.269824  0.976106
5.89111185	393	-0.202787 -0.263120  0.979937
5.89622783	393	-0.202787 -0.270542  0.972036
5.90133190	391	-0.198477 -0.267430  0.970600
5.90643215	393	-0.199196 -0.268866  0.980176
5.91154003	392	-0.198238 -0.267669  0.975388
5.91665601	393	-0.203026 -0.263599  0.978740
5.92176008	393	-0.201350 -0.266711  0.974909
5.92685222	393	-0.205181 -0.266233  0.981852
5.93195581	391	-0.200393 -0.266472  0.978500
5.93704414	393	-0.203745 -0.266233  0.968205
5.94216012	393	-0.200393 -0.269345  0.973951
5.94725179	393	-0.203984 -0.264557  0.973951
5.95235586	392	-0.204702 -0.272457  0.978979
5.95746421	391	-0.200632 -0.265993  0.980416
5.96258020	393	-0.198238 -0.265993  0.977064
5.96769618	393	-0.195604 -0.267190  0.981852
5.97281217	393	-0.199914 -0.264796  0.973951
5.97793197	392	-0.203266 -0.264557  0.972994
5.98304796	393	-0.197520 -0.264557  0.981852
5.98818016	392	-0.201350 -0.267190  0.982092
5.99328422	392	-0.200393 -0.259529  0.971557
5.99840402	393	-0.204223 -0.266711  0.971557
6.00351619	393	-0.201350 -0.267430  0.972515
6.00861978	392	-0.200871 -0.267430  0.977782
6.01372385	391	-0.203745 -0.263838  0.972754
6.01883983	391	-0.204463 -0.266472  0.976585
6.02395582	392	-0.206139 -0.264557  0.977303
6.02906799	392	-0.203745 -0.270303  0.981852
6.03417587	393	-0.203266 -0.260487  0.967248
6.03928422	392	-0.201111 -0.266233  0.976346
6.04440402	393	-0.195125 -0.268866  0.979458
6.04952812	394	-0.202069 -0.271021  0.974909
6.05461978	391	-0.202787 -0.270303  0.973712
6.05971193	391	-0.201350 -0.268866  0.976106
6.06479978	393	-0.199674 -0.270781  0.976346
6.06989192	393	-0.203266 -0.268627  0.970600
6.07499217	393	-0.197041 -0.270542  0.972994
6.08008384	393	-0.207096 -0.268387  0.983528
6.08516407	393	-0.199914 -0.268866  0.977064
6.09026813	391	-0.203026 -0.267190  0.975148
6.09534788	393	-0.199196 -0.266233  0.974430
6.10045194	392	-0.203266 -0.269824  0.972994
6.10553979	393	-0.197998 -0.261444  0.985683
6.11064004	393	-0.203745 -0.264557  0.970121
6.11574411	392	-0.204223 -0.267908  0.970121
6.12083578	392	-0.200871 -0.268387  0.980416
6.12592792	393	-0.200393 -0.266233  0.978022
6.13102006	392	-0.201350 -0.268387  0.969163
6.13611984	392	-0.203984 -0.265514  0.971797
6.14121198	391	-0.201829 -0.269106  0.981134
6.14630794	392	-0.200393 -0.263838  0.977543
6.15140390	391	-0.204702 -0.268148  0.985683
6.15649604	391	-0.206139 -0.263599  0.970360
6.16158819	393	-0.205181 -0.267190  0.972036
6.16668796	393	-0.203505 -0.266711  0.969881
6.17179584	393	-0.202069 -0.261205  0.974909
6.17689180	392	-0.201829 -0.265514  0.977064
6.18199586	393	-0.200393 -0.266951  0.976106
6.18709182	391	-0.204463 -0.265754  0.978979
6.19219589	392	-0.203984 -0.270303  0.969163
6.19729614	393	-0.200153 -0.264317  0.976106
6.20240402	392	-0.199674 -0.267669  0.970600
##inga 
#ido(sec)  szog(ADC)     ax(g)    ay(g)   az(g)
6.20803594	393	-0.200153 -0.262402  0.979937
6.21325588	393	-0.202069 -0.267430  0.976824
6.21850776	393	-0.200871 -0.265993  0.978740
6.22372817	392	-0.206139 -0.269106  0.975627
6.22884416	393	-0.205181 -0.269106  0.971557
6.23396015	392	-0.201590 -0.262881  0.974191
6.23906803	392	-0.199435 -0.262881  0.977782
6.24418783	393	-0.203984 -0.270063  0.972994
6.24929618	393	-0.197759 -0.268148  0.976585
6.25441598	393	-0.197041 -0.264078  0.970839
6.25952005	393	-0.196801 -0.261444  0.976824
6.26464414	391	-0.204702 -0.268148  0.975148
6.26976394	393	-0.195604 -0.270542  0.975867
6.27486801	393	-0.203505 -0.266711  0.970360
6.27996778	393	-0.202787 -0.265754  0.972754
6.28507614	393	-0.199196 -0.260726  0.981134
6.29018020	392	-0.205660 -0.261684  0.969163
6.29528379	393	-0.199674 -0.272697  0.972275
6.30040788	391	-0.208293 -0.267190  0.970121
6.30551576	393	-0.204223 -0.270542  0.978740
6.31061601	393	-0.200393 -0.267908  0.964614
6.31570005	394	-0.203984 -0.271739  0.980655
6.32080411	393	-0.197520 -0.271021  0.972754
6.32590389	391	-0.199674 -0.262402  0.980894
6.33099985	392	-0.197998 -0.269824  0.977303
6.33609199	391	-0.201829 -0.266472  0.979458
6.34118795	390	-0.197520 -0.261923  0.977782
6.34628391	392	-0.201350 -0.268866  0.972515
6.35137176	392	-0.199674 -0.268866  0.985443
6.35646820	390	-0.198477 -0.267190  0.977303
6.36156797	391	-0.200632 -0.270063  0.977782
6.36664819	391	-0.196562 -0.260965  0.978261
6.37174797	392	-0.200393 -0.264317  0.978979
6.37683582	393	-0.199674 -0.268627  0.973233
6.38193607	393	-0.201829 -0.265754  0.975867
6.38704013	394	-0.203505 -0.262162  0.975627
6.39213180	393	-0.206618 -0.265275  0.978740
6.39722013	393	-0.200871 -0.266472  0.960305
6.40231609	392	-0.198956 -0.267190  0.975148
6.40741586	392	-0.201829 -0.263838  0.978500
6.41251611	394	-0.203026 -0.265275  0.976106
6.41762018	393	-0.197041 -0.264078  0.973951
6.42271614	392	-0.200871 -0.262641  0.985204
6.42782402	392	-0.205181 -0.263360  0.975627
6.43293190	393	-0.204942 -0.263360  0.970121
6.43803596	393	-0.201829 -0.260965  0.968924
6.44314002	393	-0.200153 -0.268627  0.979219
6.44824409	394	-0.200153 -0.270063  0.963417
6.45332813	393	-0.203984 -0.261923  0.989992
6.45843219	390	-0.206139 -0.265754  0.974670
6.46353578	391	-0.203505 -0.266711  0.973951
6.46863603	393	-0.196562 -0.269584  0.968684
6.47374391	391	-0.202308 -0.263120  0.983049
6.47883605	393	-0.198956 -0.268148  0.973712
6.48394012	393	-0.201350 -0.269345  0.978500
6.48903608	393	-0.209251 -0.267908  0.968205
6.49414014	393	-0.201829 -0.266472  0.977303
6.49924421	392	-0.199435 -0.271979  0.974670
6.50434780	391	-0.208054 -0.269584  0.972994
6.50943613	393	-0.205420 -0.267908  0.972515
6.51452779	393	-0.202308 -0.265035  0.974909
6.51962423	391	-0.206139 -0.265754  0.969642
6.52474403	391	-0.202308 -0.267430  0.976346
6.52985191	393	-0.201111 -0.269824  0.975867
6.53497600	393	-0.195844 -0.266472  0.966051
6.54010009	392	-0.199674 -0.268148  0.979697
6.54521989	393	-0.198238 -0.263360  0.971797
6.55034780	392	-0.202787 -0.266951  0.974430
6.55546808	390	-0.196083 -0.269106  0.966051
6.56058406	393	-0.203745 -0.261684  0.972275
6.56570005	393	-0.207575 -0.263838  0.975388
6.57080411	394	-0.193210 -0.267430  0.968684
6.57592391	392	-0.197280 -0.270063  0.974670
6.58102416	391	-0.200871 -0.269824  0.975388
6.58612823	394	-0.199435 -0.263360  0.972275
6.59123611	391	-0.202069 -0.267908  0.972515
6.59633588	392	-0.203266 -0.265035  0.978979
6.60143613	392	-0.201590 -0.268627  0.990471
6.60654401	392	-0.205181 -0.265035  0.980416
6.61163187	394	-0.197998 -0.266233  0.984246
6.61673593	393	-0.200153 -0.269106  0.974430
6.62181615	393	-0.199914 -0.269106  0.965811
6.62692022	393	-0.199674 -0.267430  0.971078
6.63202381	393	-0.208772 -0.262641  0.975388
6.63712787	393	-0.197998 -0.269106  0.972275
6.64222002	393	-0.201829 -0.263120  0.966290
6.64730787	392	-0.198717 -0.267430  0.972994
6.65241193	393	-0.203745 -0.266472  0.987119
6.65750789	393	-0.204702 -0.265035  0.980894
6.66259622	393	-0.205181 -0.264557  0.972036
6.66769218	394	-0.201829 -0.266233  0.980176
6.67280006	393	-0.200393 -0.265275  0.969881
6.67789602	392	-0.198717 -0.261923  0.975388
6.68299579	393	-0.202787 -0.266951  0.980655
6.68809986	391	-0.201350 -0.262641  0.968445
6.69319581	392	-0.204223 -0.268148  0.980416
6.69828414	393	-0.207575 -0.268627  0.977782
6.70338821	393	-0.204942 -0.265275  0.978022
6.70850419	393	-0.198717 -0.264317  0.978740
6.71360778	393	-0.195125 -0.262402  0.980176
6.71871614	392	-0.202787 -0.269345  0.973233
##inga 
#ido(sec)  szog(ADC)     ax(g)    ay(g)   az(g)
6.72434377	393	-0.201590 -0.263838  0.973472
6.72959613	392	-0.201829 -0.262402  0.977303
6.73484420	393	-0.198477 -0.269106  0.981613
6.74007606	393	-0.201590 -0.265754  0.975148
6.74517583	393	-0.202547 -0.266233  0.973233
6.75027990	393	-0.201350 -0.263120  0.979937
6.75537586	390	-0.195844 -0.264796  0.985683
6.76049184	393	-0.197041 -0.264557  0.983767
6.76561212	393	-0.203266 -0.265275  0.977782
6.77072381	393	-0.200871 -0.263360  0.982331
6.77581977	393	-0.202787 -0.265514  0.972994
6.78093194	391	-0.202547 -0.259529  0.972515
6.78603219	393	-0.205420 -0.270781  0.975867
6.79113578	392	-0.197280 -0.269584  0.978022
6.79623985	393	-0.202308 -0.263599  0.978261
6.80134391	393	-0.206378 -0.267190  0.978261
6.80643606	393	-0.199435 -0.263599  0.976824
6.81154012	393	-0.200871 -0.267430  0.968684
6.81664419	393	-0.202547 -0.264078  0.967248
6.82176017	393	-0.197759 -0.264557  0.976106
6.82686805	391	-0.196083 -0.267190  0.982331
6.83197212	393	-0.202787 -0.264317  0.979937
6.83709192	393	-0.198717 -0.262881  0.966290
6.84221601	390	-0.200632 -0.267669  0.978979
6.84732389	390	-0.204702 -0.265035  0.970360
6.85242795	393	-0.202787 -0.265275  0.970600
6.85753202	391	-0.203745 -0.267908  0.972754
6.86263608	393	-0.200632 -0.265275  0.971318
6.86774015	391	-0.198956 -0.268866  0.980894
6.87285614	393	-0.202308 -0.259529  0.979937
6.87796401	390	-0.194168 -0.269584  0.977782
6.88308811	394	-0.197998 -0.268148  0.971557
6.88819599	393	-0.197998 -0.265993  0.977064
6.89330005	393	-0.198956 -0.262641  0.972515
6.89840412	390	-0.202787 -0.270063  0.972994
6.90349197	393	-0.203505 -0.269345  0.972275
6.90858793	391	-0.206618 -0.267669  0.967726
6.91368389	393	-0.204702 -0.272218  0.977303
6.91877603	393	-0.204702 -0.270063  0.969402
6.92386007	393	-0.205420 -0.269584  0.980894
6.92895603	393	-0.201350 -0.266472  0.963417
6.93405199	391	-0.203984 -0.266711  0.980416
6.93915176	392	-0.205660 -0.262881  0.968684
6.94424009	393	-0.202069 -0.272457  0.972754
6.94934415	393	-0.205420 -0.270063  0.971078
6.95442819	392	-0.204223 -0.269345  0.973951
6.95953178	393	-0.199914 -0.271021  0.974430
6.96462011	393	-0.201590 -0.265275  0.972275
6.96971988	392	-0.197041 -0.265993  0.968205
6.97482395	392	-0.204463 -0.267430  0.972036
6.97991609	391	-0.196801 -0.268387  0.973472
6.98501205	393	-0.200871 -0.264078  0.974191
6.99009609	390	-0.202308 -0.257614  0.976346
6.99520015	393	-0.195604 -0.264796  0.971078
7.00029182	393	-0.204463 -0.263599  0.969402
7.00539588	394	-0.202069 -0.262641  0.977064
7.01049995	393	-0.201829 -0.263599  0.978500
7.01560401	392	-0.198477 -0.264078  0.971797
7.02072000	390	-0.196562 -0.263120  0.974909
7.02580785	392	-0.207096 -0.267669  0.975867
7.03091192	392	-0.201111 -0.263360  0.968924
7.03601598	392	-0.203505 -0.269824  0.985683
7.04110002	394	-0.195125 -0.269824  0.972754
7.04621601	393	-0.203026 -0.267430  0.980416
7.05131196	393	-0.201111 -0.270063  0.977303
7.05641984	393	-0.203745 -0.265993  0.967966
7.06154012	391	-0.195844 -0.264796  0.976824
7.06664800	394	-0.202308 -0.267669  0.981134
7.07174015	390	-0.206618 -0.261444  0.975867
7.07685184	393	-0.210209 -0.267430  0.979219
7.08195590	392	-0.203745 -0.262402  0.968684
7.08707189	393	-0.196323 -0.267908  0.977303
7.09217977	391	-0.199914 -0.264078  0.974430
7.09728384	393	-0.202787 -0.269106  0.973951
7.10238409	393	-0.198717 -0.267190  0.972994
7.10749197	391	-0.201350 -0.266951  0.977064
7.11259603	393	-0.196083 -0.269106  0.979697
7.11770009	392	-0.203266 -0.274373  0.988077
7.12280416	392	-0.201829 -0.266472  0.971797
7.12792015	393	-0.202308 -0.266472  0.978261
7.13302803	392	-0.206139 -0.271021  0.972515
7.13814020	390	-0.196801 -0.265754  0.976106
7.14324808	393	-0.202787 -0.262881  0.973233
7.14835214	393	-0.199674 -0.265754  0.972515
7.15347194	392	-0.197998 -0.268148  0.971078
7.15859603	393	-0.206139 -0.266472  0.972036
7.16372013	390	-0.196801 -0.264557  0.978740
7.16883611	392	-0.199914 -0.267669  0.970360
7.17394781	393	-0.200871 -0.264078  0.968684
7.17905187	393	-0.200871 -0.263360  0.969642
7.18415594	393	-0.203266 -0.265993  0.967726
7.18927192	393	-0.205420 -0.267908  0.979697
7.19437217	392	-0.201829 -0.262881  0.977782
7.19949197	391	-0.204942 -0.258332  0.968445
7.20460796	392	-0.205420 -0.272936  0.974191
7.20970821	392	-0.200632 -0.265514  0.981852
7.21481990	390	-0.205899 -0.272457  0.978022
7.21992397	393	-0.202787 -0.266951  0.970839
7.22501993	393	-0.195365 -0.267908  0.982810
7.23010778	393	-0.204223 -0.268148  0.975627
7.23520803	393	-0.195604 -0.266711  0.980894
##inga 
#ido(sec)  szog(ADC)     ax(g)    ay(g)   az(g)
7.24083995	392	-0.203026 -0.271739  0.982331
7.24608421	393	-0.199435 -0.266233  0.984725
7.25134420	393	-0.202547 -0.264796  0.969163
7.25657606	391	-0.201350 -0.264557  0.973233
7.26168012	391	-0.202308 -0.270303  0.962459
7.26676797	392	-0.204702 -0.268148  0.971318
7.27187204	392	-0.199674 -0.264317  0.971318
7.27698421	392	-0.201829 -0.266233  0.967966
7.28208398	393	-0.200153 -0.264317  0.974909
7.28718376	393	-0.199914 -0.264796  0.971078
7.29227590	393	-0.200871 -0.265754  0.974430
7.29736804	393	-0.202547 -0.258092  0.967008
7.30246019	393	-0.202308 -0.270303  0.983049
7.30755186	393	-0.204942 -0.266711  0.966769
7.31265592	393	-0.200632 -0.260008  0.981373
7.31773614	392	-0.202547 -0.267430  0.972515
7.32282781	393	-0.203745 -0.265275  0.970600
7.32792806	392	-0.196562 -0.269824  0.978261
7.33303213	393	-0.203505 -0.265754  0.979458
7.33813190	392	-0.198238 -0.261684  0.979697
7.34323596	393	-0.203745 -0.262162  0.982570
7.34834003	393	-0.202787 -0.266233  0.972994
7.35345220	393	-0.197998 -0.261923  0.977543
7.35857200	392	-0.198477 -0.267190  0.967726
7.36366796	393	-0.199435 -0.269345  0.974430
7.36877202	393	-0.199435 -0.264317  0.980176
7.37388801	393	-0.201829 -0.266472  0.971318
7.37899208	393	-0.201590 -0.266472  0.972754
7.38409996	393	-0.203984 -0.263599  0.976106
7.38920402	393	-0.200871 -0.271500  0.979219
7.39429187	393	-0.194168 -0.263360  0.968924
7.39941215	393	-0.197998 -0.268148  0.977543
7.40451622	391	-0.208293 -0.263120  0.971557
7.40960407	393	-0.205660 -0.262402  0.969642
7.41470384	394	-0.201350 -0.265754  0.971557
7.41979598	392	-0.203026 -0.263360  0.980416
7.42490005	390	-0.201590 -0.269106  0.977303
7.42999601	393	-0.199196 -0.267430  0.969402
7.43510818	391	-0.202308 -0.266472  0.978261
7.44022417	394	-0.198238 -0.268866  0.979697
7.44534015	392	-0.204942 -0.270542  0.973472
7.45043992	392	-0.203026 -0.264557  0.970121
7.45556020	391	-0.203745 -0.264317  0.976824
7.46068382	393	-0.200393 -0.270063  0.978979
7.46579217	391	-0.199674 -0.271021  0.975388
7.47091197	392	-0.202308 -0.262881  0.974430
7.47601985	393	-0.204702 -0.265275  0.980176
7.48114013	391	-0.201590 -0.266951  0.979697
7.48624420	393	-0.208054 -0.268627  0.974909
7.49134397	391	-0.202069 -0.263120  0.978022
7.49645185	393	-0.205660 -0.263838  0.970360
7.50155210	391	-0.203984 -0.271260  0.973951
7.50664377	390	-0.203745 -0.262162  0.981373
7.51174783	391	-0.204463 -0.262881  0.978979
7.51684379	393	-0.201829 -0.263838  0.978740
7.52194404	393	-0.199435 -0.266711  0.967248
7.52704811	393	-0.201350 -0.266472  0.978979
7.53213977	392	-0.200393 -0.268387  0.979697
7.53722810	391	-0.198238 -0.268866  0.973472
7.54232406	393	-0.200393 -0.260726  0.969642
7.54741621	392	-0.199674 -0.265035  0.984725
7.55250787	393	-0.203505 -0.266472  0.978979
7.55760002	392	-0.200393 -0.264557  0.978979
7.56269216	392	-0.194886 -0.263838  0.974670
7.56778001	392	-0.197998 -0.268148  0.976106
7.57287216	390	-0.193928 -0.262881  0.976585
7.57797622	393	-0.200153 -0.270063  0.971078
7.58306407	392	-0.203026 -0.265514  0.983767
7.58816003	392	-0.203505 -0.271260  0.971557
7.59324789	391	-0.206618 -0.275570  0.974670
7.59833192	393	-0.199914 -0.268627  0.975867
7.60343217	392	-0.199435 -0.270542  0.978500
7.60853576	393	-0.200153 -0.262881  0.976106
7.61363983	390	-0.202547 -0.264317  0.972275
7.61874818	391	-0.203505 -0.266233  0.978979
7.62385177	394	-0.204463 -0.264796  0.972275
7.62895202	393	-0.200393 -0.261444  0.969881
7.63405609	392	-0.206857 -0.269106  0.976346
7.63916397	393	-0.204942 -0.270781  0.980176
7.64425992	394	-0.200393 -0.266472  0.985443
7.64936399	393	-0.202069 -0.267908  0.972515
7.65446376	393	-0.199435 -0.271021  0.974670
7.65956783	393	-0.203266 -0.266233  0.970360
7.66468381	392	-0.200393 -0.266711  0.971318
7.66977977	391	-0.202547 -0.270063  0.977543
7.67488384	393	-0.199674 -0.261923  0.986880
7.67998790	392	-0.204463 -0.262641  0.972754
7.68509197	393	-0.203266 -0.262402  0.974430
7.69019222	392	-0.208772 -0.263599  0.972994
7.69530010	392	-0.201829 -0.270063  0.978022
7.70040416	393	-0.199196 -0.262641  0.980655
7.70551586	393	-0.199914 -0.268148  0.974191
7.71061992	393	-0.197520 -0.267190  0.973472
7.71572399	392	-0.203505 -0.270303  0.971078
7.72081995	390	-0.200632 -0.271260  0.980655
7.72592020	392	-0.202069 -0.266472  0.974430
7.73103189	393	-0.199435 -0.264557  0.972275
7.73614788	393	-0.200632 -0.267669  0.976585
7.74126005	391	-0.197998 -0.266951  0.970600
7.74636793	392	-0.209730 -0.271021  0.979697
7.75148010	393	-0.201829 -0.265275  0.972754
##inga 
#ido(sec)  szog(ADC)     ax(g)    ay(g)   az(g)
7.75712776	391	-0.203505 -0.268148  0.981134
7.76238012	393	-0.198477 -0.266233  0.976824
7.76764011	394	-0.199914 -0.270063  0.970600
7.77284812	392	-0.202787 -0.271260  0.979219
7.77794408	393	-0.201829 -0.269824  0.974430
7.78303194	393	-0.203266 -0.262641  0.971797
7.78813600	391	-0.201350 -0.266951  0.969642
7.79322004	392	-0.202308 -0.268148  0.973472
7.79830789	394	-0.205899 -0.272457  0.975388
7.80339622	392	-0.198477 -0.265514  0.978022
7.80849981	392	-0.201829 -0.267190  0.974670
7.81359195	393	-0.202787 -0.265754  0.970600
7.81867980	391	-0.197759 -0.265754  0.977064
7.82378005	393	-0.203026 -0.266233  0.978261
7.82886791	392	-0.203984 -0.267430  0.973233
7.83396816	393	-0.197998 -0.265514  0.975867
7.83906412	393	-0.204223 -0.270781  0.972515
7.84416389	392	-0.201350 -0.265993  0.978500
7.84926414	391	-0.197759 -0.269345  0.978261
7.85436820	393	-0.198477 -0.261684  0.974191
7.85947179	390	-0.197759 -0.265993  0.975388
7.86457586	393	-0.205181 -0.268866  0.976346
7.86967992	391	-0.196323 -0.265275  0.975148
7.87478780	393	-0.200632 -0.265754  0.977543
7.87989187	394	-0.203266 -0.268866  0.978740
7.88499593	393	-0.200153 -0.264796  0.975388
7.89010000	393	-0.196801 -0.262162  0.974909
7.89519214	394	-0.200871 -0.264796  0.970600
7.90027189	393	-0.205181 -0.269584  0.974670
7.90537214	393	-0.195365 -0.267908  0.975627
7.91047620	393	-0.203984 -0.265514  0.968684
7.91557216	393	-0.203266 -0.261923  0.981134
7.92068386	392	-0.207096 -0.268148  0.974909
7.92578411	392	-0.201829 -0.266472  0.980416
7.93088388	392	-0.207096 -0.263838  0.978022
7.93597984	392	-0.196323 -0.267908  0.976346
7.94109201	394	-0.205181 -0.267430  0.983049
7.94618797	393	-0.196323 -0.259289  0.971797
7.95131206	391	-0.198956 -0.264317  0.985922
7.95643186	394	-0.204702 -0.270303  0.976106
7.96152400	393	-0.200871 -0.263599  0.979458
7.96662378	393	-0.204702 -0.267190  0.978740
7.97171592	393	-0.203745 -0.265514  0.973951
7.97683191	392	-0.196323 -0.261923  0.976346
7.98195600	392	-0.199435 -0.265993  0.975148
7.98706817	394	-0.198238 -0.260008  0.978500
7.99216413	393	-0.198477 -0.265275  0.975388
7.99728822	392	-0.198238 -0.271739  0.975388
8.00240802	390	-0.200871 -0.264317  0.972515
8.00751590	393	-0.200393 -0.257374  0.976346
8.01262378	392	-0.200871 -0.264557  0.974191
8.01772785	393	-0.196562 -0.268387  0.978740
8.02283573	394	-0.200871 -0.263120  0.973472
8.02793598	393	-0.199914 -0.269584  0.971797
8.03306007	393	-0.195125 -0.265993  0.975867
8.03818416	393	-0.201829 -0.265754  0.978740
8.04328823	393	-0.200871 -0.264557  0.977064
8.04839229	393	-0.201829 -0.264796  0.975627
8.05351161	391	-0.206618 -0.264796  0.974430
8.05862045	393	-0.197520 -0.266233  0.987598
8.06373214	391	-0.203984 -0.265993  0.976346
8.06884765	394	-0.203745 -0.260726  0.978261
8.07396793	393	-0.197520 -0.264317  0.979219
8.07909584	392	-0.202787 -0.264078  0.981134
8.08419990	393	-0.203745 -0.269106  0.971557
8.08930778	393	-0.204463 -0.266951  0.979219
8.09442424	393	-0.203026 -0.272457  0.975388
8.09951591	393	-0.204702 -0.267190  0.979937
8.10460376	391	-0.197520 -0.263599  0.973951
8.10970020	393	-0.202547 -0.267669  0.966290
8.11478805	391	-0.196323 -0.266951  0.968445
8.11989212	394	-0.201829 -0.270781  0.975388
8.12497997	390	-0.201590 -0.270781  0.978500
8.13007640	393	-0.199914 -0.267190  0.976346
8.13516426	393	-0.197998 -0.261684  0.977064
8.14026832	392	-0.202547 -0.268148  0.976106
8.14536762	393	-0.203745 -0.266233  0.982810
8.15047168	393	-0.202787 -0.264078  0.976106
8.15555953	393	-0.195125 -0.264317  0.978022
8.16066360	393	-0.195604 -0.269584  0.980176
8.16575622	393	-0.201829 -0.270542  0.974191
8.17085170	391	-0.200153 -0.266233  0.974909
8.17595195	392	-0.199196 -0.268148  0.976346
8.18105602	392	-0.200153 -0.271021  0.979219
8.18614768	393	-0.201350 -0.265275  0.975627
8.19123554	391	-0.200871 -0.268148  0.976824
8.19632816	392	-0.202308 -0.261684  0.974909
8.20141983	394	-0.202547 -0.268866  0.977543
8.20653629	393	-0.200393 -0.273654  0.972036
8.21164035	392	-0.200153 -0.271979  0.970360
8.21674442	391	-0.196323 -0.263360  0.976824
8.22185230	393	-0.197041 -0.262641  0.976824
8.22695636	393	-0.203026 -0.262162  0.973712
8.23204803	393	-0.201350 -0.271260  0.978022
8.23714447	393	-0.198956 -0.258332  0.981134
8.24224376	393	-0.198956 -0.266233  0.981852
8.24735641	393	-0.197520 -0.268866  0.967487
8.25246429	392	-0.197520 -0.267669  0.985683
8.25757217	392	-0.201829 -0.272457  0.978979
8.26268386	393	-0.201350 -0.263360  0.974191
8.26777172	391	-0.198477 -0.265514  0.976106
##inga 
#ido(sec)  szog(ADC)     ax(g)    ay(g)   az(g)
8.27342033	394	-0.203984 -0.263120  0.984486
8.27867221	391	-0.202787 -0.270542  0.980655
8.28392028	392	-0.200393 -0.265514  0.976824
8.28915214	394	-0.207575 -0.263599  0.973951
8.29426002	393	-0.201829 -0.270063  0.970360
8.29935646	393	-0.204463 -0.263360  0.975148
8.30447578	394	-0.201111 -0.268627  0.982810
8.30959606	393	-0.200632 -0.270063  0.971557
8.31469154	391	-0.202787 -0.266711  0.977064
8.31980800	393	-0.205181 -0.264796  0.972994
8.32491970	393	-0.201590 -0.265993  0.976106
8.33002376	393	-0.200153 -0.264557  0.974430
8.33513164	393	-0.201829 -0.268148  0.977303
8.34024429	391	-0.197520 -0.267190  0.971078
8.34534835	393	-0.200153 -0.260726  0.970360
8.35044384	393	-0.200393 -0.269824  0.975388
8.35554790	394	-0.206378 -0.271021  0.971557
8.36064815	391	-0.199674 -0.268866  0.977782
8.36574840	394	-0.199674 -0.261444  0.971557
8.37085247	392	-0.197759 -0.265275  0.974909
8.37596797	393	-0.198477 -0.264557  0.982092
8.38108825	393	-0.198477 -0.267190  0.976824
8.38617992	393	-0.198717 -0.263599  0.988795
8.39128017	392	-0.203026 -0.271500  0.973472
8.39636421	393	-0.200871 -0.265993  0.970839
8.40145206	393	-0.205899 -0.270063  0.971557
8.40653228	393	-0.200632 -0.260965  0.977303
8.41161632	393	-0.204702 -0.266472  0.971557
8.41670799	393	-0.202787 -0.263838  0.989274
8.42180442	393	-0.203984 -0.264078  0.972754
8.42689228	393	-0.205899 -0.267430  0.976585
8.43197154	393	-0.203266 -0.266951  0.976585
8.43707180	393	-0.206139 -0.265275  0.973951
8.44217586	393	-0.202787 -0.265514  0.972275
8.44726753	393	-0.200871 -0.269106  0.972994
8.45234775	393	-0.199196 -0.268387  0.977782
8.45744419	393	-0.204463 -0.261205  0.980894
8.46253967	393	-0.197998 -0.265275  0.978022
8.46764373	393	-0.199674 -0.265993  0.973951
8.47274398	393	-0.202547 -0.266472  0.973951
8.47784423	391	-0.205181 -0.266472  0.976585
8.48294830	393	-0.197520 -0.270781  0.970121
8.48804759	393	-0.198956 -0.263838  0.980894
8.49314403	392	-0.199674 -0.268148  0.976346
8.49826431	393	-0.200153 -0.267190  0.978740
8.50335216	393	-0.194407 -0.271500  0.978979
8.50845241	393	-0.203984 -0.265754  0.977064
8.51354789	393	-0.202787 -0.269584  0.968684
8.51864433	393	-0.200153 -0.264078  0.973951
8.52372360	393	-0.196562 -0.262162  0.982570
8.52883625	392	-0.199914 -0.269824  0.974909
8.53394031	390	-0.200153 -0.264796  0.986401
8.53903961	393	-0.199435 -0.270063  0.969881
8.54414367	392	-0.202787 -0.259050  0.979937
8.54924774	392	-0.199435 -0.264557  0.976585
8.55436420	394	-0.204223 -0.269824  0.976824
8.55946826	391	-0.202069 -0.267190  0.979697
8.56456756	393	-0.197759 -0.262162  0.976346
8.56969165	393	-0.205660 -0.267669  0.975867
8.57479953	393	-0.199914 -0.267430  0.971078
8.57991600	391	-0.202547 -0.259768  0.974670
8.58502006	393	-0.197280 -0.265275  0.971078
8.59013175	393	-0.201350 -0.257853  0.978979
8.59523582	392	-0.203026 -0.265993  0.971078
8.60033988	391	-0.206378 -0.265514  0.963656
8.60545635	393	-0.194168 -0.262162  0.970839
8.61056423	393	-0.197998 -0.263838  0.983767
8.61567974	393	-0.203266 -0.261923  0.969642
8.62079620	392	-0.203505 -0.264796  0.976585
8.62590026	391	-0.205660 -0.263838  0.987119
8.63101577	394	-0.200871 -0.271021  0.969881
8.63611984	393	-0.206139 -0.270542  0.973472
8.64121246	394	-0.203266 -0.267430  0.976106
8.64630413	393	-0.205181 -0.264078  0.974191
8.65139198	393	-0.198956 -0.263120  0.968445
8.65648365	393	-0.200632 -0.267430  0.965811
8.66157245	393	-0.201829 -0.265514  0.980894
8.66666793	393	-0.199914 -0.268387  0.963656
8.67176818	393	-0.201350 -0.265275  0.970839
8.67685985	393	-0.205181 -0.264557  0.969642
8.68196392	394	-0.200871 -0.270063  0.977064
8.68704032	390	-0.203505 -0.269345  0.976106
8.69212436	392	-0.194168 -0.271260  0.981613
8.69722366	393	-0.202308 -0.262641  0.976585
8.70231246	393	-0.201350 -0.268387  0.971557
8.70741558	393	-0.195604 -0.265993  0.969642
8.71251583	392	-0.199674 -0.272218  0.972036
8.71761608	393	-0.209251 -0.265754  0.977064
8.72272396	392	-0.204702 -0.274133  0.974430
8.72781181	391	-0.203984 -0.261923  0.969881
8.73291206	393	-0.200393 -0.264078  0.970121
8.73800373	393	-0.203505 -0.260247  0.985683
8.74310016	393	-0.203745 -0.263120  0.982570
8.74820423	392	-0.197998 -0.264317  0.974909
8.75330829	393	-0.203266 -0.267669  0.975627
8.75841236	393	-0.202787 -0.267908  0.976824
8.76350784	393	-0.203984 -0.264557  0.977064
8.76861190	394	-0.205899 -0.264796  0.965332
8.77370357	392	-0.206139 -0.266711  0.972036
8.77881240	394	-0.206618 -0.267669  0.979937
8.78392028	393	-0.207336 -0.262162  0.982092
##inga 
#ido(sec)  szog(ADC)     ax(g)    ay(g)   az(g)
8.78956794	391	-0.202547 -0.267669  0.983767
8.79480838	393	-0.197998 -0.273894  0.970600
8.80002403	391	-0.201590 -0.271260  0.974191
8.80523967	392	-0.206857 -0.271260  0.974909
8.81035232	393	-0.197520 -0.268387  0.977064
8.81545639	392	-0.199435 -0.263360  0.971078
8.82056808	391	-0.204223 -0.268387  0.979697
8.82567977	393	-0.200632 -0.263838  0.985204
8.83078384	392	-0.200632 -0.267669  0.969163
8.83590412	390	-0.203266 -0.263120  0.975148
8.84101581	393	-0.202547 -0.264317  0.970839
8.84611988	390	-0.195125 -0.269106  0.978022
8.85123634	393	-0.196801 -0.260487  0.968924
8.85635185	392	-0.195365 -0.267908  0.973712
8.86145591	392	-0.202787 -0.265035  0.965093
8.86655998	392	-0.200153 -0.265993  0.974670
8.87166404	391	-0.201111 -0.263838  0.971318
8.87678432	393	-0.200393 -0.267430  0.966051
8.88188362	395	-0.199435 -0.262641  0.967008
8.88700008	391	-0.203505 -0.263360  0.971078
8.89208412	392	-0.206378 -0.268627  0.972754
8.89718437	390	-0.202308 -0.271021  0.976824
8.90227222	393	-0.206139 -0.268148  0.971797
8.90737628	392	-0.200632 -0.264317  0.974670
8.91246795	392	-0.201829 -0.266472  0.980655
8.91757202	393	-0.202069 -0.265275  0.975388
8.92266845	393	-0.198956 -0.270063  0.978740
8.92775630	393	-0.197998 -0.269824  0.975148
8.93285560	393	-0.199435 -0.272218  0.973472
8.93795967	393	-0.197280 -0.267908  0.972994
8.94305229	392	-0.205660 -0.265275  0.979219
8.94815158	391	-0.200632 -0.263360  0.977064
8.95325183	393	-0.201111 -0.266472  0.975627
8.95834827	393	-0.204942 -0.269824  0.982570
8.96344375	393	-0.203266 -0.265275  0.982810
8.96854400	390	-0.197280 -0.264317  0.974430
8.97363185	390	-0.203266 -0.267908  0.974430
8.97871208	393	-0.197041 -0.266233  0.966529
8.98381614	393	-0.200153 -0.267190  0.973233
8.98890399	393	-0.208772 -0.262402  0.975627
8.99400806	393	-0.202308 -0.264317  0.977303
8.99911212	392	-0.201590 -0.272457  0.972515
9.00420379	393	-0.199196 -0.264557  0.979937
9.00932025	391	-0.203745 -0.265275  0.981373
9.01442432	393	-0.198717 -0.264796  0.974430
9.01952838	391	-0.205420 -0.261923  0.964854
9.02463626	392	-0.205660 -0.272936  0.978261
9.02973175	393	-0.202308 -0.260008  0.975148
9.03481960	393	-0.203505 -0.271739  0.979219
9.03991985	393	-0.202547 -0.268866  0.974670
9.04502773	392	-0.199674 -0.267908  0.977064
9.05012798	392	-0.207815 -0.260008  0.977303
9.05521202	392	-0.201350 -0.265275  0.972994
9.06031608	393	-0.197998 -0.260487  0.975627
9.06542015	393	-0.203505 -0.262402  0.975388
9.07052421	394	-0.193450 -0.265993  0.979937
9.07562828	393	-0.202308 -0.270303  0.976346
9.08072757	393	-0.206139 -0.267430  0.977303
9.08582019	391	-0.196562 -0.266472  0.989035
9.09093570	392	-0.203026 -0.260965  0.970121
9.09602832	391	-0.205660 -0.268148  0.973951
9.10112762	392	-0.197280 -0.264078  0.971318
9.10622787	390	-0.203745 -0.268387  0.972515
9.11133193	393	-0.200153 -0.262162  0.979697
9.11643600	393	-0.203984 -0.266472  0.975388
9.12154006	391	-0.205899 -0.263599  0.974191
9.12664413	393	-0.203745 -0.265993  0.977303
9.13175582	392	-0.201111 -0.265514  0.980176
9.13687610	393	-0.201590 -0.261923  0.979219
9.14198017	393	-0.197998 -0.263838  0.985443
9.14709568	393	-0.197759 -0.261923  0.970360
9.15219974	392	-0.198956 -0.268866  0.973951
9.15729236	393	-0.202787 -0.262641  0.975867
9.16239166	393	-0.202547 -0.272936  0.966290
9.16748428	393	-0.201111 -0.262641  0.971318
9.17258834	392	-0.203505 -0.266951  0.981852
9.17768001	393	-0.195844 -0.262641  0.976824
9.18277168	393	-0.205181 -0.265514  0.979697
9.18787193	394	-0.197759 -0.259289  0.974191
9.19296360	393	-0.195844 -0.268148  0.977303
9.19805622	390	-0.204223 -0.268627  0.971557
9.20316028	393	-0.193928 -0.271979  0.974670
9.20825195	391	-0.194168 -0.268387  0.967248
9.21335601	393	-0.201590 -0.271500  0.977782
9.21843624	391	-0.205181 -0.263599  0.973951
9.22353172	393	-0.197759 -0.264557  0.981852
9.22863960	394	-0.200393 -0.267190  0.961023
9.23372364	392	-0.194407 -0.261684  0.981373
9.23882770	393	-0.203266 -0.261923  0.980655
9.24393558	390	-0.202308 -0.270303  0.972275
9.24901580	393	-0.204942 -0.263838  0.977303
9.25409984	392	-0.202547 -0.266233  0.982570
9.25920391	393	-0.199435 -0.264078  0.958389
9.26430797	393	-0.198477 -0.269345  0.973472
9.26942443	392	-0.202069 -0.264078  0.973472
9.27450847	393	-0.201350 -0.270542  0.971557
9.27959632	393	-0.196562 -0.263838  0.978979
9.28469562	393	-0.202308 -0.265275  0.973472
9.28979969	391	-0.200153 -0.263120  0.974430
9.29490375	393	-0.200393 -0.265993  0.981613
9.30000019	391	-0.196562 -0.262641  0.966769
##inga 
#ido(sec)  szog(ADC)     ax(g)    ay(g)   az(g)
9.30565643	392	-0.199674 -0.259768  0.977064
9.31090831	393	-0.197759 -0.263120  0.974670
9.31615638	393	-0.199914 -0.267430  0.981134
9.32140827	391	-0.197759 -0.263120  0.984725
9.32651615	391	-0.199914 -0.268387  0.978979
9.33162021	391	-0.198717 -0.263838  0.978022
9.33672428	393	-0.203984 -0.266472  0.981613
9.34182357	393	-0.198956 -0.264557  0.973951
9.34693241	392	-0.207815 -0.268148  0.972994
9.35205173	391	-0.203505 -0.265754  0.977064
9.35715198	393	-0.198477 -0.270781  0.972994
9.36226367	393	-0.204223 -0.266711  0.978740
9.36738777	393	-0.200153 -0.265035  0.979458
9.37249565	392	-0.207575 -0.263360  0.970600
9.37759971	393	-0.204702 -0.272457  0.968684
9.38271236	391	-0.198956 -0.267430  0.978740
9.38782024	393	-0.196801 -0.261923  0.977064
9.39292430	393	-0.197280 -0.265993  0.980416
9.39802360	391	-0.199914 -0.267669  0.978740
9.40313243	393	-0.199435 -0.263360  0.973233
9.40823554	393	-0.203505 -0.268627  0.976346
9.41334819	391	-0.201590 -0.269824  0.975867
9.41843986	393	-0.198717 -0.266711  0.976824
9.42355155	391	-0.207336 -0.265275  0.975148
9.42865562	393	-0.202069 -0.264557  0.975627
9.43374824	393	-0.200871 -0.264317  0.978261
9.43883991	392	-0.196083 -0.266711  0.975148
9.44394397	393	-0.194168 -0.267190  0.975627
9.44904422	392	-0.204702 -0.269345  0.986880
9.45413589	393	-0.207575 -0.258092  0.972275
9.45922374	391	-0.202308 -0.272457  0.972275
9.46431636	390	-0.203266 -0.262641  0.972994
9.46941184	390	-0.198717 -0.267430  0.970121
9.47451210	393	-0.204223 -0.273894  0.966769
9.47960758	391	-0.198956 -0.267908  0.979697
9.48470401	393	-0.204223 -0.268148  0.973951
9.48979568	392	-0.199435 -0.267430  0.978740
9.49489212	391	-0.202547 -0.270542  0.983528
9.49998378	393	-0.202547 -0.265993  0.971318
9.50508785	391	-0.199196 -0.261444  0.966769
9.51019573	393	-0.199914 -0.264557  0.973712
9.51531219	393	-0.203745 -0.266472  0.975148
9.52041625	391	-0.198477 -0.265993  0.978261
9.52552032	392	-0.204942 -0.265035  0.965332
9.53061580	393	-0.200632 -0.263838  0.974430
9.53569984	392	-0.203026 -0.265754  0.977782
9.54080390	393	-0.202787 -0.269106  0.982331
9.54590034	393	-0.196083 -0.269345  0.969402
9.55099582	392	-0.202308 -0.267430  0.975388
9.55609226	394	-0.202069 -0.267430  0.969642
9.56119632	393	-0.206139 -0.260726  0.971318
9.56628417	391	-0.205899 -0.270303  0.973712
9.57137203	391	-0.202308 -0.270063  0.970839
9.57645225	392	-0.197998 -0.263599  0.981134
9.58155155	392	-0.205899 -0.264796  0.970360
9.58663558	393	-0.196323 -0.263360  0.973233
9.59174823	391	-0.203505 -0.264796  0.983528
9.59684371	392	-0.199196 -0.264557  0.972515
9.60194778	391	-0.201829 -0.265754  0.972994
9.60705184	392	-0.201829 -0.267190  0.976106
9.61215591	393	-0.200871 -0.263838  0.971078
9.61725997	393	-0.201829 -0.261923  0.977303
9.62236785	393	-0.198956 -0.268627  0.973472
9.62748432	393	-0.201590 -0.264078  0.978022
9.63259601	393	-0.198717 -0.265275  0.974430
9.63771152	391	-0.207815 -0.269106  0.982092
9.64283180	390	-0.202308 -0.270303  0.974430
9.64793205	392	-0.198477 -0.269584  0.976346
9.65305614	393	-0.206139 -0.266951  0.975388
9.65816402	393	-0.193210 -0.266472  0.973472
9.66326808	393	-0.200393 -0.270063  0.985922
9.66837215	393	-0.207096 -0.272218  0.972754
9.67348766	392	-0.199914 -0.263120  0.978740
9.67859554	393	-0.200871 -0.264317  0.974670
9.68369960	393	-0.201590 -0.265035  0.976824
9.68879985	393	-0.203745 -0.262881  0.975148
9.69390773	393	-0.205660 -0.267908  0.972994
9.69898796	393	-0.201829 -0.263599  0.972036
9.70408821	393	-0.199914 -0.271021  0.977064
9.70919227	393	-0.202069 -0.260965  0.974670
9.71427631	393	-0.206618 -0.268148  0.966290
9.71937561	393	-0.196562 -0.262402  0.979458
9.72446823	391	-0.201590 -0.263360  0.975148
9.72955989	393	-0.202787 -0.262402  0.978261
9.73466396	393	-0.196562 -0.262641  0.973951
9.73976802	391	-0.197280 -0.264557  0.974909
9.74487209	391	-0.202069 -0.264796  0.975867
9.74996376	393	-0.200393 -0.268148  0.974430
9.75505638	392	-0.204942 -0.261444  0.970121
9.76014804	393	-0.199196 -0.269106  0.982331
9.76524829	393	-0.203266 -0.265754  0.975388
9.77033996	390	-0.200632 -0.263838  0.974191
9.77543640	391	-0.203026 -0.268148  0.980655
9.78053569	393	-0.199914 -0.260008  0.972754
9.78562355	394	-0.202308 -0.265754  0.981134
9.79071617	393	-0.200153 -0.272936  0.981852
9.79581165	393	-0.203266 -0.263838  0.981613
9.80091190	393	-0.204223 -0.260008  0.976824
9.80600357	392	-0.205899 -0.262641  0.972275
9.81111621	394	-0.201350 -0.264078  0.973951
9.81621170	393	-0.198956 -0.272697  0.976346
##inga 
#ido(sec)  szog(ADC)     ax(g)    ay(g)   az(g)
9.82184791	393	-0.197998 -0.267908  0.981613
9.82709980	393	-0.207096 -0.268387  0.973472
9.83234024	392	-0.200393 -0.263838  0.970600
9.83756828	393	-0.202787 -0.267669  0.977064
9.84267616	393	-0.200632 -0.268866  0.969642
9.84777641	393	-0.197759 -0.266233  0.973472
9.85287952	392	-0.202547 -0.264796  0.978261
9.85798358	393	-0.201350 -0.268866  0.974909
9.86307621	393	-0.203505 -0.263360  0.970360
9.86816406	393	-0.199674 -0.268627  0.974191
9.87327957	392	-0.203026 -0.266711  0.969642
9.87838840	393	-0.196801 -0.264317  0.971318
9.88350391	392	-0.197280 -0.268387  0.964614
9.88862037	391	-0.196562 -0.262162  0.983528
9.89373970	393	-0.202308 -0.265993  0.982331
9.89883232	393	-0.198238 -0.263838  0.980655
9.90395164	392	-0.201590 -0.266233  0.982570
9.90905570	392	-0.203984 -0.265275  0.977303
9.91415596	393	-0.204463 -0.270542  0.976346
9.91927242	393	-0.200871 -0.265514  0.968205
9.92438030	393	-0.200393 -0.264557  0.981852
9.92949199	394	-0.202069 -0.272457  0.981134
9.93459224	392	-0.203984 -0.271500  0.974191
9.93968391	390	-0.199196 -0.267430  0.978261
9.94478797	393	-0.197041 -0.271500  0.978261
9.94988441	391	-0.201590 -0.264557  0.977064
9.95498752	391	-0.200871 -0.265754  0.971318
9.96008777	393	-0.204942 -0.271021  0.969642
9.96518039	393	-0.203745 -0.263838  0.981613
9.97028446	393	-0.200871 -0.265514  0.984246
9.97537231	392	-0.207096 -0.269824  0.975148
9.98046016	394	-0.206618 -0.271021  0.978022
9.98556804	393	-0.202069 -0.266233  0.969642
9.99065971	394	-0.198238 -0.261923  0.967726
9.99576377	392	-0.206857 -0.265275  0.969163
10.00086784	393	-0.196083 -0.263838  0.975627
10.00606822	393	-0.204463 -0.264317  0.977782
10.01127243	390	-0.197998 -0.267669  0.979458
10.01647567	393	-0.201350 -0.265754  0.970600
10.02168369	390	-0.203745 -0.265275  0.971078
10.02689170	390	-0.203745 -0.266711  0.967008
10.03210353	393	-0.204223 -0.269345  0.973233
10.03731155	393	-0.199196 -0.263599  0.970600
10.04251575	393	-0.201350 -0.263599  0.972515
10.04771995	392	-0.202547 -0.265514  0.974909
10.05292797	393	-0.196801 -0.263838  0.978261
10.05813217	393	-0.202787 -0.269824  0.977064
10.06333637	392	-0.201350 -0.267430  0.978261
10.06853580	393	-0.202787 -0.267908  0.973951
10.07373237	394	-0.204942 -0.267669  0.981134
10.07893180	393	-0.206618 -0.264317  0.990950
10.08414840	392	-0.206378 -0.271979  0.970600
10.08934783	392	-0.200153 -0.269106  0.978500
10.09455204	393	-0.204463 -0.268148  0.969163
