##inga 
#ido(sec)  szog(ADC)     ax(g)    ay(g)   az(g)
0.00170400	425	-0.149397 -0.157537  1.008188
0.00691600	425	-0.142693 -0.159213  1.020398
##inga 
#ido(sec)  szog(ADC)     ax(g)    ay(g)   az(g)
0.01350800	425	-0.144129 -0.159213  1.009864
0.01872400	424	-0.144129 -0.156100  1.012977
0.02396400	423	-0.143651 -0.159931  1.012498
0.02918800	426	-0.143890 -0.161846  1.017765
0.03428800	426	-0.142454 -0.160410  1.020877
0.03937600	426	-0.137186 -0.157058  1.012977
0.04447600	424	-0.138383 -0.160170  1.014413
0.04957200	426	-0.138144 -0.160170  1.017286
0.05466000	425	-0.138623 -0.159931  1.008427
0.05975199	425	-0.134792 -0.157537  1.010822
0.06486001	426	-0.134553 -0.157537  1.012258
0.06996000	423	-0.137426 -0.147721  1.021356
0.07506401	425	-0.131440 -0.146524  1.012258
0.08016401	425	-0.124976 -0.142693  1.009864
0.08526801	426	-0.133356 -0.143651  1.017765
0.09037600	423	-0.131440 -0.138862  1.014413
0.09546400	425	-0.131201 -0.141256  1.023032
0.10056800	425	-0.129046 -0.132637  1.003400
0.10567201	424	-0.129525 -0.139102  1.020877
0.11077600	425	-0.140299 -0.141735  1.001724
0.11588000	426	-0.129046 -0.137905  1.008427
0.12097600	423	-0.130243 -0.138623  1.015371
0.12608001	426	-0.137426 -0.135032  1.010343
0.13119199	425	-0.135989 -0.146524  1.011779
0.13631199	424	-0.139820 -0.143172  1.014413
0.14142399	424	-0.137426 -0.146763  1.020398
0.14653599	424	-0.146284 -0.150115  1.012258
0.15164400	423	-0.139581 -0.160649  1.011779
0.15674400	425	-0.143411 -0.153946  1.021595
0.16186399	425	-0.142214 -0.158495  1.012498
0.16698400	425	-0.145566 -0.158734  1.012737
0.17208800	425	-0.140778 -0.156100  1.009864
0.17717200	425	-0.144848 -0.167353  1.017765
0.18229199	425	-0.144848 -0.169268  1.019920
0.18739999	425	-0.138383 -0.163522  1.014174
0.19250400	426	-0.141975 -0.170465  1.018004
0.19760799	426	-0.138623 -0.161128  1.013934
0.20273199	423	-0.139581 -0.158016  1.015610
0.20783998	426	-0.137186 -0.155861  1.020159
0.21295599	426	-0.138383 -0.153227  1.014652
0.21807198	423	-0.139102 -0.152749  1.013934
0.22318799	424	-0.144129 -0.149157  1.005076
0.22830801	426	-0.134313 -0.141256  1.012977
0.23342399	425	-0.136708 -0.150354  1.016328
0.23853998	425	-0.135750 -0.141735  1.015371
0.24364800	426	-0.135271 -0.141735  1.010582
0.24876799	425	-0.131680 -0.144848  1.014892
0.25387201	424	-0.133835 -0.134074  1.012258
0.25898399	425	-0.131440 -0.141975  1.014892
0.26409997	425	-0.129764 -0.137186  1.003639
0.26920800	425	-0.132159 -0.137186  1.009864
0.27431199	423	-0.134792 -0.138623  1.007949
0.27942800	424	-0.131440 -0.144848  1.014892
0.28453599	425	-0.130243 -0.141496  1.006512
0.28964800	425	-0.138623 -0.147721  1.012019
0.29476402	423	-0.136708 -0.153227  1.004836
0.29988398	424	-0.134313 -0.149876  1.012258
0.30501198	425	-0.137186 -0.157776  1.016568
0.31013200	426	-0.137426 -0.157297  1.011540
0.31523599	423	-0.138144 -0.165677  1.014413
0.32034800	425	-0.142693 -0.162565  1.008906
0.32545998	425	-0.141735 -0.156579  1.012258
0.33059201	425	-0.145087 -0.164001  1.004597
0.33569600	426	-0.144129 -0.159692  1.011061
0.34081199	425	-0.139581 -0.164480  1.008906
0.34593200	425	-0.141735 -0.160170  1.010343
0.35103199	425	-0.145805 -0.161368  1.012737
0.35615200	425	-0.144369 -0.155861  1.022074
0.36127200	423	-0.138623 -0.158495  1.017765
0.36639199	425	-0.141975 -0.159452  1.015610
0.37151198	424	-0.142214 -0.155622  1.019920
0.37663998	424	-0.138144 -0.151551  1.007709
0.38177599	423	-0.135750 -0.152030  1.006991
0.38687200	423	-0.136708 -0.148200  1.012498
0.39196801	425	-0.136229 -0.146045  1.001245
0.39707999	426	-0.135271 -0.141975  1.013216
0.40219597	425	-0.134553 -0.150115  1.018723
0.40731601	425	-0.132159 -0.143651  1.005315
0.41243200	425	-0.134553 -0.141975  1.026863
0.41755199	425	-0.126652 -0.139102  1.008427
0.42265601	425	-0.130004 -0.140538  1.008906
0.42775602	423	-0.131440 -0.142214  1.015610
0.43285999	425	-0.128088 -0.140538  1.011061
0.43794398	425	-0.127610 -0.143172  1.013934
0.44304399	425	-0.132877 -0.146763  1.024469
0.44815201	425	-0.135750 -0.146524  1.013216
0.45325198	423	-0.128567 -0.153227  1.015610
0.45835599	424	-0.133595 -0.148918  1.008667
0.46345601	424	-0.138383 -0.147721  1.011779
0.46856002	423	-0.132637 -0.151791  1.015371
0.47367601	425	-0.134792 -0.157297  1.006033
0.47877998	425	-0.139820 -0.158016  1.017765
0.48387198	426	-0.141256 -0.156579  1.015371
0.48897600	425	-0.138623 -0.159213  1.021835
0.49408001	424	-0.142214 -0.159931  1.008427
0.49918403	426	-0.141256 -0.157537  1.013216
0.50428800	424	-0.143172 -0.158255  1.012258
0.50938396	426	-0.147003 -0.156100  1.016328
0.51446800	425	-0.146284 -0.161607  1.016807
0.51955995	426	-0.145327 -0.159692  1.020638
0.52467603	426	-0.150594 -0.151551  1.017047
##inga 
#ido(sec)  szog(ADC)     ax(g)    ay(g)   az(g)
0.53030400	425	-0.144608 -0.155382  1.008188
0.53551197	426	-0.144369 -0.160170  1.009385
0.54075598	425	-0.145087 -0.148918  1.012977
0.54599199	424	-0.136229 -0.148918  1.013695
0.55111198	426	-0.139581 -0.145566  1.006752
0.55623197	425	-0.139102 -0.148439  1.017286
0.56134800	423	-0.138144 -0.150115  1.016807
0.56644001	423	-0.127370 -0.140538  1.009864
0.57152404	424	-0.133835 -0.141975  1.013695
0.57664003	423	-0.132398 -0.142214  1.008667
0.58175201	425	-0.129286 -0.143172  1.008906
0.58686399	425	-0.126413 -0.138383  1.017525
0.59198398	426	-0.123300 -0.143411  1.009864
0.59707202	426	-0.128567 -0.135989  1.010582
0.60217599	426	-0.125934 -0.143651  1.011061
0.60729198	425	-0.123540 -0.144848  1.015371
0.61240000	426	-0.129046 -0.145087  1.013455
0.61750402	425	-0.136708 -0.147003  1.006991
0.62260003	425	-0.138862 -0.147003  1.015371
0.62770404	425	-0.138144 -0.146045  1.011061
0.63282003	426	-0.140059 -0.152988  1.017765
0.63792400	425	-0.134313 -0.157058  1.010822
0.64303202	423	-0.142693 -0.150115  1.018962
0.64814801	424	-0.143651 -0.155382  1.011301
0.65326399	425	-0.145087 -0.164241  1.012019
0.65837998	426	-0.150833 -0.158255  1.012737
0.66347198	425	-0.148439 -0.155622  1.008906
0.66858797	426	-0.148678 -0.158016  1.013934
0.67369599	426	-0.144369 -0.161368  1.009385
0.67880797	426	-0.148918 -0.159692  1.014652
0.68391199	426	-0.146045 -0.157776  1.020398
0.68901596	424	-0.135271 -0.159692  1.006512
0.69413604	426	-0.138623 -0.158016  1.005076
0.69925599	423	-0.139102 -0.155861  1.016807
0.70436801	426	-0.132159 -0.154664  1.006991
0.70948400	426	-0.135750 -0.154185  1.012737
0.71459197	425	-0.131201 -0.150594  1.012737
0.71969599	425	-0.133116 -0.145805  1.012258
0.72482004	426	-0.127370 -0.150833  1.014892
0.72993602	426	-0.125934 -0.146763  1.012019
0.73505201	425	-0.132398 -0.143411  1.015371
0.74017200	425	-0.127370 -0.140538  1.022553
0.74527196	426	-0.126652 -0.147721  1.016807
0.75039200	425	-0.132877 -0.139581  1.014174
0.75549602	423	-0.127849 -0.141256  1.009385
0.76061201	424	-0.136708 -0.140538  1.013216
0.76571602	426	-0.129046 -0.142454  1.007709
0.77083201	423	-0.134553 -0.142693  1.009385
0.77594799	426	-0.134792 -0.148439  1.007949
0.78105597	424	-0.133595 -0.145566  1.022074
0.78616800	425	-0.134313 -0.147960  1.016328
0.79128403	423	-0.140538 -0.150833  1.019680
0.79638795	424	-0.137665 -0.142693  1.022074
0.80149602	426	-0.139102 -0.153706  1.017286
0.80659198	425	-0.146763 -0.156100  1.016807
0.81169595	425	-0.146763 -0.161607  1.014892
0.81680002	426	-0.148918 -0.155143  1.017525
0.82190399	424	-0.145327 -0.162804  1.013934
0.82700405	425	-0.147960 -0.166156  1.011540
0.83209600	424	-0.147003 -0.161128  1.006273
0.83719196	423	-0.143651 -0.158734  1.012977
0.84230403	426	-0.141256 -0.153946  1.013934
0.84741992	425	-0.140778 -0.167114  1.007709
0.85252399	425	-0.136229 -0.158734  1.012977
0.85763196	425	-0.140299 -0.157776  1.014892
0.86273202	426	-0.135750 -0.163043  1.012498
0.86782398	425	-0.135989 -0.152988  1.015849
0.87292394	425	-0.128807 -0.154185  1.014892
0.87802801	423	-0.141496 -0.137905  1.016328
0.88313198	424	-0.129286 -0.153227  1.005794
0.88823995	426	-0.129764 -0.143411  1.026863
0.89334402	424	-0.128567 -0.145566  1.016089
0.89844799	426	-0.129525 -0.142932  1.015849
0.90355195	426	-0.126413 -0.145087  1.013695
0.90865201	424	-0.132398 -0.135510  1.013216
0.91375598	426	-0.132637 -0.141975  1.012737
0.91886405	425	-0.132637 -0.133595  1.016807
0.92396802	426	-0.130962 -0.137426  1.009146
0.92907199	423	-0.136708 -0.144369  1.018483
0.93417606	423	-0.134792 -0.141975  1.008906
0.93927202	424	-0.139102 -0.141975  1.013934
0.94437198	426	-0.134313 -0.150833  1.014174
0.94947605	426	-0.136708 -0.151073  1.014892
0.95458002	426	-0.139820 -0.154424  1.007949
0.95968399	424	-0.139102 -0.152749  1.009146
0.96479206	423	-0.135510 -0.148918  1.009625
0.96989202	424	-0.142693 -0.156579  1.009385
0.97500000	426	-0.145327 -0.163283  1.013695
0.98009195	425	-0.141496 -0.165198  1.013216
0.98520002	426	-0.141017 -0.160889  1.023511
0.99027996	425	-0.144129 -0.164001  1.012258
0.99539604	426	-0.143651 -0.159452  1.021356
1.00050401	425	-0.141256 -0.162325  1.006033
1.00562798	424	-0.141975 -0.160410  1.016089
1.01074004	426	-0.139341 -0.155861  1.006752
1.01585996	425	-0.138144 -0.154664  1.008427
1.02097594	425	-0.145805 -0.155861  1.020638
1.02608799	425	-0.137186 -0.155861  1.009864
1.03120803	424	-0.141735 -0.155382  1.012019
1.03633594	426	-0.141256 -0.149876  1.016328
1.04146003	424	-0.134553 -0.147481  1.014413
##inga 
#ido(sec)  szog(ADC)     ax(g)    ay(g)   az(g)
1.04710805	424	-0.131440 -0.140059  1.013695
1.05234801	425	-0.130483 -0.137665  1.013695
1.05757594	424	-0.143411 -0.147003  1.011061
1.06281602	424	-0.136229 -0.141735  1.009146
1.06793200	426	-0.138144 -0.144848  1.019680
1.07304000	425	-0.134792 -0.137426  1.013695
1.07816398	423	-0.127131 -0.141017  1.017765
1.08328401	425	-0.134792 -0.143172  1.012258
1.08841204	425	-0.134313 -0.140299  1.021835
1.09352005	426	-0.132637 -0.144369  1.011540
1.09863996	425	-0.130722 -0.144369  1.018723
1.10375201	426	-0.136229 -0.144369  1.005794
1.10887205	425	-0.137186 -0.144369  1.012737
1.11398804	425	-0.131440 -0.151312  1.009385
1.11909997	425	-0.132877 -0.154424  1.018483
1.12422394	425	-0.143651 -0.159931  1.009385
1.12934803	426	-0.139581 -0.160889  1.013455
1.13446795	426	-0.146524 -0.160649  1.013934
1.13958394	425	-0.142214 -0.164480  1.011779
1.14470398	425	-0.143411 -0.161607  1.011779
1.14982402	424	-0.136947 -0.162325  1.010582
1.15494799	425	-0.144608 -0.156819  1.008188
1.16005194	425	-0.142454 -0.164480  1.012258
1.16517198	426	-0.139581 -0.159931  1.012019
1.17030000	425	-0.142214 -0.160649  1.008427
1.17540395	425	-0.143172 -0.157297  1.013455
1.18052398	425	-0.135989 -0.153706  1.019201
1.18563997	424	-0.135510 -0.148200  1.012737
1.19073999	425	-0.141017 -0.147721  1.017047
1.19586801	423	-0.139102 -0.147960  1.015131
1.20098805	426	-0.139581 -0.140299  1.013695
1.20611202	423	-0.146524 -0.141496  1.017765
1.21124005	424	-0.132877 -0.141975  1.013216
1.21635997	424	-0.135750 -0.138383  1.011779
1.22147595	425	-0.135750 -0.136708  1.007949
1.22658801	425	-0.130243 -0.138623  1.015849
1.23171198	426	-0.132159 -0.134792  1.017286
1.23684000	423	-0.128807 -0.144608  1.012019
1.24194002	424	-0.129764 -0.140778  1.010822
1.24706399	424	-0.134074 -0.148678  1.012258
1.25218796	426	-0.128328 -0.146045  1.010582
1.25730395	425	-0.130243 -0.141975  1.006752
1.26242005	424	-0.133595 -0.149397  1.009385
1.26753997	425	-0.143651 -0.152988  1.016328
1.27265202	425	-0.130483 -0.151791  1.011301
1.27777194	426	-0.136229 -0.157297  1.024708
1.28289198	425	-0.139581 -0.159452  1.007709
1.28801595	425	-0.136947 -0.155382  1.009385
1.29314398	425	-0.139341 -0.158734  1.013216
1.29826795	425	-0.138144 -0.160649  1.006991
1.30338394	426	-0.146524 -0.157297  1.013934
1.30851197	423	-0.144369 -0.159452  1.013695
1.31363201	426	-0.145805 -0.153227  1.007230
1.31875205	425	-0.144369 -0.160889  1.013216
1.32386398	424	-0.143411 -0.157537  1.007230
1.32897996	426	-0.143411 -0.156819  1.013695
1.33410799	425	-0.141496 -0.153706  1.006991
1.33922803	423	-0.143172 -0.158016  1.018962
1.34435200	423	-0.138862 -0.156100  1.018723
1.34947204	425	-0.138623 -0.150833  1.018004
1.35459196	425	-0.139102 -0.147003  1.023032
1.35971200	426	-0.135271 -0.149876  1.013934
1.36482000	424	-0.136947 -0.145566  1.023511
1.36993598	425	-0.136468 -0.143890  1.012019
1.37504398	425	-0.123779 -0.138862  1.011301
1.38017201	424	-0.130962 -0.137905  1.008427
1.38529205	423	-0.130004 -0.141496  1.012019
1.39040803	423	-0.130962 -0.144608  1.008427
1.39551997	425	-0.127370 -0.141256  1.024229
1.40064392	426	-0.128567 -0.148439  1.015849
1.40576801	426	-0.130483 -0.143172  1.014413
1.41088399	424	-0.126891 -0.144129  1.012977
1.41602001	426	-0.132877 -0.149397  1.011540
1.42114400	423	-0.128807 -0.147721  1.014413
1.42625198	425	-0.129046 -0.152509  1.007470
1.43135204	426	-0.139341 -0.146045  1.006991
1.43647203	425	-0.140299 -0.156100  1.014413
1.44157195	426	-0.143411 -0.150354  1.010822
1.44668807	424	-0.145087 -0.149876  1.012258
1.45180797	426	-0.143172 -0.156100  1.005315
1.45692801	423	-0.150354 -0.156340  1.011301
1.46204805	426	-0.149157 -0.157058  1.010822
1.46715998	426	-0.149397 -0.157297  1.009864
1.47227597	425	-0.143172 -0.157297  1.008906
1.47739195	426	-0.145087 -0.154903  1.004836
1.48249602	423	-0.143651 -0.164719  1.019441
1.48761596	424	-0.147242 -0.158734  1.017525
1.49273204	426	-0.136708 -0.157776  1.016568
1.49785995	425	-0.146045 -0.154664  1.010822
1.50296792	426	-0.143651 -0.153227  1.012019
1.50809597	425	-0.133116 -0.158016  1.017286
1.51321601	422	-0.133116 -0.152030  1.005794
1.51833200	426	-0.134792 -0.150594  1.009146
1.52343597	424	-0.134074 -0.147721  1.013216
1.52855205	423	-0.130243 -0.146524  1.013934
1.53365602	425	-0.133116 -0.145087  1.009864
1.53877601	423	-0.128088 -0.149397  1.012977
1.54387998	425	-0.125934 -0.139102  1.015131
1.54899597	425	-0.136708 -0.145327  1.015610
1.55410003	423	-0.127131 -0.141496  1.005315
1.55920801	423	-0.127849 -0.137186  1.010582
##inga 
#ido(sec)  szog(ADC)     ax(g)    ay(g)   az(g)
1.56483993	425	-0.127849 -0.137905  1.008667
1.57008800	425	-0.136708 -0.144369  1.013216
1.57532000	425	-0.129286 -0.139581  1.018483
1.58057203	425	-0.128088 -0.143890  1.008427
1.58565607	423	-0.138144 -0.142214  1.006273
1.59075999	424	-0.140299 -0.150354  1.006512
1.59584798	425	-0.135989 -0.154185  1.013216
1.60095596	426	-0.142932 -0.148918  1.018483
1.60606393	423	-0.143890 -0.156819  1.002681
1.61115598	426	-0.135271 -0.158495  1.007949
1.61626806	424	-0.143651 -0.152509  1.010582
1.62136802	425	-0.146045 -0.161368  1.010343
1.62647604	423	-0.148439 -0.164480  1.007230
1.63157997	426	-0.144608 -0.162086  1.021117
1.63667593	426	-0.148678 -0.160170  1.005076
1.64176797	425	-0.141975 -0.164959  1.011301
1.64688396	425	-0.145087 -0.158495  1.014174
1.65198802	423	-0.144369 -0.158734  1.016089
1.65709600	425	-0.135989 -0.160170  1.010822
1.66220402	423	-0.139102 -0.151791  1.004357
1.66731595	424	-0.144129 -0.157537  1.010103
1.67242002	426	-0.133595 -0.153946  1.011061
1.67752399	426	-0.139341 -0.151312  1.002203
1.68263998	426	-0.135510 -0.146763  1.014413
1.68775596	425	-0.131440 -0.150115  1.016328
1.69287204	425	-0.136468 -0.144608  1.018004
1.69798803	425	-0.130243 -0.141496  1.011779
1.70309600	425	-0.129046 -0.139341  1.012258
1.70821199	426	-0.134313 -0.143172  1.010582
1.71332798	425	-0.135032 -0.145805  1.015371
1.71842803	425	-0.131201 -0.137665  1.013216
1.72354402	424	-0.132159 -0.142693  1.019201
1.72866401	424	-0.133356 -0.140538  1.016807
1.73377599	425	-0.138383 -0.143651  1.012019
1.73889994	425	-0.134313 -0.143890  1.026384
1.74401607	424	-0.134074 -0.141735  1.012737
1.74911999	426	-0.139820 -0.145566  1.005555
1.75423202	425	-0.137665 -0.144369  1.013455
1.75934400	426	-0.140778 -0.151073  1.003639
1.76443600	425	-0.141017 -0.154664  1.006512
1.76953992	423	-0.144369 -0.154185  1.013934
1.77464795	425	-0.142214 -0.159452  1.013216
1.77975997	425	-0.139102 -0.161368  1.013216
1.78488006	424	-0.136947 -0.163043  1.013695
1.79000401	426	-0.139341 -0.161128  1.016089
1.79512000	426	-0.140778 -0.163762  1.010103
1.80023202	426	-0.138383 -0.160649  1.006033
1.80535202	425	-0.137665 -0.162325  1.014652
1.81045608	426	-0.138623 -0.162325  1.011061
1.81558399	425	-0.141735 -0.161607  1.011061
1.82070398	424	-0.136708 -0.158016  1.016089
1.82581195	426	-0.132877 -0.153227  1.014174
1.83093204	425	-0.139341 -0.155382  1.006991
1.83604001	423	-0.135032 -0.155143  1.012737
1.84115200	425	-0.130004 -0.151791  1.010822
1.84625606	425	-0.132637 -0.153227  1.019680
1.85137195	423	-0.132398 -0.143411  1.016089
1.85648002	425	-0.135032 -0.146284  1.021117
1.86159601	425	-0.129525 -0.137665  1.008427
1.86670398	424	-0.135750 -0.137665  1.014174
1.87180805	426	-0.135750 -0.140299  1.014892
1.87692794	424	-0.132398 -0.141735  1.020159
1.88204803	425	-0.134074 -0.138383  1.014174
1.88716802	424	-0.132398 -0.135032  1.017286
1.89228801	426	-0.133835 -0.144369  1.004357
1.89740800	425	-0.135271 -0.143890  1.017286
1.90252799	425	-0.133116 -0.147481  1.009625
1.90764799	426	-0.130722 -0.146763  1.009385
1.91275205	426	-0.136708 -0.147481  1.012977
1.91787195	424	-0.133356 -0.154664  1.014892
1.92298402	424	-0.131440 -0.158734  1.012258
1.92810001	425	-0.137186 -0.158255  1.012977
1.93322801	426	-0.141256 -0.154903  1.004357
1.93833599	423	-0.135032 -0.155622  1.015610
1.94345607	425	-0.142932 -0.159452  1.011779
1.94855995	424	-0.151312 -0.161368  1.011540
1.95367202	425	-0.144369 -0.162804  1.010343
1.95879192	426	-0.145805 -0.164719  1.008906
1.96390800	426	-0.145566 -0.156579  1.006033
1.96901597	424	-0.145327 -0.156340  1.007470
1.97412796	425	-0.140778 -0.160170  1.004118
1.97923192	423	-0.144608 -0.158495  1.004836
1.98435201	425	-0.142214 -0.158255  1.010822
1.98948001	425	-0.145087 -0.147481  1.011061
1.99459600	426	-0.140059 -0.147960  1.012019
1.99970397	426	-0.144608 -0.147721  1.010343
2.00482797	424	-0.138383 -0.145087  1.008906
2.00993990	424	-0.135989 -0.144129  1.009864
2.01505994	425	-0.133356 -0.142693  1.013216
2.02017998	425	-0.135271 -0.144129  1.018723
2.02530407	423	-0.126173 -0.134313  1.007470
2.03042411	426	-0.129286 -0.141496  1.012737
2.03555202	426	-0.130483 -0.147003  1.008427
2.04067206	425	-0.130962 -0.145327  1.013695
2.04579210	426	-0.128088 -0.141017  1.010822
2.05089998	426	-0.133116 -0.141975  1.017286
2.05603194	425	-0.131440 -0.141256  1.020398
2.06114792	424	-0.129525 -0.147481  1.014652
2.06626796	423	-0.127610 -0.142214  1.028060
2.07139205	426	-0.136708 -0.146763  1.008667
2.07651209	425	-0.125934 -0.147481  1.013216
##inga 
#ido(sec)  szog(ADC)     ax(g)    ay(g)   az(g)
2.08216404	423	-0.133116 -0.154185  1.019680
2.08741211	426	-0.140299 -0.155622  1.008427
2.09267210	425	-0.139820 -0.156819  1.010822
2.09789204	423	-0.138862 -0.156819  1.017525
2.10299992	425	-0.139820 -0.161368  1.015371
2.10810399	425	-0.147003 -0.155382  1.015131
2.11320805	426	-0.143890 -0.160649  1.017765
2.11829996	427	-0.147003 -0.156579  1.017765
2.12339210	424	-0.146763 -0.157058  1.013216
2.12849211	424	-0.137665 -0.163043  1.022314
2.13359594	425	-0.144608 -0.165917  1.004357
2.13868808	423	-0.149876 -0.159213  1.015131
2.14380407	425	-0.139581 -0.156579  1.017286
2.14890789	425	-0.144848 -0.149397  1.015849
2.15401196	424	-0.136947 -0.156100  1.014174
2.15911602	425	-0.142454 -0.147481  1.016328
2.16422390	425	-0.140299 -0.144369  1.019201
2.16931200	425	-0.136468 -0.148439  1.016568
2.17440795	426	-0.133356 -0.147960  1.010343
2.17950797	426	-0.127370 -0.139102  1.013934
2.18461203	425	-0.130004 -0.142454  1.007949
2.18971610	426	-0.130483 -0.150354  1.016568
2.19480800	426	-0.129286 -0.141735  1.010822
2.19991207	424	-0.122582 -0.146045  1.015131
2.20501995	424	-0.121624 -0.144848  1.012737
2.21011996	425	-0.130962 -0.140059  1.009385
2.21521997	426	-0.130722 -0.140778  1.011779
2.22031211	425	-0.125455 -0.150833  1.015849
2.22541189	423	-0.134074 -0.147721  1.013934
2.23051595	425	-0.138144 -0.146045  1.012258
2.23562002	426	-0.139341 -0.150115  1.014652
2.24072408	425	-0.135510 -0.148439  1.010343
2.24583196	425	-0.138383 -0.148918  1.011779
2.25093603	423	-0.143172 -0.151551  1.010822
2.25605201	426	-0.143651 -0.148918  1.021595
2.26116800	425	-0.143411 -0.159931  1.013455
2.26628804	426	-0.144129 -0.152030  1.010822
2.27139210	426	-0.147481 -0.160649  1.016089
2.27648806	425	-0.146284 -0.155382  1.015131
2.28159999	424	-0.151073 -0.155382  1.006033
2.28671193	426	-0.147242 -0.160170  1.012258
2.29181599	423	-0.144608 -0.155143  1.006033
2.29693603	426	-0.145327 -0.158734  1.009385
2.30204010	425	-0.144369 -0.158734  1.012258
2.30715990	426	-0.149157 -0.156579  1.016568
2.31227207	425	-0.138383 -0.158016  1.010582
2.31738805	423	-0.137905 -0.160170  1.009385
2.32248806	425	-0.135989 -0.155861  1.016568
2.32760405	424	-0.131201 -0.145805  1.011540
2.33271193	426	-0.134553 -0.151073  1.023511
2.33783197	423	-0.131680 -0.145087  1.021595
2.34294390	425	-0.130722 -0.144129  1.012977
2.34805989	425	-0.125934 -0.142214  1.014892
2.35317993	425	-0.135750 -0.149636  1.015610
2.35829210	425	-0.129764 -0.144129  1.016328
2.36339998	425	-0.124497 -0.143651  1.010822
2.36852002	426	-0.125455 -0.144369  1.013934
2.37362408	423	-0.131919 -0.138623  1.007709
2.37874794	423	-0.126652 -0.140059  1.006991
2.38384008	425	-0.133116 -0.145566  1.018244
2.38897204	424	-0.145327 -0.148918  1.012977
2.39408802	425	-0.138383 -0.148439  1.007470
2.39919209	426	-0.138862 -0.146763  1.014892
2.40431189	424	-0.140059 -0.150115  1.016328
2.40941596	423	-0.142932 -0.153467  1.014892
2.41453599	425	-0.140059 -0.153706  1.018723
2.41963601	425	-0.145087 -0.154664  1.020638
2.42474794	426	-0.143411 -0.152270  1.022553
2.42985606	425	-0.140778 -0.161607  1.006991
2.43495202	423	-0.144129 -0.158016  1.009625
2.44006395	425	-0.139581 -0.164959  1.007230
2.44517993	425	-0.142932 -0.163762  1.013934
2.45030808	425	-0.139581 -0.161128  1.015849
2.45544004	423	-0.138862 -0.162086  1.018244
2.46056008	426	-0.141975 -0.157776  1.008906
2.46567988	426	-0.140538 -0.155143  1.016807
2.47079205	426	-0.138862 -0.153467  1.012019
2.47591209	425	-0.135989 -0.156340  1.008188
2.48102807	425	-0.136947 -0.151073  1.026144
2.48613595	425	-0.128567 -0.148678  1.008667
2.49124789	424	-0.133116 -0.153227  1.013934
2.49638009	426	-0.135750 -0.149157  1.015849
2.50148797	425	-0.134313 -0.146045  1.011540
2.50659990	424	-0.132159 -0.145327  1.018723
2.51171994	426	-0.130722 -0.136229  1.016807
2.51683211	423	-0.130962 -0.139820  1.007230
2.52195191	426	-0.125694 -0.141017  1.013934
2.52707195	425	-0.132877 -0.143172  1.013695
2.53219199	426	-0.128088 -0.139581  1.019920
2.53731203	426	-0.134074 -0.149636  1.014652
2.54241991	426	-0.133116 -0.136708  1.007949
2.54753994	425	-0.136229 -0.145327  1.017286
2.55266809	426	-0.134792 -0.147242  1.020398
2.55779194	426	-0.135750 -0.150833  1.010103
2.56290006	424	-0.134792 -0.142932  1.019680
2.56801605	426	-0.135032 -0.148200  1.015610
2.57312393	426	-0.135989 -0.155861  1.008906
2.57824397	425	-0.144129 -0.155382  1.014174
2.58336806	423	-0.138623 -0.158973  1.022314
2.58849596	424	-0.144608 -0.160649  1.017765
2.59361600	426	-0.140299 -0.156340  1.012019
##inga 
#ido(sec)  szog(ADC)     ax(g)    ay(g)   az(g)
2.59925603	426	-0.137665 -0.160649  1.005555
2.60449600	423	-0.141256 -0.168311  1.019920
2.60974407	423	-0.139102 -0.161607  1.005555
2.61497211	425	-0.142214 -0.160410  1.010822
2.62006402	425	-0.134792 -0.156340  1.009385
2.62518000	425	-0.135750 -0.148678  1.012737
2.63026809	425	-0.136947 -0.159452  1.009385
2.63537597	426	-0.140778 -0.154185  1.018962
2.64046406	426	-0.144848 -0.156100  1.011301
2.64556789	426	-0.134553 -0.147721  1.019201
2.65068411	425	-0.141496 -0.152749  1.009864
2.65579199	425	-0.134553 -0.148678  1.007949
2.66090393	425	-0.138144 -0.144129  1.011301
2.66601204	424	-0.137426 -0.143411  1.009625
2.67111992	425	-0.133835 -0.139820  1.009864
2.67622399	424	-0.130722 -0.140538  1.008906
2.68131208	425	-0.134792 -0.140059  1.008427
2.68641591	423	-0.135271 -0.132877  1.008188
2.69153189	425	-0.137665 -0.133356  1.011301
2.69663596	425	-0.135032 -0.140059  1.015849
2.70173192	425	-0.135750 -0.142932  1.014652
2.70682406	425	-0.136947 -0.149876  1.008427
2.71193599	425	-0.133116 -0.146284  1.014174
2.71704411	426	-0.138862 -0.141017  1.020877
2.72215604	424	-0.135510 -0.149157  1.011061
2.72726011	424	-0.145566 -0.157058  1.007709
2.73235988	424	-0.130722 -0.154185  1.014413
2.73747205	426	-0.137905 -0.158734  1.000048
2.74257588	426	-0.134792 -0.156579  1.022553
2.74769210	425	-0.136229 -0.156819  1.018962
2.75279998	424	-0.141256 -0.161846  1.010343
2.75791597	423	-0.145327 -0.157058  1.016328
2.76302409	425	-0.139341 -0.160170  1.020638
2.76812410	426	-0.140538 -0.155382  1.013695
2.77322006	425	-0.143651 -0.164001  1.014413
2.77832388	424	-0.142693 -0.160170  1.013934
2.78343200	426	-0.138862 -0.162565  1.017286
2.78854393	425	-0.144369 -0.155622  1.005794
2.79366397	426	-0.143651 -0.155382  1.019201
2.79878401	424	-0.141735 -0.151312  1.012258
2.80390815	424	-0.138623 -0.150115  1.008188
2.80902786	425	-0.139581 -0.143890  1.009625
2.81413602	426	-0.136229 -0.145087  1.018244
2.81924800	425	-0.133835 -0.141017  1.011301
2.82436389	425	-0.129525 -0.140778  1.010822
2.82947206	425	-0.135271 -0.142693  1.006512
2.83458404	425	-0.130243 -0.143411  1.018962
2.83969593	426	-0.133835 -0.140299  1.015371
2.84480400	425	-0.127370 -0.139341  1.006273
2.84990806	426	-0.128567 -0.146763  1.017047
2.85502414	426	-0.129286 -0.144129  1.018244
2.86014003	424	-0.133116 -0.142932  1.016807
2.86526393	426	-0.131201 -0.145327  1.011779
2.87038402	426	-0.127610 -0.145566  1.020398
2.87549209	423	-0.129046 -0.148439  1.016089
2.88058805	425	-0.136708 -0.154185  1.016328
2.88570404	426	-0.135032 -0.151551  1.015849
2.89082412	423	-0.145805 -0.151551  1.015371
2.89592790	425	-0.139820 -0.151312  1.011540
2.90103197	425	-0.139820 -0.154424  1.011540
2.90613193	426	-0.144129 -0.156340  1.013216
2.91124010	424	-0.145327 -0.161128  1.009146
2.91636390	425	-0.146524 -0.156340  1.014174
2.92147207	422	-0.150594 -0.163762  1.008667
2.92658805	426	-0.146524 -0.157058  1.001245
2.93169193	425	-0.144608 -0.152509  1.017525
2.93678398	424	-0.143651 -0.163283  1.011779
2.94190406	425	-0.152988 -0.158734  1.011301
2.94702796	425	-0.143172 -0.153946  1.016328
2.95213603	426	-0.142214 -0.155861  1.006033
2.95725612	425	-0.136229 -0.154664  1.009625
2.96236801	425	-0.141256 -0.157297  1.016328
2.96748809	426	-0.136708 -0.147721  1.014174
2.97259216	424	-0.135032 -0.142932  1.018244
2.97770805	426	-0.140299 -0.153467  1.010582
2.98281593	425	-0.130962 -0.149397  1.010103
2.98792791	424	-0.130962 -0.148918  1.009864
2.99304389	423	-0.118991 -0.146284  1.013455
2.99815988	425	-0.127370 -0.142693  1.016328
3.00326395	423	-0.128328 -0.149157  1.006991
3.00838398	424	-0.120667 -0.141975  1.022553
3.01348805	423	-0.127849 -0.146284  1.007470
3.01860404	425	-0.127610 -0.138623  1.007470
3.02371191	423	-0.127370 -0.143411  1.007470
3.02883195	424	-0.137186 -0.140059  1.015610
3.03395199	424	-0.133595 -0.148678  1.007470
3.03907203	426	-0.134313 -0.149397  1.007230
3.04419207	426	-0.136708 -0.149157  1.012019
3.04931211	423	-0.135271 -0.154424  1.011779
3.05444002	424	-0.138862 -0.149876  1.009625
3.05955600	425	-0.142454 -0.154664  1.016568
3.06467604	425	-0.141256 -0.156340  1.012977
3.06979203	425	-0.140778 -0.156100  1.012258
3.07491207	423	-0.147003 -0.158016  1.015610
3.08003211	426	-0.144369 -0.160649  1.018004
3.08513998	425	-0.150115 -0.158734  1.011061
3.09026789	425	-0.147960 -0.162565  1.006033
3.09538793	425	-0.145087 -0.162565  1.004836
3.10050797	426	-0.142693 -0.161846  1.006991
3.10561990	425	-0.145327 -0.157297  1.010582
3.11075210	424	-0.140299 -0.151312  1.008188
##inga 
#ido(sec)  szog(ADC)     ax(g)    ay(g)   az(g)
3.11640000	426	-0.137665 -0.157537  1.012737
3.12165188	425	-0.132637 -0.155861  1.022314
3.12692403	425	-0.137665 -0.152270  1.005315
3.13215994	424	-0.132877 -0.150833  1.002442
3.13727188	425	-0.131440 -0.145087  1.013216
3.14237594	426	-0.138623 -0.152030  1.014892
3.14748001	423	-0.128088 -0.142693  1.011301
3.15257596	425	-0.130243 -0.146045  1.017765
3.15767598	425	-0.128567 -0.145566  1.018004
3.16278004	425	-0.125215 -0.145327  1.004357
3.16788792	426	-0.128088 -0.143172  1.019680
3.17298793	425	-0.131680 -0.139341  1.010343
3.17808008	424	-0.130722 -0.147481  1.009864
3.18318390	425	-0.128088 -0.141975  1.014652
3.18828797	426	-0.131440 -0.137905  1.017525
3.19339203	425	-0.139581 -0.144608  1.015610
3.19849610	423	-0.138144 -0.142214  1.010343
3.20359992	426	-0.131680 -0.144129  1.011540
3.20869588	425	-0.144848 -0.144608  1.020159
3.21379208	426	-0.143411 -0.143172  1.015131
3.21891188	424	-0.138862 -0.154903  1.014892
3.22401189	426	-0.146763 -0.151791  1.013455
3.22912001	425	-0.141256 -0.152509  1.014413
3.23422408	426	-0.141256 -0.155382  1.016328
3.23934006	425	-0.141735 -0.159452  1.020159
3.24443197	423	-0.142454 -0.155382  1.008427
3.24954795	425	-0.142214 -0.167592  1.015371
3.25466394	425	-0.141975 -0.164001  1.012019
3.25975608	425	-0.140299 -0.160170  1.002681
3.26484394	425	-0.148200 -0.157537  1.016089
3.26994800	426	-0.140299 -0.154903  1.013695
3.27503204	423	-0.141735 -0.158016  1.006752
3.28013610	425	-0.139341 -0.153706  1.019201
3.28523588	424	-0.135032 -0.152988  1.001963
3.29033589	425	-0.131680 -0.154664  1.019441
3.29543995	423	-0.130243 -0.147242  1.017525
3.30055999	422	-0.130004 -0.147481  1.009864
3.30566000	425	-0.134074 -0.147721  1.014652
3.31076407	426	-0.133356 -0.145087  1.011779
3.31587195	425	-0.131919 -0.143890  1.012019
3.32097601	424	-0.133835 -0.135989  1.012019
3.32608389	425	-0.133835 -0.137905  1.006512
3.33119988	423	-0.133356 -0.139102  1.019680
3.33630394	426	-0.133595 -0.135989  1.014413
3.34140801	424	-0.137665 -0.133356  1.003879
3.34651994	426	-0.135032 -0.139820  1.013455
3.35163998	423	-0.124258 -0.147960  1.011779
3.35675191	425	-0.132877 -0.147960  1.017525
3.36184811	425	-0.131680 -0.143172  1.016568
3.36696791	424	-0.140059 -0.150354  1.007470
3.37207198	424	-0.131919 -0.147481  1.013455
3.37719988	423	-0.137665 -0.148439  1.013455
3.38231205	425	-0.143172 -0.155382  1.017765
3.38744807	425	-0.139102 -0.158973  1.012737
3.39256000	425	-0.139820 -0.158734  1.013695
3.39768004	424	-0.134553 -0.161368  1.005794
3.40280389	426	-0.143411 -0.158495  1.015849
3.40792798	423	-0.138144 -0.159931  1.009385
3.41303992	425	-0.140059 -0.163762  1.011301
3.41815996	426	-0.141735 -0.159452  1.005794
3.42326807	423	-0.143651 -0.162565  1.001963
3.42839193	423	-0.141975 -0.162804  1.009864
3.43348789	424	-0.140778 -0.153227  1.015371
3.43860006	425	-0.133116 -0.150833  1.009385
3.44370388	425	-0.142693 -0.158495  1.006991
3.44882011	426	-0.140299 -0.149636  1.013695
3.45393991	424	-0.140059 -0.146284  1.016807
3.45903205	425	-0.140299 -0.153946  1.015371
3.46413588	424	-0.138623 -0.142693  1.015610
3.46925592	425	-0.129286 -0.142454  1.011540
3.47435998	425	-0.134553 -0.136468  1.011779
3.47948789	425	-0.133116 -0.140778  1.016328
3.48460793	426	-0.128567 -0.145087  1.005076
3.48971199	425	-0.128807 -0.137905  1.010822
3.49481606	423	-0.136947 -0.141735  1.006512
3.49992799	424	-0.134792 -0.145566  1.009625
3.50503993	423	-0.131919 -0.140778  1.006991
3.51014804	425	-0.133116 -0.145566  1.015371
3.51526808	425	-0.129764 -0.141017  1.017047
3.52038407	426	-0.130004 -0.150115  1.012977
3.52550005	425	-0.134313 -0.151551  1.011301
3.53062391	425	-0.129046 -0.151312  1.006991
3.53573608	423	-0.134792 -0.153706  1.016807
3.54085206	425	-0.130004 -0.154664  1.018244
3.54595994	426	-0.133595 -0.158973  1.011301
3.55107998	425	-0.142454 -0.157297  1.012977
3.55620789	425	-0.144848 -0.161607  1.018962
3.56132793	426	-0.141735 -0.158255  1.009146
3.56645202	426	-0.145805 -0.161607  1.013695
3.57157206	426	-0.145805 -0.167592  1.014892
3.57667994	426	-0.141735 -0.155382  1.010343
3.58180403	425	-0.139820 -0.160170  1.009864
3.58691191	425	-0.135750 -0.157297  1.015849
3.59203195	425	-0.142693 -0.155622  1.017047
3.59715199	425	-0.148200 -0.156100  1.019441
3.60226011	425	-0.144369 -0.153946  1.003879
3.60739207	426	-0.139581 -0.152749  1.013216
3.61251592	426	-0.142214 -0.150833  1.017765
3.61763191	426	-0.140059 -0.146045  1.000287
3.62275195	426	-0.136708 -0.149636  1.011540
3.62787199	424	-0.126652 -0.144369  1.013455
##inga 
#ido(sec)  szog(ADC)     ax(g)    ay(g)   az(g)
3.63353610	424	-0.135510 -0.139341  1.016568
3.63879609	425	-0.136708 -0.141735  1.013695
3.64405608	425	-0.137426 -0.148439  1.013934
3.64929199	425	-0.126652 -0.141496  1.015371
3.65441203	424	-0.129046 -0.144848  1.016807
3.65951991	424	-0.128567 -0.139820  1.011540
3.66462397	426	-0.128328 -0.143411  1.017525
3.66973590	426	-0.135750 -0.137426  1.015371
3.67483997	423	-0.128328 -0.143651  1.007709
3.67996001	425	-0.139102 -0.152749  1.010103
3.68506407	425	-0.131201 -0.153946  1.009625
3.69018411	426	-0.130722 -0.148200  1.012019
3.69527196	425	-0.140059 -0.149636  1.015371
3.70036792	425	-0.136468 -0.151073  1.011061
3.70547199	423	-0.141017 -0.157058  1.008188
3.71056795	423	-0.141496 -0.148678  1.011301
3.71567201	426	-0.141975 -0.161846  1.009146
3.72079205	426	-0.146763 -0.157058  1.006512
3.72589206	426	-0.142214 -0.162325  1.012019
3.73099589	426	-0.140299 -0.157776  1.011301
3.73609995	426	-0.143651 -0.163283  1.010822
3.74120402	424	-0.143172 -0.154185  1.007949
3.74631190	426	-0.144608 -0.155622  1.015849
3.75139999	424	-0.142214 -0.159692  1.014174
3.75651597	424	-0.143890 -0.160410  1.009864
3.76160407	426	-0.143651 -0.153467  1.021117
3.76672410	425	-0.141496 -0.154903  1.009146
3.77183604	425	-0.142693 -0.147960  1.021356
3.77694010	424	-0.136468 -0.156100  1.007709
3.78203606	423	-0.137426 -0.147003  1.003160
3.78712797	426	-0.134792 -0.147721  1.018244
3.79223203	423	-0.124258 -0.143651  1.014413
3.79734396	426	-0.124737 -0.144369  1.018723
3.80246400	424	-0.127131 -0.141735  1.009625
3.80758399	425	-0.131440 -0.144608  1.015131
3.81268405	425	-0.129046 -0.144608  1.015610
3.81777191	426	-0.124976 -0.152270  1.014413
3.82287597	426	-0.128567 -0.138862  1.009625
3.82799606	425	-0.130483 -0.143172  1.010103
3.83310394	424	-0.127849 -0.142454  1.018723
3.83821601	423	-0.134553 -0.145087  1.007709
3.84332389	424	-0.130962 -0.150833  1.014652
3.84842395	423	-0.139341 -0.144608  1.009864
3.85352802	426	-0.137665 -0.154664  1.012498
3.85864400	426	-0.141975 -0.154185  1.016568
3.86375188	425	-0.141975 -0.153227  1.015131
3.86887598	425	-0.142214 -0.154424  1.016089
3.87399196	426	-0.145805 -0.152749  1.012498
3.87911205	426	-0.146524 -0.157058  1.014174
3.88421611	425	-0.146524 -0.154424  1.013695
3.88933610	424	-0.145566 -0.161607  1.010582
3.89443988	425	-0.145327 -0.152030  1.010822
3.89954805	423	-0.142454 -0.160649  1.006991
3.90464801	425	-0.144608 -0.158016  1.013216
3.90975189	425	-0.143172 -0.155622  1.010343
3.91487197	426	-0.143651 -0.156579  1.002921
3.91999197	425	-0.139581 -0.157058  1.017765
3.92510395	426	-0.136947 -0.158016  1.007949
3.93021602	425	-0.138862 -0.156340  1.012737
3.93530797	426	-0.137426 -0.152270  1.007949
3.94041614	424	-0.134792 -0.152988  1.006512
3.94552803	423	-0.135032 -0.149636  1.016089
3.95064401	426	-0.132877 -0.138862  1.015849
3.95575599	425	-0.127131 -0.144369  1.018962
3.96088790	424	-0.130483 -0.144608  1.015371
3.96599197	424	-0.129286 -0.145805  1.010582
3.97110385	425	-0.128567 -0.139820  1.011301
3.97622394	426	-0.132398 -0.143172  1.007949
3.98134403	424	-0.132877 -0.139820  1.009146
3.98645210	425	-0.133356 -0.135750  1.017047
3.99155998	426	-0.136708 -0.141017  1.017765
3.99667596	426	-0.128088 -0.145566  1.016328
4.00178384	425	-0.135989 -0.145087  1.013695
4.00689601	427	-0.136947 -0.143890  1.021835
4.01201200	424	-0.140299 -0.149397  1.015131
4.01711606	426	-0.144129 -0.152988  1.010582
4.02222394	426	-0.142214 -0.154664  1.006512
4.02733993	425	-0.141735 -0.152270  1.012977
4.03245592	426	-0.141735 -0.153706  1.013934
4.03757190	424	-0.142214 -0.154664  1.013455
4.04269218	423	-0.137665 -0.159213  1.009385
4.04780006	424	-0.141017 -0.161607  1.013934
4.05291223	426	-0.140299 -0.157297  1.010822
4.05802822	425	-0.139581 -0.159213  1.009864
4.06313610	423	-0.142693 -0.157537  1.014174
4.06825208	424	-0.141496 -0.156579  1.011540
4.07335996	423	-0.144129 -0.159213  1.007230
4.07848405	426	-0.147481 -0.156819  1.006273
4.08360004	425	-0.143651 -0.158973  1.015610
4.08871984	425	-0.140538 -0.148200  1.012977
4.09383583	425	-0.143172 -0.154664  1.023750
4.09896421	425	-0.137426 -0.157537  1.008906
4.10408401	426	-0.131919 -0.153467  1.016328
4.10920000	423	-0.139102 -0.139820  1.015371
4.11429595	426	-0.130722 -0.143411  1.006512
4.11940813	424	-0.133835 -0.142693  1.009625
4.12452793	424	-0.132398 -0.138383  1.013934
4.12965583	424	-0.132159 -0.139820  1.018004
4.13477182	425	-0.128567 -0.146284  1.016089
4.13989210	426	-0.136947 -0.142454  1.013695
4.14500808	426	-0.135510 -0.141017  1.017047
##inga 
#ido(sec)  szog(ADC)     ax(g)    ay(g)   az(g)
4.15065622	423	-0.140299 -0.141735  1.014652
4.15591621	425	-0.133356 -0.140299  1.013934
4.16117620	425	-0.135510 -0.150594  1.006033
4.16639995	425	-0.140538 -0.149636  1.013455
4.17150402	424	-0.135750 -0.144369  1.017286
4.17662382	423	-0.135989 -0.153227  1.009625
4.18174409	425	-0.141975 -0.152270  1.012737
4.18686819	423	-0.143172 -0.156819  1.011061
4.19199180	425	-0.136708 -0.156100  1.020159
4.19709205	425	-0.139102 -0.157058  1.007470
4.20219612	425	-0.136708 -0.157776  1.017286
4.20730400	425	-0.137426 -0.161368  1.009625
4.21241617	425	-0.135510 -0.162325  1.017286
4.21752023	423	-0.140299 -0.165677  1.014652
4.22262382	424	-0.139581 -0.156100  1.017286
4.22771978	425	-0.144129 -0.152749  1.013934
4.23282814	424	-0.140538 -0.160889  1.011540
4.23791217	423	-0.138623 -0.156340  1.008188
4.24301576	425	-0.137905 -0.154903  1.019680
4.24810409	423	-0.141735 -0.158016  1.015131
4.25321197	426	-0.141017 -0.150833  1.004597
4.25830411	425	-0.145566 -0.152270  1.011779
4.26340818	426	-0.133835 -0.150115  1.018962
4.26852416	424	-0.138623 -0.147003  1.015849
4.27361583	425	-0.132398 -0.142454  1.014652
4.27871990	426	-0.135032 -0.141735  1.015610
4.28382396	423	-0.137186 -0.145087  1.006033
4.28892803	426	-0.134313 -0.137665  1.014892
4.29404401	425	-0.130243 -0.146763  1.008427
4.29914808	425	-0.131680 -0.142454  1.011779
4.30425214	423	-0.124976 -0.144129  1.020398
4.30936002	424	-0.134553 -0.144369  1.017765
4.31447601	423	-0.138144 -0.147481  1.013695
4.31958389	425	-0.134553 -0.149157  1.018483
4.32469987	426	-0.132398 -0.142454  1.006033
4.32980823	425	-0.128567 -0.152749  1.014652
4.33491182	425	-0.134074 -0.148200  1.018723
4.34000778	425	-0.141017 -0.158255  1.008427
4.34511184	426	-0.136468 -0.152030  1.010343
4.35021209	425	-0.140778 -0.148439  1.012977
4.35530376	425	-0.137665 -0.158973  1.012498
4.36040782	426	-0.138623 -0.162565  1.010103
4.36551189	426	-0.140299 -0.154185  1.006273
4.37061595	425	-0.145327 -0.156100  1.013216
4.37572002	425	-0.146284 -0.157537  1.014652
4.38083600	425	-0.147242 -0.154664  1.017047
4.38594818	423	-0.146524 -0.160649  1.018244
4.39106416	424	-0.140538 -0.161846  1.014652
4.39617586	425	-0.146045 -0.157537  1.013216
4.40127992	426	-0.141496 -0.161368  1.014652
4.40640020	425	-0.145087 -0.149876  1.007470
4.41148805	425	-0.141975 -0.154664  1.014652
4.41659212	425	-0.135750 -0.151312  1.017286
4.42170381	425	-0.137905 -0.151312  1.013216
4.42681980	425	-0.141496 -0.147003  1.019201
4.43192386	426	-0.135510 -0.146763  1.016807
4.43703222	425	-0.137186 -0.147960  1.012019
4.44215202	425	-0.131440 -0.143651  1.006512
4.44726800	425	-0.129525 -0.142693  1.015849
4.45239210	426	-0.126891 -0.143890  1.007949
4.45749998	425	-0.133595 -0.145327  1.012737
4.46262407	425	-0.129286 -0.139820  1.007949
4.46773195	425	-0.129764 -0.144608  1.012737
4.47282409	425	-0.133595 -0.145327  1.010343
4.47794389	426	-0.130483 -0.148918  1.013216
4.48304796	426	-0.137426 -0.147960  1.013934
4.48814821	426	-0.140538 -0.146045  1.005555
4.49323987	423	-0.136468 -0.147960  1.017286
4.49835586	426	-0.143890 -0.149876  1.012019
4.50346422	425	-0.136468 -0.151791  1.007949
4.50857591	424	-0.137186 -0.150115  1.009146
4.51369190	423	-0.135271 -0.159931  1.013216
4.51881217	425	-0.139341 -0.156819  1.009864
4.52392005	426	-0.147003 -0.159931  1.012977
4.52904415	425	-0.140299 -0.158255  1.004118
4.53415203	425	-0.143890 -0.159692  1.004597
4.53925609	423	-0.139820 -0.153227  1.019680
4.54437208	426	-0.143172 -0.159452  1.015849
4.54948806	424	-0.146284 -0.157537  1.006991
4.55460786	425	-0.144608 -0.155382  1.018962
4.55972814	425	-0.145805 -0.160170  1.013695
4.56483221	423	-0.139102 -0.153946  1.015131
4.56995201	425	-0.143651 -0.149876  1.009385
4.57507181	425	-0.140778 -0.156100  1.014892
4.58018016	424	-0.135750 -0.154185  1.012737
4.58529615	425	-0.133835 -0.146284  1.005794
4.59042406	425	-0.133835 -0.151312  1.011061
4.59555196	424	-0.135989 -0.147721  1.011061
4.60067176	423	-0.131919 -0.151073  1.011540
4.60579204	423	-0.127131 -0.141735  1.012498
4.61091995	425	-0.125455 -0.146763  1.011061
4.61605215	425	-0.127131 -0.145566  1.015131
4.62116813	426	-0.127610 -0.145566  1.012019
4.62628793	426	-0.135271 -0.148200  1.010343
4.63140392	425	-0.131680 -0.141975  1.012258
4.63651990	426	-0.133356 -0.140778  1.011540
4.64163589	426	-0.132877 -0.146524  1.015371
4.64675188	425	-0.129525 -0.150833  1.013695
4.65187215	424	-0.135510 -0.145327  1.003639
4.65699195	425	-0.130483 -0.151073  1.018244
4.66211223	423	-0.135989 -0.155861  1.016089
##inga 
#ido(sec)  szog(ADC)     ax(g)    ay(g)   az(g)
4.66776418	426	-0.141496 -0.157297  1.008667
4.67301177	425	-0.133116 -0.155382  1.015371
4.67828416	423	-0.142454 -0.153227  1.013216
4.68353986	423	-0.143411 -0.149636  1.010343
4.68865585	423	-0.141735 -0.152030  1.012977
4.69376802	423	-0.140778 -0.157297  1.010582
4.69888401	424	-0.146045 -0.160170  1.019680
4.70398807	426	-0.145566 -0.154664  1.010582
4.70909595	423	-0.141496 -0.157058  1.012737
4.71420001	425	-0.138623 -0.158016  1.007949
4.71931982	425	-0.143172 -0.149397  1.012258
4.72444009	425	-0.140538 -0.151312  1.017286
4.72955989	423	-0.141017 -0.158734  1.012737
4.73466396	425	-0.137905 -0.155861  1.008906
4.73975992	425	-0.130483 -0.152030  1.011540
4.74486017	426	-0.138383 -0.155143  1.012737
4.74996805	425	-0.136229 -0.153227  1.012977
4.75508022	425	-0.130243 -0.148200  1.012737
4.76017189	424	-0.130962 -0.148918  1.017286
4.76527976	426	-0.136468 -0.146524  1.012258
4.77039194	426	-0.135750 -0.145805  1.013455
4.77548789	425	-0.132877 -0.146763  1.014892
4.78059196	426	-0.133356 -0.138383  1.015371
4.78570413	423	-0.129525 -0.140538  1.005555
4.79081201	426	-0.130483 -0.143411  1.007709
4.79591608	424	-0.132398 -0.143172  1.014174
4.80102396	423	-0.132159 -0.141735  1.013216
4.80613994	425	-0.130243 -0.143890  1.009385
4.81124401	425	-0.138383 -0.138383  1.020398
4.81635999	426	-0.136468 -0.144848  1.016089
4.82147598	425	-0.140059 -0.145805  1.008906
4.82656002	424	-0.142932 -0.147003  1.012019
4.83165979	425	-0.135271 -0.148200  1.010103
4.83676815	426	-0.135271 -0.152030  1.015849
4.84186792	426	-0.136229 -0.151073  1.010103
4.84697580	426	-0.142932 -0.156340  1.006991
4.85208415	425	-0.143651 -0.156819  1.011779
4.85719203	424	-0.142214 -0.156340  1.013455
4.86229991	423	-0.143172 -0.156100  1.009146
4.86740779	425	-0.136947 -0.162086  1.022074
4.87250423	424	-0.139820 -0.154903  1.019201
4.87760400	424	-0.143411 -0.157297  1.007949
4.88271188	425	-0.143172 -0.160410  1.012737
4.88781595	425	-0.139341 -0.152988  1.009864
4.89292812	423	-0.138383 -0.156100  1.007949
4.89803218	425	-0.131919 -0.155622  1.016568
4.90314817	426	-0.141256 -0.154903  1.014892
4.90825176	424	-0.141017 -0.145566  1.011061
4.91336011	425	-0.128807 -0.147721  1.002442
4.91847181	426	-0.128088 -0.148918  1.006991
4.92356777	423	-0.129286 -0.143411  1.015849
4.92868423	426	-0.136468 -0.144129  1.012258
4.93381214	425	-0.137186 -0.145566  1.010343
4.93892002	423	-0.137186 -0.139820  1.012498
4.94402790	425	-0.132637 -0.140299  1.011540
4.94912004	426	-0.134074 -0.142454  1.005555
4.95423221	425	-0.136229 -0.140778  1.018244
4.95934391	426	-0.132159 -0.142214  1.012498
4.96445989	426	-0.138623 -0.143411  1.010103
4.96957588	425	-0.130962 -0.145327  1.008906
4.97469615	425	-0.137665 -0.147721  1.013216
4.97980022	423	-0.135271 -0.146763  1.012498
4.98493623	425	-0.136468 -0.156340  1.007470
4.99003601	425	-0.138144 -0.148678  1.021595
4.99515199	426	-0.141496 -0.155143  1.013934
5.00026798	425	-0.130004 -0.158495  1.014652
5.00537204	425	-0.141496 -0.157297  1.015610
5.01048421	425	-0.141735 -0.160649  1.009864
5.01558780	426	-0.142932 -0.159931  1.019680
5.02071189	426	-0.134792 -0.164480  1.009864
5.02580785	423	-0.141256 -0.162565  1.008906
5.03093194	424	-0.138862 -0.159452  1.016807
5.03603601	424	-0.143651 -0.156579  1.014174
5.04116392	426	-0.142693 -0.149157  1.013216
5.04628419	424	-0.137665 -0.158973  1.008667
5.05139207	424	-0.141735 -0.153467  1.006512
5.05650377	426	-0.139102 -0.151551  1.016089
5.06160783	426	-0.139341 -0.153467  1.013695
5.06672811	425	-0.134074 -0.151551  1.014892
5.07184791	426	-0.139581 -0.147960  1.010343
5.07696008	424	-0.142693 -0.147481  1.015610
5.08207607	423	-0.139102 -0.147721  1.012258
5.08719587	424	-0.135989 -0.143411  1.011301
5.09231185	423	-0.129046 -0.143172  1.009385
5.09741592	425	-0.131919 -0.147003  1.010103
5.10251998	424	-0.132877 -0.147003  1.013216
5.10762405	425	-0.131919 -0.146284  1.008667
5.11274003	423	-0.139102 -0.134792  1.015371
5.11784791	424	-0.136947 -0.139102  1.007709
5.12295198	425	-0.125934 -0.144608  1.014413
5.12806415	425	-0.135271 -0.141735  1.008188
5.13318014	425	-0.131201 -0.147960  1.017765
5.13829994	423	-0.136468 -0.151791  1.010822
5.14341592	423	-0.135271 -0.151073  1.016568
5.14854812	426	-0.139581 -0.153946  1.007709
5.15367603	425	-0.138862 -0.151551  1.011779
5.15880012	423	-0.141735 -0.158734  1.014174
5.16391181	423	-0.142214 -0.151312  1.017286
5.16904783	425	-0.137665 -0.158016  1.014174
5.17415189	425	-0.138144 -0.152030  1.010103
5.17925596	425	-0.144129 -0.157776  1.020159
##inga 
#ido(sec)  szog(ADC)     ax(g)    ay(g)   az(g)
5.18491601	426	-0.145087 -0.162804  1.018723
5.19016790	423	-0.143890 -0.157297  1.011301
5.19541597	425	-0.138623 -0.163043  1.017286
5.20066404	423	-0.147960 -0.159213  1.007470
5.20578002	425	-0.143651 -0.155861  1.011061
5.21091222	426	-0.140299 -0.149157  1.016089
5.21602821	424	-0.148918 -0.155382  1.003160
5.22113609	426	-0.138623 -0.148200  1.016807
5.22624015	424	-0.137186 -0.145805  1.019920
5.23134422	425	-0.135750 -0.155861  1.010822
5.23646402	424	-0.135510 -0.152749  1.017047
5.24157619	425	-0.138862 -0.145566  1.015849
5.24669599	424	-0.135271 -0.145566  1.008427
5.25180816	424	-0.131919 -0.147242  1.008667
5.25692415	426	-0.131919 -0.151791  1.012258
5.26204395	423	-0.133595 -0.142932  1.018483
5.26715993	425	-0.129525 -0.143651  1.009146
5.27228021	426	-0.130483 -0.143651  1.009864
5.27740001	424	-0.131919 -0.149636  1.012498
5.28251981	426	-0.128567 -0.141496  1.008667
5.28762388	424	-0.130243 -0.146045  1.013455
5.29272794	425	-0.128567 -0.152749  1.021835
5.29783201	425	-0.132159 -0.146763  1.014174
5.30294799	425	-0.132398 -0.146284  1.008427
5.30805587	423	-0.136708 -0.152509  1.013455
5.31315994	425	-0.136468 -0.154185  1.011540
5.31826019	425	-0.134553 -0.152270  1.015610
5.32336807	424	-0.140778 -0.160649  1.013934
5.32846784	424	-0.140538 -0.148200  1.013934
5.33355998	425	-0.141975 -0.157537  1.011779
5.33867597	423	-0.150833 -0.163043  1.014413
5.34378004	425	-0.146045 -0.151791  1.017047
5.34887218	423	-0.143411 -0.155382  1.009625
5.35398817	426	-0.142214 -0.157776  1.010822
5.35909223	423	-0.143411 -0.156579  1.011540
5.36420011	426	-0.139820 -0.154424  1.008667
5.36930418	425	-0.140778 -0.152270  1.008427
5.37440776	425	-0.140538 -0.151791  1.017047
5.37951612	425	-0.141256 -0.150833  1.020638
5.38461589	425	-0.133595 -0.155143  1.021117
5.38973999	425	-0.136229 -0.151073  1.013934
5.39484786	426	-0.138623 -0.151551  1.008906
5.39996004	426	-0.141017 -0.147721  1.020638
5.40507602	425	-0.130722 -0.152509  1.004118
5.41016817	425	-0.130004 -0.146763  1.011779
5.41526412	424	-0.127370 -0.144848  1.009146
5.42036819	424	-0.125215 -0.143411  1.005794
5.42549180	425	-0.126652 -0.144848  1.005076
5.43059587	424	-0.125215 -0.141735  1.022074
5.43569993	426	-0.132877 -0.144848  1.014892
5.44080781	425	-0.134313 -0.148678  1.015131
5.44592380	425	-0.130004 -0.145566  1.013695
5.45101213	424	-0.136947 -0.143890  1.008906
5.45611619	425	-0.133116 -0.147003  1.014174
5.46121978	425	-0.139820 -0.150115  1.009625
5.46632385	426	-0.136229 -0.148200  1.008906
5.47142791	426	-0.139820 -0.151551  1.014413
5.47653198	423	-0.139341 -0.152749  1.013455
5.48165178	425	-0.144608 -0.157537  1.017765
5.48676013	425	-0.141735 -0.157058  1.007949
5.49186420	423	-0.138623 -0.161607  1.017286
5.49698400	426	-0.142693 -0.157537  1.018244
5.50209617	426	-0.137186 -0.154903  1.008906
5.50719976	425	-0.145327 -0.152749  1.011779
5.51232814	424	-0.145087 -0.156819  1.016089
5.51743221	426	-0.139102 -0.157058  1.006752
5.52253580	425	-0.139102 -0.162086  1.019920
5.52763986	423	-0.136708 -0.156100  1.013455
5.53275585	425	-0.139341 -0.155861  1.012019
5.53786420	425	-0.140299 -0.151791  1.008427
5.54296779	423	-0.136708 -0.153706  1.013695
5.54808807	424	-0.136947 -0.153946  1.022074
5.55320405	423	-0.132398 -0.152749  1.018244
5.55832386	423	-0.133356 -0.155622  1.012258
5.56344795	423	-0.134313 -0.147960  1.007470
5.56855201	425	-0.127849 -0.141496  1.018004
5.57365608	426	-0.128807 -0.144848  1.010822
5.57876014	425	-0.127610 -0.144848  1.011061
5.58387184	426	-0.134553 -0.146045  1.014652
5.58896780	426	-0.132877 -0.142214  1.011301
5.59407997	424	-0.134313 -0.144608  1.012498
5.59919595	423	-0.136468 -0.142454  1.010822
5.60431623	425	-0.135989 -0.147003  1.008427
5.60941982	426	-0.136229 -0.140778  1.015610
5.61452817	425	-0.135271 -0.145566  1.014413
5.61963176	426	-0.138144 -0.149157  1.009385
5.62473583	423	-0.137665 -0.150594  0.999330
5.62983608	425	-0.137186 -0.152509  1.008906
5.63495206	426	-0.139102 -0.146524  1.018004
5.64008378	426	-0.139820 -0.151791  1.006512
5.64519977	424	-0.133356 -0.150594  1.015610
5.65031623	426	-0.140059 -0.151551  1.021117
5.65542411	426	-0.139820 -0.159213  1.016328
5.66054391	424	-0.137186 -0.158016  1.014892
5.66567182	425	-0.142693 -0.164959  1.007949
5.67078781	423	-0.141975 -0.159931  1.015131
5.67591619	426	-0.144608 -0.159692  1.013934
5.68103599	425	-0.142693 -0.162325  1.011301
5.68616390	424	-0.137426 -0.155382  1.007949
5.69127178	424	-0.133356 -0.155382  1.008188
5.69639205	426	-0.139581 -0.152988  1.001724
##inga 
#ido(sec)  szog(ADC)     ax(g)    ay(g)   az(g)
5.70205593	424	-0.136229 -0.149876  1.011061
5.70730400	423	-0.137186 -0.156819  1.018244
5.71255588	424	-0.138144 -0.152749  1.010822
5.71781587	425	-0.132877 -0.147003  1.015849
5.72293615	426	-0.136468 -0.141735  1.006752
5.72805595	423	-0.139102 -0.149157  1.021595
5.73317623	426	-0.133356 -0.144129  1.016807
5.73830795	424	-0.128328 -0.148918  1.013934
5.74342823	426	-0.130004 -0.145087  1.012737
5.74852418	425	-0.128328 -0.145087  1.021595
5.75364017	426	-0.134792 -0.144129  1.013934
5.75875616	423	-0.129764 -0.147242  1.018004
5.76387596	423	-0.136229 -0.145566  1.016328
5.76898384	426	-0.135032 -0.137905  1.014892
5.77409601	425	-0.138623 -0.148200  1.012737
5.77920007	423	-0.134553 -0.147960  1.015131
5.78430414	425	-0.139102 -0.147960  1.010343
5.78940820	426	-0.130962 -0.151073  1.011301
5.79450416	426	-0.143890 -0.150115  1.012258
5.79960393	423	-0.143172 -0.151791  1.013695
5.80471181	423	-0.140538 -0.159931  1.013216
5.80982017	425	-0.143651 -0.152988  1.016568
5.81492805	424	-0.137905 -0.153467  1.013934
5.82003211	423	-0.138862 -0.161607  1.005076
5.82513618	425	-0.139102 -0.158973  1.007949
5.83023977	426	-0.141256 -0.159452  1.011540
5.83534383	424	-0.143651 -0.162565  1.003879
5.84045982	425	-0.139581 -0.163522  1.010343
5.84556388	426	-0.141496 -0.160170  1.007949
5.85066795	426	-0.143172 -0.157537  1.022074
5.85577201	425	-0.135750 -0.155143  1.012737
5.86087989	426	-0.137426 -0.154424  1.012258
5.86599588	424	-0.137186 -0.155861  1.009864
5.87110376	424	-0.142214 -0.146524  1.020398
5.87621593	425	-0.141017 -0.144848  1.008906
5.88131189	425	-0.137426 -0.150833  1.014413
5.88641214	425	-0.137665 -0.148678  1.002203
5.89151620	423	-0.135989 -0.135750  1.013455
5.89661598	425	-0.140538 -0.146763  1.012737
5.90172004	426	-0.129764 -0.139820  1.008188
5.90682411	424	-0.135989 -0.138862  1.020877
5.91193199	426	-0.132877 -0.143651  1.012737
5.91703987	425	-0.129764 -0.141017  1.020877
5.92214393	424	-0.130243 -0.137905  1.013695
5.92724418	426	-0.133356 -0.150115  1.008188
5.93235206	425	-0.134553 -0.145566  1.011061
5.93745613	423	-0.135750 -0.151073  1.016568
5.94255590	424	-0.132877 -0.142454  1.011301
5.94766378	425	-0.134792 -0.156100  1.013934
5.95276784	423	-0.133835 -0.156100  1.006273
5.95788383	426	-0.132159 -0.155382  1.018962
5.96300411	426	-0.135989 -0.156340  1.013934
5.96810388	426	-0.137186 -0.157776  1.016807
5.97321987	425	-0.136708 -0.159213  1.017047
5.97832822	424	-0.144369 -0.161607  1.017525
5.98345184	425	-0.144369 -0.160170  1.016568
5.98856019	426	-0.145566 -0.150833  1.010103
5.99365997	425	-0.140778 -0.161846  1.018244
5.99876785	425	-0.142454 -0.160410  1.010582
6.00387191	425	-0.145805 -0.158734  1.002442
6.00896787	424	-0.142454 -0.157297  1.008906
6.01408004	425	-0.147242 -0.151551  1.013695
6.01919984	425	-0.139820 -0.151791  1.011540
6.02428817	425	-0.141496 -0.152270  1.015610
6.02939987	426	-0.140538 -0.148918  1.008188
6.03449583	426	-0.138144 -0.149636  1.009864
6.03960418	423	-0.135750 -0.146763  1.016807
6.04471206	423	-0.141735 -0.144848  1.017047
6.04983186	425	-0.136229 -0.153227  1.012258
6.05495977	426	-0.133356 -0.143411  1.020159
6.06008005	424	-0.136947 -0.146045  1.013216
6.06519222	423	-0.133835 -0.145566  1.010822
6.07031583	426	-0.128807 -0.145087  1.007709
6.07542419	425	-0.133356 -0.147721  1.004836
6.08054399	424	-0.128088 -0.141017  1.014652
6.08565187	424	-0.129764 -0.147721  1.008188
6.09076023	424	-0.128567 -0.143890  1.015371
6.09586381	425	-0.134792 -0.147721  1.011540
6.10096788	425	-0.133116 -0.149397  1.025187
6.10608816	425	-0.128088 -0.147481  1.008667
6.11118793	425	-0.137186 -0.149636  1.012498
6.11630392	425	-0.141975 -0.152030  1.013695
6.12140798	423	-0.139341 -0.156100  1.013216
6.12651205	424	-0.138144 -0.150833  1.016568
6.13161611	426	-0.142214 -0.156819  1.008906
6.13673591	423	-0.140059 -0.167114  1.014413
6.14183616	425	-0.147242 -0.151073  1.013216
6.14695596	426	-0.147960 -0.158973  1.014892
6.15206384	425	-0.141256 -0.158495  1.016328
6.15718793	426	-0.142693 -0.154903  1.006273
6.16230821	424	-0.141735 -0.158016  1.014174
6.16741609	424	-0.142214 -0.153227  1.015131
6.17252779	425	-0.141975 -0.156100  1.015131
6.17764377	423	-0.139820 -0.152270  1.011779
6.18275213	423	-0.138623 -0.152509  1.008906
6.18787193	426	-0.143890 -0.154664  1.005076
6.19299221	424	-0.139820 -0.149636  1.010343
6.19811201	424	-0.133595 -0.148918  1.019680
6.20323181	424	-0.131919 -0.152988  1.018244
6.20835208	425	-0.133835 -0.144369  1.010103
6.21347188	425	-0.134792 -0.146284  1.005315
##inga 
#ido(sec)  szog(ADC)     ax(g)    ay(g)   az(g)
6.21912384	425	-0.134074 -0.148200  1.015371
6.22438383	426	-0.130243 -0.145327  1.010582
6.22964382	426	-0.126891 -0.141735  1.006512
6.23488807	423	-0.126413 -0.143651  1.016568
6.24002408	425	-0.132398 -0.139581  1.007470
6.24514818	426	-0.129525 -0.143172  1.012737
6.25026798	425	-0.134792 -0.144848  1.012737
6.25538396	426	-0.134074 -0.146763  1.012737
6.26049995	424	-0.140059 -0.149876  1.008188
6.26560783	424	-0.136229 -0.153467  1.019201
6.27072811	426	-0.136468 -0.147242  1.008906
6.27583980	424	-0.137426 -0.144848  1.010822
6.28095579	423	-0.140299 -0.153227  1.003879
6.28607606	423	-0.146524 -0.152030  1.013216
6.29118013	426	-0.141256 -0.154185  1.015849
6.29629611	426	-0.144369 -0.155861  1.011540
6.30140018	425	-0.146045 -0.159213  1.014174
6.30650377	425	-0.145327 -0.150833  1.016568
6.31160783	426	-0.141735 -0.158734  1.009385
6.31672382	423	-0.146045 -0.158734  1.009625
6.32182788	425	-0.143172 -0.157058  1.008427
6.32693195	426	-0.144129 -0.152988  1.013934
6.33203601	425	-0.137665 -0.157297  1.014652
6.33714008	424	-0.139341 -0.152030  1.022793
6.34224414	425	-0.138383 -0.156819  1.019441
6.34734821	424	-0.134313 -0.151312  1.009625
6.35246419	426	-0.139102 -0.155382  1.020638
6.35756778	425	-0.137426 -0.149876  1.017765
6.36268377	423	-0.130243 -0.151073  1.019441
6.36778783	423	-0.135271 -0.150115  1.017286
6.37289619	425	-0.134313 -0.141975  1.018962
6.37799978	426	-0.132159 -0.144848  1.012019
6.38310384	425	-0.129286 -0.152270  1.014652
6.38820791	423	-0.127610 -0.141017  1.015371
6.39331197	423	-0.128328 -0.148678  1.016568
6.39841604	426	-0.135510 -0.148439  1.010582
6.40351581	425	-0.130483 -0.141735  1.006752
6.40861606	425	-0.134792 -0.142932  1.008427
6.41372013	424	-0.137186 -0.141256  1.008427
6.41882419	426	-0.132637 -0.147481  1.011779
6.42392778	423	-0.133356 -0.142214  1.020159
6.42903995	425	-0.136468 -0.142454  1.013216
6.43415594	423	-0.136468 -0.150833  1.010103
6.43926000	426	-0.140299 -0.150115  1.020159
6.44434404	425	-0.136708 -0.148200  1.009864
6.44944381	424	-0.139581 -0.149157  1.013934
6.45455217	425	-0.137426 -0.158255  1.017286
6.45965576	425	-0.141256 -0.158016  1.015849
6.46476411	426	-0.143651 -0.153227  1.013216
6.46987581	425	-0.145087 -0.155861  1.014892
6.47497987	426	-0.143411 -0.157537  1.009625
6.48009586	425	-0.142932 -0.155143  1.011061
6.48521184	424	-0.140778 -0.156819  1.007709
6.49031591	425	-0.139341 -0.160889  1.016807
6.49542379	423	-0.138862 -0.154903  1.008906
6.50053596	425	-0.133835 -0.151312  1.017525
6.50565195	425	-0.138144 -0.157058  1.002921
6.51075983	425	-0.138383 -0.155382  1.020159
6.51587581	425	-0.135750 -0.156819  1.007470
6.52096796	423	-0.133835 -0.153227  1.012258
6.52609205	423	-0.134553 -0.153467  1.007470
6.53119611	423	-0.133835 -0.148678  1.005555
6.53631210	425	-0.135989 -0.150833  1.006273
6.54139995	425	-0.135989 -0.143411  1.005076
6.54652404	425	-0.136229 -0.139820  1.013934
6.55164003	425	-0.131919 -0.145327  1.007709
6.55675220	423	-0.135510 -0.143651  1.013216
6.56186008	426	-0.132398 -0.138862  1.010582
6.56697988	425	-0.130483 -0.140778  1.007949
6.57208776	426	-0.137186 -0.140299  1.007709
6.57720804	425	-0.134313 -0.148200  1.021595
6.58232021	424	-0.131919 -0.143172  1.013695
6.58744812	425	-0.142693 -0.148918  1.013695
6.59256792	425	-0.131201 -0.149636  1.013934
6.59768819	425	-0.133116 -0.152270  1.017765
6.60281181	424	-0.135989 -0.150115  1.005555
6.60792398	425	-0.139102 -0.152749  1.008906
6.61304378	426	-0.137665 -0.156579  1.010343
6.61816787	425	-0.137665 -0.155382  1.014413
6.62328004	423	-0.142214 -0.159213  1.015610
6.62839984	423	-0.145566 -0.162325  1.016568
6.63352394	425	-0.140059 -0.160410  1.009625
6.63860797	425	-0.136708 -0.154185  1.010343
6.64372396	426	-0.146045 -0.161368  1.008427
6.64882802	424	-0.137426 -0.155143  1.006752
6.65394401	424	-0.139820 -0.158016  1.007709
6.65906000	426	-0.139102 -0.157058  1.007949
6.66415214	425	-0.136468 -0.156819  1.003639
6.66926813	423	-0.142693 -0.153706  1.009385
6.67437219	426	-0.137186 -0.151551  1.012498
6.67948818	424	-0.139820 -0.146763  1.014652
6.68460798	426	-0.136468 -0.147721  1.011779
6.68971204	425	-0.139820 -0.143651  1.006033
6.69482803	423	-0.133835 -0.143411  1.011779
6.69995594	426	-0.132877 -0.149876  1.009864
6.70506381	423	-0.133835 -0.143411  1.017525
6.71017980	425	-0.130722 -0.144369  1.015371
6.71528387	426	-0.127610 -0.142932  1.002921
6.72039985	423	-0.139820 -0.144129  1.018962
6.72552013	426	-0.134313 -0.143890  1.006033
6.73064422	425	-0.134074 -0.145805  1.018244
##inga 
#ido(sec)  szog(ADC)     ax(g)    ay(g)   az(g)
6.73628807	423	-0.133835 -0.147003  1.009864
6.74153995	425	-0.134313 -0.149397  1.010822
6.74680805	426	-0.129764 -0.148918  1.008906
6.75203180	423	-0.132637 -0.147960  1.023032
6.75715208	426	-0.135271 -0.143890  1.020159
6.76226806	425	-0.132877 -0.152988  1.007470
6.76738405	425	-0.134792 -0.154664  1.013455
6.77250385	425	-0.138383 -0.157297  1.013216
6.77761983	423	-0.144848 -0.155622  1.008188
6.78273582	424	-0.136708 -0.154903  1.014652
6.78783988	423	-0.141975 -0.155861  1.015371
6.79297208	425	-0.144369 -0.153227  1.010822
6.79809999	423	-0.143890 -0.156100  1.007470
6.80319213	423	-0.144848 -0.158734  1.011540
6.80830812	423	-0.142693 -0.158495  1.016328
6.81341600	426	-0.141975 -0.150115  1.008188
6.81852006	425	-0.143651 -0.155861  1.016568
6.82365179	423	-0.141017 -0.153227  1.006991
6.82875585	425	-0.139820 -0.152988  1.011301
6.83385992	426	-0.137426 -0.154185  1.011779
6.83896398	426	-0.141017 -0.146284  1.022314
6.84407186	424	-0.139581 -0.147003  1.005555
6.84917593	425	-0.140299 -0.150833  1.017047
6.85426807	426	-0.132877 -0.147721  1.015371
6.85937595	425	-0.126173 -0.152270  1.012737
6.86449193	426	-0.133595 -0.144129  1.017525
6.86959981	426	-0.130722 -0.144129  1.010343
6.87470006	424	-0.130722 -0.146284  1.021117
6.87979984	423	-0.130004 -0.143651  1.019441
6.88489580	424	-0.128088 -0.151312  1.013695
6.88999605	423	-0.129286 -0.140059  1.013695
6.89508819	423	-0.130722 -0.148678  1.011301
6.90018796	425	-0.128328 -0.147242  1.010822
6.90529584	425	-0.132398 -0.145327  1.013455
6.91039991	425	-0.139102 -0.148439  1.008906
6.91550016	425	-0.132637 -0.151551  1.017047
6.92060422	423	-0.139341 -0.143651  1.015371
6.92571210	425	-0.138144 -0.153467  1.010582
6.93081188	425	-0.144608 -0.154185  1.020877
6.93591594	425	-0.136708 -0.149636  1.013455
6.94102382	425	-0.136947 -0.156340  1.015610
6.94612407	424	-0.141735 -0.158255  1.014174
6.95123195	425	-0.147721 -0.158016  1.011779
6.95633602	425	-0.147242 -0.158734  1.015371
6.96145200	426	-0.147960 -0.160410  1.006991
6.96653985	426	-0.145566 -0.152270  1.017765
6.97164821	423	-0.142932 -0.156579  1.011779
6.97675180	425	-0.145327 -0.155861  1.019201
6.98185586	425	-0.143651 -0.161846  1.012977
6.98697996	426	-0.141256 -0.154424  1.021117
6.99209976	426	-0.146524 -0.149636  1.010582
6.99720811	424	-0.141735 -0.149397  1.013695
7.00233221	423	-0.136947 -0.147960  1.010343
7.00744009	425	-0.136708 -0.147003  1.026863
7.01254415	426	-0.139102 -0.147721  1.015371
7.01766014	423	-0.130483 -0.147721  1.013216
7.02276802	424	-0.138623 -0.152509  1.015131
7.02786779	425	-0.132637 -0.147481  1.014174
7.03297615	424	-0.132637 -0.143651  1.010343
7.03809213	423	-0.127610 -0.150354  1.008427
7.04319190	425	-0.138144 -0.147003  1.012019
7.04829597	426	-0.129046 -0.144129  1.001484
7.05339193	426	-0.134792 -0.144369  1.007949
7.05850410	426	-0.134553 -0.143651  1.011540
7.06361198	424	-0.138623 -0.148200  1.012019
7.06872415	423	-0.133835 -0.141256  1.018244
7.07384777	423	-0.135032 -0.144608  1.014652
7.07896423	426	-0.135032 -0.152270  1.012737
7.08407211	423	-0.134553 -0.147481  1.012258
7.08920001	426	-0.137426 -0.153946  1.013455
7.09432792	426	-0.140778 -0.150833  1.016089
7.09943199	423	-0.138383 -0.154185  1.009625
7.10455179	426	-0.141017 -0.156579  1.008188
7.10966396	425	-0.139820 -0.154664  1.006991
7.11477184	425	-0.141256 -0.152749  1.023032
7.11989212	426	-0.143651 -0.152749  1.008906
7.12500810	425	-0.141017 -0.149636  1.021595
7.13012409	425	-0.140299 -0.156340  1.011061
7.13522815	425	-0.143651 -0.161607  1.017525
7.14034795	426	-0.143172 -0.154185  1.020398
7.14545583	425	-0.139820 -0.161128  1.024469
7.15056800	426	-0.143172 -0.155143  1.015849
7.15568780	425	-0.131440 -0.155861  1.014892
7.16080379	423	-0.140299 -0.152270  1.010822
7.16590785	424	-0.133835 -0.150833  1.013455
7.17101192	423	-0.136947 -0.150354  1.010343
7.17611217	425	-0.136947 -0.152988  1.002203
7.18122816	425	-0.136229 -0.147721  1.010822
7.18634796	425	-0.135510 -0.137665  1.010343
7.19145202	426	-0.127131 -0.144369  1.011301
7.19657993	426	-0.133356 -0.138383  1.013934
7.20170021	426	-0.133116 -0.142454  1.009625
7.20680809	423	-0.137665 -0.144369  1.002921
7.21191978	426	-0.143172 -0.146284  1.012498
7.21705198	425	-0.133356 -0.145087  1.005794
7.22215986	425	-0.132398 -0.148200  1.016328
7.22726392	426	-0.141256 -0.147242  1.015131
7.23238801	425	-0.134792 -0.148678  1.009385
7.23749589	423	-0.139581 -0.149397  1.016089
7.24261188	426	-0.138383 -0.149876  1.010103
7.24772787	426	-0.137426 -0.156100  1.013934
##inga 
#ido(sec)  szog(ADC)     ax(g)    ay(g)   az(g)
7.25338411	426	-0.136708 -0.157058  1.005794
7.25863218	425	-0.145327 -0.159213  1.024229
7.26389217	426	-0.136708 -0.154185  1.008188
7.26913976	423	-0.136947 -0.151073  1.019920
7.27425622	425	-0.141256 -0.159452  1.013216
7.27937602	424	-0.140059 -0.158016  1.016807
7.28448009	425	-0.142693 -0.160170  1.011779
7.28959608	426	-0.137186 -0.160170  1.022074
7.29470396	426	-0.140778 -0.159213  1.007709
7.29981613	426	-0.144608 -0.155622  1.022314
7.30492019	424	-0.138144 -0.158016  1.014892
7.31002378	425	-0.138862 -0.163043  1.016089
7.31512784	425	-0.137426 -0.149397  1.010103
7.32023191	424	-0.136708 -0.152749  1.004118
7.32532787	423	-0.140778 -0.151791  1.016807
7.33043193	425	-0.127131 -0.149636  1.009385
7.33554792	426	-0.132877 -0.142214  1.008427
7.34065580	426	-0.137665 -0.145327  1.016328
7.34575986	426	-0.135510 -0.139820  1.019441
7.35086393	424	-0.132637 -0.142214  1.010103
7.35597610	426	-0.134553 -0.141975  1.018483
7.36107206	425	-0.133116 -0.138383  1.011301
7.36618804	426	-0.139341 -0.140538  1.003160
7.37129211	424	-0.138144 -0.139820  1.007949
7.37639999	425	-0.131201 -0.145805  1.012737
7.38150405	425	-0.131201 -0.141496  1.012019
7.38660383	423	-0.134792 -0.142932  1.011779
7.39171218	426	-0.136468 -0.142932  1.007470
7.39681577	423	-0.135750 -0.157058  1.019441
7.40191984	424	-0.142214 -0.152509  1.009146
7.40702390	426	-0.140778 -0.152509  1.018244
7.41212415	425	-0.141017 -0.154185  1.015610
7.41722822	425	-0.135750 -0.159931  1.010822
7.42231988	426	-0.141017 -0.156100  1.011061
7.42742013	423	-0.140059 -0.159452  1.007949
7.43251991	425	-0.134074 -0.156579  1.010343
7.43762016	423	-0.140059 -0.160170  1.008427
7.44271183	426	-0.141975 -0.155382  1.014174
7.44782781	426	-0.141735 -0.162804  1.014652
7.45293617	425	-0.139341 -0.159692  1.007230
7.45804405	425	-0.141496 -0.156819  1.010103
7.46316385	424	-0.140778 -0.150833  1.009625
7.46825981	425	-0.140778 -0.157058  1.007470
7.47336387	425	-0.139341 -0.155622  1.008427
7.47847223	424	-0.142932 -0.154185  1.010103
7.48357582	425	-0.138862 -0.151791  1.008188
7.48867988	425	-0.136947 -0.149636  1.016328
7.49379205	425	-0.137186 -0.154424  1.019680
7.49890422	425	-0.138383 -0.151073  1.009385
7.50400781	425	-0.132637 -0.145087  1.011061
7.50911998	424	-0.132637 -0.141017  1.021595
7.51423215	423	-0.134792 -0.146284  1.017765
7.51934385	425	-0.133356 -0.144129  1.012737
7.52444791	425	-0.132877 -0.145566  1.008427
7.52955198	424	-0.127610 -0.143411  1.008427
7.53466415	424	-0.136708 -0.139102  1.021117
7.53976821	425	-0.133835 -0.141975  1.014652
7.54488801	426	-0.130483 -0.143651  1.009864
7.55000019	426	-0.131201 -0.144848  1.010822
7.55511999	423	-0.132877 -0.145327  1.011779
7.56023979	425	-0.139581 -0.144369  1.016328
7.56536388	426	-0.134792 -0.147721  1.008427
7.57048797	425	-0.137426 -0.157058  1.016807
7.57560014	425	-0.139341 -0.152270  1.009864
7.58071184	425	-0.139102 -0.157297  1.012498
7.58582782	425	-0.137905 -0.156819  1.022793
7.59095191	425	-0.148200 -0.162565  1.009864
7.59606409	425	-0.142214 -0.157058  1.010343
7.60118389	425	-0.139102 -0.158973  1.010103
7.60629177	423	-0.139581 -0.149636  1.016328
7.61140012	426	-0.146284 -0.159452  1.014892
7.61651611	426	-0.141256 -0.156819  1.007709
7.62163209	426	-0.145087 -0.154903  1.010582
7.62673616	423	-0.141017 -0.151551  1.016807
7.63185214	423	-0.139341 -0.154424  1.007709
7.63697195	426	-0.137186 -0.153467  1.011540
7.64207983	425	-0.142932 -0.153467  1.011540
7.64719200	426	-0.135510 -0.147481  1.007470
7.65228796	424	-0.141975 -0.145087  1.004836
7.65739202	426	-0.141017 -0.147003  1.015131
7.66249608	423	-0.130483 -0.145566  1.005076
7.66761207	425	-0.134074 -0.147242  1.006752
7.67271995	426	-0.135032 -0.151551  1.011301
7.67784404	426	-0.126173 -0.140538  1.020159
7.68296003	426	-0.128088 -0.139581  1.006273
7.68807601	425	-0.131440 -0.146763  1.015610
7.69319581	426	-0.132877 -0.143890  1.014892
7.69831180	423	-0.133116 -0.146524  1.016568
7.70343208	423	-0.134553 -0.141975  1.014652
7.70855998	426	-0.134313 -0.148439  1.018962
7.71367979	425	-0.132159 -0.144848  1.015610
7.71880006	425	-0.135032 -0.150594  1.005794
7.72389984	425	-0.138862 -0.152988  1.009385
7.72901201	425	-0.137186 -0.141735  1.018244
7.73413610	426	-0.132398 -0.147721  1.000048
7.73924779	426	-0.139341 -0.152988  1.014413
7.74436378	425	-0.139102 -0.154185  1.022793
7.74948787	426	-0.137665 -0.153706  1.014652
7.75460004	423	-0.143172 -0.157776  1.015371
7.75971603	425	-0.142693 -0.159931  1.013216
7.76483583	425	-0.143411 -0.158973  1.010582
##inga 
#ido(sec)  szog(ADC)     ax(g)    ay(g)   az(g)
7.77048397	426	-0.146284 -0.155622  1.018962
7.77574396	426	-0.146524 -0.152988  1.013934
7.78100395	425	-0.141735 -0.153946  1.008667
7.78624391	426	-0.145566 -0.157776  1.011061
7.79136419	424	-0.141496 -0.156340  1.015610
7.79648399	425	-0.138144 -0.152509  1.002921
7.80159187	426	-0.136708 -0.149876  1.006991
7.80671596	426	-0.135989 -0.151312  1.016807
7.81184005	425	-0.132159 -0.148200  1.012737
7.81694412	426	-0.134792 -0.154903  1.013216
7.82205581	426	-0.131201 -0.147721  1.017765
7.82717609	426	-0.130243 -0.150354  1.010103
7.83228015	423	-0.134553 -0.144608  1.016807
7.83738422	426	-0.135271 -0.142932  1.013934
7.84248781	425	-0.130243 -0.138862  1.014413
7.84760379	425	-0.130962 -0.145327  1.009385
7.85271215	426	-0.132877 -0.145087  1.012737
7.85781192	426	-0.126652 -0.140059  1.008906
7.86289596	426	-0.132877 -0.143172  1.010822
7.86800003	424	-0.129764 -0.143172  1.018244
7.87310791	425	-0.135510 -0.147721  1.018962
7.87821578	426	-0.135510 -0.149636  1.003400
7.88331985	424	-0.136708 -0.152988  1.011301
7.88842391	426	-0.135271 -0.146524  1.009146
7.89354419	424	-0.140299 -0.154185  1.017047
7.89865589	424	-0.138623 -0.153467  1.012019
7.90375995	424	-0.139102 -0.153227  1.009625
7.90887594	426	-0.142693 -0.157776  1.013934
7.91398000	425	-0.140299 -0.158016  1.007949
7.91906404	425	-0.140059 -0.162086  1.005555
7.92416381	426	-0.138862 -0.153946  1.010582
7.92925596	426	-0.142693 -0.156340  1.008188
7.93437194	426	-0.143651 -0.159452  1.008906
7.93947601	423	-0.139102 -0.162565  1.023032
7.94458007	425	-0.133835 -0.156819  1.017286
7.94969606	426	-0.137665 -0.153706  1.010582
7.95479202	425	-0.138862 -0.153467  1.005555
7.95990419	425	-0.143651 -0.152030  1.005555
7.96500778	426	-0.130962 -0.153467  1.012498
7.97012376	425	-0.135271 -0.148439  1.015371
7.97523212	426	-0.135032 -0.153227  1.006273
7.98033189	425	-0.132159 -0.153227  1.008667
7.98544788	424	-0.130962 -0.147960  1.007230
7.99055194	425	-0.125215 -0.147721  1.015849
7.99565601	423	-0.135750 -0.146524  1.014413
8.00076389	425	-0.136229 -0.147003  1.008427
8.00587558	423	-0.133116 -0.148918  1.003639
8.01099205	426	-0.133356 -0.145805  1.009625
8.01610755	425	-0.139102 -0.142454  1.021117
8.02121639	425	-0.135750 -0.147481  1.009385
8.02632045	426	-0.134074 -0.153467  1.008188
8.03142356	425	-0.141735 -0.144608  1.027581
8.03654003	425	-0.132159 -0.144848  1.012498
8.04165554	426	-0.134313 -0.146284  1.017525
8.04677200	426	-0.136468 -0.147721  1.012019
8.05188846	425	-0.139341 -0.147242  1.003639
8.05700397	423	-0.137426 -0.150354  1.005555
8.06211185	425	-0.139820 -0.153227  1.018004
8.06722831	425	-0.143651 -0.156340  1.010822
8.07234382	426	-0.141017 -0.157776  1.008667
8.07745170	426	-0.144129 -0.158734  1.011061
8.08255577	425	-0.141256 -0.162086  1.009385
8.08765983	425	-0.140059 -0.154903  1.009625
8.09274387	423	-0.137426 -0.160649  1.005076
8.09786033	426	-0.142214 -0.156100  1.010822
8.10297203	426	-0.138623 -0.154664  1.012977
8.10809612	425	-0.130483 -0.155622  1.016328
8.11320400	425	-0.137186 -0.151312  1.017765
8.11833953	425	-0.138623 -0.155143  1.010103
8.12344837	425	-0.143651 -0.151312  1.015131
8.12856769	423	-0.142214 -0.153467  1.007709
8.13369178	425	-0.135032 -0.148918  1.019201
8.13880443	424	-0.135989 -0.141735  1.017525
8.14392375	425	-0.135989 -0.144129  1.018962
8.14903640	426	-0.138144 -0.143651  1.015371
8.15415191	425	-0.129286 -0.148200  1.009146
8.15924835	426	-0.127370 -0.142454  1.006033
8.16436386	424	-0.132637 -0.147481  1.011061
8.16948413	426	-0.133116 -0.140059  1.018723
8.17458820	424	-0.133835 -0.143651  1.013216
8.17970371	424	-0.134553 -0.143172  1.008427
8.18482398	425	-0.139581 -0.143890  1.006273
8.18994045	426	-0.135271 -0.148678  1.006512
8.19504833	423	-0.134074 -0.147721  1.011779
8.20016002	426	-0.134074 -0.152749  1.016089
8.20526409	425	-0.139820 -0.152749  1.018244
8.21037960	423	-0.141256 -0.155382  1.019680
8.21548843	426	-0.139581 -0.155382  1.020398
8.22060775	425	-0.137186 -0.158016  1.008427
8.22571182	425	-0.137186 -0.156100  1.015371
8.23081588	426	-0.132159 -0.157058  1.002203
8.23591995	426	-0.139102 -0.155143  1.008427
8.24103164	426	-0.139102 -0.156819  1.020877
8.24614810	423	-0.142693 -0.157776  1.021117
8.25126838	425	-0.136947 -0.157058  1.013695
8.25638389	426	-0.137186 -0.161128  1.010822
8.26150417	426	-0.137665 -0.156579  1.004357
8.26661968	425	-0.140059 -0.159213  1.012019
8.27172756	423	-0.141256 -0.156819  1.007709
8.27685642	425	-0.146045 -0.150594  1.016328
8.28195571	425	-0.138623 -0.152749  1.006033
##inga 
#ido(sec)  szog(ADC)     ax(g)    ay(g)   az(g)
8.28761959	425	-0.138144 -0.150833  1.020877
8.29288005	425	-0.135750 -0.150115  1.001963
8.29811954	425	-0.141496 -0.148678  1.010343
8.30337238	423	-0.133835 -0.146284  1.021595
8.30848789	426	-0.135032 -0.138623  1.011301
8.31361961	423	-0.135750 -0.143651  1.017286
8.31874847	425	-0.136947 -0.147242  1.012258
8.32387161	426	-0.135032 -0.149157  1.016089
8.32899570	425	-0.135032 -0.146045  1.013695
8.33410358	426	-0.129046 -0.142932  1.005076
8.33922004	425	-0.135032 -0.141256  1.016568
8.34434795	424	-0.132398 -0.147003  1.014652
8.34945201	425	-0.133595 -0.147960  1.005315
8.35455989	426	-0.138862 -0.149397  1.015131
8.35967159	426	-0.134792 -0.147003  1.009864
8.36478424	423	-0.135271 -0.148200  1.017765
8.36989593	426	-0.129525 -0.150115  1.014174
8.37501621	425	-0.132637 -0.147242  1.009625
8.38013553	426	-0.136229 -0.154185  1.008906
8.38524818	425	-0.135750 -0.150115  1.010822
8.39033603	425	-0.139341 -0.154185  1.015371
8.39545154	425	-0.142932 -0.158255  1.014652
8.40055561	425	-0.137186 -0.152030  1.014174
8.40565967	424	-0.137905 -0.156340  1.007709
8.41075229	425	-0.141496 -0.152749  1.017286
8.41586780	424	-0.137186 -0.157058  1.021595
8.42097187	423	-0.149636 -0.158255  0.999330
8.42607593	425	-0.146524 -0.158734  1.004597
8.43118381	425	-0.136468 -0.151073  1.007230
8.43628787	425	-0.141735 -0.153467  1.014174
8.44140434	426	-0.140538 -0.152270  1.020398
8.44650840	426	-0.139581 -0.146524  1.009864
8.45161247	426	-0.144848 -0.148200  1.001245
8.45670413	426	-0.136708 -0.150354  1.017765
8.46180820	425	-0.135989 -0.145566  1.016568
8.46690368	424	-0.139820 -0.143651  1.006273
8.47200393	425	-0.137426 -0.150115  1.013695
8.47710800	423	-0.137905 -0.150354  1.009385
8.48219585	426	-0.133835 -0.145087  1.020159
8.48729991	425	-0.130243 -0.144848  1.010103
8.49240779	424	-0.129286 -0.147242  1.007470
8.49751186	423	-0.132877 -0.145087  1.009864
8.50261211	426	-0.133595 -0.148439  1.017047
8.50770378	425	-0.131680 -0.147242  1.008667
8.51280784	426	-0.130962 -0.144608  1.012258
8.51790809	425	-0.131919 -0.151312  1.011779
8.52302837	425	-0.132398 -0.144129  1.007949
8.52813625	425	-0.135271 -0.147003  1.014413
8.53324413	426	-0.133356 -0.149157  1.005794
8.53835582	425	-0.138383 -0.153706  1.010343
8.54345989	425	-0.136708 -0.152988  1.016807
8.54857158	426	-0.142693 -0.150115  1.009385
8.55368041	425	-0.143172 -0.152749  1.014892
8.55879974	423	-0.141735 -0.155143  1.018483
8.56392383	426	-0.141017 -0.156340  1.014892
8.56902790	426	-0.144848 -0.160410  1.024947
8.57412815	426	-0.142932 -0.155382  1.015849
8.57923984	425	-0.143411 -0.158973  1.011779
8.58436012	424	-0.143890 -0.157058  1.022074
8.58946418	424	-0.143890 -0.153467  1.003400
8.59456825	426	-0.146284 -0.161607  1.013695
8.59968757	425	-0.142693 -0.150833  1.023990
8.60479164	424	-0.135989 -0.151551  1.009146
8.60990428	426	-0.141735 -0.150594  1.014892
8.61502361	424	-0.135989 -0.146763  1.020638
8.62012386	425	-0.134074 -0.151551  1.008188
8.62523174	426	-0.132398 -0.148918  1.009146
8.63033580	426	-0.132159 -0.149876  1.012737
8.63544368	423	-0.128807 -0.145805  1.011779
8.64055156	425	-0.135510 -0.148918  1.010343
8.64567184	426	-0.131919 -0.143411  1.018483
8.65079212	425	-0.134313 -0.147721  1.012498
8.65592002	425	-0.133116 -0.148678  1.019920
8.66103553	426	-0.138862 -0.147242  1.019680
8.66615581	426	-0.133835 -0.146045  1.012019
8.67127227	424	-0.136708 -0.148678  1.018244
8.67639160	425	-0.135271 -0.151312  1.009864
8.68150806	425	-0.138862 -0.142214  1.010343
8.68661975	426	-0.135271 -0.147481  1.016089
8.69174385	424	-0.135989 -0.143890  1.012977
8.69685173	425	-0.136708 -0.149636  1.009146
8.70195579	424	-0.136229 -0.149397  1.016089
8.70706367	426	-0.144369 -0.149636  1.007230
8.71216773	426	-0.142693 -0.160170  1.007230
8.71726799	425	-0.139581 -0.155622  1.011061
8.72238826	426	-0.136947 -0.155143  1.003639
8.72749614	425	-0.142454 -0.162086  1.015849
8.73260021	423	-0.145566 -0.156579  1.009146
8.73770427	426	-0.147721 -0.153706  1.018244
8.74281597	425	-0.139102 -0.157776  1.019441
8.74793243	423	-0.140059 -0.158255  1.008427
8.75302410	423	-0.143411 -0.155622  1.011779
8.75814437	426	-0.141017 -0.156100  1.008427
8.76324844	423	-0.139102 -0.155861  1.006991
8.76836013	425	-0.141735 -0.154185  1.014413
8.77347564	426	-0.135750 -0.155143  1.007470
8.77859210	425	-0.137426 -0.153706  1.007230
8.78369617	423	-0.134313 -0.151791  1.016568
8.78883171	424	-0.136229 -0.150833  1.009864
8.79395198	423	-0.140538 -0.144369  1.004118
8.79905986	425	-0.135510 -0.149157  1.012977
##inga 
#ido(sec)  szog(ADC)     ax(g)    ay(g)   az(g)
8.80471611	425	-0.129286 -0.143411  1.009625
8.80998420	423	-0.135510 -0.146284  1.008906
8.81521606	424	-0.127131 -0.143172  1.012498
8.82047176	424	-0.135989 -0.148439  1.012498
8.82559204	426	-0.133356 -0.145327  1.009864
8.83071231	423	-0.131919 -0.141735  1.012737
8.83582401	423	-0.131919 -0.144129  1.014892
8.84095573	425	-0.136947 -0.148200  1.000048
8.84606361	424	-0.135750 -0.142214  1.007949
8.85116767	426	-0.136708 -0.152270  1.013695
8.85626792	425	-0.135032 -0.148200  1.014652
8.86137199	424	-0.142214 -0.151551  1.012977
8.86647987	425	-0.134792 -0.154664  1.009146
8.87159156	423	-0.140299 -0.154664  1.019920
8.87668418	426	-0.138623 -0.157537  1.018004
8.88179206	426	-0.137186 -0.151551  1.013455
8.88690757	426	-0.139341 -0.159452  1.010822
8.89201164	425	-0.146524 -0.162565  1.010582
8.89711570	426	-0.139102 -0.156100  1.012977
8.90221977	426	-0.138144 -0.160410  1.018962
8.90732383	426	-0.142214 -0.161128  1.014174
8.91243171	425	-0.140299 -0.155382  1.018004
8.91753578	425	-0.134313 -0.151551  1.014413
8.92265224	426	-0.135032 -0.159213  1.009625
8.92776012	423	-0.140059 -0.147003  1.011061
8.93284797	426	-0.143411 -0.155143  1.012498
8.93796825	426	-0.139581 -0.153467  1.017286
8.94308376	425	-0.139581 -0.145087  1.012737
8.94818782	423	-0.136947 -0.149157  1.012977
8.95329570	424	-0.135750 -0.142454  1.018962
8.95839595	426	-0.138144 -0.142214  1.011779
8.96350383	426	-0.134553 -0.146284  1.015849
8.96860790	426	-0.137905 -0.147960  1.009864
8.97369956	426	-0.137905 -0.142693  1.021117
8.97880840	424	-0.137665 -0.142454  1.012498
8.98391628	423	-0.130962 -0.146045  1.011779
8.98902034	423	-0.139581 -0.145566  1.024708
8.99413967	424	-0.135989 -0.148918  1.015371
8.99923992	425	-0.134074 -0.144129  1.014413
9.00434398	426	-0.133835 -0.149157  1.023271
9.00945568	426	-0.131440 -0.149876  1.003639
9.01457214	425	-0.137665 -0.149636  1.008188
9.01968002	424	-0.137665 -0.148439  1.014413
9.02478408	425	-0.136229 -0.154664  1.004836
9.02989959	425	-0.134313 -0.152270  1.013455
9.03500366	425	-0.140299 -0.159213  1.013695
9.04011631	425	-0.140778 -0.155861  1.014892
9.04522037	424	-0.138623 -0.158016  1.010103
9.05032444	426	-0.137186 -0.158734  1.009146
9.05543231	424	-0.141735 -0.158734  1.008906
9.06054401	423	-0.143651 -0.156340  1.012498
9.06566429	423	-0.142454 -0.156819  1.004597
9.07077980	424	-0.139341 -0.152988  1.016089
9.07589244	425	-0.146284 -0.152988  1.009625
9.08100032	423	-0.143411 -0.153467  1.005076
9.08611583	426	-0.140299 -0.149397  1.016807
9.09122371	426	-0.138144 -0.150594  1.012019
9.09633159	426	-0.143651 -0.153227  1.009625
9.10144805	425	-0.135750 -0.143411  1.010343
9.10655212	425	-0.138144 -0.149876  1.012498
9.11167240	426	-0.131201 -0.154424  1.013934
9.11677646	423	-0.135032 -0.145805  1.022553
9.12187194	426	-0.132637 -0.150833  1.007949
9.12697601	424	-0.133356 -0.145327  1.018244
9.13210391	426	-0.137186 -0.144369  1.010822
9.13722038	426	-0.134553 -0.141017  1.013934
9.14233589	425	-0.134313 -0.146763  1.013695
9.14745616	426	-0.134792 -0.145327  1.020638
9.15257167	423	-0.131440 -0.144369  1.015610
9.15768432	426	-0.130962 -0.147242  1.014652
9.16279220	425	-0.136947 -0.147721  1.015849
9.16792011	426	-0.136229 -0.152030  1.008906
9.17304039	426	-0.137905 -0.149157  1.013934
9.17815971	426	-0.135510 -0.150833  1.011301
9.18327236	426	-0.137426 -0.157058  1.016807
9.18838405	426	-0.139341 -0.159931  1.016089
9.19349956	425	-0.142454 -0.155382  1.010582
9.19861984	425	-0.134074 -0.155622  1.005555
9.20374393	425	-0.147242 -0.153946  1.011301
9.20887184	426	-0.144608 -0.158016  1.024469
9.21397590	423	-0.139341 -0.155382  1.010822
9.21908760	426	-0.140538 -0.153706  1.018004
9.22419166	425	-0.147003 -0.158973  1.014174
9.22928810	426	-0.148200 -0.156100  1.016089
9.23438835	425	-0.142932 -0.155382  1.012737
9.23949241	426	-0.141496 -0.156579  1.012498
9.24460029	425	-0.140299 -0.156100  1.010822
9.24970436	424	-0.140059 -0.157058  1.005794
9.25479221	426	-0.143651 -0.152509  1.010343
9.25991153	424	-0.131680 -0.148200  0.999569
9.26502037	426	-0.135510 -0.145805  1.012258
9.27013969	423	-0.137186 -0.145327  1.013455
9.27524757	425	-0.130962 -0.151791  1.015849
9.28037166	426	-0.135750 -0.142454  1.016807
9.28547954	425	-0.131919 -0.145805  1.014652
9.29059600	424	-0.135271 -0.148918  1.017286
9.29571247	425	-0.135032 -0.147721  1.011540
9.30083179	425	-0.130962 -0.139581  1.005315
9.30595207	425	-0.128567 -0.143651  1.007949
9.31107234	425	-0.137905 -0.145566  1.005315
9.31619167	426	-0.134074 -0.146045  1.012019
##inga 
#ido(sec)  szog(ADC)     ax(g)    ay(g)   az(g)
9.32184410	426	-0.131440 -0.150594  1.014413
9.32709598	425	-0.135989 -0.145566  1.015131
9.33235645	424	-0.139820 -0.149876  1.020159
9.33759975	424	-0.137186 -0.146763  1.018244
9.34273242	425	-0.134313 -0.149636  1.016089
9.34784793	424	-0.137426 -0.149636  1.014892
9.35296821	425	-0.145805 -0.156819  1.009146
9.35808372	424	-0.141256 -0.153706  1.011301
9.36321163	425	-0.146524 -0.159213  1.008906
9.36833190	425	-0.144369 -0.158973  1.019441
9.37344837	426	-0.140778 -0.148678  1.006033
9.37856388	423	-0.138623 -0.152509  1.014652
9.38367176	424	-0.146763 -0.150594  1.009385
9.38878822	423	-0.140299 -0.154424  1.013934
9.39389610	426	-0.146045 -0.155861  1.012258
9.39900779	423	-0.140778 -0.150594  1.004357
9.40410423	425	-0.139820 -0.148439  1.004118
9.40919208	425	-0.143172 -0.158495  1.007230
9.41430377	426	-0.130962 -0.154664  1.012737
9.41940784	425	-0.142454 -0.146763  1.013934
9.42452430	426	-0.134313 -0.158255  1.016089
9.42962837	426	-0.136708 -0.150594  1.017286
9.43472003	424	-0.133116 -0.148200  1.006512
9.43981647	425	-0.133835 -0.145805  1.006991
9.44491958	425	-0.132877 -0.146524  1.014174
9.45003223	426	-0.132877 -0.145087  1.014174
9.45513153	426	-0.127610 -0.148200  1.010343
9.46022415	424	-0.124258 -0.147003  1.012258
9.46532821	426	-0.135989 -0.141975  1.011301
9.47043228	425	-0.140059 -0.141735  1.021117
9.47553634	426	-0.128567 -0.145327  1.013695
9.48064041	424	-0.134792 -0.141256  1.012737
9.48574447	426	-0.135750 -0.148200  1.013455
9.49083995	425	-0.138623 -0.146524  1.008188
9.49594402	425	-0.129525 -0.147481  1.008188
9.50104808	424	-0.142454 -0.152270  1.005076
9.50615215	426	-0.135750 -0.150115  1.013695
9.51126003	426	-0.138144 -0.153227  1.010822
9.51636791	426	-0.144608 -0.151073  1.011540
9.52145957	423	-0.139102 -0.157537  1.014892
9.52656364	425	-0.137905 -0.157297  1.016807
9.53166770	426	-0.145087 -0.155622  1.010822
9.53677177	423	-0.145087 -0.155382  1.016807
9.54187583	426	-0.136708 -0.155622  1.012498
9.54698371	425	-0.141017 -0.157297  1.011061
9.55208778	425	-0.138144 -0.154185  1.005794
9.55719184	424	-0.140538 -0.158734  1.016328
9.56229209	424	-0.137905 -0.154664  1.010103
9.56739616	425	-0.143172 -0.159213  1.004836
9.57250404	426	-0.144369 -0.157537  1.002921
9.57761192	425	-0.135750 -0.149397  1.017525
9.58271217	423	-0.138144 -0.155143  1.012498
9.58783245	423	-0.135989 -0.149157  1.014413
9.59293174	426	-0.134553 -0.153467  1.013216
9.59803199	423	-0.135032 -0.152509  1.010822
9.60313606	424	-0.131201 -0.146284  1.003639
9.60824394	425	-0.132398 -0.150833  1.017286
9.61336040	423	-0.136229 -0.154185  1.018962
9.61847591	426	-0.138144 -0.146763  1.013695
9.62359619	424	-0.135510 -0.148439  1.013216
9.62869644	425	-0.130483 -0.141256  1.013216
9.63380813	425	-0.127849 -0.146284  1.011061
9.63891983	426	-0.134553 -0.139820  1.009146
9.64402770	426	-0.133835 -0.144129  1.001484
9.64913558	425	-0.141496 -0.146524  1.019201
9.65425586	423	-0.130004 -0.143172  1.019201
9.65935993	425	-0.130962 -0.145087  1.005076
9.66446018	424	-0.136708 -0.146284  1.009146
9.66956806	424	-0.140299 -0.154903  1.012258
9.67467212	425	-0.131201 -0.151551  1.007949
9.67977619	423	-0.137426 -0.155382  1.009385
9.68488025	426	-0.136708 -0.151551  1.015371
9.68999958	424	-0.140778 -0.156579  1.012737
9.69509983	423	-0.137665 -0.155382  1.008427
9.70021629	425	-0.140059 -0.160410  1.013934
9.70532035	426	-0.139341 -0.160649  1.012258
9.71043968	425	-0.137665 -0.152270  1.016568
9.71555233	426	-0.138383 -0.160410  1.008667
9.72066402	426	-0.141735 -0.154903  1.006273
9.72577953	426	-0.138862 -0.160649  1.022074
9.73089599	425	-0.135271 -0.158255  1.018244
9.73602771	425	-0.137426 -0.150833  1.026144
9.74114799	426	-0.137665 -0.153946  1.010582
9.74627208	424	-0.137186 -0.147960  1.023990
9.75139236	426	-0.132877 -0.143172  1.014892
9.75652027	423	-0.135750 -0.153946  1.004836
9.76163578	426	-0.135989 -0.140059  1.001963
9.76674365	424	-0.141256 -0.143651  1.003160
9.77186775	423	-0.137905 -0.144608  1.015849
9.77698421	425	-0.135989 -0.146284  1.010582
9.78209972	426	-0.138144 -0.148918  1.013934
9.78723239	423	-0.130483 -0.145087  1.006991
9.79234409	425	-0.132637 -0.142454  1.011779
9.79747200	425	-0.136229 -0.144608  1.022074
9.80258369	423	-0.137665 -0.143411  1.012019
9.80771160	424	-0.138383 -0.147721  1.013934
9.81282043	426	-0.129046 -0.158255  0.999090
9.81791591	425	-0.136229 -0.154664  1.012258
9.82304763	424	-0.133116 -0.148439  1.012019
9.82817554	426	-0.136947 -0.150594  1.022074
9.83329582	426	-0.130483 -0.156100  1.012258
##inga 
#ido(sec)  szog(ADC)     ax(g)    ay(g)   az(g)
9.83894824	426	-0.134553 -0.159213  1.008427
9.84420394	425	-0.139581 -0.152270  1.013455
9.84945201	426	-0.139341 -0.152749  1.012019
9.85470008	423	-0.139341 -0.154424  1.015849
9.85982418	425	-0.142693 -0.157537  1.014892
9.86495208	426	-0.141496 -0.159213  1.012258
9.87008380	423	-0.140059 -0.155382  1.014413
9.87517642	426	-0.144608 -0.158495  1.008427
9.88027954	424	-0.143651 -0.157776  1.010343
9.88538360	425	-0.144608 -0.147721  1.021595
9.89048004	426	-0.139102 -0.152988  1.013695
9.89558410	426	-0.143172 -0.154424  1.019920
9.90068817	424	-0.136947 -0.149397  1.015849
9.90579223	424	-0.139820 -0.147242  1.011301
9.91089630	423	-0.141496 -0.151073  1.009146
9.91598415	426	-0.140778 -0.148918  1.007709
9.92107200	423	-0.132159 -0.143172  1.012498
9.92617607	425	-0.136468 -0.144848  1.019201
9.93128013	423	-0.134553 -0.145087  1.018723
9.93639564	425	-0.131919 -0.144848  1.012977
9.94151210	426	-0.129525 -0.138862  1.015610
9.94660758	425	-0.132398 -0.144608  1.006512
9.95169639	426	-0.132398 -0.147003  1.011301
9.95680046	424	-0.132877 -0.146045  1.005555
9.96191596	423	-0.129046 -0.145805  1.008667
9.96701240	424	-0.136708 -0.147960  1.012258
9.97210407	426	-0.134792 -0.153467  1.016568
9.97720813	426	-0.132877 -0.150594  1.014174
9.98231220	423	-0.133116 -0.149636  1.012498
9.98742008	425	-0.135989 -0.152988  1.015371
9.99252796	425	-0.140299 -0.152270  1.017525
9.99763202	423	-0.144369 -0.152270  1.012019
10.00273609	425	-0.142214 -0.149397  1.012258
10.00793552	426	-0.142214 -0.154424  1.017765
10.01313591	425	-0.139581 -0.157058  1.016328
10.01834011	426	-0.148678 -0.152749  1.017765
10.02353954	426	-0.146284 -0.157058  1.019920
10.02873611	426	-0.144848 -0.158734  1.008188
10.03393554	425	-0.146524 -0.161128  1.005555
10.03914356	424	-0.144129 -0.153467  1.017765
10.04436016	424	-0.140778 -0.157297  1.006752
10.04956817	425	-0.137426 -0.150115  1.006273
10.05477619	426	-0.140059 -0.155622  1.010343
10.05998420	426	-0.145566 -0.151073  1.012258
10.06518363	424	-0.132877 -0.142214  1.020877
10.07038784	425	-0.136468 -0.147721  1.006991
10.07559204	425	-0.135271 -0.149636  1.008906
10.08079624	424	-0.134792 -0.144129  0.999808
10.08600044	426	-0.136708 -0.144369  1.015849
10.09119224	426	-0.132159 -0.145566  1.010822
10.09640407	425	-0.133356 -0.140059  1.010343
10.10161209	426	-0.133116 -0.148678  1.014652
10.10682392	425	-0.132398 -0.144369  1.015131
10.11203956	426	-0.126891 -0.143411  1.015610
10.11725234	425	-0.130243 -0.143172  1.011540
10.12245559	425	-0.133356 -0.149397  1.006033
10.12766838	425	-0.130962 -0.152270  1.011779
10.13286399	425	-0.135271 -0.143890  1.016807
10.13807582	423	-0.137665 -0.152988  1.019201
10.14326763	424	-0.135271 -0.152270  1.010822
10.14847564	424	-0.134553 -0.151073  1.010343
10.15367603	426	-0.139102 -0.151551  1.009864
10.15888404	424	-0.140778 -0.153467  1.020638
10.16408824	424	-0.143651 -0.150594  1.011779
10.16929244	423	-0.142214 -0.153227  1.006991
10.17451190	424	-0.143172 -0.156579  1.013695
10.17972373	425	-0.138862 -0.161368  1.014174
10.18493556	425	-0.137905 -0.157058  1.010582
10.19013595	425	-0.140778 -0.147481  1.015371
10.19534397	424	-0.142454 -0.154185  1.020159
10.20054435	426	-0.140778 -0.156340  1.010582
10.20574378	425	-0.130722 -0.157776  1.006512
10.21094799	426	-0.142214 -0.157537  1.015371
10.21615219	426	-0.137665 -0.151073  1.008427
10.22136783	424	-0.135750 -0.154424  1.012258
10.22657585	425	-0.139820 -0.152030  1.014413
10.23177623	423	-0.131440 -0.148678  1.014174
10.23699569	423	-0.138144 -0.150354  1.017765
10.24220752	426	-0.130243 -0.152270  1.019680
10.24740791	423	-0.130004 -0.153706  1.016807
10.25261211	423	-0.133595 -0.145327  1.009385
10.25783634	425	-0.133356 -0.141975  1.007709
10.26303958	423	-0.132637 -0.149636  1.012019
10.26824760	425	-0.137426 -0.152270  1.013695
10.27344799	426	-0.130243 -0.144129  1.010822
10.27865600	423	-0.131919 -0.145805  1.016568
10.28386783	425	-0.131680 -0.139820  1.009864
10.28907585	426	-0.136229 -0.142454  1.017047
10.29428386	425	-0.137665 -0.148200  1.006752
10.29948806	426	-0.143651 -0.142932  1.004118
10.30469608	423	-0.140778 -0.146284  1.011301
10.30989646	425	-0.139820 -0.147481  1.006752
10.31510353	423	-0.137665 -0.153467  1.013455
10.32031631	425	-0.134553 -0.151551  1.003160
10.32553195	424	-0.142454 -0.153227  1.010822
10.33073616	425	-0.147003 -0.151791  1.010822
10.33594036	425	-0.140778 -0.155622  1.008427
10.34113979	425	-0.139820 -0.159213  1.007949
10.34634780	426	-0.145566 -0.156819  1.012258
10.35155200	425	-0.142932 -0.158973  1.010103
10.35676765	423	-0.143411 -0.154664  1.019201
##inga 
#ido(sec)  szog(ADC)     ax(g)    ay(g)   az(g)
10.36252021	425	-0.140299 -0.157297  1.013695
10.36783218	426	-0.138383 -0.151791  1.015610
10.37314414	423	-0.136947 -0.157537  1.013695
10.37845611	423	-0.140538 -0.155622  1.008906
10.38365554	425	-0.139820 -0.152749  1.009385
10.38885593	424	-0.135989 -0.150354  1.012498
10.39406013	426	-0.134074 -0.143651  1.007949
10.39926433	426	-0.135032 -0.146045  1.016568
10.40445613	425	-0.139581 -0.148200  1.010822
10.40965557	425	-0.133595 -0.148200  1.021835
10.41485977	425	-0.136229 -0.147242  1.015610
10.42007160	425	-0.134792 -0.149876  1.017286
10.42528820	423	-0.130483 -0.145327  1.014413
10.43049240	423	-0.134074 -0.142693  1.015131
10.43570423	425	-0.134074 -0.143411  1.009625
10.44091224	426	-0.136229 -0.149397  1.003639
10.44612026	424	-0.140059 -0.141975  1.012737
10.45131969	426	-0.138383 -0.147960  1.014174
10.45652008	423	-0.138144 -0.144369  1.003639
10.46172809	425	-0.135032 -0.150354  1.019201
10.46692752	425	-0.132398 -0.151551  1.019920
10.47213172	424	-0.138383 -0.152749  1.009385
10.47734355	425	-0.135989 -0.152030  1.018244
10.48254394	425	-0.143172 -0.156579  1.017765
10.48776435	425	-0.140778 -0.152030  1.004357
10.49296760	426	-0.137905 -0.158255  1.017286
10.49818420	423	-0.137426 -0.157297  1.012019
10.50338363	425	-0.144369 -0.153706  1.013695
10.50858402	426	-0.134792 -0.159452  1.004357
10.51378440	423	-0.142932 -0.155143  1.015371
10.51899242	426	-0.142454 -0.159692  1.012019
10.52419185	423	-0.135750 -0.153467  1.026623
10.52939605	424	-0.141735 -0.155143  1.013934
10.53459167	423	-0.138144 -0.156819  1.014413
10.53980445	426	-0.143651 -0.149157  1.011540
10.54501247	425	-0.138623 -0.152749  0.998851
10.55021572	424	-0.127131 -0.150354  1.017525
10.55541992	424	-0.138862 -0.151073  1.016328
10.56064033	424	-0.134792 -0.146763  1.007949
10.56583976	423	-0.137186 -0.149157  1.013934
10.57104015	425	-0.136947 -0.138144  1.015131
