
#ido(sec)  szog(ADC)     ax(g)    ay(g)   az(g)
0.00170000	748	0.380914 0.774277  0.522888
0.00688800	750	0.380914 0.769967  0.532226
##inga 
#ido(sec)  szog(ADC)     ax(g)    ay(g)   az(g)
0.01316400	749	0.380914 0.778586  0.522649
0.01838000	748	0.383068 0.771643  0.518818
0.02357600	750	0.381871 0.767334  0.523607
0.02880000	751	0.381392 0.779784  0.513312
0.03383600	750	0.381153 0.769249  0.517382
0.03887200	749	0.385941 0.771404  0.519536
0.04391600	750	0.384744 0.769249  0.527198
0.04895600	748	0.383308 0.772362  0.516185
0.05398400	750	0.384505 0.779065  0.519058
0.05900800	749	0.388814 0.773798  0.522888
0.06402801	749	0.380674 0.770446  0.523128
0.06904000	750	0.377322 0.773319  0.519297
0.07406401	748	0.385702 0.775235  0.528156
0.07908801	748	0.388096 0.773319  0.525522
0.08410400	749	0.386420 0.769010  0.522649
0.08912401	750	0.382350 0.774756  0.523128
0.09414800	750	0.384265 0.777389  0.523128
0.09919200	750	0.382111 0.774995  0.519058
0.10423600	749	0.380674 0.775953  0.524564
0.10927201	750	0.380914 0.780023  0.519776
0.11430400	750	0.385463 0.776192  0.517142
0.11933600	749	0.382111 0.773559  0.525761
0.12436001	747	0.384265 0.775713  0.518339
0.12939200	749	0.381632 0.767334  0.523607
0.13441599	750	0.381632 0.775235  0.524804
0.13945600	750	0.386181 0.772122  0.530310
0.14449598	748	0.384026 0.770686  0.517621
0.14951199	750	0.383068 0.776911  0.523367
0.15453599	749	0.386660 0.775235  0.521691
0.15957200	750	0.386420 0.774516  0.521212
0.16460000	748	0.385702 0.774756  0.519058
0.16962800	748	0.385702 0.766855  0.528634
0.17463999	748	0.389054 0.773080  0.522409
0.17965600	747	0.384026 0.775235  0.522649
0.18467199	750	0.381153 0.774516  0.523367
0.18970399	748	0.390730 0.774038  0.522888
0.19474400	750	0.381153 0.778108  0.523367
0.19978399	750	0.380195 0.779784  0.522409
0.20481600	750	0.383308 0.772840  0.521691
0.20984001	748	0.384744 0.774038  0.513551
0.21487598	749	0.387138 0.772601  0.514748
0.21992800	751	0.386420 0.776192  0.516663
0.22495200	749	0.383068 0.773319  0.522409
0.22995998	750	0.380674 0.772362  0.520255
0.23498399	750	0.375886 0.771643  0.516424
0.24001600	750	0.383068 0.775713  0.520734
0.24502398	749	0.382590 0.771404  0.514748
0.25004801	750	0.382350 0.778347  0.518100
0.25505998	750	0.378759 0.771643  0.522649
0.26009602	749	0.387138 0.776432  0.521452
0.26512799	748	0.384026 0.775713  0.518818
0.27017199	750	0.383308 0.771883  0.513790
0.27520399	749	0.382829 0.770207  0.517861
0.28024001	748	0.386420 0.772122  0.515945
0.28526399	749	0.385223 0.776432  0.515945
0.29029598	750	0.381871 0.768531  0.517621
0.29531197	750	0.384505 0.778108  0.521212
0.30033600	749	0.381871 0.773559  0.522888
0.30536799	749	0.382829 0.773559  0.513312
0.31039199	747	0.390490 0.774516  0.526719
0.31540000	749	0.384026 0.773319  0.525761
0.32042000	748	0.384984 0.775953  0.522409
0.32546801	750	0.381871 0.771164  0.523128
0.33051199	750	0.382590 0.773559  0.511396
0.33554801	750	0.381632 0.770686  0.513790
0.34057199	750	0.380195 0.774756  0.522409
0.34559199	748	0.384984 0.777150  0.520973
0.35060799	750	0.378998 0.777389  0.526958
0.35562398	748	0.375886 0.778586  0.514509
0.36065599	750	0.388096 0.770925  0.518339
0.36565999	748	0.381871 0.773080  0.521931
0.37068798	748	0.379956 0.772362  0.519776
0.37572000	749	0.381153 0.769010  0.513790
0.38075599	750	0.386899 0.771643  0.521931
0.38579198	750	0.388575 0.779544  0.523128
0.39084000	750	0.387138 0.775235  0.522649
0.39585599	750	0.380674 0.770207  0.519536
0.40088000	748	0.382350 0.779305  0.520015
0.40590400	751	0.381871 0.770686  0.524325
0.41094403	749	0.380914 0.770925  0.520494
0.41596798	748	0.376125 0.775235  0.518818
0.42100801	750	0.381392 0.781938  0.526001
0.42603998	750	0.379956 0.770925  0.522888
0.43106799	748	0.379956 0.774038  0.519536
0.43609199	749	0.376125 0.775713  0.519058
0.44113998	748	0.384984 0.774756  0.514509
0.44618802	750	0.380435 0.774516  0.519776
0.45120401	749	0.384026 0.774756  0.520734
0.45623598	748	0.378998 0.776911  0.516663
0.46126403	749	0.379717 0.777150  0.521452
0.46629600	750	0.383308 0.770925  0.512833
0.47130799	750	0.377322 0.773319  0.521931
0.47633600	747	0.381153 0.775713  0.521452
0.48136000	749	0.384744 0.772840  0.514030
0.48639197	748	0.380435 0.773080  0.528634
0.49142398	750	0.387857 0.778586  0.532226
0.49647197	750	0.382350 0.769728  0.516424
0.50151996	750	0.383308 0.778826  0.512115
0.50655198	750	0.385941 0.775474  0.522409
0.51158399	750	0.385223 0.775235  0.526240
0.51661596	750	0.379477 0.773080  0.515466
##inga 
#ido(sec)  szog(ADC)     ax(g)    ay(g)   az(g)
0.52217602	750	0.384984 0.779065  0.527198
0.52741599	747	0.381153 0.773559  0.528395
0.53264803	748	0.382350 0.773798  0.525283
0.53776798	750	0.387138 0.771643  0.522409
0.54279999	749	0.380914 0.780023  0.526001
0.54782400	748	0.386899 0.772601  0.532704
0.55286402	750	0.389533 0.770686  0.510678
0.55790400	748	0.387857 0.771164  0.525522
0.56293601	749	0.384744 0.777629  0.515227
0.56798796	750	0.387857 0.774277  0.520973
0.57301597	750	0.383787 0.771404  0.522409
0.57803201	750	0.381871 0.771164  0.520734
0.58306403	750	0.379477 0.774038  0.522170
0.58809604	750	0.390012 0.780502  0.517142
0.59312000	749	0.383308 0.774756  0.520255
0.59814796	749	0.383547 0.774756  0.514269
0.60318799	750	0.386660 0.774516  0.520015
0.60820798	748	0.379238 0.771883  0.526001
0.61324796	750	0.379477 0.775953  0.522888
0.61828398	748	0.386660 0.773319  0.513312
0.62332797	748	0.380195 0.765897  0.523128
0.62835998	750	0.385463 0.776192  0.523367
0.63339195	748	0.383068 0.770686  0.525522
0.63842797	750	0.384026 0.772601  0.522888
0.64344000	749	0.386899 0.773559  0.518579
0.64845600	750	0.383547 0.769489  0.517142
0.65346803	750	0.382350 0.770686  0.525761
0.65848798	748	0.389533 0.771164  0.518579
0.66351995	749	0.383547 0.766137  0.521931
0.66856002	748	0.384505 0.775953  0.516663
0.67361202	748	0.382829 0.774038  0.531986
0.67866401	750	0.378519 0.768531  0.521212
0.68369598	750	0.381632 0.772601  0.521452
0.68873600	750	0.384265 0.774995  0.524804
0.69374399	750	0.381153 0.780502  0.524564
0.69877200	748	0.382111 0.769010  0.516663
0.70378398	749	0.381871 0.772362  0.520973
0.70881600	749	0.380914 0.773798  0.520494
0.71383600	751	0.381871 0.778586  0.520015
0.71886401	747	0.381632 0.775235  0.519058
0.72390003	750	0.384265 0.770686  0.522649
0.72894001	749	0.387617 0.774995  0.526001
0.73398399	750	0.383787 0.780741  0.511636
0.73903603	750	0.385702 0.770207  0.519058
0.74407200	749	0.382111 0.768052  0.518579
0.74909596	750	0.383787 0.773319  0.521931
0.75413603	749	0.378280 0.776432  0.512354
0.75915999	750	0.379477 0.773559  0.529831
0.76418399	751	0.381392 0.774038  0.512833
0.76920800	749	0.378519 0.779784  0.513551
0.77421998	748	0.381632 0.773080  0.526480
0.77924399	748	0.378280 0.781459  0.518339
0.78426799	748	0.386181 0.774038  0.521931
0.78932399	749	0.381871 0.772362  0.532465
0.79436802	749	0.384026 0.777868  0.526001
0.79940800	748	0.384265 0.774516  0.526001
0.80443201	749	0.378759 0.773798  0.513312
0.80945596	749	0.382590 0.778347  0.521691
0.81448001	749	0.384026 0.775474  0.521452
0.81950397	750	0.380195 0.771404  0.517142
0.82452001	749	0.380674 0.772601  0.525283
0.82955198	748	0.383308 0.774756  0.517621
0.83458795	749	0.385702 0.775713  0.522409
0.83962001	750	0.387617 0.779784  0.522409
0.84466400	750	0.380674 0.773080  0.512833
0.84968395	748	0.385223 0.772601  0.523846
0.85472793	750	0.387138 0.779065  0.518100
0.85975198	750	0.380914 0.777629  0.521452
0.86477603	750	0.382590 0.775713  0.519058
0.86980800	750	0.382829 0.774277  0.524564
0.87482395	750	0.386660 0.771643  0.515466
0.87985601	748	0.386660 0.776192  0.518339
0.88488397	748	0.386899 0.769967  0.516903
0.88991203	750	0.381392 0.779784  0.518818
0.89495201	750	0.382350 0.775953  0.519297
0.89998397	750	0.378280 0.773080  0.521691
0.90501604	750	0.384744 0.779065  0.525522
0.91005201	750	0.383068 0.777150  0.522649
0.91507205	748	0.379477 0.775235  0.516663
0.92010002	749	0.378280 0.776432  0.518339
0.92511997	749	0.380195 0.776192  0.529831
0.93014402	748	0.386660 0.776192  0.507566
0.93517999	747	0.382590 0.771643  0.533902
0.94021596	750	0.382829 0.766137  0.523367
0.94524002	748	0.383308 0.775713  0.512833
0.95026798	749	0.384265 0.768770  0.523367
0.95529594	750	0.385223 0.776192  0.522409
0.96033201	748	0.383547 0.778108  0.524325
0.96536798	750	0.376604 0.772122  0.526958
0.97039995	749	0.373252 0.770686  0.515466
0.97544002	748	0.382590 0.771164  0.522649
0.98046398	749	0.383787 0.771164  0.524564
0.98549995	748	0.381871 0.772601  0.525043
0.99052000	749	0.382111 0.778586  0.520255
0.99553604	750	0.379956 0.775474  0.518100
1.00055599	750	0.383547 0.777868  0.515466
1.00558400	749	0.380914 0.775713  0.524085
1.01060795	748	0.378998 0.775953  0.523607
1.01564800	751	0.381153 0.775474  0.516663
1.02068400	750	0.383068 0.770446  0.516185
1.02572000	750	0.376844 0.774516  0.517621
##inga 
#ido(sec)  szog(ADC)     ax(g)    ay(g)   az(g)
1.03129601	750	0.378280 0.773080  0.512833
1.03652000	750	0.383547 0.771164  0.518100
1.04172801	750	0.382350 0.777389  0.520015
1.04684805	750	0.381632 0.773798  0.524085
1.05188798	748	0.384505 0.774038  0.514748
1.05692398	750	0.382350 0.775235  0.519058
1.06195199	750	0.381153 0.775235  0.526480
1.06700003	748	0.381392 0.778347  0.516185
1.07204794	749	0.388575 0.776911  0.522888
1.07709598	749	0.383547 0.774995  0.521691
1.08213197	750	0.380914 0.771883  0.521691
1.08717596	748	0.387857 0.776671  0.520494
1.09221601	749	0.376365 0.777629  0.524085
1.09724796	749	0.390969 0.772840  0.519536
1.10226798	750	0.389533 0.775953  0.521452
1.10730397	750	0.385702 0.775474  0.525522
1.11232805	748	0.384984 0.782657  0.521452
1.11736798	749	0.379238 0.771164  0.518579
1.12240803	748	0.382590 0.776671  0.529831
1.12743198	749	0.386420 0.775474  0.514748
1.13247203	750	0.388575 0.773080  0.509481
1.13751196	749	0.381153 0.771643  0.511396
1.14256000	750	0.378759 0.775474  0.519536
1.14760804	750	0.385223 0.769728  0.518579
1.15264797	751	0.380674 0.774277  0.519536
1.15766799	751	0.382829 0.770446  0.523846
1.16268801	748	0.383068 0.772840  0.517861
1.16771602	750	0.386899 0.770207  0.520015
1.17275202	750	0.381871 0.773559  0.520255
1.17780005	748	0.378041 0.768291  0.514988
1.18283605	749	0.380435 0.775235  0.521691
1.18786800	747	0.378519 0.774277  0.518100
1.19291198	750	0.380195 0.780741  0.520494
1.19794404	750	0.381153 0.770686  0.522649
1.20299994	748	0.377801 0.772601  0.524804
1.20804798	749	0.382829 0.768770  0.519536
1.21308803	750	0.382829 0.773319  0.519776
1.21811199	750	0.381632 0.773559  0.531268
1.22314000	749	0.386660 0.775953  0.514988
1.22816002	748	0.384265 0.774277  0.526958
1.23318803	750	0.387378 0.770925  0.532226
1.23822402	749	0.385702 0.774756  0.523367
1.24325203	748	0.383308 0.771404  0.513790
1.24828398	750	0.386899 0.776432  0.527437
1.25331997	747	0.387617 0.774756  0.522888
1.25836801	750	0.381871 0.769249  0.525283
1.26340794	750	0.380674 0.768052  0.518579
1.26845598	748	0.384265 0.774038  0.516424
1.27349603	748	0.383547 0.772362  0.515945
1.27852797	748	0.384505 0.775474  0.525522
1.28355598	748	0.382590 0.776671  0.529353
1.28859197	748	0.387617 0.776432  0.518818
1.29363203	749	0.383308 0.777629  0.514269
1.29866397	749	0.383068 0.770446  0.516903
1.30369997	748	0.382350 0.773798  0.516663
1.30873596	749	0.382590 0.768291  0.519297
1.31377601	750	0.386420 0.776432  0.520015
1.31881201	750	0.379477 0.770446  0.524325
1.32385194	750	0.378519 0.775235  0.531268
1.32889997	748	0.383547 0.771164  0.527198
1.33393597	748	0.385223 0.774277  0.520015
1.33897602	748	0.387857 0.774995  0.530550
1.34399199	749	0.378759 0.771164  0.516903
1.34902405	750	0.381871 0.775235  0.520494
1.35404801	751	0.385941 0.771164  0.520494
1.35908401	748	0.382111 0.771883  0.525761
1.36411595	751	0.387138 0.769967  0.524804
1.36914801	750	0.384984 0.777629  0.518579
1.37419998	750	0.377083 0.774516  0.520734
1.37923204	748	0.384505 0.771883  0.523367
1.38426804	750	0.386899 0.772601  0.519776
1.38932001	749	0.385223 0.773559  0.522888
1.39436805	748	0.385223 0.774756  0.520973
1.39939999	750	0.382590 0.773080  0.527437
1.40442395	750	0.385941 0.773319  0.521212
1.40944805	749	0.384984 0.774277  0.520734
1.41447200	748	0.383547 0.774516  0.520494
1.41950407	750	0.379717 0.774516  0.523607
1.42454004	748	0.383068 0.775953  0.526958
1.42957601	750	0.384026 0.775713  0.515706
1.43460798	750	0.388814 0.775953  0.518579
1.43965196	750	0.386899 0.770925  0.527437
1.44469203	750	0.379717 0.765179  0.521931
1.44974398	750	0.379717 0.775953  0.520494
1.45477604	750	0.378759 0.772122  0.516663
1.45980405	750	0.381632 0.771164  0.518579
1.46484003	750	0.382350 0.776671  0.523607
1.46986398	749	0.386181 0.774995  0.521931
1.47490797	750	0.379956 0.772601  0.525043
1.47993192	749	0.385702 0.775474  0.524804
1.48496398	748	0.382829 0.773319  0.520734
1.49000000	749	0.386660 0.775953  0.527437
1.49501204	750	0.385941 0.773319  0.525522
1.50004396	750	0.386181 0.771643  0.519536
1.50509204	748	0.378759 0.772601  0.524804
1.51014399	748	0.380674 0.770207  0.520255
1.51516795	750	0.380914 0.767334  0.523128
1.52020001	749	0.378041 0.775713  0.522888
1.52522397	749	0.379238 0.775235  0.523607
1.53024806	749	0.380674 0.772840  0.521212
1.53526401	750	0.382111 0.770446  0.520015
##inga 
#ido(sec)  szog(ADC)     ax(g)    ay(g)   az(g)
1.54083204	750	0.385941 0.771643  0.517382
1.54606795	749	0.383308 0.767334  0.517621
1.55129194	751	0.382350 0.765897  0.526719
1.55643200	750	0.383308 0.773080  0.516903
1.56146392	750	0.381392 0.773559  0.519776
1.56652402	750	0.383068 0.769010  0.527198
1.57156000	748	0.378041 0.775713  0.516663
1.57658395	748	0.388575 0.771164  0.518339
1.58161602	748	0.384744 0.772122  0.516903
1.58665599	750	0.381153 0.767573  0.519058
1.59168806	751	0.382829 0.774277  0.521691
1.59671998	748	0.382590 0.772362  0.517142
1.60174407	750	0.383787 0.773319  0.522409
1.60677194	748	0.384505 0.777150  0.520015
1.61179199	750	0.384505 0.769010  0.520015
1.61681604	750	0.380435 0.779305  0.522409
1.62185597	748	0.391448 0.775235  0.513551
1.62689599	748	0.385702 0.775713  0.516663
1.63192796	751	0.383547 0.777389  0.528874
1.63696393	749	0.388814 0.770925  0.513312
1.64197597	751	0.383787 0.772840  0.510439
1.64699993	749	0.380674 0.772601  0.519776
1.65202403	750	0.381871 0.772122  0.526240
1.65706005	749	0.377322 0.771883  0.515706
1.66210403	750	0.383547 0.770925  0.520973
1.66713595	748	0.386420 0.774516  0.520973
1.67216801	748	0.385702 0.774756  0.529113
1.67721199	750	0.376844 0.773319  0.524564
1.68225202	750	0.384026 0.775953  0.514269
1.68728804	750	0.384026 0.777150  0.519297
1.69231996	749	0.388336 0.779784  0.519058
1.69736003	750	0.384505 0.771643  0.517861
1.70238399	748	0.382590 0.767813  0.513312
1.70740795	750	0.384984 0.770207  0.521931
1.71243200	750	0.385941 0.776911  0.520015
1.71746397	749	0.381153 0.770686  0.512833
1.72249994	748	0.387617 0.774756  0.518579
1.72755203	750	0.379238 0.774516  0.520015
1.73259201	749	0.384984 0.773080  0.519776
1.73762798	750	0.377562 0.782896  0.529113
1.74267601	750	0.381871 0.770686  0.521691
1.74771203	749	0.383547 0.768052  0.521452
1.75275192	749	0.375886 0.776192  0.519536
1.75777602	750	0.379477 0.777150  0.526719
1.76280403	749	0.380195 0.780023  0.532226
1.76782798	748	0.384265 0.775235  0.525522
1.77286396	749	0.384026 0.773319  0.518100
1.77787995	748	0.381153 0.774277  0.520494
1.78292798	748	0.380914 0.770446  0.520255
1.78796005	750	0.384505 0.778108  0.518339
1.79300794	748	0.384026 0.773559  0.525283
1.79806003	750	0.387617 0.770925  0.523607
1.80310401	748	0.381632 0.774038  0.530071
1.80814399	749	0.381632 0.772122  0.519536
1.81318397	750	0.384505 0.769728  0.526001
1.81821594	748	0.385702 0.774516  0.520015
1.82324008	750	0.381392 0.779784  0.522649
1.82826404	750	0.383787 0.776192  0.515945
1.83329591	750	0.378519 0.777868  0.523128
1.83833208	749	0.388575 0.768770  0.520973
1.84336395	748	0.380914 0.773798  0.513790
1.84838399	748	0.384265 0.769010  0.519536
1.85341205	749	0.384026 0.772601  0.524804
1.85844802	750	0.384984 0.779065  0.518100
1.86349201	750	0.379956 0.779305  0.512593
1.86853199	749	0.382111 0.771404  0.520494
1.87358398	749	0.378519 0.772122  0.519058
1.87863197	748	0.385702 0.767573  0.517142
1.88367605	748	0.390251 0.772840  0.513551
1.88870391	748	0.383068 0.774756  0.525283
1.89372806	750	0.386899 0.773080  0.518579
1.89875202	750	0.380435 0.770686  0.517142
1.90377197	750	0.386420 0.774995  0.532226
1.90880794	750	0.382590 0.783375  0.518579
1.91384801	750	0.380674 0.773319  0.517861
1.91887998	750	0.382590 0.777150  0.523846
1.92391595	750	0.383308 0.775713  0.512354
1.92895202	750	0.383787 0.778826  0.514030
1.93399200	749	0.381871 0.774756  0.515706
1.93901596	750	0.379717 0.775953  0.513072
1.94404802	749	0.383068 0.775713  0.521931
1.94907608	749	0.382829 0.772601  0.517142
1.95411205	750	0.378759 0.774995  0.514509
1.95913600	748	0.378759 0.773798  0.525522
1.96415605	749	0.385223 0.772601  0.524804
1.96919593	750	0.382111 0.776911  0.524325
1.97423601	750	0.379717 0.771164  0.519058
1.97927999	748	0.379956 0.767813  0.521212
1.98432397	750	0.385223 0.770925  0.520973
1.98937597	749	0.387857 0.773798  0.521212
1.99440803	750	0.380914 0.770686  0.517861
1.99944791	750	0.381392 0.774995  0.520015
2.00448799	749	0.383547 0.774995  0.522170
2.00951194	748	0.381153 0.781699  0.530789
2.01454401	750	0.381392 0.768291  0.518579
2.01957988	748	0.385223 0.775953  0.521691
2.02460789	750	0.381153 0.777868  0.514748
2.02964806	749	0.382350 0.776432  0.526958
2.03468799	751	0.384026 0.775235  0.521931
2.03972005	750	0.380435 0.774756  0.516663
2.04475998	750	0.379477 0.771643  0.523367
##inga 
#ido(sec)  szog(ADC)     ax(g)    ay(g)   az(g)
2.05034399	750	0.386181 0.776432  0.513072
2.05558395	748	0.383068 0.770686  0.521212
2.06080007	750	0.382111 0.775713  0.523367
2.06591200	748	0.376604 0.770446  0.521452
2.07091999	748	0.384984 0.779544  0.518339
2.07595205	747	0.379717 0.772362  0.528156
2.08099198	750	0.382829 0.775713  0.517142
2.08603191	749	0.382111 0.771643  0.527437
2.09106397	749	0.391687 0.772122  0.514030
2.09610390	749	0.378280 0.773080  0.526001
2.10112810	750	0.378519 0.777868  0.526240
2.10616397	750	0.381392 0.775713  0.519297
2.11120390	750	0.384744 0.772122  0.520973
2.11622810	750	0.378759 0.773798  0.519776
2.12124800	750	0.380435 0.780502  0.521931
2.12628388	750	0.381392 0.767334  0.530310
2.13130807	751	0.385223 0.775713  0.523607
2.13633608	748	0.389054 0.773319  0.526001
2.14136791	750	0.383547 0.778826  0.513790
2.14638400	750	0.385223 0.772362  0.522888
2.15142393	750	0.384265 0.773080  0.520494
2.15645599	750	0.384984 0.769728  0.510439
2.16150403	751	0.383547 0.780023  0.526958
2.16655993	750	0.383547 0.774756  0.522170
2.17159605	747	0.381153 0.773319  0.522649
2.17662000	748	0.383547 0.773080  0.514269
2.18163204	750	0.386181 0.777150  0.515706
2.18666410	748	0.387138 0.771643  0.524804
2.19169211	749	0.384265 0.777150  0.518579
2.19671607	750	0.378998 0.775713  0.520015
2.20174789	748	0.389293 0.771164  0.516903
2.20677590	750	0.384505 0.778108  0.521212
2.21180796	749	0.380914 0.778826  0.530071
2.21684789	750	0.387857 0.770207  0.517861
2.22189211	748	0.384505 0.773798  0.519776
2.22693610	750	0.387138 0.777868  0.515706
2.23197603	750	0.386660 0.774516  0.524325
2.23700809	749	0.384744 0.772601  0.517142
2.24203991	748	0.377083 0.768291  0.515706
2.24705600	748	0.386420 0.772122  0.515706
2.25207209	750	0.378998 0.774277  0.518579
2.25710391	748	0.385223 0.775235  0.527198
2.26214790	750	0.386181 0.774756  0.515945
2.26719594	750	0.379717 0.767094  0.526719
2.27223205	750	0.378041 0.776911  0.519297
2.27726411	750	0.378998 0.771404  0.515706
2.28232002	749	0.384984 0.772840  0.517382
2.28735995	750	0.380914 0.773319  0.515227
2.29239201	748	0.384505 0.774277  0.515466
2.29743194	750	0.379717 0.779305  0.514748
2.30245208	751	0.383068 0.776432  0.526719
2.30747199	749	0.384026 0.777868  0.514269
2.31250405	750	0.375886 0.778347  0.524804
2.31751990	749	0.386181 0.774038  0.530071
2.32256793	748	0.386899 0.774756  0.524325
2.32758808	748	0.378280 0.770925  0.517142
2.33262395	750	0.382829 0.779065  0.527198
2.33766388	748	0.382590 0.774038  0.516903
2.34270000	750	0.382350 0.772601  0.526719
2.34773588	748	0.385702 0.772122  0.517382
2.35276007	750	0.380435 0.767813  0.524804
2.35777592	750	0.390490 0.779305  0.520015
2.36278390	748	0.384505 0.775474  0.525043
2.36780810	748	0.383308 0.769010  0.520015
2.37282395	747	0.383308 0.771883  0.522888
2.37785196	747	0.384026 0.775713  0.526480
2.38286399	748	0.382111 0.773559  0.521931
2.38791990	748	0.387378 0.767334  0.520015
2.39295196	750	0.382590 0.778586  0.521452
2.39799189	748	0.377322 0.779305  0.516185
2.40303206	748	0.381632 0.770686  0.519776
2.40807199	750	0.383787 0.779784  0.511396
2.41310811	748	0.388096 0.770686  0.514030
2.41812801	749	0.388336 0.782417  0.520015
2.42316794	750	0.386660 0.773080  0.527677
2.42819190	750	0.380195 0.774277  0.521691
2.43320393	750	0.384265 0.776671  0.523367
2.43822789	749	0.380914 0.769010  0.524564
2.44326400	750	0.387857 0.768291  0.518818
2.44831991	748	0.384744 0.772601  0.519058
2.45335602	748	0.389293 0.776911  0.516424
2.45839190	748	0.384505 0.773080  0.523128
2.46341609	750	0.385941 0.775713  0.521931
2.46845602	750	0.382829 0.770686  0.516663
2.47348809	748	0.384744 0.775953  0.523367
2.47852396	750	0.386181 0.772362  0.520973
2.48356008	750	0.382590 0.772840  0.522888
2.48858404	750	0.384265 0.774995  0.526480
2.49360799	750	0.387617 0.772840  0.526719
2.49862408	750	0.382590 0.774756  0.525043
2.50366401	747	0.378998 0.776911  0.522409
2.50868797	750	0.377322 0.780262  0.528634
2.51374793	751	0.382590 0.775713  0.508523
2.51879191	749	0.386899 0.776192  0.522888
2.52382397	750	0.374689 0.775713  0.522409
2.52884411	750	0.380914 0.771883  0.512833
2.53386402	749	0.380195 0.776432  0.521691
2.53889608	750	0.381632 0.774516  0.520015
2.54392790	750	0.386420 0.771404  0.512833
2.54895210	750	0.386181 0.774756  0.524325
2.55398797	750	0.384984 0.774516  0.519776
##inga 
#ido(sec)  szog(ADC)     ax(g)    ay(g)   az(g)
2.55955600	748	0.386420 0.772122  0.518100
2.56478810	749	0.377801 0.769010  0.514269
2.57001209	750	0.378998 0.772601  0.515466
2.57513594	749	0.380674 0.770446  0.523846
2.58018398	750	0.382829 0.772122  0.526001
2.58521604	749	0.382590 0.771404  0.514988
2.59024405	750	0.384026 0.776911  0.524564
2.59527206	749	0.384984 0.778826  0.516903
2.60029602	749	0.382590 0.770925  0.517142
2.60531997	749	0.385463 0.770686  0.523846
2.61036801	749	0.382590 0.771404  0.521452
2.61538004	749	0.384265 0.780502  0.514988
2.62043190	749	0.383068 0.770925  0.524325
2.62546801	750	0.380435 0.772601  0.524085
2.63050794	749	0.381392 0.775474  0.516903
2.63556003	750	0.379238 0.772840  0.520015
2.64059996	748	0.383547 0.781699  0.521691
2.64563989	749	0.389772 0.777629  0.522170
2.65066409	748	0.385463 0.774277  0.516663
2.65569591	750	0.387138 0.774516  0.518339
2.66073608	748	0.380914 0.780262  0.523367
2.66574788	750	0.387378 0.776911  0.515227
2.67079210	750	0.382829 0.775713  0.516185
2.67582392	750	0.382590 0.773798  0.516903
2.68086004	751	0.381632 0.772840  0.516903
2.68590402	749	0.381632 0.769728  0.522649
2.69095993	749	0.384026 0.772122  0.520494
2.69600391	750	0.382829 0.770207  0.520973
2.70104789	749	0.384265 0.777629  0.522888
2.70608401	748	0.380674 0.772840  0.515466
2.71111989	750	0.382829 0.779544  0.526719
2.71615600	748	0.383787 0.775235  0.520015
2.72119188	749	0.385941 0.766137  0.526480
2.72621607	750	0.390012 0.771643  0.520255
2.73124003	749	0.386420 0.766616  0.521212
2.73626804	748	0.385463 0.775713  0.517621
2.74130392	750	0.384744 0.780502  0.521691
2.74635195	749	0.380195 0.775713  0.512593
2.75137591	750	0.381871 0.778347  0.523607
2.75643610	750	0.383547 0.768770  0.520255
2.76148009	750	0.382350 0.775953  0.528634
2.76651597	748	0.382350 0.770686  0.519776
2.77153992	749	0.380435 0.773559  0.521452
2.77656388	747	0.385702 0.772362  0.525522
2.78159999	750	0.386420 0.775953  0.518579
2.78662395	749	0.382111 0.771404  0.511396
2.79166388	749	0.383547 0.769489  0.526480
2.79669189	749	0.376365 0.771883  0.524325
2.80173606	750	0.382350 0.775713  0.518100
2.80676002	747	0.379956 0.772601  0.524804
2.81180000	749	0.379238 0.776671  0.523128
2.81683616	750	0.381153 0.774038  0.526480
2.82188014	750	0.380195 0.776911  0.527437
2.82692003	748	0.376844 0.777150  0.519776
2.83195209	748	0.381871 0.777868  0.514030
2.83697605	749	0.386660 0.772601  0.513551
2.84200401	750	0.383308 0.771404  0.526001
2.84703207	750	0.379956 0.771164  0.527437
2.85206394	748	0.385223 0.774756  0.508523
2.85710000	750	0.381153 0.779544  0.519058
2.86213989	748	0.386181 0.779305  0.520255
2.86719207	748	0.378998 0.774756  0.517861
2.87222404	748	0.384505 0.772362  0.512115
2.87726802	748	0.381632 0.780741  0.514269
2.88231992	750	0.384505 0.777150  0.519058
2.88734388	750	0.381153 0.774995  0.514269
2.89239196	748	0.383787 0.774277  0.520734
2.89742393	750	0.384984 0.775474  0.518100
2.90244007	748	0.382829 0.769249  0.524804
2.90746402	749	0.386899 0.772362  0.520494
2.91250801	748	0.384026 0.776432  0.527198
2.91754007	750	0.382350 0.778586  0.523128
2.92255992	750	0.382350 0.768531  0.518818
2.92759990	750	0.378519 0.772840  0.517621
2.93263196	748	0.381632 0.775713  0.517621
2.93766803	750	0.384265 0.773319  0.522888
2.94271993	748	0.381632 0.771404  0.521452
2.94777202	748	0.377801 0.774516  0.523367
2.95279998	749	0.381153 0.776671  0.516663
2.95783996	748	0.380195 0.777629  0.512354
2.96286392	749	0.383547 0.771404  0.518100
2.96787185	750	0.380674 0.769010  0.522170
2.97289199	750	0.379477 0.772362  0.521691
2.97792415	748	0.383787 0.777629  0.511396
2.98296813	750	0.382111 0.771164  0.519058
2.98801593	748	0.383787 0.775953  0.534380
2.99306392	748	0.385223 0.771643  0.520015
2.99810791	748	0.382590 0.773798  0.513551
3.00315189	748	0.382350 0.778108  0.521931
3.00820398	751	0.381871 0.775474  0.527437
3.01324009	748	0.379717 0.781459  0.528156
3.01828002	750	0.379717 0.774756  0.527677
3.02331995	751	0.384984 0.776192  0.514748
3.02835202	750	0.386181 0.774277  0.518818
3.03338408	748	0.382590 0.777150  0.521452
3.03840804	748	0.388575 0.770925  0.519776
3.04343605	750	0.384505 0.772840  0.516903
3.04846405	748	0.382829 0.772840  0.523607
3.05351209	749	0.377562 0.776192  0.528634
3.05855202	750	0.380435 0.775235  0.514748
3.06359195	749	0.377322 0.775474  0.519776
##inga 
#ido(sec)  szog(ADC)     ax(g)    ay(g)   az(g)
3.06918811	750	0.384505 0.776671  0.523607
3.07442808	748	0.381871 0.778108  0.518818
3.07963991	750	0.381632 0.772840  0.523607
3.08475589	750	0.381153 0.768291  0.509960
3.08978009	748	0.382829 0.770686  0.523607
3.09479999	748	0.378519 0.765419  0.517142
3.09983992	748	0.385702 0.774516  0.517621
3.10485196	749	0.384026 0.775953  0.517621
3.10989594	750	0.380914 0.777868  0.512833
3.11493611	750	0.385702 0.773798  0.517621
3.11997604	749	0.384984 0.776192  0.511157
3.12500810	750	0.379477 0.774995  0.525522
3.13004803	750	0.383787 0.780262  0.514988
3.13508796	750	0.383308 0.773798  0.520015
3.14011192	751	0.382111 0.771164  0.516424
3.14514398	750	0.383547 0.773319  0.523128
3.15017604	750	0.384026 0.771883  0.516424
3.15520000	750	0.381871 0.770446  0.520973
3.16023993	748	0.383068 0.773798  0.521931
3.16526389	750	0.383787 0.775713  0.527198
3.17030405	748	0.386899 0.772122  0.514509
3.17534399	749	0.379956 0.774756  0.517861
3.18038392	751	0.384744 0.780023  0.526001
3.18542408	748	0.383547 0.778347  0.522409
3.19046401	749	0.389533 0.774516  0.522888
3.19548392	748	0.382111 0.772122  0.517142
3.20052003	750	0.384744 0.776671  0.525043
3.20554399	750	0.385702 0.780502  0.527437
3.21056795	748	0.380914 0.780502  0.524564
3.21560001	748	0.379238 0.773319  0.525522
3.22063994	750	0.382350 0.776432  0.517621
3.22566390	747	0.376365 0.772122  0.516903
3.23071193	750	0.384026 0.772840  0.522649
3.23574399	749	0.384984 0.769010  0.520973
3.24077200	748	0.378998 0.773559  0.518579
3.24581599	749	0.382829 0.771883  0.517382
3.25086402	750	0.384984 0.776911  0.521931
3.25589609	749	0.381392 0.776671  0.525043
3.26092791	748	0.381392 0.771883  0.521931
3.26596808	749	0.382829 0.775235  0.514748
3.27099204	748	0.384505 0.771883  0.528395
3.27600789	749	0.377083 0.774995  0.525283
3.28102803	749	0.385463 0.774995  0.514030
3.28606796	749	0.382111 0.773559  0.526001
3.29111194	748	0.383547 0.781220  0.516663
3.29614400	748	0.385702 0.771643  0.517142
3.30118799	750	0.385223 0.776432  0.520015
3.30622410	749	0.383547 0.769967  0.520973
3.31125593	749	0.384026 0.775713  0.521931
3.31628394	749	0.380435 0.770925  0.515706
3.32129597	750	0.376604 0.772362  0.531268
3.32631993	748	0.383068 0.776671  0.515466
3.33134388	749	0.383787 0.772601  0.520973
3.33637595	748	0.379238 0.767573  0.521691
3.34139990	748	0.382590 0.774995  0.510917
3.34644007	749	0.380435 0.775474  0.527677
3.35148000	748	0.386181 0.771164  0.520973
3.35651588	750	0.381392 0.774995  0.523367
3.36156797	748	0.378519 0.770207  0.522409
3.36660408	749	0.381153 0.773798  0.513312
3.37164807	749	0.378759 0.775713  0.518818
3.37667989	749	0.383068 0.775953  0.520973
3.38170409	749	0.381632 0.780262  0.521691
3.38672804	749	0.385702 0.776192  0.520734
3.39175200	748	0.385223 0.768770  0.520015
3.39677596	750	0.378280 0.772122  0.519776
3.40179991	751	0.384984 0.769967  0.516185
3.40684008	750	0.380674 0.771643  0.521452
3.41187191	749	0.380195 0.772362  0.520015
3.41690802	749	0.387138 0.774756  0.521931
3.42196011	748	0.377801 0.774277  0.517861
3.42699193	750	0.378280 0.773080  0.516903
3.43201994	749	0.390012 0.772601  0.514269
3.43704390	750	0.382829 0.774995  0.523367
3.44206809	749	0.374689 0.775713  0.522409
3.44709992	749	0.381392 0.774516  0.526719
3.45212793	747	0.383787 0.775953  0.512354
3.45715594	750	0.380914 0.777868  0.510917
3.46218800	749	0.384265 0.771883  0.518100
3.46723604	749	0.384265 0.775235  0.529831
3.47227191	748	0.384026 0.771404  0.526480
3.47731590	750	0.383787 0.780023  0.517621
3.48235201	749	0.380195 0.779544  0.515466
3.48738408	750	0.383787 0.778347  0.525043
3.49240803	751	0.383308 0.771404  0.527916
3.49743604	748	0.376365 0.768052  0.523607
3.50247192	748	0.390251 0.770686  0.518579
3.50750398	748	0.384265 0.774756  0.520494
3.51254391	748	0.383068 0.774516  0.509960
3.51756405	747	0.380674 0.769489  0.523367
3.52259588	749	0.382350 0.771883  0.528156
3.52763199	750	0.382829 0.776911  0.524564
3.53266406	751	0.380435 0.773319  0.518579
3.53770399	749	0.377322 0.777629  0.515706
3.54275202	750	0.387617 0.777868  0.518339
3.54779195	748	0.385223 0.777150  0.520973
3.55282807	748	0.384744 0.775953  0.521212
3.55785202	750	0.379238 0.779305  0.518100
3.56286406	750	0.382829 0.775474  0.516424
3.56789588	750	0.390490 0.771883  0.524325
3.57292008	748	0.389054 0.774277  0.517621
##inga 
#ido(sec)  szog(ADC)     ax(g)    ay(g)   az(g)
3.57848000	749	0.379717 0.774277  0.534141
3.58370804	749	0.380435 0.774038  0.522649
3.58893609	750	0.384026 0.771883  0.515466
3.59407591	750	0.382590 0.772122  0.522649
3.59912800	748	0.385223 0.775953  0.524325
3.60417199	749	0.379956 0.773080  0.528395
3.60920000	749	0.385223 0.778347  0.519536
3.61421990	750	0.375646 0.776192  0.517142
3.61926007	750	0.385223 0.770686  0.526958
3.62428402	750	0.380914 0.771883  0.519776
3.62931203	750	0.380674 0.772840  0.523607
3.63434410	748	0.381632 0.776671  0.520973
3.63937592	749	0.380914 0.768291  0.516424
3.64440798	750	0.379956 0.776192  0.515227
3.64943599	750	0.387617 0.775235  0.520494
3.65448808	749	0.386899 0.774277  0.525761
3.65953588	748	0.382111 0.772122  0.522888
3.66457605	750	0.382111 0.771404  0.525522
3.66961193	749	0.383787 0.773798  0.519297
3.67463588	748	0.386181 0.766137  0.522888
3.67967605	750	0.382111 0.776911  0.531507
3.68471193	751	0.379717 0.773319  0.519297
3.68974399	748	0.381632 0.769010  0.528634
3.69476795	751	0.383787 0.774995  0.517382
3.69979190	748	0.384505 0.775953  0.517382
3.70482397	748	0.386181 0.778586  0.514509
3.70987200	750	0.377562 0.780023  0.516903
3.71491193	749	0.385223 0.770446  0.516663
3.71995997	748	0.386899 0.779784  0.523846
3.72499990	750	0.377562 0.767813  0.518339
3.73003196	750	0.383068 0.773798  0.524085
3.73504805	750	0.383787 0.769728  0.519058
3.74008393	748	0.383308 0.772122  0.520973
3.74510788	747	0.383787 0.775713  0.510199
3.75013995	749	0.382111 0.778347  0.516903
3.75518393	748	0.381153 0.776911  0.528156
3.76021599	750	0.378759 0.776671  0.528156
3.76525592	750	0.383547 0.775713  0.518579
3.77029609	750	0.384505 0.770686  0.517142
3.77533602	750	0.388336 0.767334  0.518579
3.78038406	748	0.380914 0.772840  0.525522
3.78542399	751	0.379956 0.780262  0.512354
3.79046010	751	0.385702 0.773798  0.520734
3.79548406	750	0.382111 0.769967  0.525043
3.80050802	749	0.385941 0.776432  0.517861
3.80553197	749	0.386420 0.776911  0.520734
3.81055593	750	0.387617 0.774277  0.529592
3.81559991	750	0.378280 0.774277  0.520734
3.82063198	748	0.374449 0.772601  0.519297
3.82567996	749	0.382829 0.780981  0.522409
3.83071994	750	0.379238 0.773080  0.521931
3.83575201	750	0.384505 0.774277  0.525761
3.84078006	750	0.384026 0.772362  0.520973
3.84581584	750	0.375886 0.769010  0.521691
3.85085601	750	0.384984 0.772362  0.519297
3.85588788	751	0.390730 0.773559  0.524564
3.86091213	750	0.384744 0.771404  0.521931
3.86594791	748	0.383308 0.771404  0.520255
3.87097187	750	0.380674 0.769010  0.518100
3.87599992	750	0.381153 0.778586  0.518100
3.88102798	748	0.382590 0.773559  0.523607
3.88607196	750	0.390012 0.775235  0.520015
3.89110393	749	0.386660 0.778108  0.525043
3.89615201	750	0.386899 0.769010  0.520494
3.90118408	749	0.379717 0.776432  0.516663
3.90623207	750	0.376365 0.772122  0.517382
3.91127204	748	0.380435 0.778347  0.520255
3.91629600	750	0.384744 0.774038  0.528634
3.92131996	749	0.382111 0.773319  0.530310
3.92634391	749	0.386660 0.772122  0.528395
3.93136806	751	0.384026 0.769489  0.515945
3.93640403	750	0.379956 0.774277  0.517142
3.94142799	750	0.389533 0.777150  0.515227
3.94646406	750	0.379717 0.770686  0.518339
3.95150394	749	0.389054 0.776911  0.516185
3.95653610	750	0.383068 0.775953  0.524804
3.96158008	749	0.386181 0.776671  0.511157
3.96662406	748	0.385941 0.779065  0.522409
3.97165603	749	0.382350 0.778347  0.526480
3.97667999	751	0.379956 0.770446  0.514509
3.98170394	747	0.374928 0.776432  0.516903
3.98673610	750	0.385702 0.774995  0.520015
3.99176788	749	0.381632 0.775235  0.522409
3.99680805	748	0.386420 0.776911  0.523128
4.00184392	748	0.383308 0.772362  0.517142
4.00687217	750	0.378280 0.772601  0.517382
4.01190376	750	0.379717 0.768052  0.523846
4.01694011	750	0.387378 0.772840  0.522888
4.02199220	750	0.391448 0.771164  0.521931
4.02702379	750	0.383787 0.768770  0.523607
4.03204822	750	0.380914 0.770207  0.520255
4.03707218	750	0.379717 0.776192  0.520494
4.04209613	750	0.383068 0.774995  0.528156
4.04712009	750	0.384265 0.772840  0.516185
4.05215597	748	0.384984 0.774516  0.516663
4.05718421	750	0.376844 0.776671  0.527198
4.06223583	749	0.379477 0.770686  0.519058
4.06727981	748	0.389054 0.772840  0.523607
4.07231998	750	0.380195 0.770207  0.527437
4.07734394	750	0.383308 0.777150  0.518579
4.08237981	747	0.383787 0.771643  0.526480
##inga 
#ido(sec)  szog(ADC)     ax(g)    ay(g)   az(g)
4.08794784	747	0.379956 0.770925  0.524564
4.09318017	749	0.381392 0.769967  0.515227
4.09841203	750	0.378519 0.774516  0.520255
4.10353612	749	0.378759 0.778347  0.520734
4.10856819	750	0.383547 0.774756  0.514988
4.11361217	749	0.382590 0.778826  0.521931
4.11864423	749	0.378998 0.774995  0.518339
4.12367582	748	0.387378 0.777629  0.524325
4.12871980	750	0.382829 0.776911  0.510917
4.13375997	750	0.381632 0.766376  0.522888
4.13880777	750	0.384744 0.773080  0.516903
4.14384794	748	0.379238 0.771164  0.522888
4.14887189	749	0.379238 0.774995  0.516663
4.15390777	751	0.383308 0.773798  0.513551
4.15893602	750	0.386181 0.771164  0.515945
4.16396808	748	0.386899 0.777150  0.519776
4.16899204	748	0.383547 0.772122  0.518100
4.17401981	749	0.376125 0.770925  0.524564
4.17907190	748	0.384984 0.779544  0.521931
4.18410778	748	0.379238 0.773798  0.517621
4.18915176	748	0.382111 0.774277  0.529831
4.19418382	750	0.384265 0.775474  0.518579
4.19924402	750	0.386660 0.777150  0.517142
4.20427179	750	0.381153 0.766616  0.512593
4.20931577	751	0.383787 0.770446  0.518339
4.21435213	750	0.382350 0.780262  0.528156
4.21938419	748	0.382829 0.771883  0.524325
4.22440814	749	0.379238 0.771404  0.517861
4.22944021	748	0.386181 0.776192  0.512833
4.23447990	750	0.381392 0.776432  0.525283
4.23951578	750	0.384505 0.768052  0.523367
4.24453592	750	0.382111 0.770446  0.533183
4.24957180	748	0.380435 0.774995  0.524804
4.25462007	750	0.381871 0.774995  0.519058
4.25965976	749	0.381153 0.771643  0.515706
4.26470422	747	0.384505 0.774277  0.520973
4.26972818	749	0.384744 0.775713  0.521931
4.27475976	748	0.384265 0.774277  0.524564
4.27979183	748	0.383068 0.779065  0.519536
4.28480815	748	0.377801 0.768291  0.526719
4.28983211	749	0.384744 0.772840  0.515706
4.29485607	750	0.388575 0.775713  0.520734
4.29989194	749	0.385463 0.771164  0.526480
4.30492401	750	0.392166 0.774038  0.521212
4.30996799	750	0.381632 0.773319  0.520734
4.31500816	748	0.381632 0.779544  0.519058
4.32006788	750	0.380914 0.774516  0.517142
4.32510805	749	0.378998 0.769728  0.515227
4.33014822	750	0.383068 0.772840  0.514988
4.33517217	750	0.383787 0.769728  0.512833
4.34020805	750	0.379238 0.778826  0.525522
4.34524011	749	0.383787 0.766616  0.514030
4.35027217	749	0.384505 0.774516  0.519776
4.35529613	750	0.382350 0.772840  0.525761
4.36032009	751	0.383068 0.770925  0.523607
4.36535596	750	0.381632 0.773080  0.516185
4.37039184	750	0.377083 0.774516  0.524564
4.37542390	748	0.384265 0.774995  0.520973
4.38047981	748	0.386181 0.775953  0.517861
4.38554000	750	0.381871 0.774756  0.516185
4.39058017	748	0.380435 0.773319  0.525043
4.39559984	750	0.379717 0.772122  0.515466
4.40064001	750	0.383308 0.780502  0.522649
4.40566396	750	0.386899 0.774038  0.521691
4.41068792	750	0.384265 0.770925  0.521931
4.41571998	750	0.388814 0.770686  0.520494
4.42076396	748	0.373971 0.777868  0.518579
4.42579603	748	0.380674 0.778347  0.515706
4.43084383	750	0.383787 0.776432  0.526958
4.43588399	750	0.378280 0.772601  0.515945
4.44092798	751	0.378998 0.767334  0.521931
4.44596815	750	0.382829 0.774277  0.525522
4.45101594	750	0.383308 0.773559  0.513790
4.45604801	750	0.385941 0.778108  0.525761
4.46108388	750	0.382590 0.768291  0.524325
4.46611213	749	0.380914 0.770925  0.519536
4.47113180	747	0.391927 0.776192  0.518339
4.47616004	748	0.378759 0.778826  0.524085
4.48119211	750	0.384505 0.769728  0.524325
4.48621988	748	0.384505 0.774277  0.515706
4.49126005	748	0.376844 0.771643  0.530071
4.49629592	749	0.383547 0.769249  0.519058
4.50134420	748	0.380914 0.770925  0.512354
4.50637197	749	0.382590 0.773319  0.508523
4.51139593	749	0.382829 0.774516  0.517621
4.51643180	749	0.376125 0.775713  0.517142
4.52145576	748	0.383547 0.776192  0.509960
4.52648019	750	0.383547 0.772362  0.531986
4.53151178	748	0.384505 0.775235  0.514269
4.53653621	748	0.382829 0.772601  0.517621
4.54156780	749	0.379238 0.778108  0.520015
4.54660415	748	0.389533 0.764940  0.518100
4.55164813	748	0.382829 0.774756  0.522888
4.55668020	748	0.382350 0.774038  0.523846
4.56173181	750	0.383068 0.776671  0.523367
4.56676816	748	0.390969 0.775235  0.514509
4.57179212	748	0.380435 0.776671  0.524085
4.57680797	750	0.385941 0.772840  0.520734
4.58183193	750	0.383547 0.774756  0.518579
4.58685588	750	0.387857 0.772122  0.521931
4.59189605	748	0.378759 0.771883  0.516185
##inga 
#ido(sec)  szog(ADC)     ax(g)    ay(g)   az(g)
4.59746408	749	0.391448 0.776432  0.523846
4.60270404	751	0.381153 0.773798  0.525522
4.60792398	750	0.383787 0.769010  0.526001
4.61305618	750	0.387378 0.769728  0.517142
4.61810398	750	0.384265 0.769728  0.522888
4.62315988	749	0.376844 0.769489  0.515945
4.62820816	750	0.380195 0.773080  0.519058
4.63323211	750	0.382590 0.776671  0.521452
4.63826417	750	0.383547 0.770446  0.520255
4.64328002	750	0.385702 0.769010  0.506129
4.64828777	749	0.380435 0.777868  0.514748
4.65331983	748	0.378998 0.777389  0.518818
4.65834379	749	0.386420 0.768770  0.522649
4.66336822	748	0.385941 0.772840  0.516185
4.66839981	750	0.389293 0.780502  0.521691
4.67345190	748	0.384744 0.776192  0.517861
4.67849206	750	0.382111 0.772122  0.523846
4.68354415	748	0.385702 0.775235  0.526719
4.68857622	750	0.384984 0.776192  0.521691
4.69360017	750	0.386660 0.769249  0.524564
4.69861602	750	0.385463 0.774277  0.523607
4.70364809	749	0.380195 0.773080  0.520973
4.70866394	748	0.383547 0.773319  0.523607
4.71368789	750	0.385941 0.770207  0.511636
4.71872377	750	0.378998 0.772122  0.522888
4.72376012	749	0.379477 0.772362  0.522888
4.72879981	748	0.376844 0.772601  0.526719
4.73383998	749	0.381153 0.776192  0.515466
4.73888397	750	0.382350 0.770925  0.519058
4.74393177	750	0.382590 0.772601  0.515227
4.74897193	750	0.385463 0.773319  0.535099
4.75402021	748	0.383308 0.775713  0.514509
4.75904417	749	0.381871 0.771164  0.521452
4.76408004	748	0.383787 0.771883  0.524804
4.76912021	747	0.381632 0.780741  0.530310
4.77414417	747	0.377801 0.778586  0.518579
4.77917623	750	0.385702 0.775235  0.520973
4.78420019	750	0.388096 0.781459  0.514509
4.78923177	750	0.381153 0.776911  0.521452
4.79426383	750	0.379238 0.768770  0.519776
4.79930400	748	0.384984 0.774756  0.520734
4.80434417	750	0.381153 0.770925  0.516424
4.80938386	750	0.382111 0.777389  0.524804
4.81442403	749	0.378280 0.775713  0.521931
4.81945610	750	0.382111 0.773798  0.516663
4.82447576	750	0.385223 0.776911  0.520734
4.82951211	750	0.383547 0.777868  0.526958
4.83453607	750	0.378759 0.775235  0.525522
4.83956384	750	0.378998 0.771404  0.528634
4.84460020	749	0.382111 0.771164  0.516424
4.84963607	750	0.378280 0.769967  0.517142
4.85467195	750	0.381153 0.773798  0.520015
4.85972404	749	0.380195 0.770925  0.508523
4.86476802	750	0.381871 0.776671  0.514269
4.86982011	748	0.384744 0.772840  0.512354
4.87485599	749	0.381153 0.766616  0.519297
4.87989997	748	0.387138 0.773559  0.517621
4.88492822	749	0.388814 0.776432  0.522888
4.88995981	749	0.388336 0.772840  0.520734
4.89498376	749	0.384265 0.771164  0.521691
4.90002393	748	0.388096 0.773319  0.518818
4.90506410	747	0.383308 0.777150  0.517142
4.91009616	749	0.381153 0.772840  0.518818
4.91514778	748	0.386420 0.768531  0.522888
4.92017602	750	0.384026 0.766616  0.521452
4.92521190	750	0.376125 0.770686  0.527198
4.93025588	750	0.381632 0.775474  0.522170
4.93529605	749	0.385702 0.772362  0.518579
4.94032382	750	0.386660 0.768052  0.525522
4.94534397	748	0.384505 0.771643  0.516903
4.95036411	750	0.382829 0.774277  0.526480
4.95539188	749	0.381632 0.777389  0.525283
4.96043205	749	0.385941 0.773319  0.522649
4.96546411	749	0.387138 0.771164  0.520015
4.97049617	748	0.384505 0.773080  0.523367
4.97552013	749	0.382829 0.773319  0.527916
4.98055601	748	0.380914 0.779065  0.518579
4.98559999	750	0.385941 0.772601  0.520973
4.99065208	749	0.388336 0.776432  0.525043
4.99568796	750	0.388575 0.775953  0.520015
5.00073194	748	0.380674 0.774756  0.517382
5.00576019	750	0.380914 0.778586  0.519536
5.01078414	749	0.384984 0.771404  0.518339
5.01580381	749	0.382590 0.772840  0.528634
5.02082777	750	0.384744 0.771164  0.523128
5.02585601	748	0.389054 0.781938  0.522888
5.03089618	750	0.379717 0.770207  0.521452
5.03593206	751	0.381632 0.771404  0.526001
5.04097223	747	0.389054 0.772122  0.519297
5.04602003	749	0.381392 0.773798  0.523607
5.05106401	748	0.384505 0.773319  0.522409
5.05608415	750	0.384505 0.771883  0.518339
5.06110382	749	0.386420 0.771643  0.519536
5.06612777	750	0.379717 0.774756  0.529592
5.07115602	749	0.380435 0.774277  0.521931
5.07617998	750	0.388096 0.775953  0.515945
5.08121204	750	0.382590 0.773080  0.526240
5.08622407	749	0.381632 0.776432  0.522888
5.09126377	748	0.386181 0.770925  0.515227
5.09631204	749	0.380195 0.772122  0.522649
5.10136413	749	0.378280 0.771883  0.516185
##inga 
#ido(sec)  szog(ADC)     ax(g)    ay(g)   az(g)
5.10694789	749	0.383547 0.776432  0.526240
5.11218404	748	0.382350 0.769967  0.522888
5.11740398	750	0.382590 0.768291  0.520494
5.12252807	748	0.381153 0.764700  0.520973
5.12755203	750	0.383308 0.771164  0.525761
5.13257598	748	0.383068 0.775235  0.514269
5.13759994	749	0.382111 0.770446  0.522170
5.14264011	750	0.384984 0.774516  0.517621
5.14765596	749	0.386420 0.772362  0.515945
5.15269994	748	0.386660 0.774038  0.522649
5.15773582	749	0.385702 0.774277  0.520973
5.16277599	750	0.381632 0.780502  0.521931
5.16783189	748	0.387857 0.770925  0.514988
5.17286777	750	0.379956 0.772601  0.520494
5.17788410	749	0.382111 0.772840  0.531029
5.18290376	750	0.381632 0.774277  0.521691
5.18794393	749	0.375168 0.777389  0.520015
5.19298410	748	0.385223 0.770446  0.518339
5.19800806	750	0.383787 0.779544  0.519058
5.20304822	749	0.382350 0.771883  0.510439
5.20807218	748	0.383787 0.770686  0.520015
5.21310377	748	0.380674 0.774516  0.515706
5.21814012	749	0.381392 0.774277  0.521212
5.22319221	749	0.382829 0.766137  0.524325
5.22824811	748	0.378280 0.771643  0.519776
5.23327207	750	0.373252 0.769967  0.522888
5.23831176	750	0.382350 0.775235  0.523367
5.24334001	748	0.388336 0.771643  0.511875
5.24837589	750	0.383787 0.777629  0.529113
5.25341606	748	0.381871 0.767334  0.514269
5.25846004	748	0.382350 0.773080  0.522649
5.26348781	750	0.378998 0.773798  0.523367
5.26851606	750	0.383068 0.780023  0.526480
5.27354383	749	0.385941 0.772840  0.514509
5.27858400	748	0.387378 0.769010  0.528395
5.28363990	749	0.389293 0.772601  0.518100
5.28867197	750	0.384505 0.776671  0.522888
5.29369592	750	0.386899 0.773798  0.522888
5.29873180	750	0.385463 0.770686  0.522888
5.30376815	748	0.387138 0.769489  0.512115
5.30880022	748	0.376844 0.775713  0.528874
5.31383180	749	0.381153 0.776671  0.518100
5.31885576	749	0.379717 0.769728  0.513312
5.32388401	748	0.383308 0.767573  0.517382
5.32891607	750	0.386181 0.775953  0.518100
5.33396005	750	0.384026 0.774277  0.519297
5.33900022	749	0.373971 0.776671  0.520734
5.34404802	750	0.380435 0.772362  0.524804
5.34908819	750	0.374928 0.775713  0.517142
5.35412788	750	0.380195 0.769489  0.516424
5.35915184	750	0.389772 0.775713  0.519536
5.36418008	748	0.382111 0.777868  0.515945
5.36920404	748	0.384265 0.767334  0.515945
5.37422800	748	0.384744 0.771883  0.518818
5.37926006	748	0.383068 0.772122  0.522409
5.38427591	750	0.377083 0.774038  0.519058
5.38931179	749	0.384505 0.777868  0.513790
5.39434385	751	0.387138 0.774516  0.520255
5.39938020	749	0.382111 0.771643  0.519536
5.40441989	750	0.382590 0.774516  0.530789
5.40945577	748	0.391448 0.770686  0.525522
5.41449594	749	0.385702 0.781459  0.517861
5.41953182	749	0.384026 0.767094  0.520494
5.42455577	748	0.383547 0.778108  0.517621
5.42958402	750	0.380435 0.778108  0.519776
5.43461990	750	0.381871 0.770207  0.516663
5.43965196	749	0.382590 0.775474  0.522170
5.44467210	748	0.386899 0.772362  0.515466
5.44970798	750	0.381153 0.779065  0.523367
5.45474386	748	0.386899 0.775953  0.515706
5.45978784	749	0.381871 0.774516  0.524085
5.46482419	749	0.385702 0.776671  0.522409
5.46984815	748	0.381871 0.773319  0.517861
5.47488403	749	0.380674 0.779065  0.510439
5.47990417	750	0.378998 0.773559  0.510678
5.48492813	748	0.384026 0.774038  0.524325
5.48994398	749	0.378519 0.771883  0.521691
5.49497604	747	0.381392 0.771404  0.523128
5.50000810	750	0.378998 0.772122  0.525761
5.50502777	750	0.381632 0.772601  0.527198
5.51007986	749	0.389293 0.771643  0.516185
5.51510381	749	0.384744 0.770686  0.521931
5.52014398	750	0.386420 0.772601  0.515466
5.52518796	750	0.381871 0.774277  0.520255
5.53020811	750	0.388096 0.772122  0.527437
5.53524017	749	0.384744 0.772601  0.525761
5.54027223	749	0.380195 0.773319  0.520015
5.54530811	749	0.387617 0.776671  0.520255
5.55034780	750	0.380914 0.772601  0.525043
5.55537223	750	0.378998 0.773798  0.521452
5.56039619	750	0.385223 0.777629  0.512833
5.56543588	749	0.383068 0.776432  0.525761
5.57045984	750	0.381871 0.772122  0.522888
5.57550811	750	0.383308 0.772601  0.519297
5.58054780	750	0.385702 0.776192  0.521212
5.58557176	748	0.385702 0.773798  0.523367
5.59060811	750	0.382350 0.778347  0.515945
5.59562778	749	0.383068 0.774038  0.523607
5.60065221	750	0.384744 0.774516  0.514748
5.60567998	748	0.392406 0.771164  0.514988
5.61070394	751	0.380435 0.776432  0.513790
##inga 
#ido(sec)  szog(ADC)     ax(g)    ay(g)   az(g)
5.61625623	750	0.388096 0.768291  0.524804
5.62149620	748	0.378280 0.778347  0.520973
5.62672376	750	0.385702 0.777389  0.516903
5.63187980	750	0.387378 0.771643  0.523367
5.63691616	748	0.382829 0.776432  0.525522
5.64195585	748	0.382829 0.770446  0.517621
5.64699983	750	0.390012 0.777150  0.516663
5.65202379	750	0.385702 0.778826  0.526958
5.65705585	749	0.384265 0.776192  0.522409
5.66207981	749	0.384505 0.774038  0.519058
5.66709613	749	0.382829 0.781699  0.524804
5.67212820	749	0.386899 0.773319  0.523607
5.67714405	749	0.382829 0.779305  0.520973
5.68219614	749	0.384505 0.774995  0.521452
5.68723201	750	0.382111 0.772601  0.526958
5.69228792	749	0.384744 0.775953  0.527677
5.69733619	750	0.387138 0.772840  0.523367
5.70237588	749	0.380195 0.775713  0.524325
5.70739984	750	0.385702 0.771883  0.527677
5.71242380	750	0.383068 0.771164  0.523607
5.71744012	750	0.377562 0.776671  0.520973
5.72247219	748	0.384265 0.771164  0.521452
5.72750377	750	0.381632 0.773080  0.520015
5.73254394	748	0.380914 0.771883  0.514030
5.73755598	750	0.386660 0.771643  0.521691
5.74258422	750	0.384505 0.775713  0.516185
5.74761199	750	0.389293 0.775474  0.523846
5.75265979	750	0.384984 0.774516  0.518100
5.75769996	749	0.381392 0.773319  0.520255
5.76272821	748	0.382829 0.777389  0.519297
5.76775979	747	0.383547 0.776432  0.519297
5.77278804	750	0.388096 0.767573  0.529831
5.77781581	748	0.377801 0.775235  0.525522
5.78283596	748	0.381632 0.774038  0.522170
5.78787183	748	0.386181 0.770207  0.520255
5.79291582	748	0.384984 0.776911  0.513790
5.79793977	749	0.387138 0.775235  0.520494
5.80298423	750	0.382590 0.769010  0.512115
5.80801582	748	0.384984 0.776192  0.516185
5.81305980	748	0.380914 0.768291  0.521931
5.81809616	748	0.375646 0.773319  0.526001
5.82313585	750	0.388096 0.780262  0.516424
5.82815217	750	0.383308 0.769010  0.512354
5.83316802	748	0.382350 0.776671  0.520255
5.83819198	749	0.386181 0.773319  0.527198
5.84323215	749	0.383547 0.775235  0.517621
5.84826421	750	0.383068 0.770925  0.524085
5.85329198	750	0.384505 0.775474  0.526001
5.85832786	748	0.380674 0.777150  0.522170
5.86335992	750	0.385702 0.775713  0.511636
5.86838388	748	0.383787 0.772122  0.524085
5.87342405	750	0.384265 0.774516  0.528395
5.87846422	749	0.379238 0.774277  0.526001
5.88350009	749	0.384026 0.773319  0.521452
5.88852405	750	0.381871 0.771883  0.521452
5.89356422	750	0.382350 0.776192  0.514748
5.89858818	748	0.387138 0.777389  0.519058
5.90362405	750	0.383547 0.777868  0.515466
5.90864801	749	0.381632 0.773319  0.518339
5.91368007	749	0.381392 0.768052  0.514988
5.91871595	750	0.386181 0.771164  0.517621
5.92375183	750	0.380195 0.775235  0.521691
5.92878007	750	0.387617 0.775235  0.526240
5.93381595	750	0.375407 0.778108  0.516663
5.93884801	750	0.385702 0.778347  0.524325
5.94388818	750	0.389054 0.774756  0.519297
5.94891214	749	0.380195 0.779305  0.516185
5.95393180	749	0.379956 0.768291  0.524804
5.95896005	750	0.379956 0.776432  0.517382
5.96399211	750	0.385702 0.773080  0.526480
5.96901607	750	0.374449 0.769489  0.510199
5.97405576	750	0.386181 0.771643  0.526958
5.97910404	750	0.384744 0.774756  0.515706
5.98414421	750	0.383787 0.777868  0.523607
5.98920392	750	0.386899 0.773080  0.518339
5.99424409	750	0.380674 0.773319  0.517621
5.99927997	750	0.381153 0.774516  0.527916
6.00432014	750	0.387378 0.776432  0.525522
6.00935983	750	0.392885 0.773798  0.511396
6.01439619	751	0.377801 0.774995  0.514269
6.01942396	749	0.387138 0.771883  0.519536
6.02445602	747	0.386420 0.772840  0.526240
6.02946805	747	0.382829 0.768291  0.518818
6.03449583	748	0.382829 0.778347  0.512833
6.03953599	749	0.386181 0.773798  0.522888
6.04458379	748	0.379717 0.778108  0.515227
6.04962778	749	0.386660 0.772362  0.523846
6.05466413	750	0.384505 0.776432  0.520255
6.05968809	750	0.379477 0.775474  0.527437
6.06472396	750	0.387857 0.775713  0.524325
6.06975984	748	0.382829 0.772362  0.514748
6.07478380	750	0.381632 0.771164  0.527198
6.07981586	748	0.382111 0.775474  0.518339
6.08484792	748	0.384265 0.775235  0.521452
6.08987617	750	0.381632 0.772840  0.517142
6.09490823	749	0.389772 0.775474  0.516903
6.09995985	748	0.385941 0.775953  0.522888
6.10500812	750	0.383068 0.772362  0.523846
6.11004781	750	0.388096 0.767334  0.519058
6.11508798	749	0.386660 0.778108  0.521212
6.12012004	748	0.376844 0.774516  0.525283
##inga 
#ido(sec)  szog(ADC)     ax(g)    ay(g)   az(g)
6.12569999	749	0.387378 0.778826  0.523128
6.13094806	750	0.384026 0.774277  0.524804
6.13615608	750	0.387138 0.773080  0.517861
6.14128780	749	0.386660 0.780262  0.518100
6.14630413	750	0.386181 0.774516  0.533183
6.15133619	750	0.384984 0.774756  0.518339
6.15636014	749	0.386181 0.776432  0.521452
6.16139984	747	0.382111 0.776192  0.514988
6.16644001	749	0.387138 0.773080  0.526719
6.17147588	748	0.382829 0.778347  0.520015
6.17652797	748	0.384744 0.773319  0.517621
6.18156385	750	0.383547 0.771883  0.529113
6.18660020	750	0.380435 0.774516  0.517621
6.19163179	748	0.383787 0.776192  0.526480
6.19665622	750	0.386660 0.777389  0.517382
6.20168018	750	0.379238 0.774038  0.520973
6.20671606	749	0.381392 0.776432  0.516663
6.21174812	750	0.389054 0.769967  0.525761
6.21676778	749	0.387138 0.774756  0.519536
6.22180795	750	0.386420 0.770446  0.518579
6.22684812	749	0.381871 0.772362  0.521212
6.23188400	750	0.388096 0.771883  0.515466
6.23690414	748	0.383068 0.775953  0.521452
6.24194383	750	0.381392 0.768291  0.517142
6.24697589	748	0.380195 0.776432  0.526958
6.25200796	750	0.384265 0.772840  0.525283
6.25703191	749	0.383068 0.771643  0.525522
6.26206398	750	0.383547 0.777150  0.520734
6.26708793	750	0.380435 0.774277  0.533183
6.27211618	750	0.391448 0.771164  0.526001
6.27714776	749	0.382590 0.772362  0.521931
6.28217983	749	0.380195 0.772362  0.512833
6.28720808	749	0.382590 0.776671  0.516424
6.29224014	748	0.384265 0.766137  0.524085
6.29727220	750	0.377083 0.774756  0.526480
6.30230379	749	0.385702 0.767573  0.514988
6.30732822	749	0.387138 0.772601  0.513072
6.31236410	749	0.380195 0.772601  0.521691
6.31738376	747	0.381871 0.767094  0.515945
6.32241582	750	0.383308 0.773319  0.527916
6.32743978	750	0.384265 0.779544  0.520255
6.33247184	748	0.382111 0.774277  0.518339
6.33751201	750	0.385463 0.775235  0.513312
6.34254407	749	0.381632 0.778347  0.511157
6.34759998	750	0.386660 0.773080  0.519297
6.35264015	751	0.381153 0.773319  0.514269
6.35767984	750	0.381392 0.773319  0.516663
6.36272001	748	0.387138 0.773798  0.525522
6.36775207	748	0.380435 0.777629  0.510199
6.37277603	750	0.378998 0.775235  0.524085
6.37779998	749	0.384984 0.772601  0.526480
6.38282394	751	0.380914 0.776671  0.513790
6.38785219	749	0.380674 0.770925  0.520494
6.39287996	750	0.383068 0.768770  0.514030
6.39791202	747	0.384984 0.773080  0.524085
6.40295219	750	0.384744 0.775235  0.523607
6.40801191	749	0.378519 0.771643  0.523607
6.41305589	750	0.383068 0.775474  0.523846
6.41809606	749	0.378280 0.776911  0.516185
6.42312812	749	0.384744 0.778108  0.527437
6.42815208	749	0.381153 0.777150  0.519536
6.43317985	749	0.380435 0.771883  0.528156
6.43820381	750	0.385702 0.770686  0.522649
6.44324016	750	0.379717 0.771643  0.522888
6.44828414	749	0.390730 0.779065  0.521931
6.45330381	749	0.380674 0.769728  0.520255
6.45834016	750	0.384984 0.774756  0.515945
6.46339178	748	0.383547 0.771164  0.520015
6.46842813	749	0.387378 0.772122  0.526480
6.47346401	751	0.387138 0.774038  0.522409
6.47849607	749	0.381153 0.774756  0.522170
6.48353576	751	0.391927 0.766616  0.524085
6.48856019	748	0.382829 0.777150  0.527198
6.49358415	750	0.385941 0.778347  0.532226
6.49860811	750	0.383308 0.774756  0.524085
6.50364398	748	0.381871 0.768770  0.522170
6.50865983	747	0.380674 0.770686  0.521212
6.51369190	748	0.383787 0.779305  0.521691
6.51873588	748	0.380195 0.779784  0.516185
6.52377605	751	0.384984 0.776911  0.526719
6.52881193	748	0.377562 0.777150  0.525522
6.53384780	751	0.384026 0.773080  0.515706
6.53887176	750	0.383547 0.777868  0.525043
6.54390001	749	0.384026 0.774756  0.516663
6.54892778	750	0.384744 0.770686  0.513790
6.55395984	748	0.381392 0.776432  0.522888
6.55899190	747	0.390730 0.774995  0.515706
6.56400823	748	0.383068 0.778108  0.521452
6.56903219	750	0.382590 0.770446  0.514030
6.57407188	748	0.378280 0.774995  0.520973
6.57911205	749	0.384744 0.771883  0.521212
6.58415985	748	0.387378 0.772362  0.527437
6.58920001	750	0.385223 0.767094  0.521931
6.59423589	750	0.382829 0.776911  0.524325
6.59927177	750	0.381153 0.771404  0.521452
6.60430383	748	0.379238 0.779065  0.518100
6.60932779	749	0.384026 0.774995  0.521212
6.61434412	750	0.380674 0.773319  0.518579
6.61937618	748	0.380435 0.773559  0.519058
6.62440776	750	0.382829 0.769010  0.519536
6.62942790	749	0.381153 0.775474  0.522888
##inga 
#ido(sec)  szog(ADC)     ax(g)    ay(g)   az(g)
6.63501596	748	0.381632 0.776192  0.520973
6.64026021	748	0.382590 0.770207  0.526001
6.64547204	750	0.383547 0.780981  0.521691
6.65060806	750	0.381632 0.774038  0.513551
6.65566396	750	0.387378 0.772601  0.525522
6.66070795	749	0.384505 0.776911  0.524085
6.66572809	748	0.387857 0.770446  0.514269
6.67075204	750	0.384505 0.782896  0.523128
6.67577600	750	0.382111 0.777150  0.522649
6.68080806	749	0.384744 0.770207  0.509720
6.68583202	749	0.387378 0.776671  0.514509
6.69086790	750	0.376844 0.780741  0.527677
6.69591188	748	0.376604 0.771883  0.517621
6.70095205	748	0.388814 0.777629  0.521931
6.70600414	750	0.384505 0.772122  0.527677
6.71104001	750	0.383787 0.770207  0.521691
6.71608018	751	0.383308 0.769728  0.525043
6.72110414	750	0.386660 0.772840  0.521691
6.72612810	749	0.383547 0.772122  0.523128
6.73116016	748	0.387378 0.769728  0.513072
6.73618412	749	0.380435 0.769489  0.520734
6.74120807	750	0.381153 0.772601  0.522409
6.74624013	751	0.381153 0.775474  0.520973
6.75128793	747	0.378998 0.769249  0.524804
6.75631999	751	0.384984 0.770446  0.520494
6.76136016	750	0.381153 0.775474  0.520255
6.76641607	750	0.389054 0.771164  0.519297
6.77145576	750	0.386181 0.777150  0.519536
6.77649593	749	0.386420 0.777150  0.525522
6.78153610	748	0.383547 0.769967  0.512354
6.78656005	749	0.386899 0.774277  0.523607
6.79159212	750	0.384984 0.778108  0.516903
6.79662418	748	0.380674 0.771883  0.521691
6.80164813	747	0.383308 0.772601  0.530789
6.80667591	749	0.381153 0.772122  0.519297
6.81171607	748	0.387138 0.772122  0.519058
6.81676006	751	0.381632 0.766376  0.518100
6.82179212	750	0.379238 0.771404  0.518339
6.82683610	749	0.384265 0.775953  0.519776
6.83188819	748	0.388575 0.773798  0.515227
6.83693599	750	0.378041 0.768770  0.517382
6.84196805	749	0.385941 0.774756  0.524325
6.84700012	750	0.382111 0.773319  0.519776
6.85203981	749	0.382829 0.773319  0.524564
6.85707187	750	0.384265 0.773798  0.518818
6.86209583	750	0.381392 0.778347  0.513072
6.86713600	750	0.378280 0.772601  0.520494
6.87215185	751	0.384744 0.769249  0.515706
6.87719202	750	0.378280 0.775713  0.517621
6.88222408	748	0.383787 0.773319  0.525283
6.88726377	748	0.384265 0.776192  0.520015
6.89230394	750	0.379717 0.773798  0.523846
6.89735221	748	0.382111 0.777868  0.522170
6.90238380	750	0.387138 0.771643  0.514748
6.90740823	750	0.383547 0.774995  0.520255
6.91243982	750	0.383308 0.768531  0.519776
6.91746807	749	0.381153 0.770446  0.520015
6.92250776	751	0.389533 0.778826  0.516424
6.92753601	749	0.384505 0.768770  0.517142
6.93255186	750	0.382829 0.768052  0.513312
6.93759202	750	0.384984 0.775235  0.521691
6.94261980	749	0.380674 0.773080  0.514269
6.94765186	749	0.388814 0.772122  0.522649
6.95269584	748	0.385223 0.772601  0.517621
6.95773220	748	0.379717 0.772601  0.515945
6.96276807	750	0.380435 0.777150  0.521212
6.96778821	751	0.384026 0.774038  0.527437
6.97282409	748	0.382829 0.769249  0.523607
6.97784805	748	0.385223 0.772122  0.526001
6.98288822	750	0.383308 0.771643  0.516663
6.98791599	749	0.387138 0.766855  0.519297
6.99295186	750	0.385941 0.774277  0.513312
6.99800014	750	0.383547 0.772362  0.512354
7.00303220	750	0.383068 0.774995  0.524804
7.00806808	750	0.388096 0.771643  0.518818
7.01310014	750	0.385941 0.772601  0.520734
7.01814413	749	0.380914 0.774516  0.525522
7.02316808	750	0.381392 0.773319  0.519536
7.02820014	749	0.378759 0.771883  0.521452
7.03323221	751	0.379717 0.777629  0.523607
7.03825616	748	0.381153 0.774995  0.524804
7.04328393	747	0.382350 0.780023  0.529592
7.04832410	749	0.382590 0.765897  0.523846
7.05336380	751	0.384026 0.778586  0.518100
7.05840396	748	0.377562 0.775235  0.517142
7.06343984	748	0.378041 0.772601  0.517382
7.06849622	749	0.384744 0.773798  0.523367
7.07354402	749	0.379956 0.773798  0.526719
7.07859182	750	0.379717 0.771404  0.520973
7.08362007	750	0.382111 0.768770  0.517621
7.08865594	750	0.385702 0.770925  0.529353
7.09366798	748	0.381153 0.776432  0.527437
7.09870386	750	0.380674 0.774038  0.522170
7.10371208	749	0.384265 0.773798  0.513072
7.10874795	748	0.386181 0.772601  0.520973
7.11379194	750	0.379717 0.775474  0.523128
7.11882781	750	0.377083 0.773319  0.526480
7.12384796	750	0.379717 0.776911  0.514988
7.12890815	749	0.382590 0.777629  0.518100
7.13394403	749	0.383787 0.772601  0.520015
7.13899183	750	0.388096 0.774516  0.524564
##inga 
#ido(sec)  szog(ADC)     ax(g)    ay(g)   az(g)
7.14453983	748	0.372534 0.773080  0.524564
7.14977598	750	0.377801 0.766137  0.521691
7.15500783	750	0.380914 0.773319  0.526001
7.16013622	751	0.382590 0.770686  0.514509
7.16516780	748	0.388575 0.769489  0.518579
7.17020416	749	0.384505 0.772601  0.525522
7.17523193	749	0.386181 0.773319  0.525043
7.18027210	750	0.380674 0.773559  0.522170
7.18530797	750	0.378041 0.775953  0.522888
7.19035577	750	0.377322 0.773080  0.512354
7.19539213	747	0.385463 0.776432  0.528395
7.20044422	748	0.387138 0.780262  0.522170
7.20547199	748	0.383547 0.779065  0.521691
7.21051216	751	0.379238 0.769249  0.522649
7.21553611	749	0.386181 0.769967  0.520973
7.22056007	748	0.388814 0.774756  0.519776
7.22559595	748	0.382590 0.773319  0.523367
7.23061990	749	0.383308 0.778108  0.515706
7.23564004	750	0.379477 0.784332  0.523128
7.24066400	750	0.381153 0.773798  0.513790
7.24571180	749	0.385223 0.776432  0.519776
7.25075578	750	0.378280 0.774516  0.525761
7.25578784	749	0.383547 0.770925  0.520494
7.26082420	750	0.385223 0.768531  0.523607
7.26584815	750	0.388814 0.771164  0.513790
7.27087211	750	0.381871 0.773559  0.511636
7.27591180	749	0.384265 0.771164  0.527677
7.28094387	748	0.384026 0.773559  0.518818
7.28596782	750	0.381392 0.772840  0.516663
7.29099607	750	0.382590 0.772362  0.521452
7.29603576	749	0.384984 0.771404  0.526001
7.30107212	750	0.386181 0.776192  0.518100
7.30610418	750	0.383547 0.779305  0.523846
7.31114387	750	0.383068 0.770446  0.517382
7.31618404	750	0.383547 0.773080  0.522888
7.32121992	748	0.379956 0.777150  0.522888
7.32624387	748	0.385702 0.772601  0.514748
7.33126783	750	0.377562 0.774756  0.521452
7.33630418	750	0.381153 0.775713  0.523128
7.34134387	750	0.381153 0.774516  0.514509
7.34638404	748	0.383787 0.770925  0.520255
7.35142803	748	0.388575 0.770207  0.524564
7.35646390	750	0.384744 0.775713  0.515227
7.36150407	750	0.383547 0.774756  0.519776
7.36654376	749	0.383787 0.775235  0.518818
7.37159585	750	0.381392 0.769249  0.517142
7.37664794	749	0.379238 0.775235  0.521452
7.38169193	749	0.384984 0.770925  0.519297
7.38672018	750	0.383787 0.773559  0.515706
7.39175176	750	0.379238 0.771164  0.526958
7.39678382	750	0.381632 0.774516  0.516903
7.40182018	749	0.382111 0.778347  0.515466
7.40684795	750	0.378998 0.779065  0.517142
7.41188383	748	0.378759 0.775235  0.517621
7.41691207	751	0.380914 0.779544  0.518818
7.42194795	750	0.381392 0.775953  0.517621
7.42700004	751	0.388814 0.771164  0.526001
7.43203210	750	0.388096 0.779784  0.522409
7.43707180	750	0.384744 0.771164  0.520015
7.44210386	751	0.384265 0.777389  0.524564
7.44714403	749	0.387857 0.767334  0.518818
7.45217990	750	0.380914 0.777389  0.520494
7.45720386	750	0.383787 0.774038  0.524085
7.46223592	750	0.376365 0.773798  0.522649
7.46726417	750	0.383308 0.774995  0.525043
7.47228813	749	0.382111 0.769967  0.520015
7.47731208	748	0.378998 0.778347  0.521691
7.48235177	750	0.374928 0.771404  0.519536
7.48738384	751	0.384026 0.773798  0.518339
7.49242782	750	0.378998 0.776911  0.523367
7.49746417	750	0.380914 0.774038  0.526719
7.50250005	750	0.383547 0.771404  0.521691
7.50753593	749	0.388575 0.771883  0.517382
7.51256799	748	0.384744 0.775235  0.526958
7.51759195	749	0.384026 0.770686  0.519058
7.52261590	749	0.390490 0.772122  0.520494
7.52763223	748	0.380195 0.772601  0.514269
7.53265619	750	0.386899 0.774277  0.516424
7.53769207	750	0.384744 0.777629  0.528874
7.54275178	751	0.383547 0.776911  0.511875
7.54778385	750	0.381153 0.771404  0.514030
7.55283594	748	0.382111 0.769967  0.513312
7.55788803	748	0.383547 0.774516  0.527916
7.56292819	750	0.385463 0.768770  0.530310
7.56795215	749	0.384744 0.771643  0.520973
7.57297611	751	0.382829 0.773559  0.513551
7.57801198	749	0.382829 0.772840  0.511875
7.58304023	749	0.385941 0.774516  0.512833
7.58806419	748	0.383547 0.771883  0.518579
7.59310388	751	0.383308 0.776432  0.524564
7.59813594	748	0.378280 0.772122  0.524085
7.60317611	751	0.379477 0.779544  0.521452
7.60820817	749	0.380674 0.781220  0.514269
7.61325216	750	0.391687 0.776911  0.522170
7.61829614	748	0.384265 0.774516  0.521931
7.62333583	750	0.382590 0.769967  0.519776
7.62836790	750	0.386660 0.772840  0.521212
7.63338422	750	0.381153 0.775474  0.509720
7.63840818	751	0.382350 0.774277  0.515227
7.64343976	748	0.386899 0.775713  0.514030
7.64846420	750	0.376125 0.773798  0.520973
##inga 
#ido(sec)  szog(ADC)     ax(g)    ay(g)   az(g)
7.65403604	749	0.386420 0.770446  0.526001
7.65924787	749	0.385702 0.772122  0.518339
7.66449213	748	0.384744 0.779305  0.517142
7.66963577	748	0.379238 0.777150  0.525043
7.67469215	751	0.383787 0.777868  0.522170
7.67973613	751	0.384026 0.771643  0.519058
7.68476819	748	0.382590 0.777868  0.525761
7.68980789	749	0.381632 0.774516  0.527916
7.69483995	749	0.384505 0.773080  0.519776
7.69987201	748	0.381153 0.775713  0.514748
7.70490407	751	0.383787 0.774277  0.521212
7.70994806	748	0.382111 0.773080  0.525283
7.71497583	748	0.381153 0.774756  0.518818
7.71999979	750	0.384265 0.781459  0.515706
7.72504806	750	0.385941 0.771643  0.519776
7.73008823	750	0.384026 0.772601  0.524564
7.73513221	751	0.386660 0.771883  0.522649
7.74018812	749	0.380674 0.769967  0.524325
7.74522399	751	0.376844 0.767573  0.511875
7.75025606	749	0.377322 0.774277  0.523846
7.75528001	750	0.380435 0.776432  0.523607
7.76029586	748	0.384026 0.774995  0.529113
7.76531982	748	0.383068 0.773319  0.522649
7.77034378	750	0.381871 0.766855  0.519776
7.77537584	751	0.386181 0.771404  0.526240
7.78041982	749	0.381153 0.772840  0.526480
7.78545618	748	0.387617 0.771643  0.522409
7.79048776	751	0.383547 0.770446  0.519776
7.79553604	750	0.384984 0.774995  0.525761
7.80058383	748	0.384744 0.766376  0.515706
7.80561590	749	0.380435 0.776671  0.522170
7.81063985	749	0.384984 0.768291  0.523607
7.81566381	748	0.382350 0.776192  0.520973
7.82068777	750	0.383068 0.771643  0.508284
7.82571983	751	0.384744 0.762785  0.526001
7.83074378	748	0.390012 0.773798  0.515945
7.83577203	748	0.386899 0.777150  0.518818
7.84080410	748	0.383308 0.778108  0.514030
7.84583997	750	0.378280 0.770686  0.519058
7.85088014	750	0.384026 0.772601  0.521931
7.85592412	751	0.381153 0.775713  0.527198
7.86097621	750	0.380435 0.771643  0.513551
7.86601591	750	0.384984 0.773798  0.520734
7.87105989	751	0.381632 0.778347  0.522649
7.87608814	748	0.382829 0.763743  0.520973
7.88111209	750	0.383068 0.774038  0.520255
7.88614416	749	0.380435 0.774995  0.521212
7.89116811	750	0.384265 0.769489  0.513072
7.89620399	750	0.374928 0.772601  0.526001
7.90124416	750	0.387617 0.777150  0.518100
7.90628385	749	0.378519 0.777150  0.520015
7.91132020	749	0.384505 0.772362  0.520494
7.91635990	748	0.381153 0.774516  0.515706
7.92139577	748	0.384744 0.776432  0.517621
7.92643976	751	0.388336 0.769489  0.520734
7.93147182	748	0.384744 0.774756  0.519536
7.93649578	751	0.388336 0.781699  0.516903
7.94152784	750	0.380914 0.776192  0.515466
7.94655179	750	0.382350 0.774038  0.519058
7.95157623	748	0.381632 0.772122  0.517142
7.95661211	749	0.381153 0.774516  0.525761
7.96164417	750	0.383787 0.768770  0.533183
7.96668004	749	0.379717 0.779544  0.522409
7.97172784	750	0.383547 0.772601  0.522409
7.97677993	750	0.383547 0.775713  0.517382
7.98181581	751	0.376365 0.771883  0.524804
7.98685216	748	0.379717 0.772362  0.522170
7.99188804	750	0.384265 0.775235  0.507087
7.99692010	750	0.385941 0.773798  0.525283
8.00195217	749	0.382590 0.775474  0.514509
8.00696754	748	0.384265 0.771404  0.520015
8.01199245	749	0.382590 0.773080  0.516185
8.01702404	751	0.382829 0.774516  0.515706
8.02205562	750	0.382111 0.778586  0.517621
8.02709579	749	0.384984 0.773798  0.515945
8.03214359	748	0.381632 0.764461  0.514988
8.03719615	750	0.383787 0.778826  0.517382
8.04224014	750	0.381153 0.774995  0.520015
8.04729557	748	0.380914 0.768291  0.513312
8.05231952	751	0.388096 0.774516  0.516903
8.05734443	749	0.383308 0.780262  0.521452
8.06236839	750	0.385702 0.774038  0.520973
8.06739234	748	0.380435 0.774995  0.520494
8.07242774	751	0.380195 0.776911  0.526001
8.07746028	750	0.384026 0.775474  0.514988
8.08250427	749	0.388096 0.776432  0.521452
8.08752822	750	0.384505 0.770925  0.525761
8.09255981	750	0.384984 0.774756  0.519536
8.09760761	750	0.382111 0.776671  0.526958
8.10266399	748	0.385941 0.769489  0.510199
8.10770034	750	0.383547 0.773319  0.525522
8.11273574	749	0.384505 0.778586  0.515706
8.11775207	750	0.376844 0.772122  0.525522
8.12279224	749	0.377322 0.772601  0.521452
8.12782382	749	0.376365 0.773080  0.528874
8.13284015	750	0.381153 0.773798  0.526001
8.13787555	748	0.381632 0.769249  0.520255
8.14291191	749	0.386420 0.778347  0.518818
8.14794445	748	0.379477 0.778347  0.528156
8.15298366	749	0.382350 0.781938  0.529113
8.15802001	751	0.382111 0.769728  0.524085
##inga 
#ido(sec)  szog(ADC)     ax(g)    ay(g)   az(g)
8.16361618	747	0.382590 0.773080  0.526480
8.16884422	750	0.385223 0.777389  0.522888
8.17407608	750	0.386420 0.774277  0.522170
8.17920017	751	0.381632 0.773319  0.524325
8.18423557	750	0.385223 0.774516  0.522409
8.18925571	751	0.380674 0.770446  0.521691
8.19428443	749	0.381632 0.771883  0.520973
8.19931602	751	0.384505 0.771164  0.522409
8.20434379	750	0.385223 0.775713  0.525522
8.20938396	748	0.381632 0.768052  0.521691
8.21442413	749	0.385223 0.775235  0.520255
8.21947193	750	0.379717 0.769489  0.515466
8.22451972	750	0.382111 0.775713  0.513551
8.22956752	748	0.384026 0.771883  0.520015
8.23459243	750	0.382111 0.776911  0.523128
8.23963165	749	0.386420 0.768770  0.519776
8.24464797	750	0.382590 0.772840  0.518579
8.24966812	750	0.380674 0.774756  0.519297
8.25469207	748	0.382111 0.774038  0.516663
8.25973224	750	0.378519 0.772362  0.525043
8.26476764	748	0.389772 0.779305  0.524564
8.26979160	749	0.383547 0.775713  0.517382
8.27482414	750	0.386181 0.773798  0.517142
8.27988433	749	0.379956 0.766137  0.514030
8.28491973	748	0.382590 0.778108  0.513312
8.28995227	749	0.385702 0.770446  0.524804
8.29499244	748	0.378041 0.772362  0.510917
8.30002403	749	0.383547 0.780023  0.519536
8.30505561	749	0.385223 0.777868  0.520734
8.31008434	747	0.381153 0.780023  0.528395
8.31511211	750	0.375886 0.776911  0.523367
8.32015228	750	0.381632 0.767573  0.522409
8.32519245	750	0.389054 0.773080  0.521931
8.33022403	750	0.386899 0.774277  0.520255
8.33525562	751	0.380914 0.775474  0.517861
8.34029960	748	0.390012 0.775235  0.533662
8.34533596	750	0.382590 0.768291  0.512354
8.35036754	749	0.388096 0.776192  0.524564
8.35539245	748	0.381871 0.776432  0.519297
8.36042785	751	0.378280 0.777629  0.523607
8.36545181	751	0.388575 0.776671  0.527198
8.37047958	750	0.384505 0.768770  0.529113
8.37550354	751	0.385223 0.774995  0.523367
8.38052845	748	0.383787 0.772362  0.527437
8.38556385	749	0.381153 0.774995  0.529831
8.39060020	750	0.384984 0.775474  0.524325
8.39563179	748	0.383308 0.774995  0.524804
8.40068435	750	0.381392 0.778586  0.530550
8.40572834	748	0.386660 0.770207  0.515466
8.41075992	750	0.377801 0.774277  0.509720
8.41578388	748	0.382590 0.780981  0.518579
8.42080783	750	0.384026 0.771883  0.522888
8.42582035	750	0.385463 0.769249  0.527198
8.43085575	751	0.374449 0.768291  0.531747
8.43588829	750	0.383547 0.775953  0.519058
8.44093608	748	0.386181 0.770686  0.523846
8.44596767	749	0.384744 0.776911  0.516903
8.45100784	749	0.378519 0.772601  0.516663
8.45604038	749	0.384505 0.775953  0.525283
8.46108818	748	0.383068 0.772122  0.516663
8.46611976	749	0.381153 0.774277  0.518339
8.47115230	750	0.378041 0.775953  0.520255
8.47616767	750	0.380674 0.776671  0.525283
8.48119163	750	0.384984 0.769967  0.523128
8.48621559	750	0.386899 0.774516  0.533423
8.49123954	749	0.383068 0.771404  0.517861
8.49625205	748	0.384265 0.774756  0.525043
8.50129985	750	0.389054 0.776192  0.519058
8.50633239	749	0.382590 0.768770  0.516663
8.51136016	750	0.385702 0.779784  0.525761
8.51640033	748	0.384026 0.775953  0.517621
8.52143955	749	0.377322 0.771404  0.527437
8.52647972	749	0.382111 0.774277  0.519058
8.53151988	751	0.384984 0.769967  0.525761
8.53654384	749	0.384744 0.778586  0.526480
8.54155635	750	0.380195 0.772122  0.523846
8.54658031	750	0.388096 0.776432  0.520494
8.55161571	750	0.382829 0.773798  0.523607
8.55664443	748	0.383547 0.771883  0.528634
8.56169223	748	0.383787 0.774516  0.522409
8.56672763	750	0.385463 0.771643  0.524085
8.57176017	749	0.390012 0.768531  0.517142
8.57679176	751	0.383308 0.774756  0.514269
8.58182430	749	0.385941 0.769249  0.521931
8.58686447	748	0.382111 0.767334  0.515706
8.59189987	750	0.386420 0.775235  0.523846
8.59692764	750	0.385463 0.765658  0.523607
8.60196018	751	0.381632 0.772122  0.521452
8.60700035	751	0.381153 0.776432  0.514030
8.61203956	750	0.386181 0.775474  0.517142
8.61707973	751	0.377801 0.772840  0.527677
8.62211608	750	0.384026 0.774277  0.517861
8.62715244	751	0.386899 0.769728  0.520015
8.63218402	749	0.379238 0.772601  0.528634
8.63723564	749	0.380674 0.781699  0.517621
8.64227581	750	0.382350 0.771643  0.517382
8.64730834	749	0.382111 0.770686  0.524085
8.65234375	751	0.386181 0.774756  0.520015
8.65737247	750	0.380674 0.770207  0.520494
8.66238403	750	0.385941 0.770446  0.517621
8.66742420	748	0.390251 0.769728  0.524804
##inga 
#ido(sec)  szog(ADC)     ax(g)    ay(g)   az(g)
8.67297554	748	0.390012 0.777629  0.521931
8.67822837	750	0.381153 0.780502  0.523128
8.68347644	751	0.379956 0.767334  0.515466
8.68859577	750	0.380674 0.768770  0.521212
8.69363212	750	0.381153 0.773559  0.523367
8.69868755	751	0.386181 0.774756  0.523607
8.70374393	750	0.382111 0.773559  0.513790
8.70878410	748	0.379717 0.776671  0.518579
8.71380805	750	0.387617 0.776432  0.520973
8.71883201	750	0.382111 0.774038  0.505890
8.72386360	748	0.385702 0.775713  0.522649
8.72887992	750	0.382590 0.775713  0.520015
8.73391246	750	0.388096 0.771164  0.517621
8.73893165	750	0.388096 0.764940  0.532704
8.74395179	751	0.378759 0.775235  0.520494
8.74898815	747	0.381632 0.775235  0.513072
8.75403976	748	0.384026 0.769489  0.523128
8.75909233	750	0.387138 0.775713  0.522649
8.76413154	750	0.384744 0.771643  0.523367
8.76915645	751	0.373731 0.770686  0.508044
8.77419185	750	0.377801 0.774756  0.516663
8.77921581	751	0.384265 0.774277  0.523846
8.78423976	751	0.378759 0.769967  0.525761
8.78927230	749	0.381871 0.769010  0.522649
8.79430389	748	0.377083 0.773080  0.521212
8.79932785	750	0.382111 0.774516  0.514509
8.80436038	750	0.380195 0.773559  0.527198
8.80939960	751	0.379477 0.772601  0.518818
8.81444835	750	0.385941 0.772601  0.532704
8.81949615	748	0.382829 0.765419  0.521212
8.82455158	748	0.387617 0.778826  0.518339
8.82958412	751	0.376844 0.775474  0.520015
8.83461189	750	0.383068 0.774756  0.512833
8.83963203	749	0.379238 0.771404  0.514030
8.84465599	750	0.386420 0.776432  0.523846
8.84969234	749	0.384265 0.776671  0.524085
8.85472774	749	0.382111 0.768291  0.517861
8.85977172	750	0.382590 0.775235  0.526958
8.86480808	750	0.386181 0.774516  0.520973
8.86984825	751	0.387617 0.774038  0.522888
8.87489604	751	0.382590 0.774516  0.516903
8.87994003	748	0.385223 0.772601  0.518818
8.88499164	748	0.378519 0.776432  0.518579
8.89002418	750	0.383547 0.771643  0.516663
8.89504814	748	0.384984 0.775953  0.518579
8.90007209	750	0.384744 0.767573  0.517621
8.90511608	750	0.373013 0.767334  0.511396
8.91014385	749	0.377801 0.773798  0.526719
8.91517639	750	0.386899 0.777389  0.519536
8.92019557	748	0.383068 0.769249  0.522409
8.92522811	750	0.384265 0.766137  0.521691
8.93026447	749	0.382111 0.771643  0.523607
8.93530368	748	0.378041 0.770446  0.518100
8.94034385	750	0.387617 0.772122  0.520973
8.94539165	748	0.384265 0.772122  0.523128
8.95043182	749	0.378759 0.775235  0.522888
8.95546436	750	0.390490 0.773319  0.516903
8.96047210	750	0.386181 0.776671  0.531747
8.96550369	750	0.380914 0.772362  0.524804
8.97052764	748	0.384026 0.773559  0.523846
8.97554779	750	0.386420 0.770686  0.518818
8.98057174	750	0.379717 0.770925  0.516185
8.98561954	749	0.379238 0.774516  0.516424
8.99065589	750	0.392406 0.774516  0.519776
8.99567985	750	0.384984 0.772601  0.518818
9.00072002	750	0.382829 0.773319  0.515227
9.00575160	750	0.382111 0.773798  0.514988
9.01079559	749	0.387617 0.772122  0.526480
9.01582813	750	0.384984 0.777150  0.520494
9.02085590	749	0.379956 0.773319  0.523128
9.02588844	747	0.382111 0.775235  0.525522
9.03092002	748	0.386420 0.771883  0.527198
9.03595161	749	0.384744 0.774277  0.529353
9.04097557	749	0.385463 0.773080  0.519776
9.04599952	750	0.382350 0.769728  0.525761
9.05103206	747	0.381871 0.775474  0.515945
9.05607604	748	0.376844 0.776911  0.518339
9.06112003	750	0.388575 0.776911  0.509002
9.06615638	749	0.382829 0.778108  0.520973
9.07118415	750	0.385223 0.774277  0.533183
9.07621955	748	0.382829 0.777389  0.519058
9.08125591	748	0.383068 0.765897  0.520015
9.08627986	748	0.380435 0.772840  0.519058
9.09129619	750	0.381871 0.777629  0.517861
9.09633159	750	0.379717 0.779544  0.514269
9.10136795	750	0.381153 0.779305  0.518339
9.10640430	750	0.382111 0.773559  0.521691
9.11145591	747	0.382111 0.771883  0.514748
9.11650753	749	0.388814 0.774277  0.521691
9.12156391	749	0.378041 0.774995  0.523846
9.12661552	750	0.379956 0.768770  0.527916
9.13164424	748	0.390490 0.773559  0.518100
9.13665580	750	0.380914 0.770446  0.526480
9.14167213	750	0.381871 0.772840  0.526958
9.14669609	749	0.384744 0.774756  0.518818
9.15172767	748	0.386660 0.771164  0.518818
9.15675163	750	0.386420 0.772122  0.520255
9.16178035	749	0.385463 0.772122  0.526240
9.16682434	748	0.380674 0.772362  0.531747
9.17184829	748	0.381153 0.774038  0.518100
9.17689990	749	0.386660 0.771164  0.512354
##inga 
#ido(sec)  szog(ADC)     ax(g)    ay(g)   az(g)
9.18247985	749	0.380674 0.776911  0.525761
9.18772029	751	0.379238 0.772122  0.516663
9.19295978	750	0.385702 0.776911  0.513072
9.19809627	750	0.386660 0.770686  0.525043
9.20312023	750	0.381153 0.774516  0.521691
9.20816040	749	0.378519 0.775235  0.515227
9.21318435	749	0.381153 0.771643  0.523367
9.21821594	751	0.382111 0.773319  0.523846
9.22323989	750	0.381153 0.778826  0.516663
9.22828006	747	0.384505 0.773319  0.526480
9.23330402	748	0.384265 0.769010  0.525043
9.23834037	748	0.382111 0.770925  0.515945
9.24339199	748	0.379477 0.776432  0.513072
9.24842357	748	0.382829 0.774995  0.515706
9.25345230	748	0.379477 0.778826  0.519536
9.25847244	750	0.382829 0.768291  0.521212
9.26348781	751	0.387617 0.771404  0.521931
9.26851177	748	0.378280 0.774277  0.527437
9.27353572	748	0.383547 0.771404  0.523367
9.27855205	750	0.383068 0.773080  0.522888
9.28358364	748	0.384984 0.774995  0.520255
9.28862762	748	0.379717 0.771883  0.523607
9.29367160	750	0.382590 0.774277  0.514030
9.29870414	750	0.384744 0.774516  0.514988
9.30373573	748	0.384505 0.770446  0.522888
9.30876827	748	0.386181 0.771164  0.528874
9.31379985	750	0.385702 0.770207  0.519297
9.31882381	750	0.379956 0.771883  0.532704
9.32384777	749	0.384744 0.770686  0.523128
9.32887172	748	0.387138 0.769728  0.522409
9.33390426	750	0.394800 0.779784  0.528156
9.33893585	750	0.377801 0.776432  0.514269
9.34395980	750	0.385463 0.772362  0.513790
9.34899234	749	0.391687 0.771404  0.516185
9.35404014	750	0.386181 0.777389  0.520973
9.35909557	748	0.379717 0.769010  0.515466
9.36414813	749	0.390490 0.780023  0.523128
9.36917209	749	0.384984 0.774995  0.510917
9.37419605	749	0.384744 0.771404  0.518579
9.37922382	748	0.386181 0.773319  0.524564
9.38425636	748	0.384744 0.780262  0.523846
9.38928031	749	0.384026 0.774516  0.526480
9.39430046	750	0.383068 0.772601  0.514748
9.39933204	748	0.384984 0.771883  0.525522
9.40437602	748	0.383068 0.773319  0.524804
9.40940380	750	0.382590 0.770207  0.526958
9.41444015	749	0.385463 0.779305  0.523846
9.41948795	749	0.377801 0.772601  0.522409
9.42451953	749	0.380674 0.777150  0.524085
9.42953205	750	0.384265 0.773319  0.517382
9.43456840	748	0.383547 0.778586  0.523128
9.43959999	750	0.382350 0.767573  0.521691
9.44463157	749	0.378759 0.770207  0.514269
9.44965553	750	0.383787 0.775953  0.520973
9.45470046	749	0.383308 0.776192  0.530550
9.45971965	747	0.386181 0.774277  0.519297
9.46477603	749	0.378998 0.774995  0.526240
9.46981620	749	0.378280 0.771883  0.522170
9.47484397	748	0.390251 0.776192  0.520015
9.47988033	750	0.381153 0.774756  0.520015
9.48492813	750	0.373013 0.768770  0.521452
9.48995208	750	0.375886 0.769967  0.521931
9.49497985	749	0.381392 0.773319  0.524564
9.50001621	749	0.385941 0.776192  0.521931
9.50505638	749	0.382590 0.779784  0.526240
9.51007175	750	0.385941 0.775713  0.521931
9.51510429	750	0.382590 0.771643  0.521452
9.52013587	748	0.383068 0.778586  0.524804
9.52517604	750	0.377801 0.769249  0.526958
9.53022384	750	0.378998 0.772362  0.511396
9.53525638	749	0.383547 0.780023  0.521212
9.54028797	750	0.384026 0.772840  0.523607
9.54531192	750	0.382590 0.770446  0.530071
9.55033206	750	0.379238 0.775235  0.522170
9.55535984	750	0.383308 0.771404  0.517861
9.56037616	750	0.379477 0.773798  0.519536
9.56540775	748	0.382111 0.778347  0.512833
9.57043552	747	0.383547 0.771883  0.516424
9.57547569	748	0.386660 0.772362  0.520973
9.58051204	748	0.385941 0.778108  0.517142
9.58554363	749	0.390251 0.773080  0.520015
9.59058380	750	0.382590 0.770446  0.523367
9.59561634	750	0.382111 0.773559  0.521691
9.60066413	748	0.392406 0.773080  0.522170
9.60566806	748	0.385223 0.771643  0.516663
9.61071205	749	0.384744 0.773080  0.514269
9.61574363	750	0.386181 0.776671  0.526001
9.62077617	750	0.379717 0.777629  0.517621
9.62581634	750	0.378998 0.776192  0.516185
9.63084030	747	0.380914 0.776432  0.528156
9.63586807	750	0.377801 0.772840  0.517142
9.64090442	748	0.382111 0.774516  0.519536
9.64594364	750	0.380914 0.771164  0.517142
9.65097618	750	0.383787 0.776192  0.515945
9.65601158	747	0.381632 0.777150  0.527677
9.66104793	749	0.386660 0.775713  0.521931
9.66608047	748	0.390251 0.772362  0.518579
9.67111206	751	0.388575 0.773798  0.529831
9.67613601	748	0.382829 0.770686  0.517621
9.68117618	750	0.377801 0.774516  0.518818
9.68620014	750	0.379477 0.771883  0.527198
##inga 
#ido(sec)  szog(ADC)     ax(g)    ay(g)   az(g)
9.69177246	749	0.384505 0.773559  0.527198
9.69701576	750	0.382590 0.775235  0.519536
9.70226383	747	0.380914 0.775953  0.529831
9.70739173	750	0.379956 0.773559  0.520494
9.71243953	750	0.382350 0.773319  0.524804
9.71747970	749	0.387378 0.772362  0.527916
9.72251224	749	0.385463 0.774038  0.525043
9.72753620	748	0.378041 0.770446  0.526958
9.73255157	749	0.387617 0.776671  0.515706
9.73757553	747	0.382829 0.769728  0.531747
9.74260044	750	0.377801 0.772122  0.527916
9.74762439	750	0.378998 0.771643  0.525761
9.75263977	749	0.384026 0.769728  0.535817
9.75767230	750	0.383787 0.775474  0.516185
9.76271152	750	0.380674 0.773319  0.514269
9.76773643	749	0.382111 0.774756  0.523846
9.77278423	750	0.383547 0.772601  0.520973
9.77782440	751	0.383787 0.776911  0.513551
9.78285980	750	0.385463 0.774277  0.517621
9.78789615	748	0.386181 0.773080  0.517382
9.79293632	750	0.384265 0.772601  0.526001
9.79796028	750	0.380195 0.774277  0.529831
9.80298423	750	0.383547 0.773798  0.516424
9.80801200	750	0.383068 0.773080  0.519536
9.81302833	748	0.383547 0.776911  0.513790
9.81806373	749	0.381392 0.775235  0.513312
9.82310390	749	0.390012 0.775474  0.521452
9.82814025	749	0.381632 0.766855  0.523846
9.83318424	750	0.387857 0.782657  0.520255
9.83822441	749	0.383068 0.772601  0.525522
9.84324836	749	0.378041 0.777389  0.520255
9.84826374	750	0.381392 0.776911  0.522409
9.85328769	750	0.381871 0.776911  0.526719
9.85832405	748	0.376604 0.765658  0.515945
9.86336040	750	0.384505 0.782657  0.521452
9.86837959	750	0.381392 0.774995  0.516424
9.87342357	750	0.380195 0.769489  0.521691
9.87845611	749	0.382590 0.768770  0.516185
9.88348388	750	0.381871 0.774277  0.523846
9.88852787	748	0.379238 0.776432  0.525283
9.89356803	749	0.382829 0.778108  0.515227
9.89860439	750	0.386181 0.780262  0.514269
9.90363216	749	0.382350 0.775953  0.518100
9.90864753	750	0.386899 0.769249  0.519058
9.91368007	748	0.384984 0.769010  0.523607
9.91868782	749	0.379238 0.774756  0.515227
9.92371559	750	0.384744 0.776432  0.517382
9.92874813	747	0.385463 0.772601  0.512593
9.93378353	750	0.376844 0.776911  0.515945
9.93882369	751	0.386660 0.771404  0.518579
9.94386386	748	0.385223 0.773798  0.520494
9.94891166	750	0.384744 0.768531  0.519297
9.95395183	750	0.380914 0.774516  0.522888
9.95896816	750	0.384265 0.772601  0.523367
9.96399974	749	0.384505 0.773798  0.522409
9.96901607	749	0.378759 0.769728  0.522888
9.97404003	750	0.383547 0.773080  0.513551
9.97907161	749	0.377562 0.776671  0.517621
9.98410797	748	0.377083 0.773798  0.511157
9.98914813	750	0.380914 0.772122  0.528395
9.99418354	749	0.381392 0.774038  0.517861
9.99922370	750	0.383547 0.777150  0.524325
10.00424766	749	0.383547 0.783614  0.518339
10.00937557	749	0.379717 0.773080  0.522409
10.01451587	749	0.379717 0.769249  0.524085
10.01966762	749	0.383787 0.769249  0.515706
10.02481555	750	0.384505 0.776432  0.515706
10.02995204	750	0.387617 0.773559  0.524804
10.03509616	749	0.386181 0.776432  0.514748
10.04024028	750	0.380674 0.770925  0.517621
10.04535961	750	0.382829 0.771883  0.527437
10.05049610	749	0.386660 0.773798  0.517621
10.05562400	748	0.383068 0.774995  0.514988
10.06075954	749	0.382590 0.773319  0.520734
10.06588840	750	0.384505 0.775235  0.520973
10.07101631	749	0.386899 0.774516  0.521931
10.07615184	749	0.380914 0.774756  0.519058
10.08129596	749	0.378519 0.766855  0.525761
10.08643627	750	0.385463 0.771164  0.520973
10.09158420	750	0.384744 0.775953  0.527916
10.09671211	750	0.383068 0.767334  0.515466
10.10183238	748	0.385702 0.772601  0.518818
10.10696029	749	0.382590 0.772362  0.518818
10.11210441	748	0.384984 0.771883  0.519776
10.11722755	747	0.378519 0.771164  0.525043
10.12236785	749	0.383547 0.767573  0.526958
10.12751197	751	0.382350 0.768531  0.509720
10.13263607	750	0.379477 0.774277  0.523367
10.13776779	748	0.382829 0.777150  0.523367
10.14289569	750	0.382111 0.776432  0.519058
10.14803218	748	0.383787 0.777868  0.518818
10.15315246	750	0.383068 0.773080  0.520015
10.15828037	750	0.382590 0.771643  0.525043
10.16341209	748	0.387378 0.776671  0.512115
10.16854381	750	0.382829 0.775474  0.524085
10.17367172	748	0.381871 0.773559  0.524325
10.17881202	748	0.387138 0.774756  0.515466
10.18394374	751	0.378759 0.775235  0.521452
10.18908023	748	0.382350 0.778826  0.520255
10.19419956	750	0.383547 0.772601  0.528874
10.19932365	748	0.375886 0.781459  0.517621
##inga 
#ido(sec)  szog(ADC)     ax(g)    ay(g)   az(g)
10.20497989	748	0.378998 0.771404  0.526001
10.21024036	750	0.384984 0.775713  0.522170
10.21553230	748	0.385223 0.770925  0.525522
10.22076797	749	0.381632 0.773080  0.521691
10.22589588	749	0.384026 0.772122  0.519297
10.23101615	750	0.383547 0.780262  0.521931
10.23614406	749	0.383787 0.774516  0.522888
10.24127578	749	0.384744 0.774756  0.518100
10.24639606	749	0.376365 0.773080  0.518818
10.25152778	749	0.385702 0.780741  0.525761
10.25664806	750	0.382829 0.772122  0.525043
10.26177597	748	0.384026 0.772840  0.514030
10.26688766	749	0.376365 0.772601  0.526719
10.27201557	750	0.381632 0.774756  0.520015
10.27714443	748	0.382829 0.775713  0.514509
10.28227233	750	0.385702 0.773559  0.526001
10.28740024	749	0.385702 0.775953  0.520973
10.29251956	749	0.387617 0.771404  0.522649
10.29765224	748	0.382111 0.774038  0.521452
10.30278396	750	0.386420 0.776432  0.518579
10.30791187	748	0.383308 0.774995  0.518818
10.31304359	749	0.385941 0.778347  0.519297
10.31817245	750	0.384744 0.771404  0.514030
10.32329559	750	0.380914 0.779784  0.521212
10.32841587	748	0.380435 0.773319  0.522170
10.33353996	748	0.384026 0.775953  0.519536
10.33866024	750	0.380195 0.779065  0.526001
10.34379196	750	0.385941 0.776192  0.522170
10.34891986	750	0.381632 0.765658  0.514748
10.35405158	749	0.383787 0.775713  0.520015
10.35919189	748	0.384744 0.777629  0.521931
10.36432838	750	0.378998 0.768291  0.518339
10.36944389	749	0.386181 0.776911  0.524325
10.37457561	747	0.383547 0.775474  0.520015
10.37970447	748	0.383068 0.775474  0.523128
10.38483238	747	0.380674 0.776432  0.520973
10.38995647	750	0.385702 0.770446  0.527198
10.39507198	750	0.387857 0.768052  0.524325
10.40020847	749	0.384265 0.776432  0.519058
10.40532779	751	0.380674 0.771164  0.518339
10.41044807	749	0.384026 0.773798  0.526719
10.41557598	749	0.377801 0.774756  0.521452
10.42070388	750	0.384505 0.772122  0.526001
10.42583179	749	0.383068 0.775235  0.524564
10.43095207	750	0.388096 0.779305  0.518339
10.43606376	750	0.383308 0.775713  0.527437
10.44118404	749	0.378519 0.769010  0.517142
10.44630432	750	0.383787 0.778108  0.521452
10.45143985	750	0.386181 0.772601  0.520973
10.45656394	748	0.380674 0.772840  0.519536
10.46168041	748	0.383547 0.773559  0.530789
10.46680831	748	0.382350 0.766137  0.516424
10.47192764	749	0.380914 0.776911  0.517142
10.47705554	750	0.380195 0.775235  0.518818
10.48217582	750	0.388575 0.776432  0.519776
10.48730373	749	0.385941 0.774277  0.520734
10.49242401	748	0.385223 0.767573  0.523846
10.49755191	749	0.389533 0.773319  0.528874
10.50268363	750	0.382590 0.776432  0.525043
10.50780391	750	0.380914 0.769249  0.524564
10.51292037	749	0.377083 0.769728  0.524564
10.51804447	748	0.385223 0.769967  0.519297
10.52316761	749	0.383787 0.776911  0.528634
10.52830410	748	0.380674 0.779544  0.519776
10.53342437	750	0.383787 0.773319  0.510917
10.53855228	749	0.387857 0.774995  0.522409
10.54367160	749	0.383547 0.774756  0.516185
10.54880046	750	0.380195 0.773319  0.515706
10.55391979	749	0.379956 0.779065  0.509960
10.55904769	749	0.383547 0.773319  0.522888
10.56416797	750	0.387138 0.772122  0.528156
10.56930446	750	0.382111 0.780502  0.523846
10.57444000	750	0.385702 0.775713  0.524085
10.57956790	748	0.383787 0.771643  0.511396
10.58469581	748	0.382829 0.775953  0.524804
10.58981990	750	0.382829 0.773798  0.518818
10.59496021	750	0.378998 0.768770  0.524564
10.60007953	749	0.381392 0.769728  0.520494
10.60521221	750	0.383308 0.776432  0.511396
10.61034393	749	0.383308 0.775953  0.521452
10.61548042	749	0.379477 0.773319  0.516663
10.62060356	748	0.377801 0.776432  0.519058
10.62572002	751	0.381153 0.776432  0.514030
10.63084030	748	0.382111 0.771404  0.525043
10.63596820	750	0.383547 0.772122  0.522888
10.64108371	750	0.380674 0.775713  0.525522
10.64620780	748	0.385941 0.773080  0.522649
10.65133571	749	0.378759 0.780023  0.529831
10.65646362	749	0.385941 0.776671  0.526480
10.66158008	748	0.386660 0.774516  0.520734
10.66671180	749	0.384026 0.773559  0.514269
10.67185592	747	0.384265 0.774038  0.525043
10.67700004	748	0.385702 0.776192  0.516663
10.68211555	749	0.382590 0.770686  0.517861
10.68724822	750	0.384026 0.773559  0.526958
10.69239234	748	0.378519 0.770686  0.521931
10.69752788	747	0.382350 0.775235  0.518818
10.70264816	749	0.386181 0.775713  0.529353
10.70778846	750	0.384265 0.774277  0.518818
10.71292781	750	0.383787 0.775474  0.519536
10.71806430	749	0.383787 0.771164  0.528395
##inga 
#ido(sec)  szog(ADC)     ax(g)    ay(g)   az(g)
10.72373962	750	0.386660 0.771883  0.517142
10.72902393	750	0.381871 0.769967  0.516424
10.73432445	750	0.378519 0.775713  0.527437
10.73955154	750	0.382590 0.784332  0.523128
10.74468040	750	0.380195 0.769728  0.520015
10.74981212	748	0.381632 0.773559  0.514269
10.75496006	750	0.383068 0.777150  0.524804
10.76008033	749	0.387138 0.769728  0.515706
10.76521587	749	0.389533 0.776192  0.517382
10.77034759	748	0.380674 0.774995  0.531747
10.77548789	748	0.385702 0.773080  0.510439
10.78061580	750	0.382350 0.776192  0.528156
10.78573989	750	0.384744 0.773798  0.518100
10.79087162	748	0.380914 0.772601  0.524325
10.79600811	750	0.384265 0.774995  0.512833
10.80115222	750	0.388096 0.776432  0.516663
10.80627155	749	0.385702 0.768531  0.523128
10.81140804	747	0.383068 0.773798  0.526240
10.81654834	749	0.383308 0.773559  0.527677
10.82168388	750	0.384026 0.771164  0.522888
10.82682037	748	0.380674 0.771164  0.515466
10.83195209	748	0.382350 0.774038  0.518818
10.83710002	750	0.382829 0.774277  0.518818
10.84223175	749	0.381392 0.770925  0.516185
10.84737586	750	0.385223 0.772601  0.511396
10.85250377	748	0.383068 0.770925  0.524085
10.85762786	749	0.382590 0.776432  0.516903
10.86275959	748	0.384744 0.772601  0.520494
10.86788845	750	0.383547 0.776911  0.522170
10.87302398	750	0.384265 0.770686  0.527677
10.87816429	749	0.382590 0.772840  0.523367
10.88327980	750	0.383308 0.774038  0.509720
10.88841629	749	0.381153 0.783375  0.520015	
