##inga 
#ido(sec)  szog(ADC)     ax(g)    ay(g)   az(g)
0.00171200	680	0.293766 0.622726  0.761348
0.00693200	679	0.291850 0.627993  0.752729
##inga 
#ido(sec)  szog(ADC)     ax(g)    ay(g)   az(g)
0.01316800	679	0.294244 0.630387  0.762067
0.01837600	677	0.294963 0.620571  0.757518
0.02358400	678	0.296160 0.626317  0.754405
0.02879600	679	0.301427 0.631345  0.755602
0.03383600	679	0.294723 0.622486  0.759194
0.03887600	676	0.297836 0.622486  0.758954
0.04392400	679	0.299751 0.627514  0.759433
0.04896000	679	0.290174 0.626556  0.759912
0.05398800	679	0.299751 0.619853  0.757997
0.05902000	679	0.292808 0.627514  0.762306
0.06403600	679	0.298554 0.626556  0.763264
0.06905600	676	0.292090 0.624401  0.750575
0.07406001	678	0.293287 0.618655  0.758715
0.07909201	678	0.296639 0.611952  0.762785
0.08412800	679	0.289217 0.622965  0.758715
0.08915201	678	0.293287 0.618655  0.756321
0.09419601	678	0.293766 0.620810  0.759912
0.09924000	676	0.291850 0.616501  0.763264
0.10427200	679	0.297357 0.620810  0.760870
0.10930000	677	0.291611 0.613388  0.753687
0.11433200	676	0.288977 0.615064  0.753687
0.11934800	679	0.297117 0.613388  0.767813
0.12437200	676	0.290893 0.617219  0.757278
0.12938799	678	0.291850 0.617937  0.764700
0.13441200	678	0.298075 0.624641  0.754884
0.13943600	679	0.289217 0.611473  0.762306
0.14445199	677	0.295202 0.617698  0.759912
0.14949600	679	0.293526 0.619853  0.755602
0.15454000	679	0.295920 0.622486  0.764221
0.15957599	679	0.296639 0.617458  0.763024
0.16462800	679	0.293287 0.618895  0.758475
0.16966800	679	0.297836 0.623923  0.750575
0.17468400	677	0.294723 0.626317  0.763503
0.17970000	676	0.297596 0.626077  0.751772
0.18471599	679	0.299751 0.628232  0.762067
0.18973999	679	0.297596 0.630866  0.748659
0.19476400	678	0.291132 0.629669  0.762306
0.19980400	679	0.300469 0.621768  0.761588
0.20482001	677	0.300948 0.627035  0.766137
0.20984399	678	0.295920 0.623444  0.764700
0.21487200	678	0.297117 0.619374  0.754645
0.21991600	679	0.294723 0.621768  0.752490
0.22494001	679	0.297117 0.622007  0.755363
0.22998001	679	0.301188 0.615782  0.762785
0.23501601	679	0.295920 0.622486  0.764221
0.24002799	679	0.297836 0.616980  0.767334
0.24506399	677	0.290174 0.619134  0.759433
0.25009200	679	0.291850 0.625838  0.757039
0.25510401	677	0.296160 0.614585  0.759433
0.26014399	679	0.287541 0.622247  0.755602
0.26517601	677	0.288498 0.616022  0.762785
0.27022001	679	0.291611 0.616022  0.769249
0.27527999	679	0.294244 0.623204  0.758954
0.28033599	679	0.286583 0.618177  0.751053
0.28536400	677	0.297596 0.614346  0.766616
0.29037599	679	0.292329 0.615304  0.752969
0.29539599	679	0.292568 0.617458  0.766616
0.30041999	678	0.294005 0.619853  0.759673
0.30544400	676	0.295442 0.621289  0.761109
0.31047999	678	0.295681 0.624401  0.762785
0.31552400	679	0.293287 0.616022  0.769010
0.32055602	676	0.301188 0.625120  0.759433
0.32559599	676	0.291371 0.624641  0.765897
0.33063600	679	0.297596 0.618655  0.755842
0.33568401	678	0.299272 0.620571  0.766616
0.34073200	678	0.299033 0.627514  0.763264
0.34575600	679	0.294244 0.624880  0.763982
0.35076401	679	0.293287 0.623923  0.746265
0.35580399	676	0.287541 0.628472  0.767813
0.36083600	680	0.296399 0.625120  0.765179
0.36585998	679	0.293526 0.626556  0.762546
0.37090001	680	0.294723 0.626317  0.756560
0.37593600	679	0.297836 0.619374  0.766616
0.38096799	679	0.293526 0.631823  0.756799
0.38601198	678	0.296399 0.630147  0.768052
0.39104800	678	0.296160 0.623444  0.764700
0.39607200	678	0.297357 0.619134  0.765179
0.40110001	677	0.296399 0.619374  0.759433
0.40612401	679	0.288498 0.617458  0.765658
0.41114802	679	0.296639 0.619853  0.762546
0.41618003	679	0.295442 0.620092  0.763264
0.42122001	679	0.292568 0.613388  0.757757
0.42624397	678	0.291850 0.621050  0.759194
0.43126802	679	0.297357 0.618416  0.753926
0.43629999	676	0.295442 0.613867  0.762306
0.44134001	679	0.296639 0.619134  0.770686
0.44637999	678	0.289695 0.618895  0.762067
0.45142402	677	0.284668 0.622965  0.759433
0.45645599	679	0.294963 0.616501  0.764940
0.46149997	678	0.292090 0.617219  0.759673
0.46652402	679	0.292090 0.616980  0.753208
0.47153601	679	0.297357 0.621050  0.756560
0.47654800	679	0.299272 0.626556  0.760630
0.48156399	679	0.293287 0.614585  0.764461
0.48659601	678	0.290414 0.616740  0.760151
0.49161200	679	0.295681 0.626796  0.753687
0.49665598	678	0.298554 0.620810  0.753926
0.50167999	679	0.292329 0.631345  0.761348
0.50671200	678	0.293766 0.625599  0.758715
0.51174402	678	0.297836 0.628472  0.752969
0.51679601	678	0.296639 0.623444  0.753448
##inga 
#ido(sec)  szog(ADC)     ax(g)    ay(g)   az(g)
0.52235598	678	0.297357 0.627993  0.756081
0.52759199	679	0.295681 0.629669  0.752251
0.53281998	679	0.297117 0.625838  0.766855
0.53795199	679	0.297117 0.615064  0.760870
0.54298000	679	0.299751 0.623204  0.755363
0.54799995	678	0.296160 0.623683  0.755602
0.55302000	678	0.293287 0.624401  0.762785
0.55805597	678	0.293287 0.621768  0.759433
0.56309199	679	0.298075 0.619374  0.761588
0.56813597	679	0.291850 0.620571  0.757757
0.57318000	679	0.293287 0.619134  0.767813
0.57821202	677	0.297117 0.618416  0.753926
0.58324403	679	0.288020 0.620331  0.756081
0.58825201	679	0.293766 0.617698  0.757518
0.59327602	679	0.297117 0.621768  0.753208
0.59829998	678	0.288977 0.617219  0.764461
0.60332398	679	0.291371 0.618895  0.763024
0.60834798	678	0.289217 0.606685  0.760630
0.61338801	676	0.293287 0.616740  0.755602
0.61842002	679	0.291850 0.617937  0.761827
0.62344799	678	0.294723 0.622726  0.759912
0.62849197	679	0.291611 0.618895  0.758715
0.63354802	677	0.294484 0.622247  0.756081
0.63856797	679	0.295442 0.626796  0.761827
0.64359598	677	0.292329 0.617937  0.757039
0.64862003	678	0.294484 0.616980  0.764461
0.65364403	679	0.290414 0.624162  0.757997
0.65866799	679	0.288020 0.626077  0.761588
0.66369600	679	0.295202 0.627753  0.758236
0.66870398	679	0.294484 0.621528  0.761588
0.67374000	679	0.295920 0.624162  0.763982
0.67876396	679	0.294244 0.625599  0.761588
0.68381204	678	0.293766 0.619853  0.759912
0.68885202	679	0.303103 0.622486  0.762306
0.69387197	679	0.298075 0.623204  0.751293
0.69889202	679	0.294723 0.623683  0.760870
0.70390801	679	0.297836 0.628472  0.766616
0.70894002	678	0.298793 0.627514  0.754405
0.71395597	679	0.296399 0.620571  0.760870
0.71897602	679	0.290174 0.623204  0.761588
0.72400803	679	0.292568 0.622247  0.757278
0.72904400	678	0.291371 0.624880  0.753208
0.73407602	678	0.289217 0.623444  0.756799
0.73912801	676	0.297836 0.622247  0.765179
0.74417595	679	0.296160 0.628950  0.751772
0.74920396	677	0.294963 0.616740  0.762067
0.75421600	677	0.294244 0.616980  0.757039
0.75923199	678	0.293526 0.617698  0.760151
0.76425600	680	0.290414 0.622247  0.765897
0.76928000	678	0.294723 0.621289  0.765179
0.77430396	677	0.290414 0.616501  0.756321
0.77933197	679	0.295442 0.616740  0.760630
0.78436398	679	0.297596 0.614107  0.763503
0.78940801	677	0.292329 0.614585  0.759912
0.79444799	679	0.297357 0.619613  0.762067
0.79949998	677	0.293766 0.613628  0.751772
0.80453596	677	0.295442 0.621050  0.751293
0.80957202	678	0.285865 0.617219  0.759433
0.81459598	679	0.290893 0.621050  0.759912
0.81960792	679	0.293526 0.622726  0.762067
0.82463197	679	0.287062 0.626556  0.751772
0.82966403	679	0.290893 0.620571  0.756081
0.83467998	679	0.293287 0.622726  0.761588
0.83971996	678	0.300948 0.624401  0.761827
0.84474802	676	0.294963 0.627993  0.764700
0.84977607	679	0.298793 0.619853  0.756560
0.85482797	679	0.296878 0.623923  0.765897
0.85986795	679	0.297117 0.627274  0.762785
0.86489200	676	0.299990 0.627993  0.768531
0.86990795	678	0.293526 0.625599  0.764940
0.87494001	677	0.291611 0.627514  0.758236
0.87997999	678	0.296160 0.629669  0.751772
0.88500394	680	0.295202 0.615782  0.763503
0.89003601	678	0.295681 0.627753  0.756560
0.89505996	679	0.288498 0.620331  0.759673
0.90010395	676	0.294963 0.622486  0.757757
0.90514802	677	0.300709 0.618655  0.765179
0.91016798	679	0.293047 0.621050  0.768531
0.91520395	679	0.292090 0.616740  0.758475
0.92021598	679	0.291850 0.625599  0.762546
0.92523994	679	0.293526 0.614346  0.759433
0.93027601	677	0.289217 0.615543  0.766137
0.93531198	679	0.290414 0.617458  0.759673
0.94033994	679	0.294005 0.621768  0.760391
0.94537200	679	0.294723 0.615543  0.763743
0.95039196	679	0.291850 0.620331  0.761827
0.95542402	678	0.296639 0.614585  0.762067
0.96046800	678	0.296160 0.621528  0.759912
0.96549997	679	0.290414 0.614585  0.761827
0.97053203	679	0.291611 0.615064  0.759912
0.97558002	679	0.292808 0.625120  0.757518
0.98060398	678	0.292329 0.623683  0.757997
0.98563594	679	0.295442 0.618655  0.764221
0.99065999	676	0.291371 0.624401  0.753448
0.99569206	677	0.299512 0.625359  0.762067
1.00072801	679	0.296399 0.623444  0.754166
1.00575602	678	0.294484 0.625838  0.752490
1.01079595	679	0.293526 0.623683  0.750335
1.01582002	679	0.293047 0.619613  0.757518
1.02085196	678	0.298075 0.631345  0.762067
1.02588796	678	0.299512 0.623444  0.760151
##inga 
#ido(sec)  szog(ADC)     ax(g)    ay(g)   az(g)
1.03147602	679	0.299990 0.622965  0.760630
1.03670394	679	0.296160 0.622965  0.757039
1.04193198	676	0.297357 0.626077  0.752251
1.04706001	679	0.297117 0.623204  0.760630
1.05207598	677	0.301427 0.622007  0.758236
1.05710804	677	0.289935 0.615543  0.761348
1.06214404	679	0.297596 0.625359  0.760391
1.06717598	679	0.291132 0.620092  0.766616
1.07221198	679	0.295442 0.620571  0.754645
1.07726395	678	0.289456 0.616022  0.761588
1.08231199	679	0.293766 0.617219  0.763264
1.08734798	678	0.291371 0.621050  0.759194
1.09240400	678	0.295442 0.617698  0.758475
1.09746003	677	0.294244 0.618177  0.755842
1.10251200	678	0.293287 0.622726  0.766616
1.10754799	677	0.291371 0.620571  0.767573
1.11257600	679	0.291850 0.621528  0.766855
1.11760401	679	0.297117 0.611712  0.756081
1.12261998	676	0.295920 0.617698  0.758715
1.12763595	679	0.288020 0.614825  0.759912
1.13266396	680	0.293766 0.616980  0.751532
1.13768398	678	0.295681 0.619613  0.759912
1.14273202	679	0.293047 0.619134  0.760870
1.14776802	678	0.291850 0.621050  0.760391
1.15280401	678	0.297117 0.625599  0.753208
1.15785598	677	0.294005 0.617937  0.751293
1.16288399	677	0.293526 0.621528  0.766137
1.16791999	678	0.295920 0.623923  0.763024
1.17294394	676	0.298075 0.625838  0.761109
1.17795598	679	0.296160 0.622486  0.752490
1.18297994	677	0.296878 0.626077  0.758954
1.18801200	679	0.297836 0.626317  0.763982
1.19303596	679	0.301906 0.629908  0.762785
1.19807600	678	0.301188 0.632302  0.755124
1.20311605	679	0.300469 0.627514  0.763743
1.20814394	677	0.298554 0.626317  0.751053
1.21319603	679	0.294963 0.622486  0.760391
1.21823596	679	0.297836 0.620571  0.752729
1.22326803	679	0.294005 0.624162  0.763982
1.22829198	676	0.291850 0.626077  0.759912
1.23331594	678	0.294963 0.619134  0.759912
1.23834800	676	0.292090 0.621289  0.760391
1.24336802	679	0.294244 0.624880  0.765897
1.24839997	677	0.287541 0.623204  0.761827
1.25343203	678	0.291850 0.619613  0.761827
1.25846803	679	0.293287 0.615304  0.752490
1.26351594	676	0.292329 0.619853  0.758236
1.26856803	680	0.297596 0.616022  0.757518
1.27362000	679	0.295681 0.619134  0.763743
1.27866005	679	0.294963 0.624162  0.753448
1.28368401	679	0.289217 0.608600  0.764461
1.28870797	679	0.289456 0.616501  0.758475
1.29372798	676	0.293287 0.625838  0.759433
1.29876399	678	0.293766 0.619613  0.753926
1.30380797	679	0.295442 0.619134  0.752969
1.30885994	679	0.291371 0.619613  0.768291
1.31389200	679	0.296399 0.622726  0.754884
1.31892395	679	0.294723 0.616261  0.761827
1.32395994	679	0.293047 0.624401  0.756321
1.32899594	679	0.295202 0.623444  0.768531
1.33403599	679	0.292090 0.620092  0.757997
1.33907604	678	0.296639 0.626317  0.763264
1.34410798	679	0.295442 0.629669  0.760630
1.34913194	677	0.294963 0.624641  0.755124
1.35415995	680	0.301427 0.627514  0.756321
1.35918402	679	0.294723 0.623204  0.762306
1.36420798	679	0.300948 0.627753  0.760151
1.36923599	679	0.296639 0.630147  0.759194
1.37428402	678	0.294244 0.621528  0.760870
1.37931597	678	0.299751 0.621528  0.765419
1.38436401	678	0.294484 0.632063  0.758475
1.38941597	679	0.295681 0.626317  0.758715
1.39445996	679	0.299751 0.622726  0.754405
1.39950394	679	0.288977 0.619374  0.761348
1.40453195	677	0.292090 0.616261  0.758475
1.40955600	678	0.292329 0.620810  0.753926
1.41457996	678	0.288977 0.620571  0.755124
1.41961598	676	0.296878 0.622965  0.763743
1.42464399	676	0.288259 0.615304  0.761348
1.42967996	679	0.294723 0.620571  0.758236
1.43471598	680	0.288498 0.616261  0.763264
1.43975601	677	0.295681 0.617698  0.755842
1.44480800	679	0.292568 0.620571  0.763024
1.44985198	679	0.289217 0.619374  0.755602
1.45489206	679	0.285865 0.622007  0.767334
1.45993995	679	0.291611 0.614585  0.758715
1.46498003	677	0.293287 0.614107  0.762306
1.47000398	679	0.294244 0.617698  0.761348
1.47503995	678	0.293526 0.620810  0.762785
1.48006000	679	0.293766 0.620092  0.757278
1.48508796	676	0.290653 0.617698  0.758236
1.49011602	679	0.289456 0.626077  0.760870
1.49513602	679	0.295920 0.616740  0.753687
1.50017595	678	0.299751 0.621289  0.753926
1.50521192	679	0.295202 0.624162  0.770925
1.51024398	679	0.300709 0.625359  0.762785
1.51528396	678	0.294963 0.628232  0.758236
1.52032399	679	0.298315 0.626077  0.754405
1.52535605	677	0.300709 0.628950  0.760151
1.53036794	677	0.296878 0.630147  0.755124
1.53539600	676	0.301188 0.621768  0.752729
##inga 
#ido(sec)  szog(ADC)     ax(g)    ay(g)   az(g)
1.54095993	676	0.296639 0.630387  0.766616
1.54620003	679	0.299751 0.624162  0.764700
1.55141997	680	0.294244 0.623444  0.754645
1.55656394	679	0.293526 0.627514  0.760870
1.56160402	679	0.297357 0.619613  0.764700
1.56663599	679	0.291611 0.621768  0.754645
1.57167997	677	0.295202 0.626077  0.765179
1.57671594	676	0.291611 0.618177  0.761348
1.58175191	680	0.293047 0.621768  0.751532
1.58677601	679	0.294244 0.616501  0.763982
1.59179997	679	0.294244 0.619613  0.762067
1.59683599	678	0.297117 0.616501  0.749138
1.60186805	679	0.292808 0.618416  0.767573
1.60689997	679	0.289935 0.613628  0.762306
1.61192798	680	0.291132 0.613388  0.761827
1.61695599	679	0.295202 0.618416  0.756321
1.62198805	678	0.287301 0.617937  0.759433
1.62701997	679	0.292568 0.614585  0.763503
1.63208398	680	0.294963 0.619613  0.744829
1.63714003	678	0.293047 0.617458  0.763264
1.64217195	676	0.294723 0.621050  0.753687
1.64720401	679	0.296399 0.623923  0.760391
1.65222797	679	0.294244 0.622726  0.763264
1.65725603	677	0.293766 0.618177  0.765897
1.66229200	677	0.300230 0.623204  0.756321
1.66731204	678	0.294723 0.627753  0.762785
1.67235603	679	0.296878 0.623683  0.753687
1.67738795	678	0.291132 0.624880  0.757039
1.68243598	679	0.294484 0.623683  0.759912
1.68746805	679	0.299512 0.620092  0.750335
1.69251594	679	0.298315 0.628711  0.758236
1.69756402	679	0.295442 0.624162  0.760391
1.70262002	676	0.295920 0.626796  0.767813
1.70765600	677	0.294723 0.628950  0.760391
1.71266794	678	0.297596 0.625599  0.748420
1.71769595	679	0.300948 0.626077  0.761827
1.72270002	679	0.295442 0.625359  0.758715
1.72773194	679	0.302145 0.621050  0.753208
1.73275194	679	0.298075 0.623204  0.757757
1.73779201	679	0.294005 0.618895  0.754884
1.74282798	679	0.296399 0.619374  0.760870
1.74786796	679	0.293287 0.619613  0.758475
1.75292005	679	0.288977 0.621768  0.754884
1.75796794	676	0.289456 0.613388  0.760870
1.76299200	679	0.289456 0.614825  0.762785
1.76802005	679	0.289456 0.614346  0.761348
1.77305197	679	0.294005 0.618655  0.758236
1.77807607	679	0.289935 0.617698  0.758236
1.78310394	679	0.294963 0.615782  0.758954
1.78812799	677	0.283471 0.618416  0.755602
1.79316797	679	0.297836 0.617937  0.766376
1.79819593	677	0.292808 0.625120  0.754645
1.80323600	679	0.292329 0.622486  0.774516
1.80827608	678	0.288020 0.621289  0.755842
1.81332006	679	0.292090 0.617937  0.754405
1.81835994	677	0.294484 0.620571  0.748180
1.82338800	679	0.290414 0.627753  0.753208
1.82840394	679	0.293526 0.619853  0.749138
1.83343601	679	0.295202 0.627993  0.757757
1.83846797	677	0.296399 0.627035  0.752011
1.84349203	678	0.295920 0.624641  0.768052
1.84852008	679	0.299751 0.620571  0.760151
1.85355997	679	0.299033 0.627274  0.749856
1.85860004	676	0.301427 0.625599  0.748659
1.86365203	679	0.295681 0.627753  0.757518
1.86869201	679	0.296160 0.625120  0.756081
1.87373600	679	0.292808 0.628232  0.768770
1.87876405	678	0.295920 0.628232  0.754645
1.88378801	679	0.297117 0.627993  0.761348
1.88882007	679	0.294244 0.624880  0.748899
1.89384403	676	0.301427 0.628711  0.757997
1.89887599	678	0.294244 0.617458  0.752251
1.90390796	679	0.299990 0.620571  0.754166
1.90893602	678	0.292090 0.622486  0.756081
1.91396408	679	0.294005 0.622486  0.758954
1.91899595	679	0.293047 0.614107  0.757997
1.92404403	677	0.289935 0.617458  0.752011
1.92910003	679	0.292808 0.619374  0.765897
1.93413600	676	0.294963 0.616501  0.754884
1.93917598	678	0.288020 0.622007  0.757997
1.94420804	678	0.288977 0.615304  0.760391
1.94923601	679	0.287541 0.617458  0.764940
1.95425996	678	0.288498 0.616980  0.765658
1.95928392	676	0.297117 0.621289  0.753687
1.96432399	677	0.296160 0.619613  0.750335
1.96936407	678	0.297117 0.616980  0.759673
1.97441196	677	0.291371 0.618895  0.758715
1.97945594	679	0.293766 0.621528  0.758475
1.98450002	680	0.294963 0.619134  0.755363
1.98953199	676	0.295202 0.621050  0.756560
1.99457597	679	0.292808 0.623923  0.764221
1.99960403	679	0.295681 0.623444  0.761827
2.00464391	678	0.297357 0.624641  0.763264
2.00967597	679	0.294723 0.628232  0.763024
2.01470804	678	0.295442 0.628950  0.754884
2.01973199	679	0.299272 0.622486  0.757518
2.02476406	679	0.300948 0.620092  0.757278
2.02977991	676	0.293766 0.623683  0.762785
2.03482794	679	0.297836 0.624401  0.757757
2.03986811	676	0.297596 0.630626  0.762546
2.04491591	679	0.296639 0.623683  0.757518
##inga 
#ido(sec)  szog(ADC)     ax(g)    ay(g)   az(g)
2.05049610	677	0.292090 0.623683  0.764221
2.05572390	680	0.292329 0.621050  0.763503
2.06094002	678	0.296399 0.622965  0.766616
2.06606006	679	0.294484 0.619374  0.758475
2.07108402	679	0.296160 0.623204  0.755602
2.07610797	679	0.289217 0.614107  0.761348
2.08114004	679	0.293526 0.622965  0.756081
2.08618402	676	0.294723 0.618895  0.759433
2.09121990	678	0.294963 0.619374  0.764700
2.09625196	678	0.293526 0.615064  0.751053
2.10130000	679	0.291850 0.620331  0.768291
2.10633611	679	0.293287 0.615064  0.757039
2.11137199	679	0.292568 0.622247  0.766137
2.11641192	679	0.293287 0.609318  0.762306
2.12146806	679	0.294005 0.623204  0.753208
2.12649202	677	0.292568 0.618655  0.763743
2.13152408	679	0.296160 0.621289  0.751532
2.13655591	678	0.288020 0.616501  0.766137
2.14158010	679	0.286104 0.619374  0.759194
2.14660406	677	0.296160 0.624162  0.759673
2.15163993	680	0.294963 0.631105  0.769249
2.15666794	677	0.292090 0.622726  0.763503
2.16169595	679	0.295202 0.629429  0.761827
2.16672801	678	0.293526 0.623683  0.754645
2.17177200	679	0.294484 0.627514  0.758236
2.17681193	679	0.295681 0.626317  0.761348
2.18185997	679	0.294484 0.630626  0.757518
2.18689203	677	0.298793 0.627274  0.757518
2.19192409	677	0.298315 0.628950  0.766137
2.19695591	678	0.299512 0.633978  0.757278
2.20198798	678	0.298075 0.614585  0.762067
2.20701599	679	0.294484 0.621528  0.763743
2.21204805	678	0.297836 0.627035  0.763743
2.21707201	678	0.290414 0.625599  0.754884
2.22212409	679	0.296399 0.623683  0.758715
2.22715997	677	0.291850 0.629908  0.754645
2.23218798	679	0.299512 0.620571  0.752011
2.23725199	679	0.292329 0.627993  0.763024
2.24230790	677	0.294723 0.619134  0.751053
2.24734807	678	0.295681 0.619853  0.759673
2.25238800	679	0.295681 0.621768  0.758475
2.25741195	680	0.290893 0.618655  0.758954
2.26242804	679	0.289935 0.623923  0.766855
2.26746010	678	0.296639 0.619134  0.765658
2.27248406	679	0.293766 0.616022  0.765179
2.27751207	678	0.295920 0.618655  0.754645
2.28255605	679	0.288259 0.619134  0.760870
2.28758406	676	0.288020 0.619613  0.755602
2.29260802	677	0.292808 0.618655  0.760391
2.29764389	679	0.292568 0.614585  0.761827
2.30267596	679	0.293047 0.621528  0.757278
2.30770802	678	0.292808 0.614107  0.762306
2.31273198	679	0.296399 0.624641  0.760870
2.31776404	679	0.289935 0.615064  0.764221
2.32278800	679	0.296399 0.622486  0.757278
2.32781195	679	0.292568 0.619134  0.758236
2.33283591	678	0.294005 0.621050  0.762067
2.33785200	679	0.291850 0.623444  0.751532
2.34287595	679	0.297596 0.630387  0.756081
2.34791994	679	0.300709 0.623444  0.754405
2.35294389	678	0.298793 0.626796  0.759673
2.35798001	679	0.299990 0.627993  0.769489
2.36300396	678	0.297357 0.623683  0.759433
2.36803603	678	0.299033 0.627274  0.763264
2.37305998	678	0.298315 0.625120  0.758475
2.37808394	679	0.290893 0.629908  0.757757
2.38310790	678	0.292090 0.621050  0.758236
2.38812804	678	0.297836 0.622486  0.757997
2.39316010	676	0.295681 0.624641  0.756560
2.39819598	679	0.294484 0.618895  0.759433
2.40325188	678	0.283949 0.622007  0.765658
2.40829205	679	0.290893 0.617937  0.762785
2.41333198	678	0.287541 0.626796  0.768052
2.41838002	677	0.294244 0.615304  0.760391
2.42341208	678	0.303103 0.615543  0.762546
2.42844796	678	0.289217 0.616501  0.752251
2.43348407	678	0.293287 0.621528  0.760391
2.43851590	680	0.296160 0.621050  0.759433
2.44353199	679	0.294484 0.618177  0.755602
2.44857192	679	0.291371 0.620331  0.761827
2.45359611	680	0.288020 0.622247  0.756560
2.45862007	677	0.286344 0.619374  0.759194
2.46366000	678	0.297357 0.617698  0.763024
2.46870803	677	0.297357 0.617458  0.760151
2.47375988	679	0.298315 0.619374  0.766137
2.47880411	678	0.292808 0.621528  0.759673
2.48383593	679	0.291371 0.620810  0.768770
2.48885989	678	0.299512 0.624641  0.759673
2.49390006	677	0.290653 0.628711  0.763264
2.49893188	677	0.297357 0.623204  0.758475
2.50396394	680	0.301188 0.625359  0.772601
2.50899600	680	0.297357 0.623923  0.756799
2.51403188	676	0.302624 0.621768  0.763024
2.51905989	679	0.291132 0.628950  0.757757
2.52411198	676	0.297357 0.628711  0.754166
2.52913999	679	0.292568 0.630626  0.758475
2.53418803	678	0.296639 0.623923  0.757997
2.53923606	676	0.297357 0.622486  0.755842
2.54427599	678	0.296639 0.622965  0.757518
2.54931592	679	0.294963 0.623204  0.755124
2.55433988	676	0.300469 0.621768  0.755602
##inga 
#ido(sec)  szog(ADC)     ax(g)    ay(g)   az(g)
2.55988407	679	0.299272 0.624401  0.770207
2.56509590	679	0.298793 0.620810  0.760630
2.57031607	679	0.292329 0.624401  0.756081
2.57546401	677	0.290414 0.625599  0.761109
2.58051204	679	0.293287 0.623204  0.761588
2.58555603	679	0.297117 0.618895  0.763743
2.59060788	679	0.292090 0.616501  0.760870
2.59563589	677	0.284668 0.609797  0.747702
2.60068392	676	0.289456 0.616022  0.765658
2.60572409	679	0.293526 0.612191  0.759433
2.61075997	679	0.292090 0.614107  0.757039
2.61577200	679	0.286104 0.617698  0.758715
2.62078809	679	0.294484 0.623204  0.766616
2.62581992	679	0.292808 0.616261  0.753926
2.63084411	679	0.292568 0.621768  0.758954
2.63588404	679	0.296160 0.616261  0.757757
2.64091610	677	0.297117 0.621528  0.760151
2.64595603	679	0.291611 0.617698  0.759673
2.65101194	677	0.293047 0.624401  0.756321
2.65605998	677	0.296160 0.619134  0.752969
2.66110801	678	0.293766 0.622726  0.767094
2.66615605	677	0.288498 0.625599  0.768531
2.67119598	679	0.291611 0.618655  0.759433
2.67621994	677	0.301906 0.625359  0.767573
2.68124008	679	0.296399 0.633739  0.759194
2.68626403	676	0.298554 0.622965  0.756081
2.69129991	676	0.299272 0.624401  0.763503
2.69633197	678	0.291132 0.618416  0.758954
2.70136809	678	0.297117 0.631105  0.761109
2.70641207	676	0.293287 0.625359  0.766376
2.71144390	679	0.295442 0.628232  0.758236
2.71649599	677	0.288020 0.622247  0.766855
2.72153210	677	0.299272 0.629190  0.753687
2.72657203	677	0.295920 0.621050  0.759912
2.73160409	678	0.299751 0.625120  0.754884
2.73661994	679	0.291371 0.627035  0.760391
2.74165201	679	0.296639 0.615304  0.766376
2.74668407	678	0.292808 0.615304  0.753926
2.75170803	679	0.288498 0.616261  0.763743
2.75673604	679	0.295202 0.614585  0.766616
2.76177191	679	0.288020 0.614107  0.758236
2.76681208	678	0.290414 0.619134  0.762067
2.77184391	679	0.287301 0.619374  0.759673
2.77688407	679	0.295202 0.615064  0.762067
2.78193211	679	0.293526 0.620571  0.758954
2.78696799	679	0.287301 0.617219  0.760391
2.79199600	679	0.292329 0.619134  0.752729
2.79701995	679	0.289456 0.617937  0.764940
2.80204391	678	0.287780 0.617937  0.759673
2.80706806	679	0.292808 0.615543  0.758715
2.81209201	678	0.295681 0.620092  0.763743
2.81711597	678	0.293287 0.619374  0.761348
2.82214813	676	0.294244 0.624641  0.752251
2.82718391	677	0.294005 0.620571  0.752729
2.83222789	679	0.296160 0.628232  0.751772
2.83726005	679	0.298793 0.621050  0.757278
2.84229993	679	0.299990 0.625599  0.766855
2.84733200	678	0.301188 0.629669  0.762546
2.85236406	679	0.296160 0.627274  0.763264
2.85739593	678	0.293287 0.626317  0.761827
2.86243610	679	0.301666 0.623683  0.756081
2.86746006	678	0.296878 0.626077  0.757278
2.87249202	676	0.296160 0.630387  0.768052
2.87751598	678	0.290893 0.624401  0.760870
2.88255596	679	0.297117 0.625359  0.761348
2.88760395	676	0.293766 0.621289  0.757757
2.89265995	679	0.295202 0.618655  0.761109
2.89770793	678	0.297357 0.628232  0.752011
2.90275592	676	0.290414 0.621050  0.757278
2.90778808	678	0.296160 0.618655  0.769249
2.91281204	679	0.291850 0.621050  0.757997
2.91783599	678	0.296878 0.621050  0.759194
2.92285995	679	0.291371 0.621768  0.765419
2.92790393	679	0.289935 0.615543  0.750814
2.93294000	679	0.293047 0.614585  0.760630
2.93797206	679	0.294244 0.617458  0.756081
2.94302005	680	0.296639 0.611952  0.763503
2.94806003	676	0.290174 0.616980  0.761109
2.95308399	676	0.288498 0.616501  0.755124
2.95813198	677	0.296639 0.616980  0.759194
2.96316795	678	0.291132 0.627514  0.757997
2.96819210	678	0.286583 0.617219  0.759433
2.97321605	677	0.294723 0.621768  0.759433
2.97825193	679	0.290893 0.617698  0.759912
2.98327589	679	0.290893 0.620810  0.760870
2.98830013	679	0.292568 0.632302  0.757039
2.99332408	677	0.296878 0.626317  0.758236
2.99834804	677	0.299751 0.626077  0.765179
3.00338006	677	0.296878 0.625120  0.762785
3.00841188	679	0.294963 0.628472  0.757997
3.01347589	678	0.294244 0.625599  0.757039
3.01853609	678	0.296639 0.630626  0.753926
3.02358007	678	0.298793 0.622965  0.756799
3.02862000	677	0.299990 0.625120  0.762306
3.03362798	678	0.301906 0.623444  0.762785
3.03865599	678	0.292329 0.623923  0.756799
3.04368400	676	0.295920 0.626317  0.762546
3.04871606	679	0.296399 0.627274  0.751772
3.05375599	679	0.291850 0.629669  0.762067
3.05877995	679	0.301427 0.624162  0.761588
3.06381988	680	0.288738 0.623204  0.755602
##inga 
#ido(sec)  szog(ADC)     ax(g)    ay(g)   az(g)
3.06938791	676	0.291611 0.618416  0.750814
3.07462811	679	0.296160 0.615304  0.754166
3.07985210	676	0.293287 0.614585  0.756321
3.08498811	679	0.297117 0.618416  0.754884
3.09002399	679	0.292090 0.616022  0.763264
3.09504008	679	0.283471 0.616261  0.766616
3.10008406	679	0.290893 0.618655  0.762067
3.10509991	679	0.291611 0.613149  0.759433
3.11014389	679	0.290893 0.615064  0.752729
3.11517596	676	0.291611 0.621050  0.760870
3.12019610	679	0.295202 0.616022  0.770925
3.12523603	679	0.291611 0.616501  0.758475
3.13028788	679	0.297357 0.617698  0.757278
3.13533997	678	0.293287 0.619134  0.755842
3.14038801	678	0.295442 0.619134  0.767573
3.14543604	679	0.292568 0.617458  0.757518
3.15047597	678	0.299990 0.623923  0.757757
3.15549993	678	0.293287 0.622247  0.759433
3.16054010	677	0.299512 0.621289  0.759912
3.16556406	676	0.298075 0.619853  0.758475
3.17058801	677	0.291611 0.623204  0.759912
3.17562007	679	0.294723 0.625599  0.756321
3.18066000	680	0.291371 0.623923  0.761348
3.18569588	678	0.297117 0.626796  0.754645
3.19075608	678	0.301427 0.625838  0.756560
3.19579601	679	0.295681 0.627753  0.757997
3.20083999	677	0.302863 0.629190  0.764700
3.20587992	679	0.297357 0.627035  0.758475
3.21092391	679	0.298793 0.632781  0.763024
3.21594405	679	0.296160 0.621768  0.756081
3.22097206	678	0.294723 0.622726  0.763264
3.22600388	679	0.294005 0.622486  0.760630
3.23101592	678	0.293047 0.621528  0.754884
3.23605990	679	0.293766 0.620331  0.751293
3.24109196	679	0.297357 0.622726  0.765179
3.24613595	679	0.294484 0.617219  0.760391
3.25117206	678	0.291371 0.622486  0.755363
3.25621604	679	0.288498 0.619853  0.753448
3.26127195	680	0.293526 0.618655  0.757757
3.26633191	679	0.294484 0.616501  0.754645
3.27138805	679	0.290653 0.618416  0.757997
3.27642011	677	0.292329 0.616501  0.759433
3.28145194	679	0.294244 0.618416  0.768052
3.28647589	679	0.293047 0.620810  0.757518
3.29150009	679	0.292329 0.616501  0.763503
3.29653191	679	0.295920 0.614346  0.760391
3.30156397	678	0.291850 0.619853  0.759194
3.30660390	679	0.295920 0.628472  0.751532
3.31163597	677	0.293766 0.621050  0.759433
3.31667590	679	0.300709 0.627753  0.761348
3.32170009	676	0.298554 0.626796  0.762546
3.32674789	677	0.293287 0.622486  0.760630
3.33179593	679	0.293047 0.620331  0.758475
3.33682799	678	0.298554 0.623923  0.756560
3.34186005	676	0.296399 0.627274  0.758475
3.34688401	677	0.297357 0.623444  0.757039
3.35190796	679	0.298554 0.624880  0.759912
3.35693192	679	0.299512 0.626077  0.762067
3.36196398	679	0.300469 0.629669  0.766855
3.36698794	679	0.297357 0.622486  0.767813
3.37203598	679	0.294244 0.629190  0.758475
3.37708806	677	0.298075 0.626556  0.749856
3.38212394	679	0.294723 0.629908  0.758475
3.38717198	677	0.301188 0.625599  0.759673
3.39222002	679	0.299033 0.620571  0.759673
3.39725995	679	0.297117 0.622486  0.756560
3.40229201	679	0.296878 0.624401  0.765179
3.40731596	679	0.294963 0.615782  0.757997
3.41234397	676	0.291132 0.616261  0.764700
3.41738009	678	0.295202 0.616501  0.754645
3.42241597	679	0.288259 0.617698  0.766616
3.42744398	678	0.292568 0.619613  0.755124
3.43246793	679	0.292090 0.620571  0.749378
3.43750405	679	0.289935 0.618416  0.753687
3.44253993	679	0.292568 0.623683  0.760391
3.44758796	677	0.290414 0.613149  0.758954
3.45262002	678	0.295202 0.611473  0.758954
3.45764398	679	0.293287 0.615543  0.757997
3.46267604	678	0.290893 0.621768  0.762067
3.46770000	678	0.292329 0.619853  0.761109
3.47272396	677	0.296160 0.620092  0.760630
3.47774004	678	0.290653 0.620571  0.762546
3.48277592	680	0.289456 0.617937  0.754884
3.48781204	679	0.292090 0.620571  0.758715
3.49284410	678	0.294005 0.625359  0.765658
3.49787211	679	0.294244 0.623444  0.768770
3.50292801	678	0.298075 0.618177  0.759433
3.50797200	679	0.298554 0.621768  0.758954
3.51299595	678	0.297596 0.624880  0.761109
3.51802802	679	0.293526 0.625599  0.766855
3.52306008	679	0.300709 0.627514  0.760391
3.52807593	679	0.292329 0.620331  0.763264
3.53310799	678	0.297357 0.628950  0.758236
3.53813195	679	0.293526 0.629669  0.756081
3.54315996	679	0.293047 0.629908  0.760870
3.54817199	678	0.297117 0.627514  0.754405
3.55321192	677	0.296160 0.619853  0.764461
3.55824398	679	0.295681 0.623204  0.759912
3.56329989	679	0.290893 0.622486  0.761827
3.56834006	679	0.292808 0.621289  0.759433
3.57337188	677	0.289935 0.622247  0.760151
##inga 
#ido(sec)  szog(ADC)     ax(g)    ay(g)   az(g)
3.57893204	679	0.295920 0.624162  0.753448
3.58417201	678	0.291850 0.619853  0.757997
3.58939599	678	0.292090 0.616501  0.757518
3.59451603	678	0.295202 0.614346  0.759673
3.59955596	679	0.290893 0.613388  0.764221
3.60457992	679	0.286344 0.616740  0.761588
3.60963201	679	0.295681 0.621050  0.758475
3.61467599	679	0.289695 0.615064  0.759194
3.61972403	678	0.297117 0.620810  0.756799
3.62477588	678	0.290893 0.608600  0.762306
3.62981605	679	0.291371 0.619134  0.753687
3.63486003	679	0.290174 0.616740  0.758236
3.63988399	679	0.291611 0.620571  0.757518
3.64491605	679	0.289935 0.620092  0.766616
3.64995193	679	0.296399 0.617937  0.760870
3.65497207	677	0.294005 0.622007  0.762306
3.65998792	679	0.291611 0.623923  0.750814
3.66503190	676	0.299272 0.622486  0.765419
3.67007589	679	0.291371 0.627035  0.761588
3.67512798	679	0.294484 0.622486  0.757997
3.68017196	678	0.297117 0.625838  0.761348
3.68522405	679	0.299272 0.622007  0.753926
3.69027590	678	0.292568 0.632063  0.762306
3.69532394	679	0.299512 0.620810  0.757997
3.70035600	677	0.298075 0.627035  0.769249
3.70536398	678	0.299990 0.621050  0.760391
3.71037197	678	0.300230 0.628950  0.754884
3.71537995	679	0.300230 0.625120  0.761588
3.72040390	679	0.302624 0.620331  0.758715
3.72543597	678	0.289695 0.629669  0.755124
3.73047208	678	0.297357 0.625120  0.763264
3.73550796	677	0.293287 0.620571  0.755124
3.74054408	679	0.298793 0.625599  0.757757
3.74560809	679	0.296639 0.615064  0.750335
3.75065994	679	0.289695 0.625599  0.752729
3.75570797	677	0.297117 0.615064  0.752490
3.76074004	677	0.294963 0.619134  0.764700
3.76576399	679	0.285147 0.622726  0.761348
3.77081608	679	0.295681 0.621289  0.753208
3.77584004	679	0.294723 0.612670  0.760391
3.78088402	676	0.293047 0.624880  0.761827
3.78590393	679	0.290174 0.614346  0.756560
3.79092788	679	0.293766 0.619853  0.764700
3.79596400	679	0.289217 0.611952  0.764940
3.80100393	679	0.294484 0.616980  0.760630
3.80604000	679	0.290414 0.620331  0.765658
3.81107997	676	0.293047 0.620571  0.755842
3.81612396	678	0.293526 0.617219  0.757757
3.82115602	679	0.291850 0.623204  0.749378
3.82617998	678	0.291611 0.619853  0.756799
3.83120393	678	0.296160 0.621768  0.764700
3.83621997	678	0.293526 0.626556  0.754884
3.84125213	679	0.297836 0.626317  0.761827
3.84628009	677	0.289695 0.621528  0.757997
3.85132007	679	0.298315 0.621528  0.766616
3.85635585	678	0.297117 0.624162  0.754645
3.86140394	679	0.296639 0.628711  0.763264
3.86644792	679	0.303582 0.627514  0.766376
3.87148399	679	0.301188 0.627274  0.763982
3.87651996	678	0.298793 0.617458  0.762785
3.88156013	677	0.300709 0.622726  0.763264
3.88658409	676	0.295681 0.622486  0.760870
3.89160394	678	0.290893 0.625838  0.755363
3.89662790	679	0.303103 0.625120  0.764700
3.90165214	679	0.288259 0.618895  0.757518
3.90669612	679	0.294723 0.621528  0.755602
3.91173601	678	0.288977 0.618416  0.754884
3.91677999	678	0.294723 0.623204  0.766855
3.92182807	679	0.299751 0.617458  0.772840
3.92688388	678	0.293047 0.628950  0.761109
3.93191604	676	0.294244 0.613628  0.760630
3.93694000	679	0.294484 0.620810  0.764221
3.94196395	679	0.295920 0.617937  0.758715
3.94699592	679	0.291371 0.613628  0.760151
3.95202808	677	0.297596 0.616261  0.758954
3.95706386	677	0.294005 0.618895  0.748899
3.96207599	679	0.290653 0.620092  0.761109
3.96710395	679	0.292090 0.619134  0.753208
3.97212791	676	0.296639 0.618416  0.755602
3.97716407	679	0.291371 0.612670  0.752729
3.98219604	679	0.290414 0.622247  0.761588
3.98725204	679	0.295202 0.624162  0.760870
3.99228811	679	0.293287 0.623444  0.757278
3.99732398	679	0.297117 0.621768  0.759194
4.00236415	679	0.291611 0.624162  0.769489
4.00739622	679	0.302863 0.619134  0.758475
4.01242017	679	0.299990 0.628232  0.759912
4.01744413	678	0.297596 0.621289  0.757518
4.02249193	679	0.295920 0.626556  0.763264
4.02752399	677	0.298315 0.628711  0.760630
4.03255987	679	0.296160 0.623444  0.754166
4.03759193	679	0.294723 0.626796  0.753687
4.04264402	679	0.299751 0.622965  0.751053
4.04769611	676	0.299990 0.623683  0.751772
4.05272388	679	0.294005 0.624641  0.765419
4.05776786	679	0.292090 0.625120  0.746505
4.06277990	677	0.294723 0.626317  0.757518
4.06781578	679	0.297836 0.621050  0.758475
4.07283592	679	0.293766 0.616980  0.767573
4.07786798	678	0.293766 0.619853  0.756799
4.08290386	680	0.296639 0.617698  0.757757
##inga 
#ido(sec)  szog(ADC)     ax(g)    ay(g)   az(g)
4.08847999	678	0.292329 0.617219  0.754645
4.09371995	678	0.289695 0.618655  0.755842
4.09893989	679	0.287541 0.616261  0.754645
4.10407590	678	0.287301 0.618655  0.756321
4.10911178	679	0.292329 0.615543  0.757997
4.11416387	678	0.295681 0.617219  0.764461
4.11921215	679	0.291850 0.621289  0.751293
4.12424421	679	0.290174 0.616740  0.753926
4.12927198	677	0.298315 0.619134  0.762067
4.13430023	679	0.298075 0.618895  0.763743
4.13932418	679	0.292329 0.633020  0.751293
4.14434814	679	0.294005 0.622007  0.755124
4.14937210	679	0.290893 0.620331  0.760870
4.15439605	679	0.292329 0.622486  0.754645
4.15944385	677	0.298554 0.618177  0.748899
4.16449213	678	0.291371 0.621768  0.757757
4.16955184	679	0.295681 0.625359  0.762546
4.17460393	679	0.298315 0.628232  0.758715
4.17964410	679	0.298793 0.622965  0.756321
4.18469190	679	0.295920 0.622965  0.766855
4.18971586	679	0.297117 0.626317  0.759194
4.19475221	679	0.299990 0.625838  0.760870
4.19975614	679	0.301188 0.621528  0.759912
4.20478010	679	0.296639 0.620331  0.761588
4.20980787	678	0.298075 0.624401  0.758236
4.21485185	679	0.295202 0.627514  0.758715
4.21987581	678	0.300948 0.623923  0.764700
4.22489595	676	0.296639 0.625838  0.756321
4.22993993	677	0.297117 0.628232  0.755363
4.23498392	679	0.291371 0.617219  0.766616
4.24001979	677	0.294723 0.619853  0.754166
4.24505996	679	0.283949 0.616022  0.759433
4.25008392	677	0.295681 0.618655  0.758715
4.25510787	679	0.297117 0.618655  0.749617
4.26013994	679	0.292568 0.625838  0.762067
4.26518011	678	0.288738 0.615304  0.770446
4.27020788	679	0.290414 0.619374  0.759194
4.27524423	678	0.289217 0.614825  0.754405
4.28027582	680	0.294005 0.613628  0.768291
4.28530406	678	0.289456 0.620331  0.758475
4.29035615	679	0.292090 0.620810  0.764700
4.29538011	679	0.290414 0.615782  0.758954
4.30040407	679	0.297357 0.626077  0.752490
4.30541992	679	0.292329 0.617937  0.752729
4.31045198	679	0.294244 0.622486  0.760151
4.31547594	680	0.290893 0.616980  0.753208
4.32049179	680	0.297357 0.621289  0.762067
4.32552814	678	0.292568 0.622726  0.755363
4.33055591	677	0.302145 0.620331  0.764461
4.33559608	676	0.296639 0.624401  0.772840
4.34063577	678	0.301666 0.626796  0.760151
4.34568786	679	0.300230 0.619613  0.758954
4.35072422	679	0.296160 0.629669  0.763503
4.35576009	679	0.294723 0.628472  0.755124
4.36080408	678	0.295681 0.622965  0.758954
4.36583614	679	0.289695 0.628711  0.757039
4.37086820	679	0.297596 0.626796  0.763264
4.37589216	679	0.297836 0.625599  0.767334
4.38092803	678	0.295920 0.619134  0.764940
4.38596010	679	0.296160 0.620810  0.760151
4.39098405	679	0.304300 0.627035  0.761827
4.39601612	679	0.295442 0.622247  0.755363
4.40104389	679	0.293526 0.620810  0.770925
4.40608787	676	0.296160 0.619853  0.756321
4.41112804	678	0.293766 0.621050  0.762067
4.41616392	676	0.298315 0.620571  0.765179
4.42120409	679	0.294244 0.621528  0.753687
4.42623996	679	0.290414 0.616980  0.762785
4.43126392	677	0.287541 0.619134  0.743632
4.43629980	678	0.292090 0.619613  0.757518
4.44132423	677	0.289695 0.621528  0.769010
4.44635581	678	0.290414 0.614346  0.760870
4.45137596	676	0.285625 0.620810  0.751772
4.45641183	676	0.292329 0.619374  0.756081
4.46144390	676	0.293766 0.620810  0.762546
4.46648788	678	0.289217 0.619134  0.753448
4.47153997	678	0.287780 0.617458  0.760870
4.47657203	676	0.294244 0.623444  0.761588
4.48160409	677	0.294723 0.621528  0.759194
4.48663616	679	0.294484 0.621050  0.754166
4.49166011	677	0.299512 0.620571  0.762067
4.49669599	679	0.293766 0.622965  0.756560
4.50172376	678	0.298315 0.627035  0.754884
4.50676393	679	0.292808 0.624401  0.754645
4.51179981	677	0.294005 0.623683  0.754645
4.51682806	679	0.300709 0.624880  0.759673
4.52186822	680	0.297596 0.622726  0.759673
4.52692794	679	0.299033 0.624401  0.756799
4.53197193	676	0.286583 0.627035  0.754405
4.53701210	679	0.295681 0.623923  0.765658
4.54203605	679	0.297596 0.625599  0.760870
4.54706001	679	0.298315 0.624162  0.765897
4.55209207	679	0.293766 0.621768  0.761827
4.55712413	678	0.294484 0.625359  0.763503
4.56215190	679	0.292329 0.624162  0.750575
4.56718015	676	0.291371 0.627035  0.759912
4.57222795	677	0.301427 0.622486  0.761827
4.57726001	679	0.291371 0.618895  0.748659
4.58230400	677	0.294244 0.614107  0.756560
4.58735990	679	0.294244 0.615543  0.760151
4.59239196	678	0.290174 0.618416  0.765897
##inga 
#ido(sec)  szog(ADC)     ax(g)    ay(g)   az(g)
4.59796380	679	0.290174 0.616022  0.757039
4.60319185	679	0.294005 0.618895  0.756799
4.60841989	678	0.296878 0.619853  0.764461
4.61354017	678	0.293287 0.613628  0.757997
4.61857986	680	0.292808 0.617937  0.758236
4.62361621	679	0.291132 0.616501  0.756321
4.62864780	677	0.287780 0.623683  0.763503
4.63367223	679	0.294484 0.617937  0.751772
4.63870382	678	0.291850 0.622965  0.763503
4.64373207	679	0.290653 0.616980  0.755363
4.64876794	679	0.295681 0.625838  0.761348
4.65381622	677	0.300230 0.622965  0.762785
4.65884399	676	0.294244 0.619853  0.757757
4.66387605	679	0.293766 0.619613  0.753448
4.66891622	679	0.291850 0.629190  0.757757
4.67393207	679	0.292090 0.625359  0.760391
4.67894792	677	0.299272 0.625359  0.759433
4.68397998	679	0.295920 0.620571  0.756560
4.68902015	679	0.293766 0.628472  0.759194
4.69406414	679	0.299272 0.624880  0.767573
4.69910001	677	0.291371 0.622486  0.757278
4.70415210	679	0.303582 0.617698  0.759433
4.70919179	676	0.294963 0.626796  0.757518
4.71424007	680	0.295442 0.622007  0.763743
4.71928405	677	0.292329 0.623444  0.761588
4.72431612	679	0.291850 0.619613  0.756081
4.72934007	678	0.296160 0.622486  0.749378
4.73437213	679	0.291371 0.618416  0.763024
4.73939990	679	0.300709 0.626077  0.753926
4.74441194	679	0.292090 0.616022  0.755842
4.74943590	678	0.295920 0.615782  0.757278
4.75447177	678	0.287062 0.617937  0.757278
4.75950813	679	0.290414 0.615782  0.767813
4.76454019	679	0.289935 0.613149  0.757997
4.76959609	679	0.288977 0.619613  0.754405
4.77463197	678	0.292329 0.615304  0.767573
4.77966785	677	0.290893 0.614585  0.766855
4.78469181	679	0.284668 0.617458  0.761109
4.78971576	677	0.293526 0.615064  0.763264
4.79474782	679	0.290174 0.621289  0.756560
4.79977178	678	0.289935 0.616980  0.762306
4.80481195	679	0.294963 0.618655  0.759433
4.80984783	679	0.291850 0.622965  0.766616
4.81486415	679	0.290653 0.621050  0.762785
4.81990003	679	0.292329 0.625599  0.762546
4.82494783	679	0.291132 0.616261  0.755124
4.82999610	679	0.292808 0.619374  0.757997
4.83502006	679	0.296160 0.619853  0.763743
4.84007215	678	0.291850 0.626077  0.759673
4.84509611	679	0.290414 0.626556  0.754645
4.85012388	678	0.294723 0.629429  0.754166
4.85515594	679	0.294005 0.625599  0.767573
4.86018419	680	0.293287 0.622247  0.757518
4.86523580	679	0.299990 0.628711  0.752729
4.87026405	678	0.295920 0.622726  0.765658
4.87530803	680	0.296878 0.625120  0.770207
4.88034009	679	0.299990 0.619134  0.766855
4.88537216	679	0.295920 0.627514  0.756081
4.89040803	679	0.296160 0.621528  0.760870
4.89544391	678	0.294244 0.621289  0.756560
4.90048408	679	0.287780 0.625599  0.755842
4.90550804	678	0.294484 0.622486  0.762067
4.91053199	679	0.297836 0.625599  0.761827
4.91556406	678	0.293526 0.618655  0.753448
4.92059612	678	0.294723 0.619613  0.756321
4.92563581	679	0.292329 0.618895  0.755842
4.93067216	676	0.286583 0.614585  0.768531
4.93569993	678	0.290893 0.619374  0.753448
4.94074010	676	0.293766 0.616261  0.763264
4.94577217	678	0.289695 0.619853  0.756799
4.95082378	679	0.294005 0.615782  0.758715
4.95585203	679	0.294484 0.614585  0.753687
4.96088409	678	0.293047 0.626317  0.762306
4.96590805	679	0.288738 0.614107  0.756799
4.97094392	679	0.292808 0.620092  0.749856
4.97596788	677	0.293287 0.617219  0.755124
4.98100805	677	0.297117 0.620331  0.766137
4.98603582	679	0.292808 0.618895  0.763503
4.99105978	677	0.293047 0.622007  0.762785
4.99609613	677	0.290893 0.621768  0.746265
5.00113201	678	0.295442 0.625359  0.749856
5.00617980	678	0.290174 0.624880  0.754166
5.01120376	679	0.298793 0.630626  0.768531
5.01625204	679	0.296878 0.622247  0.765419
5.02128410	679	0.300469 0.629669  0.757757
5.02629995	678	0.297596 0.627035  0.766376
5.03132390	679	0.295920 0.626317  0.761109
5.03634786	676	0.295681 0.622486  0.749138
5.04137992	677	0.296639 0.628472  0.769489
5.04641580	680	0.300709 0.621768  0.759194
5.05143976	678	0.288498 0.623683  0.761827
5.05646800	679	0.298315 0.625838  0.763264
5.06151199	679	0.289695 0.622486  0.759912
5.06655979	679	0.290893 0.617698  0.755124
5.07161188	676	0.294723 0.623683  0.755842
5.07664394	677	0.297357 0.619853  0.759194
5.08167600	679	0.293287 0.620571  0.759912
5.08669185	677	0.289695 0.622247  0.764940
5.09171581	679	0.290653 0.616022  0.756799
5.09673976	677	0.293766 0.616501  0.761348
5.10177183	679	0.296878 0.619134  0.762067
##inga 
#ido(sec)  szog(ADC)     ax(g)    ay(g)   az(g)
5.10734415	679	0.290414 0.616980  0.747462
5.11258411	678	0.289456 0.618895  0.769010
5.11780786	679	0.288498 0.618655  0.768531
5.12294387	676	0.292808 0.619374  0.757518
5.12798023	678	0.290174 0.618416  0.759912
5.13301181	677	0.290414 0.613628  0.769249
5.13803577	679	0.291371 0.623923  0.755602
5.14306783	678	0.288977 0.619374  0.762785
5.14809989	678	0.293526 0.623204  0.753448
5.15312385	680	0.293287 0.625359  0.758715
5.15815591	678	0.292568 0.621768  0.758475
5.16319608	678	0.297117 0.618895  0.765179
5.16824007	676	0.293526 0.622965  0.759673
5.17327213	679	0.294723 0.627274  0.751532
5.17830801	679	0.296160 0.626077  0.762546
5.18334007	677	0.295920 0.624162  0.759433
5.18837976	679	0.296639 0.627274  0.756321
5.19341993	677	0.295920 0.625599  0.754405
5.19844388	679	0.295681 0.626556  0.757278
5.20347595	678	0.294484 0.623923  0.761588
5.20851182	677	0.294723 0.627274  0.759194
5.21354007	677	0.295920 0.625599  0.755124
5.21856403	679	0.297836 0.625359  0.760630
5.22359609	678	0.293287 0.621768  0.766855
5.22863578	679	0.291611 0.620092  0.760391
5.23367595	679	0.293287 0.616740  0.748420
5.23871612	676	0.296399 0.624401  0.748899
5.24376010	677	0.294963 0.617698  0.754166
5.24879980	676	0.293766 0.614585  0.758715
5.25383615	677	0.294484 0.618416  0.755602
5.25886011	679	0.296399 0.620571  0.750096
5.26389217	678	0.291611 0.621050  0.760151
5.26891994	677	0.289935 0.616980  0.753926
5.27395200	677	0.289935 0.617698  0.764221
5.27897596	678	0.293047 0.617698  0.767334
5.28400421	678	0.288020 0.618895  0.760391
5.28904008	678	0.292329 0.620810  0.757039
5.29407596	679	0.291132 0.612191  0.758954
5.29911613	677	0.294963 0.617937  0.752490
5.30415582	679	0.288738 0.624401  0.761827
5.30919218	679	0.294005 0.617937  0.761109
5.31421184	677	0.295681 0.617458  0.757997
5.31925201	676	0.293766 0.623444  0.758475
5.32428407	680	0.292568 0.623683  0.758954
5.32931613	679	0.301666 0.623204  0.757757
5.33434009	679	0.297836 0.621050  0.758475
5.33936023	679	0.299272 0.628950  0.762067
5.34438800	679	0.294963 0.623683  0.756560
5.34941577	679	0.294723 0.624401  0.765419
5.35445976	679	0.299990 0.623444  0.755602
5.35948419	677	0.298075 0.629190  0.755124
5.36450815	679	0.286822 0.627274  0.766376
5.36954021	678	0.302145 0.625599  0.766137
5.37458801	679	0.297357 0.625120  0.758236
5.37962007	678	0.293287 0.627514  0.765658
5.38464403	677	0.297596 0.628232  0.767573
5.38967609	679	0.296878 0.623444  0.762306
5.39470005	679	0.297117 0.620092  0.758475
5.39975214	678	0.294244 0.622007  0.761109
5.40478420	679	0.296878 0.617937  0.756799
5.40981197	679	0.288977 0.620810  0.759194
5.41485214	677	0.290893 0.617698  0.750096
5.41989183	678	0.294963 0.618895  0.756081
5.42494010	679	0.291611 0.614346  0.765419
5.42999219	678	0.288977 0.618655  0.765179
5.43503618	679	0.290653 0.614825  0.764221
5.44006776	677	0.292808 0.611952  0.765179
5.44509983	680	0.294963 0.615543  0.752490
5.45012378	679	0.291132 0.619134  0.759673
5.45516395	678	0.296878 0.620092  0.753448
5.46018791	679	0.297357 0.616740  0.763264
5.46521615	678	0.288738 0.618177  0.769728
5.47026014	678	0.292808 0.620331  0.756560
5.47529602	678	0.291132 0.618177  0.757997
5.48033618	679	0.294723 0.622247  0.750814
5.48539209	679	0.283471 0.617937  0.753208
5.49043607	677	0.294484 0.617458  0.759912
5.49547576	677	0.292568 0.626556  0.756799
5.50050783	679	0.295920 0.624162  0.763743
5.50554418	679	0.299751 0.621050  0.762785
5.51056814	676	0.293526 0.623204  0.750814
5.51558399	679	0.298075 0.627993  0.763264
5.52060413	677	0.298315 0.625838  0.755124
5.52564382	676	0.298554 0.620810  0.760391
5.53067207	679	0.302145 0.626317  0.757278
5.53570795	678	0.298554 0.627514  0.757757
5.54074811	678	0.295202 0.626796  0.759673
5.54578018	679	0.302624 0.620810  0.755842
5.55082798	676	0.299990 0.628711  0.765897
5.55585193	677	0.292808 0.620331  0.753687
5.56086397	679	0.294005 0.619134  0.760870
5.56588792	679	0.294244 0.624162  0.755363
5.57092380	678	0.291371 0.619134  0.756081
5.57596397	679	0.292568 0.625120  0.761109
5.58100414	677	0.293287 0.618416  0.758236
5.58603191	678	0.291371 0.616022  0.754405
5.59108018	676	0.289935 0.615543  0.758715
5.59611177	678	0.298793 0.619134  0.754166
5.60114002	677	0.292808 0.611233  0.761827
5.60617208	679	0.288977 0.618177  0.758475
5.61121177	678	0.293287 0.619374  0.755842
##inga 
#ido(sec)  szog(ADC)     ax(g)    ay(g)   az(g)
5.61678409	679	0.288977 0.617937  0.762785
5.62201595	678	0.288259 0.620571  0.760870
5.62724018	679	0.296639 0.616261  0.751772
5.63238000	679	0.288977 0.617458  0.750575
5.63740396	677	0.298554 0.618895  0.758715
5.64243602	679	0.294963 0.621528  0.754645
5.64748001	678	0.292568 0.626317  0.752251
5.65251207	678	0.289456 0.626317  0.763264
5.65754795	677	0.294484 0.617219  0.757997
5.66259622	679	0.290653 0.625359  0.754645
5.66765594	679	0.297357 0.621768  0.765179
5.67269182	679	0.299033 0.623683  0.761827
5.67773199	678	0.289935 0.625359  0.751293
5.68275976	676	0.296878 0.621050  0.760151
5.68778419	677	0.301666 0.625599  0.757518
5.69282007	680	0.291371 0.625599  0.758475
5.69785213	679	0.292090 0.626317  0.759673
5.70287609	676	0.293047 0.624401  0.759433
5.70790815	678	0.296639 0.626317  0.764940
5.71294021	679	0.301666 0.627035  0.758715
5.71797990	679	0.300948 0.620331  0.751053
5.72301197	678	0.296399 0.622007  0.749378
5.72806787	679	0.294963 0.618177  0.759912
5.73312807	679	0.301666 0.624641  0.761348
5.73816394	679	0.281795 0.622486  0.768052
5.74319601	677	0.291850 0.621768  0.762785
5.74822807	679	0.296399 0.619853  0.753687
5.75326395	678	0.288977 0.618895  0.759194
5.75828409	678	0.297836 0.620810  0.758954
5.76330804	679	0.289456 0.625599  0.749138
5.76834392	679	0.293287 0.617698  0.764461
5.77338409	679	0.290893 0.623923  0.754405
5.77841186	676	0.291132 0.611952  0.752251
5.78344392	676	0.290653 0.616980  0.764700
5.78847599	679	0.289217 0.619853  0.756081
5.79351186	677	0.292808 0.614107  0.757997
5.79854393	679	0.287541 0.621289  0.761109
5.80357217	679	0.296639 0.619613  0.763024
5.80860376	678	0.291132 0.616980  0.762306
5.81363582	677	0.297836 0.618416  0.750575
5.81866788	677	0.291611 0.622486  0.763982
5.82370376	678	0.295202 0.624880  0.757757
5.82873201	678	0.296878 0.622965  0.753687
5.83376789	679	0.300709 0.627274  0.759433
5.83880376	678	0.294244 0.623204  0.759433
5.84383583	679	0.295202 0.618177  0.761109
5.84887599	679	0.296160 0.626556  0.766376
5.85391616	679	0.296399 0.619853  0.753926
5.85895586	679	0.299990 0.629429  0.762067
5.86397600	679	0.292808 0.624880  0.757518
5.86899185	679	0.297357 0.632302  0.763503
5.87402009	679	0.303103 0.624641  0.762785
5.87904405	678	0.299751 0.628472  0.753926
5.88407611	679	0.291371 0.620092  0.761348
5.88910818	679	0.290414 0.625599  0.760151
5.89415597	679	0.300230 0.617937  0.757997
5.89918804	678	0.290414 0.620810  0.756560
5.90422391	679	0.292568 0.617219  0.755124
5.90925979	678	0.298075 0.617219  0.759673
5.91429996	676	0.289695 0.616501  0.758236
5.91934013	677	0.295442 0.616980  0.748659
5.92437601	679	0.296878 0.614585  0.764461
5.92940807	679	0.297117 0.620092  0.764700
5.93444395	677	0.293047 0.615304  0.754405
5.93946790	676	0.287301 0.616980  0.761827
5.94449186	678	0.294244 0.617937  0.748899
5.94953203	679	0.288498 0.618655  0.757039
5.95456790	677	0.295681 0.617937  0.752490
5.95960378	676	0.286822 0.620571  0.764461
5.96464395	679	0.293287 0.616022  0.763503
5.96969223	679	0.296878 0.619613  0.756081
5.97472000	677	0.291132 0.620571  0.762546
5.97975587	679	0.300469 0.622486  0.761348
5.98477983	678	0.293766 0.619613  0.752969
5.98981618	677	0.300948 0.624401  0.762546
5.99483585	679	0.299033 0.619853  0.761109
5.99987220	678	0.298793 0.624401  0.761827
6.00489616	677	0.294244 0.625120  0.751053
6.00991582	679	0.297357 0.622726  0.751772
6.01495218	676	0.293287 0.622726  0.759194
6.02000379	678	0.297117 0.622247  0.757997
6.02504777	679	0.294723 0.623683  0.761588
6.03009176	676	0.296399 0.615543  0.765658
6.03512382	679	0.299033 0.620571  0.760630
6.04016017	678	0.294723 0.622486  0.766616
6.04519605	676	0.294723 0.624401  0.767094
6.05022001	678	0.298793 0.624162  0.760870
6.05524396	679	0.294723 0.622965  0.757997
6.06027603	676	0.294723 0.625359  0.759433
6.06530380	679	0.290414 0.623683  0.767573
6.07033205	677	0.294484 0.625599  0.758475
6.07538795	677	0.293526 0.617698  0.756560
6.08043193	679	0.298793 0.624162  0.758715
6.08546400	679	0.293526 0.617219  0.760870
6.09049606	678	0.296878 0.620331  0.756560
6.09554386	679	0.296639 0.616980  0.768052
6.10056400	676	0.288259 0.619374  0.759912
6.10559606	679	0.290653 0.616740  0.750575
6.11060380	679	0.290653 0.612909  0.754645
6.11561203	678	0.292090 0.614107  0.769967
6.12063980	679	0.291611 0.618416  0.757757
##inga 
#ido(sec)  szog(ADC)     ax(g)    ay(g)   az(g)
6.12621593	679	0.293766 0.615064  0.753208
6.13145589	678	0.292568 0.627514  0.756321
6.13670396	678	0.292090 0.610994  0.756560
6.14182806	677	0.294723 0.625599  0.762785
6.14689588	679	0.296160 0.627274  0.751772
6.15193176	679	0.294005 0.625120  0.757997
6.15695619	679	0.292808 0.628472  0.752729
6.16196823	677	0.295681 0.623683  0.760870
6.16698789	679	0.293766 0.622247  0.755124
6.17202806	679	0.291850 0.625599  0.757518
6.17705202	677	0.299751 0.622486  0.771883
6.18208408	679	0.298554 0.626317  0.768770
6.18713188	678	0.294723 0.624880  0.750575
6.19216823	677	0.296399 0.623204  0.762785
6.19721221	678	0.295442 0.629669  0.750814
6.20226001	677	0.298075 0.631105  0.766376
6.20729207	679	0.296639 0.627753  0.756799
6.21232795	678	0.296878 0.626556  0.755363
6.21735191	677	0.294244 0.623683  0.763024
6.22237586	679	0.291371 0.623683  0.759433
6.22739982	679	0.296639 0.617458  0.768770
6.23242378	679	0.296878 0.620331  0.761348
6.23745584	678	0.300948 0.624880  0.757518
6.24247980	679	0.291132 0.621768  0.755124
6.24750804	680	0.293047 0.624162  0.750575
6.25254821	679	0.286822 0.617458  0.754166
6.25757217	679	0.291850 0.622726  0.758236
6.26261997	679	0.294244 0.621050  0.762306
6.26766777	679	0.284668 0.625359  0.766376
6.27270793	678	0.291850 0.618655  0.759433
6.27774000	679	0.295681 0.613388  0.766616
6.28276395	679	0.292568 0.610515  0.761348
6.28779220	677	0.296399 0.615304  0.763743
6.29281616	678	0.288977 0.619853  0.756081
6.29785585	679	0.290653 0.613388  0.757278
6.30288791	678	0.294484 0.620810  0.762067
6.30790805	679	0.296399 0.619853  0.770446
6.31295585	677	0.290893 0.619134  0.760391
6.31798791	677	0.289935 0.617219  0.769728
6.32302379	680	0.295442 0.622486  0.767094
6.32806777	679	0.292568 0.629190  0.751772
6.33311986	677	0.294723 0.622247  0.759194
6.33814811	677	0.301427 0.627993  0.754166
6.34317207	678	0.290414 0.619134  0.765419
6.34821176	679	0.297357 0.621289  0.754645
6.35323190	676	0.290653 0.624880  0.763982
6.35824394	679	0.300709 0.622726  0.757757
6.36326789	678	0.296639 0.624880  0.762785
6.36831617	677	0.299272 0.625359  0.761348
6.37335586	679	0.295681 0.629429  0.752490
6.37839221	679	0.296639 0.624162  0.764461
6.38343191	679	0.290653 0.623923  0.753926
6.38847589	678	0.295202 0.628232  0.755842
6.39350414	679	0.293766 0.622965  0.763743
6.39854001	679	0.300230 0.621289  0.746505
6.40356397	677	0.292090 0.622247  0.764700
6.40857601	679	0.289935 0.617698  0.762306
6.41359615	679	0.296399 0.621528  0.756321
6.41862392	679	0.292568 0.619613  0.752011
6.42364788	679	0.290893 0.618655  0.757039
6.42868423	679	0.296639 0.615064  0.759433
6.43371582	679	0.288977 0.616261  0.757518
6.43875217	679	0.288020 0.616980  0.761348
6.44377994	679	0.293047 0.617219  0.757039
6.44881200	678	0.289935 0.620810  0.769967
6.45383596	679	0.298554 0.618655  0.751293
6.45887613	678	0.288977 0.620092  0.764461
6.46390008	679	0.288738 0.619613  0.760151
6.46893215	678	0.294963 0.621768  0.757757
6.47395181	677	0.289456 0.617698  0.758715
6.47898006	679	0.294005 0.623444  0.758236
6.48401212	679	0.290174 0.620571  0.753208
6.48905181	679	0.292808 0.619613  0.758475
6.49408388	679	0.296399 0.624401  0.758715
6.49913978	678	0.295920 0.617458  0.765897
6.50417613	679	0.290414 0.617219  0.758475
6.50920009	679	0.289217 0.632781  0.761827
6.51422405	679	0.296399 0.624162  0.755602
6.51924800	676	0.294244 0.626556  0.763024
6.52426815	679	0.296160 0.619613  0.765897
6.52929210	676	0.298793 0.626077  0.758236
6.53431606	679	0.294005 0.619374  0.755363
6.53933191	679	0.295442 0.625599  0.759194
6.54438781	679	0.297836 0.627514  0.757757
6.54943990	677	0.293766 0.621768  0.760151
6.55448007	678	0.292329 0.622486  0.759433
6.55953216	677	0.293766 0.618655  0.764940
6.56458806	676	0.295920 0.619134  0.761109
6.56961202	678	0.297357 0.622247  0.760870
6.57464408	677	0.299990 0.616022  0.759433
6.57965993	679	0.295681 0.625120  0.758475
6.58469200	676	0.291850 0.618416  0.760151
6.58970785	679	0.289456 0.624401  0.758954
6.59473991	680	0.289935 0.621289  0.757278
6.59978818	678	0.300469 0.619134  0.759433
6.60480785	676	0.282034 0.616261  0.755363
6.60984420	677	0.294963 0.615064  0.759673
6.61489582	677	0.292808 0.621289  0.755124
6.61993217	677	0.293287 0.614107  0.756799
6.62498807	678	0.290414 0.619134  0.753926
6.63001203	679	0.299751 0.615304  0.759673
##inga 
#ido(sec)  szog(ADC)     ax(g)    ay(g)   az(g)
6.63558387	676	0.289695 0.617937  0.761348
6.64083576	677	0.298793 0.620092  0.759673
6.64605617	679	0.290893 0.622965  0.761109
6.65118789	679	0.298554 0.622965  0.758715
6.65622806	679	0.295442 0.619134  0.759194
6.66127204	679	0.294723 0.623923  0.762306
6.66630411	679	0.295442 0.626077  0.758475
6.67135620	678	0.294484 0.622965  0.757039
6.67640399	679	0.297836 0.622726  0.757997
6.68144416	677	0.295920 0.626556  0.762306
6.68649196	679	0.294005 0.620810  0.752011
6.69151592	679	0.293526 0.622486  0.760151
6.69654798	679	0.293287 0.626077  0.755842
6.70157623	679	0.297117 0.626077  0.763264
6.70661211	676	0.300709 0.628950  0.756799
6.71161985	677	0.298315 0.624641  0.761348
6.71666002	679	0.296878 0.627514  0.757757
6.72169589	679	0.299272 0.619374  0.758715
6.72673988	678	0.295920 0.622726  0.753448
6.73178005	676	0.298554 0.617698  0.765179
6.73682785	679	0.297117 0.617937  0.751053
6.74185991	679	0.288738 0.616980  0.759433
6.74689579	679	0.293287 0.621528  0.758475
6.75193214	679	0.296878 0.621050  0.760391
6.75695610	679	0.288977 0.619134  0.760630
6.76198005	679	0.293047 0.625359  0.757039
6.76700782	679	0.292568 0.617219  0.763982
6.77203178	679	0.291371 0.617698  0.750335
6.77706813	678	0.294244 0.620810  0.759433
6.78209590	679	0.286583 0.615064  0.759912
6.78713178	678	0.293047 0.621050  0.754405
6.79215621	679	0.290414 0.621528  0.766855
6.79718780	679	0.291611 0.618895  0.756081
6.80224418	676	0.294244 0.616261  0.753448
6.80730009	679	0.294005 0.618655  0.767813
6.81233215	678	0.290414 0.625599  0.755602
6.81736421	676	0.296399 0.613388  0.761348
6.82239198	679	0.291850 0.624162  0.761588
6.82742786	678	0.297357 0.616980  0.759912
6.83245992	678	0.291850 0.625359  0.759673
6.83749198	679	0.294244 0.624880  0.759194
6.84252023	678	0.295202 0.622965  0.753448
6.84755992	679	0.301188 0.629429  0.761827
6.85259580	678	0.297836 0.624162  0.763503
6.85763597	678	0.298554 0.619134  0.760630
6.86267995	678	0.300469 0.626317  0.752729
6.86770009	679	0.291850 0.625120  0.763743
6.87273216	679	0.299272 0.624641  0.752729
6.87775993	678	0.293287 0.625599  0.754166
6.88279581	676	0.299990 0.623444  0.769728
6.88781976	679	0.296878 0.626077  0.761827
6.89284420	679	0.295681 0.624162  0.761588
6.89787578	679	0.295442 0.625359  0.752251
6.90291213	678	0.294005 0.625599  0.751772
6.90795612	679	0.289456 0.620331  0.753208
6.91299581	679	0.295681 0.617698  0.749856
6.91803598	679	0.296160 0.622247  0.756081
6.92308807	679	0.284907 0.621289  0.756321
6.92813205	679	0.298075 0.624641  0.768291
6.93315601	677	0.292329 0.618416  0.764461
6.93819189	680	0.288977 0.612670  0.761827
6.94321203	676	0.288977 0.614825  0.763264
6.94825220	677	0.301188 0.619374  0.764940
6.95327615	679	0.297357 0.616261  0.757518
6.95830821	679	0.294244 0.623204  0.755363
6.96333980	679	0.289935 0.618416  0.763743
6.96837186	678	0.288498 0.617219  0.758475
6.97341203	679	0.296639 0.613628  0.756081
6.97845220	677	0.287541 0.621050  0.756560
6.98350000	676	0.291611 0.622007  0.758475
6.98854017	678	0.292808 0.621768  0.764461
6.99358415	678	0.292808 0.619134  0.759433
6.99861192	679	0.295681 0.620092  0.761348
7.00364398	677	0.294963 0.621050  0.752490
7.00866794	679	0.294963 0.627514  0.762306
7.01369619	679	0.292808 0.629908  0.754405
7.01873207	679	0.296878 0.630626  0.766137
7.02375221	677	0.293766 0.625599  0.763024
7.02880382	678	0.297117 0.628711  0.759194
7.03385591	679	0.297596 0.619613  0.760870
7.03888416	679	0.297357 0.620571  0.756321
7.04392814	679	0.296878 0.621528  0.760151
7.04897212	680	0.294963 0.627753  0.756081
7.05399608	679	0.294963 0.624401  0.753208
7.05902814	679	0.290653 0.625120  0.761109
7.06405210	679	0.291371 0.624880  0.759673
7.06907606	679	0.290174 0.623204  0.763264
7.07410001	679	0.293526 0.616261  0.760870
7.07913589	678	0.299751 0.618177  0.760391
7.08416795	679	0.295202 0.616980  0.754166
7.08919191	679	0.296160 0.619134  0.754166
7.09422016	679	0.295202 0.615304  0.750096
7.09925985	678	0.290414 0.617937  0.753926
7.10429191	679	0.292329 0.615304  0.754166
7.10933208	679	0.293526 0.622726  0.761109
7.11436414	679	0.291132 0.616261  0.755124
7.11940383	679	0.293526 0.616501  0.752251
7.12444400	678	0.293287 0.616740  0.762546
7.12946796	679	0.298075 0.622965  0.762067
7.13447999	679	0.291611 0.619853  0.760630
7.13952398	677	0.295920 0.617219  0.756799
##inga 
#ido(sec)  szog(ADC)     ax(g)    ay(g)   az(g)
7.14508819	677	0.290414 0.622007  0.753687
7.15031623	679	0.295920 0.622247  0.759194
7.15554809	676	0.297836 0.621050  0.757039
7.16069221	679	0.293526 0.622486  0.762306
7.16574001	676	0.297596 0.627274  0.753208
7.17078018	679	0.292808 0.626796  0.756081
7.17580413	678	0.297596 0.623204  0.757518
7.18083620	679	0.294723 0.626796  0.754166
7.18586015	679	0.298315 0.619853  0.759912
7.19089603	678	0.300469 0.627993  0.763982
7.19590806	677	0.300948 0.624401  0.755602
7.20092821	679	0.297117 0.625599  0.757039
7.20597219	676	0.297117 0.629669  0.757997
7.21102809	677	0.296399 0.629669  0.754405
7.21607208	676	0.294484 0.614825  0.765658
7.22110795	677	0.292808 0.623923  0.762306
7.22614812	679	0.291371 0.622965  0.761109
7.23119592	676	0.293287 0.621768  0.766137
7.23622417	679	0.295202 0.622726  0.757997
7.24124813	678	0.297836 0.623923  0.752729
7.24628400	679	0.292329 0.624401  0.765658
7.25130796	679	0.289456 0.623204  0.755842
7.25634002	677	0.296639 0.617698  0.765419
7.26138019	679	0.292808 0.620571  0.761827
7.26641607	679	0.288977 0.619853  0.753687
7.27145576	679	0.291371 0.616980  0.761109
7.27649211	677	0.288977 0.616261  0.760151
7.28152418	678	0.293766 0.618416  0.757039
7.28657197	678	0.294484 0.622486  0.760391
7.29162788	676	0.288259 0.616261  0.761348
7.29665994	677	0.292329 0.621050  0.756560
7.30168819	679	0.294005 0.613867  0.765658
7.30671215	678	0.292329 0.619374  0.755842
7.31173992	676	0.289456 0.626317  0.760151
7.31676387	676	0.288977 0.620092  0.758236
7.32179594	679	0.290893 0.624641  0.754166
7.32682800	678	0.293766 0.618655  0.757518
7.33186006	679	0.294723 0.619374  0.757757
7.33690023	677	0.298554 0.624401  0.768052
7.34193611	678	0.299512 0.618895  0.762546
7.34700012	679	0.295681 0.622486  0.756799
7.35205221	679	0.290174 0.622486  0.757518
7.35709190	677	0.295442 0.623923  0.758475
7.36212396	679	0.301906 0.622486  0.759194
7.36713981	677	0.293047 0.621289  0.757518
7.37216377	679	0.300469 0.628232  0.763743
7.37718820	679	0.298315 0.626077  0.753926
7.38221979	679	0.295202 0.619134  0.750096
7.38724803	679	0.294484 0.621528  0.763024
7.39228820	676	0.298075 0.625359  0.758475
7.39733219	679	0.293287 0.619613  0.756321
7.40237188	679	0.293766 0.622486  0.757039
7.40742015	677	0.297357 0.623683  0.754405
7.41247177	679	0.304539 0.619374  0.757039
7.41750001	676	0.296399 0.619374  0.757039
7.42252397	678	0.289695 0.614107  0.757518
7.42754793	679	0.293047 0.618895  0.760630
7.43255615	679	0.293526 0.617937  0.756560
7.43758010	679	0.294723 0.621768  0.762067
7.44261217	678	0.297836 0.621050  0.757518
7.44763612	678	0.300709 0.623204  0.749856
7.45266819	679	0.288738 0.617937  0.753208
7.45769977	678	0.294723 0.617698  0.763503
7.46275615	676	0.292568 0.616501  0.758715
7.46780395	679	0.293526 0.619853  0.764940
7.47285985	679	0.292808 0.617458  0.766137
7.47790002	678	0.290174 0.619853  0.760151
7.48292398	679	0.291132 0.623923  0.751293
7.48795986	679	0.300469 0.621050  0.754405
7.49298000	679	0.287062 0.620810  0.764700
7.49796819	679	0.293287 0.625838  0.755124
7.50300788	678	0.299512 0.621528  0.754645
7.50803995	679	0.297117 0.628232  0.744589
7.51309204	676	0.294963 0.623683  0.758954
7.51813220	677	0.295681 0.617937  0.764461
7.52316808	677	0.289456 0.623683  0.755363
7.52820396	676	0.296399 0.628232  0.758954
7.53323984	677	0.291132 0.629669  0.766137
7.53828382	678	0.300469 0.617937  0.756560
7.54330015	678	0.297117 0.622726  0.757039
7.54833984	678	0.296639 0.622965  0.757518
7.55337619	676	0.298554 0.618895  0.749617
7.55840396	677	0.304300 0.624880  0.761588
7.56341981	679	0.294963 0.618655  0.754884
7.56843996	677	0.294963 0.623923  0.756321
7.57348394	679	0.289456 0.621768  0.761588
7.57852792	676	0.294963 0.618655  0.757997
7.58357620	678	0.293047 0.619374  0.754166
7.58860397	677	0.296160 0.619853  0.753926
7.59365177	676	0.297596 0.623204  0.755602
7.59867620	679	0.295202 0.617698  0.751053
7.60370016	679	0.291371 0.616022  0.755363
7.60873985	678	0.295442 0.616501  0.764700
7.61375617	679	0.291611 0.619134  0.751293
7.61879587	679	0.295920 0.623204  0.762546
7.62382411	679	0.290414 0.620092  0.752729
7.62885999	679	0.294484 0.619374  0.750335
7.63389587	679	0.296639 0.621289  0.758715
7.63893222	679	0.292808 0.621528  0.749617
7.64397192	679	0.297836 0.617698  0.762067
7.64903211	677	0.293766 0.628232  0.765897
##inga 
#ido(sec)  szog(ADC)     ax(g)    ay(g)   az(g)
7.65459585	678	0.295202 0.618177  0.763264
7.65984821	679	0.295681 0.620331  0.752011
7.66507577	678	0.290893 0.622965  0.761348
7.67020797	678	0.293526 0.616980  0.758715
7.67524385	679	0.291850 0.627035  0.752729
7.68026018	677	0.291371 0.624162  0.762067
7.68529987	678	0.298075 0.627993  0.764461
7.69032382	678	0.295202 0.625120  0.771404
7.69535589	679	0.299033 0.616501  0.757039
7.70039606	677	0.293526 0.621768  0.749378
7.70544385	678	0.298315 0.624641  0.763743
7.71049213	679	0.296639 0.627274  0.758715
7.71553182	679	0.299512 0.619613  0.768770
7.72056818	678	0.292329 0.622726  0.761348
7.72561216	680	0.297836 0.634457  0.751293
7.73064422	679	0.298075 0.627514  0.752251
7.73567581	677	0.289935 0.621768  0.751053
7.74069976	677	0.297117 0.618655  0.764700
7.74573183	679	0.299512 0.619853  0.756799
7.75077199	678	0.298315 0.619613  0.755363
7.75580787	676	0.293047 0.626317  0.759673
7.76083993	677	0.295442 0.623204  0.761827
7.76587581	679	0.285147 0.613388  0.762306
7.77092409	678	0.296639 0.621050  0.758236
7.77597999	677	0.297836 0.617698  0.758475
7.78102016	679	0.287780 0.619134  0.759673
7.78604412	678	0.292568 0.618895  0.764461
7.79107618	676	0.284668 0.619134  0.758236
7.79611587	679	0.291850 0.617219  0.771643
7.80113983	679	0.298315 0.618655  0.760870
7.80618000	679	0.295442 0.622007  0.753687
7.81122016	679	0.292568 0.623444  0.754166
7.81625223	679	0.290653 0.619853  0.768052
7.82129192	678	0.291611 0.614346  0.762785
7.82633590	679	0.296878 0.626317  0.761348
7.83136796	676	0.300230 0.622007  0.762306
7.83640384	680	0.295681 0.615064  0.764700
7.84143590	677	0.298075 0.628232  0.758954
7.84645986	678	0.298315 0.623204  0.758954
7.85149621	677	0.295442 0.629429  0.757997
7.85652399	678	0.296878 0.621528  0.757278
7.86155605	679	0.297357 0.626317  0.752490
7.86658382	679	0.297836 0.625120  0.755124
7.87162399	679	0.293766 0.625120  0.757039
7.87665987	676	0.297117 0.628950  0.758954
7.88170814	678	0.294723 0.623204  0.766137
7.88674783	678	0.291132 0.627753  0.760391
7.89179182	679	0.292808 0.620571  0.756560
7.89683580	679	0.297357 0.624880  0.758236
7.90186786	677	0.296878 0.623923  0.758475
7.90689182	678	0.299033 0.624401  0.763264
7.91191577	676	0.292568 0.614585  0.755842
7.91694402	679	0.292568 0.622726  0.757997
7.92197990	676	0.287541 0.621528  0.766376
7.92701196	679	0.294244 0.620092  0.767334
7.93204784	679	0.298554 0.616261  0.757997
7.93708801	676	0.295920 0.617458  0.763503
7.94213199	680	0.294723 0.619134  0.754166
7.94716405	677	0.291371 0.612670  0.751053
7.95220804	678	0.288977 0.616980  0.765179
7.95725202	679	0.290174 0.624401  0.760391
7.96228790	678	0.288498 0.616022  0.753926
7.96731615	679	0.290893 0.615304  0.759433
7.97234010	678	0.293766 0.620571  0.760151
7.97736406	679	0.292808 0.622007  0.766616
7.98239612	679	0.293766 0.618177  0.760870
7.98743200	679	0.299272 0.621050  0.753687
7.99244785	679	0.295681 0.626077  0.754884
7.99749183	679	0.288738 0.622007  0.763264
8.00253200	679	0.294723 0.622965  0.761348
8.00756835	679	0.299512 0.624401  0.758954
8.01262378	679	0.296399 0.621528  0.761588
8.01766777	677	0.293766 0.624401  0.758954
8.02270793	679	0.290653 0.621768  0.759912
8.02773189	679	0.298075 0.627753  0.759194
8.03275585	676	0.294484 0.625838  0.769728
8.03777980	678	0.298315 0.630387  0.760630
8.04279232	679	0.301188 0.625599  0.752490
8.04781627	678	0.290653 0.623923  0.763503
8.05284786	679	0.293047 0.624162  0.766616
8.05787181	678	0.294244 0.624641  0.757997
8.06291580	679	0.293766 0.621768  0.758475
8.06795215	678	0.296399 0.624880  0.757039
8.07298755	678	0.294963 0.619134  0.771643
8.07803630	679	0.290174 0.619613  0.763264
8.08307170	678	0.288020 0.617937  0.754884
8.08809185	678	0.293526 0.621768  0.762785
8.09312438	676	0.291850 0.619374  0.765658
8.09814834	679	0.295202 0.621768  0.757039
8.10317230	678	0.286583 0.621289  0.763024
8.10820388	676	0.291132 0.616980  0.758236
8.11323165	679	0.289695 0.613867  0.758715
8.11827564	680	0.291850 0.616261  0.755842
8.12331581	679	0.294005 0.610515  0.756081
8.12835216	679	0.293287 0.619134  0.753208
8.13339614	679	0.292329 0.617458  0.760391
8.13844394	679	0.288259 0.623683  0.754645
8.14346790	679	0.292090 0.621528  0.761348
8.14849185	677	0.298554 0.620331  0.758236
8.15352439	679	0.295681 0.622965  0.756321
8.15855979	676	0.296639 0.621289  0.763982
##inga 
#ido(sec)  szog(ADC)     ax(g)    ay(g)   az(g)
8.16413211	676	0.293047 0.622247  0.758475
8.16938400	677	0.300709 0.625838  0.761588
8.17459201	679	0.290414 0.618655  0.764221
8.17972373	679	0.304539 0.628232  0.750575
8.18475627	679	0.294244 0.617698  0.760870
8.18979644	679	0.302385 0.625838  0.758954
8.19484424	679	0.294723 0.622726  0.765419
8.19989967	678	0.296639 0.627993  0.758475
8.20493984	678	0.299512 0.621050  0.757039
8.20995616	678	0.291850 0.627514  0.761348
8.21498775	679	0.296639 0.629669  0.751532
8.22001171	677	0.294484 0.620810  0.755602
8.22503185	678	0.296160 0.619134  0.758715
8.23006820	679	0.294484 0.616740  0.756560
8.23509216	677	0.294484 0.623923  0.756799
8.24013996	677	0.298554 0.622965  0.759433
8.24517154	678	0.293047 0.619853  0.752969
8.25020790	677	0.293287 0.623683  0.765897
8.25525188	679	0.290414 0.617937  0.760151
8.26028442	676	0.296399 0.625838  0.753926
8.26532840	679	0.290414 0.616980  0.767573
8.27035617	679	0.293526 0.614107  0.759673
8.27539634	679	0.290174 0.617219  0.768531
8.28042030	677	0.300709 0.618655  0.746744
8.28544044	679	0.296160 0.618416  0.764700
8.29046440	679	0.289456 0.622247  0.765179
8.29549217	679	0.289695 0.610994  0.756560
8.30052375	676	0.293526 0.620810  0.768052
8.30555629	678	0.290414 0.622247  0.752490
8.31060791	679	0.292090 0.625120  0.754645
8.31565189	678	0.292568 0.612670  0.762546
8.32069206	678	0.295202 0.625120  0.757997
8.32570838	678	0.293526 0.618655  0.756560
8.33073234	679	0.292568 0.623204  0.762546
8.33576393	676	0.302145 0.621768  0.763743
8.34080028	679	0.295681 0.624641  0.759673
8.34583568	679	0.298315 0.622726  0.760391
8.35088825	677	0.294484 0.620331  0.753926
8.35591602	678	0.296639 0.626796  0.758715
8.36096382	677	0.293526 0.627035  0.764700
8.36600399	679	0.292090 0.620092  0.755602
8.37103176	679	0.294484 0.621528  0.757757
8.37608814	679	0.293287 0.623204  0.746744
8.38112354	679	0.300709 0.623683  0.759194
8.38613986	679	0.294484 0.629190  0.759433
8.39117240	678	0.295442 0.618416  0.756321
8.39620018	679	0.296878 0.623923  0.761348
8.40123558	677	0.299033 0.618895  0.767334
8.40627193	679	0.293047 0.625599  0.758236
8.41129589	676	0.291611 0.618177  0.761109
8.41632843	679	0.295442 0.618177  0.756799
8.42137622	679	0.286822 0.617937  0.763024
8.42641162	676	0.294005 0.624162  0.760391
8.43144035	679	0.294723 0.616980  0.759194
8.43648433	679	0.291371 0.610515  0.765658
8.44152832	678	0.296399 0.619134  0.758475
8.44655227	679	0.286822 0.617937  0.765179
8.45157623	679	0.293526 0.619134  0.765658
8.45660018	678	0.293766 0.618655  0.756081
8.46162033	679	0.290893 0.621768  0.758715
8.46664428	679	0.298315 0.624162  0.747941
8.47168827	677	0.293526 0.620092  0.760151
8.47673225	676	0.286344 0.623683  0.763743
8.48176765	676	0.296399 0.619374  0.754166
8.48679161	678	0.300709 0.618655  0.760630
8.49181556	678	0.295681 0.622007  0.756560
8.49685955	679	0.299512 0.625359  0.748659
8.50190830	679	0.288977 0.626077  0.756560
8.50693225	677	0.290893 0.622486  0.757278
8.51195621	676	0.295920 0.627993  0.754645
8.51698017	679	0.298793 0.623204  0.759673
8.52201175	677	0.302385 0.623683  0.757039
8.52704429	679	0.303582 0.626317  0.757278
8.53208446	678	0.299512 0.620810  0.755124
8.53711986	678	0.290893 0.624641  0.761109
8.54214763	678	0.292329 0.622726  0.762306
8.54718780	678	0.295681 0.624880  0.760630
8.55221557	679	0.291132 0.625359  0.760391
8.55725193	679	0.291850 0.622726  0.761109
8.56227588	676	0.291850 0.626317  0.765419
8.56731605	679	0.299272 0.627274  0.766855
8.57235240	679	0.294244 0.624880  0.758236
8.57736396	676	0.289456 0.624641  0.756321
8.58240032	678	0.289935 0.625120  0.760630
8.58742427	679	0.294723 0.618416  0.761588
8.59245204	679	0.295202 0.617937  0.755602
8.59747982	678	0.298315 0.618655  0.764940
8.60252380	679	0.289935 0.621768  0.764461
8.60756015	679	0.294244 0.616022  0.760391
8.61261177	679	0.293287 0.618416  0.766137
8.61765193	679	0.292090 0.619374  0.755602
8.62266826	679	0.289456 0.614107  0.760391
8.62768363	677	0.288259 0.618655  0.751053
8.63270759	679	0.301188 0.617698  0.752490
8.63773155	678	0.292808 0.622726  0.760391
8.64276409	679	0.296878 0.625120  0.751053
8.64779186	680	0.290414 0.622726  0.757997
8.65281963	678	0.293287 0.624401  0.767573
8.65785980	678	0.290414 0.620810  0.760391
8.66289234	678	0.292808 0.622486  0.754405
8.66794395	679	0.297836 0.629669  0.765179
##inga 
#ido(sec)  szog(ADC)     ax(g)    ay(g)   az(g)
8.67354011	679	0.298075 0.622486  0.750814
8.67877578	678	0.290893 0.625599  0.753448
8.68400382	679	0.294244 0.619853  0.762546
8.68914031	680	0.295202 0.621050  0.763264
8.69416427	678	0.289217 0.624401  0.760630
8.69918823	676	0.298075 0.630866  0.755363
8.70420360	678	0.296639 0.623444  0.762546
8.70923995	677	0.299751 0.626556  0.758954
8.71427154	679	0.291850 0.621050  0.759433
8.71930408	680	0.292808 0.623204  0.756560
8.72433185	679	0.293047 0.617219  0.756560
8.72937202	679	0.294963 0.622726  0.752969
8.73440361	678	0.296639 0.617698  0.762785
8.73943996	679	0.292568 0.620331  0.756799
8.74446773	679	0.294723 0.617937  0.764700
8.74949169	677	0.297117 0.626556  0.759673
8.75452804	679	0.294723 0.618416  0.761348
8.75956439	679	0.289935 0.617219  0.762067
8.76460361	680	0.287541 0.623204  0.753687
8.76964378	679	0.294484 0.619134  0.755842
8.77468776	677	0.288498 0.620571  0.763503
8.77973175	677	0.290893 0.616980  0.757997
8.78476428	679	0.290893 0.624401  0.752011
8.78980827	676	0.298315 0.615064  0.756081
8.79485988	679	0.295442 0.619374  0.755602
8.79989242	678	0.291371 0.619134  0.759433
8.80493164	679	0.296160 0.609079  0.748180
8.80995559	679	0.294244 0.621050  0.756560
8.81497192	679	0.291371 0.622486  0.756321
8.82000446	678	0.295442 0.622486  0.765179
8.82503223	679	0.294005 0.622486  0.755124
8.83005619	678	0.299272 0.619134  0.758236
8.83509159	676	0.291371 0.619853  0.757278
8.84014034	679	0.296160 0.624641  0.753687
8.84517574	679	0.293047 0.623444  0.754884
8.85021209	678	0.295442 0.626077  0.761109
8.85526752	678	0.298075 0.622726  0.764221
8.86029243	679	0.295681 0.625838  0.762067
8.86531639	679	0.302385 0.621528  0.757997
8.87034034	677	0.296160 0.624162  0.764700
8.87536430	677	0.301666 0.626077  0.763503
8.88038444	678	0.301427 0.628950  0.758475
8.88540840	679	0.291132 0.621528  0.759194
8.89043617	679	0.295202 0.625359  0.758236
8.89547634	677	0.295442 0.620810  0.757997
8.90051555	677	0.294005 0.622965  0.757757
8.90554428	676	0.294005 0.622486  0.748899
8.91058826	679	0.295681 0.622247  0.762546
8.91563606	679	0.294484 0.619134  0.761827
8.92067623	679	0.292090 0.615304  0.761588
8.92570018	679	0.294005 0.624401  0.764221
8.93070793	679	0.285625 0.619853  0.754166
8.93573570	677	0.292568 0.620571  0.761348
8.94075965	680	0.294723 0.619134  0.758954
8.94579982	679	0.292568 0.619134  0.758475
8.95083999	678	0.294244 0.621289  0.763503
8.95588016	679	0.290174 0.617458  0.763264
8.96091556	677	0.288977 0.619134  0.752969
8.96597194	679	0.295442 0.616022  0.758954
8.97103214	677	0.299990 0.624162  0.765419
8.97605991	678	0.293766 0.618655  0.747462
8.98109245	678	0.295442 0.620810  0.752969
8.98611640	677	0.292329 0.621289  0.759673
8.99115562	679	0.298315 0.622007  0.755842
8.99619197	679	0.299033 0.621289  0.766376
9.00121974	679	0.291371 0.622726  0.763503
9.00625991	679	0.296639 0.619853  0.757278
9.01129245	679	0.298315 0.624401  0.765658
9.01634788	679	0.297836 0.622726  0.763024
9.02138423	677	0.297836 0.622726  0.755842
9.02643585	679	0.294484 0.616980  0.763503
9.03146839	678	0.293526 0.626796  0.754166
9.03651618	676	0.294244 0.622726  0.749856
9.04155635	678	0.302385 0.628950  0.763264
9.04658031	676	0.292568 0.625120  0.762785
9.05160427	679	0.295681 0.623444  0.750575
9.05662822	676	0.297117 0.623923  0.763743
9.06166839	677	0.295681 0.615543  0.759673
9.06670761	676	0.299990 0.621768  0.764700
9.07173156	679	0.298315 0.618895  0.765658
9.07678413	679	0.292329 0.624880  0.763024
9.08182811	679	0.294244 0.621050  0.758954
9.08686828	679	0.294723 0.620092  0.765419
9.09193611	678	0.288498 0.620092  0.754645
9.09698009	677	0.294005 0.619853  0.757518
9.10202026	679	0.290414 0.622247  0.753687
9.10705184	679	0.291371 0.616740  0.752490
9.11207580	678	0.292568 0.617937  0.762306
9.11709976	679	0.295920 0.619853  0.754166
9.12212753	676	0.291850 0.616980  0.755602
9.12714767	679	0.292568 0.620810  0.759673
9.13216781	676	0.287541 0.608360  0.758236
9.13720035	677	0.298315 0.618655  0.760630
9.14223575	679	0.290893 0.618655  0.752251
9.14725971	679	0.295442 0.627274  0.757278
9.15231609	679	0.289935 0.626796  0.762067
9.15736389	678	0.299272 0.623444  0.763503
9.16240406	679	0.298315 0.623683  0.757039
9.16742801	679	0.296639 0.621768  0.760630
9.17245960	679	0.290174 0.621289  0.757757
9.17747592	679	0.301188 0.628472  0.761827
##inga 
#ido(sec)  szog(ADC)     ax(g)    ay(g)   az(g)
9.18302822	678	0.297117 0.622486  0.748420
9.18826770	676	0.302145 0.624401  0.757997
9.19349193	680	0.300709 0.624880  0.757997
9.19863224	679	0.288977 0.628232  0.765658
9.20366764	679	0.298554 0.624641  0.760151
9.20870780	677	0.300948 0.627035  0.762306
9.21373176	679	0.299751 0.622486  0.760870
9.21877956	679	0.296160 0.627035  0.757757
9.22380447	678	0.293047 0.618655  0.761588
9.22883224	679	0.301666 0.625599  0.770446
9.23385238	676	0.296878 0.620092  0.754884
9.23888015	679	0.290893 0.622007  0.760630
9.24390411	679	0.293287 0.614825  0.754166
9.24893569	678	0.296639 0.622007  0.762785
9.25397968	679	0.292090 0.624401  0.752729
9.25901222	678	0.292329 0.618416  0.755124
9.26405620	676	0.291850 0.617698  0.758954
9.26909160	678	0.291371 0.613867  0.761348
9.27413177	678	0.294723 0.617937  0.759194
9.27917194	677	0.294963 0.611952  0.756560
9.28419589	679	0.288498 0.615064  0.760391
9.28921222	678	0.292808 0.616501  0.763503
9.29422760	678	0.291850 0.619134  0.752490
9.29924392	679	0.294723 0.621768  0.762067
9.30427646	677	0.289456 0.617937  0.759673
9.30930423	679	0.291371 0.616980  0.761348
9.31433582	676	0.297357 0.621050  0.759673
9.31937980	679	0.297357 0.620571  0.760870
9.32441997	679	0.288498 0.617937  0.760870
9.32945632	678	0.300230 0.626556  0.755363
9.33448410	680	0.294244 0.621768  0.759912
9.33950805	679	0.296639 0.626077  0.758475
9.34454441	678	0.297117 0.623444  0.751772
9.34957218	679	0.294723 0.627274  0.759673
9.35460376	679	0.298075 0.624880  0.755602
9.35962009	678	0.293526 0.622965  0.763503
9.36465167	679	0.292090 0.622007  0.749378
9.36967563	679	0.297117 0.623683  0.765658
9.37471580	679	0.294244 0.626317  0.762546
9.37975597	677	0.299512 0.624401  0.753926
9.38481235	676	0.298315 0.626317  0.754405
9.38985633	679	0.295681 0.623204  0.768770
9.39490795	679	0.294244 0.624880  0.759673
9.39993953	677	0.293526 0.621289  0.751053
9.40497207	679	0.294244 0.623923  0.762546
9.41001224	679	0.294244 0.621768  0.754166
9.41503238	679	0.291371 0.614107  0.754884
9.42006778	679	0.299033 0.618895  0.765897
9.42510795	679	0.290653 0.619853  0.755842
9.43014430	678	0.295442 0.620571  0.764700
9.43518352	678	0.296639 0.617219  0.760391
9.44021987	679	0.284189 0.621050  0.761348
9.44525241	676	0.289695 0.619853  0.756321
9.45029163	679	0.293047 0.616501  0.763503
9.45533180	676	0.298793 0.618655  0.755842
9.46034812	678	0.291850 0.618655  0.764940
9.46537208	679	0.294244 0.619853  0.757997
9.47040367	676	0.293287 0.620810  0.750335
9.47542381	679	0.296399 0.618416  0.761827
9.48045158	679	0.294963 0.618416  0.761348
9.48548793	679	0.297596 0.623444  0.756560
9.49051570	679	0.295202 0.625120  0.755842
9.49553966	676	0.292090 0.624401  0.758236
9.50057983	679	0.291371 0.623444  0.759194
9.50563240	678	0.294723 0.620571  0.764461
9.51066398	678	0.294005 0.622726  0.758236
9.51570034	679	0.296639 0.623204  0.762306
9.52073192	679	0.297596 0.621289  0.763743
9.52577209	679	0.296878 0.623683  0.764940
9.53079605	678	0.294484 0.624401  0.761827
9.53582000	680	0.303821 0.621528  0.755363
9.54083633	678	0.296639 0.618655  0.758715
9.54586410	680	0.292808 0.623683  0.757039
9.55089569	679	0.295442 0.627993  0.762785
9.55594825	677	0.294723 0.620331  0.764461
9.56098842	679	0.288738 0.620810  0.753448
9.56603240	679	0.289935 0.623683  0.761827
9.57106781	679	0.295202 0.625120  0.760151
9.57609176	676	0.289935 0.623204  0.752729
9.58111572	679	0.293766 0.621768  0.760870
9.58615207	677	0.295681 0.618895  0.751772
9.59118843	676	0.295202 0.619853  0.763024
9.59621238	679	0.296399 0.618177  0.756560
9.60123634	677	0.297596 0.622007  0.762785
9.60628032	678	0.292329 0.617937  0.759194
9.61131954	679	0.292090 0.623204  0.761827
9.61634826	679	0.291611 0.617698  0.762067
9.62139606	679	0.292329 0.622007  0.745547
9.62644386	679	0.289456 0.616501  0.757039
9.63149166	679	0.290893 0.616022  0.759433
9.63653182	678	0.300709 0.621050  0.758954
9.64154815	678	0.292329 0.616740  0.762546
9.64657211	679	0.298075 0.620092  0.764461
9.65159606	679	0.299033 0.616980  0.744350
9.65662002	677	0.290653 0.618655  0.767573
9.66164398	679	0.291132 0.626556  0.753687
9.66668415	678	0.292090 0.623923  0.757278
9.67171192	680	0.301666 0.619613  0.761588
9.67675590	676	0.292329 0.624162  0.764940
9.68179607	679	0.292568 0.621050  0.760391
9.68684387	679	0.293766 0.621050  0.755602
##inga 
#ido(sec)  szog(ADC)     ax(g)    ay(g)   az(g)
9.69242763	678	0.296399 0.621289  0.755602
9.69767189	678	0.294963 0.623683  0.766137
9.70290756	678	0.289695 0.627514  0.763743
9.70805168	676	0.292808 0.621050  0.759194
9.71306037	678	0.293526 0.617937  0.758475
9.71808433	679	0.290653 0.626317  0.758475
9.72310829	679	0.299990 0.621768  0.755842
9.72814369	678	0.296878 0.621768  0.756321
9.73317623	679	0.299751 0.617219  0.762067
9.73821163	679	0.293287 0.627274  0.755124
9.74325180	678	0.288977 0.614107  0.759673
9.74831199	680	0.294963 0.621768  0.759433
9.75335597	679	0.287062 0.624401  0.753208
9.75838756	680	0.292090 0.622247  0.762546
9.76342010	677	0.296878 0.623683  0.758475
9.76844406	679	0.292090 0.619853  0.752251
9.77346801	679	0.294005 0.621768  0.753208
9.77848434	678	0.295681 0.621050  0.765419
9.78351593	679	0.291611 0.614107  0.755602
9.78855228	679	0.295202 0.619613  0.764700
9.79358768	676	0.294005 0.612431  0.757757
9.79862403	678	0.297836 0.622486  0.757518
9.80366802	677	0.299272 0.622486  0.760391
9.80872821	678	0.291850 0.619853  0.755363
9.81377220	678	0.288738 0.619374  0.760151
9.81880760	678	0.290893 0.627753  0.752251
9.82383155	679	0.290893 0.621289  0.767334
9.82885646	679	0.301188 0.627035  0.752969
9.83388042	676	0.293047 0.626556  0.750575
9.83890438	679	0.297357 0.631584  0.765419
9.84393978	678	0.302385 0.623683  0.752011
9.84897613	678	0.300709 0.624880  0.749617
9.85400390	679	0.295442 0.623204  0.765658
9.85905170	679	0.296160 0.622726  0.755363
9.86407566	679	0.289456 0.624880  0.758954
9.86913204	677	0.298554 0.626796  0.756560
9.87417984	677	0.300230 0.620092  0.760151
9.87920379	679	0.297357 0.627993  0.770446
9.88423633	679	0.293287 0.628711  0.756560
9.88926029	678	0.297357 0.624401  0.761827
9.89429187	677	0.299272 0.619134  0.757518
9.89933204	676	0.291611 0.625120  0.762546
9.90437221	676	0.291132 0.619853  0.769967
9.90942382	679	0.296878 0.620571  0.758954
9.91444778	679	0.295442 0.622726  0.754166
9.91947555	679	0.291611 0.624162  0.768052
9.92452430	679	0.293766 0.616980  0.757997
9.92956829	679	0.298075 0.623683  0.758954
9.93459987	679	0.288738 0.618895  0.751293
9.93964385	679	0.287780 0.623683  0.760870
9.94466781	679	0.291132 0.618177  0.756081
9.94970798	679	0.293287 0.618655  0.763503
9.95473194	677	0.291132 0.617458  0.748180
9.95975589	678	0.296399 0.616501  0.752729
9.96479225	679	0.289456 0.619374  0.757757
9.96982765	679	0.296399 0.618895  0.753208
9.97486019	679	0.283231 0.622965  0.760391
9.97990798	677	0.291371 0.615304  0.768531
9.98494815	676	0.292329 0.621050  0.761109
9.98999214	677	0.294484 0.618655  0.759433
9.99503612	678	0.293287 0.619853  0.751293
10.00008010	679	0.293766 0.621528  0.761588
10.00518798	679	0.294005 0.628232  0.751532
10.01030445	679	0.301906 0.626077  0.761588
10.01542758	677	0.297836 0.618177  0.759433
10.02055168	679	0.296639 0.624641  0.763503
10.02566814	678	0.293526 0.631584  0.760630
10.03077983	679	0.293047 0.629669  0.760870
10.03590011	676	0.291611 0.617458  0.770446
10.04102039	677	0.296160 0.630147  0.761348
10.04614830	678	0.299751 0.621768  0.762306
10.05126380	678	0.298793 0.628711  0.760630
10.05637168	677	0.300230 0.627274  0.760391
10.06147193	676	0.294244 0.621768  0.758475
10.06659221	679	0.292568 0.619374  0.754405
10.07172393	679	0.291371 0.620810  0.759433
10.07685184	677	0.292568 0.622486  0.765658
10.08197975	679	0.288498 0.615064  0.761588
10.08710765	679	0.295681 0.625599  0.763743
10.09225177	679	0.289935 0.613388  0.764461
10.09738826	677	0.294723 0.620331  0.755842
10.10254001	678	0.295202 0.616740  0.766137
10.10766792	678	0.294244 0.619613  0.759194
10.11281585	679	0.291850 0.614825  0.757997
10.11794757	678	0.295442 0.610276  0.752490
10.12309646	679	0.300709 0.615304  0.761109
10.12823581	679	0.293287 0.620571  0.752969
10.13337993	678	0.291850 0.617458  0.759912
10.13852405	679	0.294963 0.618895  0.752729
10.14367961	679	0.291371 0.621528  0.761109
10.14881992	677	0.293287 0.619853  0.755124
10.15396404	679	0.292090 0.620571  0.757039
10.15909957	679	0.298075 0.616980  0.761827
10.16421985	678	0.292808 0.624880  0.765179
10.16934776	678	0.298075 0.630866  0.762546
10.17447566	679	0.299751 0.624162  0.761348
10.17961215	678	0.293766 0.625359  0.761588
10.18476390	678	0.293287 0.627993  0.757518
10.18989562	679	0.295681 0.619613  0.750096
10.19503593	677	0.298315 0.627753  0.751293
10.20018768	677	0.293287 0.626077  0.761827
##inga 
#ido(sec)  szog(ADC)     ax(g)    ay(g)   az(g)
10.20584011	679	0.293526 0.628950  0.753926
10.21111965	678	0.293526 0.622247  0.758954
10.21643638	679	0.292808 0.621528  0.766616
10.22165966	680	0.295681 0.622486  0.767094
10.22679996	679	0.292090 0.623204  0.766855
10.23192024	677	0.299033 0.622486  0.753208
10.23703956	679	0.298554 0.626317  0.757518
10.24218845	679	0.294244 0.621768  0.765658
10.24732017	677	0.294723 0.622486  0.763743
10.25244808	679	0.288259 0.620092  0.761109
10.25758838	678	0.299512 0.616980  0.760391
10.26271629	680	0.298315 0.618416  0.763024
10.26786041	679	0.289456 0.624162  0.757039
10.27300357	677	0.291371 0.617219  0.759912
10.27814388	679	0.289456 0.614585  0.758954
10.28326797	679	0.293047 0.616501  0.755124
10.28838825	679	0.293287 0.619613  0.754884
10.29351615	677	0.297596 0.612670  0.758715
10.29864406	676	0.292090 0.616022  0.762306
10.30375194	677	0.296878 0.616501  0.760630
10.30887603	679	0.291371 0.617698  0.759433
10.31400775	679	0.285865 0.624162  0.762306
10.31912803	679	0.291371 0.622007  0.761109
10.32425594	676	0.289935 0.619134  0.749138
10.32938766	678	0.294723 0.620810  0.757039
10.33451557	677	0.296399 0.619134  0.760151
10.33964443	679	0.293526 0.629669  0.768052
10.34477996	677	0.294723 0.626556  0.753448
10.34990787	678	0.297357 0.627993  0.758475
10.35503959	679	0.293047 0.627035  0.760630
10.36014842	679	0.297117 0.622965  0.750814
10.36528015	679	0.293047 0.623444  0.763982
10.37041187	679	0.294005 0.623204  0.759673
10.37552356	679	0.290174 0.625359  0.755124
10.38065242	678	0.289695 0.619134  0.772840
10.38577556	677	0.295442 0.620571  0.763982
10.39089965	679	0.294723 0.618416  0.753448
10.39603614	679	0.295442 0.621050  0.752251
10.40117645	679	0.303103 0.620810  0.763982
10.40629196	679	0.288738 0.626317  0.755363
10.41142845	678	0.299990 0.624401  0.763503
10.41654014	679	0.301427 0.624641  0.759673
10.42167568	678	0.292808 0.623204  0.759912
10.42679214	679	0.296160 0.619853  0.759912
10.43192386	679	0.294005 0.624641  0.758954
10.43704032	678	0.299033 0.614585  0.763503
10.44216442	679	0.294963 0.615543  0.759912
10.44729995	677	0.291850 0.623683  0.762306
10.45241641	676	0.289695 0.620331  0.766616
10.45753955	679	0.291371 0.621768  0.762306
10.46266841	679	0.292568 0.616501  0.756081
10.46778392	679	0.290174 0.616740  0.761348
10.47291183	679	0.295442 0.619613  0.752251
10.47805595	679	0.294244 0.620092  0.763264
10.48317241	678	0.294723 0.619374  0.765179
10.48830795	677	0.295681 0.618895  0.753208
10.49341964	676	0.295202 0.618416  0.756081
10.49853992	678	0.291371 0.621768  0.754405
10.50367641	676	0.294484 0.619853  0.755124
10.50880432	678	0.298793 0.622486  0.756560
10.51392364	676	0.294244 0.620571  0.751053
10.51904773	679	0.291611 0.627753  0.758475
10.52416801	679	0.295202 0.625120  0.759433
10.52928352	679	0.295920 0.623204  0.759433
10.53440380	677	0.295442 0.623204  0.760391
10.53952026	678	0.296160 0.623444  0.761348
10.54464435	679	0.296639 0.628950  0.752729
10.54976367	677	0.296160 0.623683  0.761827
10.55488395	677	0.296878 0.625838  0.758954
10.56000423	679	0.299272 0.622247  0.763503
10.56512832	678	0.294723 0.622965  0.765179
10.57026004	676	0.294005 0.618655  0.754166
10.57537555	679	0.292329 0.611952  0.760391
10.58049583	679	0.292568 0.619613  0.749378
10.58561992	680	0.289217 0.618655  0.765179
10.59075164	677	0.291132 0.616980  0.753208
10.59587192	678	0.292090 0.619853  0.753687
10.60098838	679	0.295681 0.619374  0.750814
10.60611629	679	0.291132 0.619853  0.756799
10.61124038	679	0.290174 0.616980  0.752490
10.61635589	679	0.295202 0.620571  0.756321
10.62148761	679	0.290414 0.618416  0.757518
10.62660789	676	0.290893 0.621050  0.760151
10.63171195	676	0.293526 0.620092  0.748420
10.63684368	679	0.297357 0.622007  0.757997
10.64197158	678	0.292808 0.616261  0.757039
10.64710044	678	0.295920 0.624880  0.759673
10.65221977	679	0.290414 0.622486  0.763024
10.65734004	679	0.295920 0.627035  0.750575
10.66245174	679	0.289456 0.624401  0.762306
10.66757202	679	0.294484 0.626796  0.766137
10.67269992	677	0.289935 0.623683  0.751293
10.67782783	679	0.297836 0.626796  0.759433
10.68296432	678	0.292329 0.625838  0.754405
10.68809223	679	0.297836 0.630147  0.762306
10.69322013	679	0.297596 0.622965  0.763264
10.69834804	679	0.293526 0.626556  0.761588
10.70346832	679	0.299751 0.622965  0.757039
10.70861244	678	0.291371 0.617458  0.761348
10.71374034	679	0.294484 0.625838  0.758715
10.71887588	678	0.293766 0.629190  0.763024
##inga 
#ido(sec)  szog(ADC)     ax(g)    ay(g)   az(g)
10.72453594	679	0.293766 0.623444  0.764461
10.72983169	678	0.295202 0.623444  0.756321
10.73513221	678	0.293526 0.621050  0.769010
10.74034023	679	0.292090 0.621050  0.757039
10.74545955	678	0.292808 0.619134  0.759194
10.75057983	678	0.294484 0.620331  0.758715
10.75570774	678	0.290174 0.623683  0.759194
10.76082801	677	0.297117 0.622007  0.759673
10.76596355	677	0.278443 0.615304  0.753448
10.77109622	677	0.291132 0.617219  0.765897
10.77622795	679	0.294484 0.617219  0.751772
10.78135585	679	0.290414 0.620331  0.756081
10.78648376	678	0.294723 0.615304  0.752490
10.79161167	677	0.295442 0.621768  0.760870
10.79673957	679	0.291371 0.627753  0.768291
10.80186843	676	0.289456 0.617937  0.768770
10.80700397	679	0.295920 0.621050  0.747702
10.81213569	677	0.291611 0.614585  0.761588
10.81729221	679	0.299751 0.623204  0.763024
10.82243633	679	0.288498 0.624162  0.758954
10.82757186	678	0.298315 0.629908  0.761109
10.83271598	679	0.293047 0.622726  0.760391
10.83786010	678	0.293287 0.623923  0.767334
10.84300041	676	0.296160 0.614346  0.755124
10.84812355	679	0.300948 0.622726  0.761109
10.85325241	678	0.292090 0.622247  0.769249
10.85838031	679	0.293766 0.631584  0.752251
10.86352443	679	0.296160 0.621050  0.752490
10.86865615	679	0.298554 0.623204  0.759912
10.87378787	677	0.292808 0.623204  0.765179
10.87892436	679	0.302385 0.624401  0.760151
10.88405990	678	0.299272 0.626796  0.764461
10.88919162	679	0.299751 0.626796  0.754884
10.89434432	678	0.295442 0.625120  0.757039
10.89947605	678	0.292090 0.622965  0.758475
10.90462017	677	0.297117 0.619374  0.760630
10.90975570	679	0.291850 0.620571  0.756321
10.91488361	679	0.289935 0.621050  0.756321
10.92000007	677	0.292808 0.622486  0.762546
10.92511558	678	0.297357 0.624880  0.765897
10.93024444	679	0.293526 0.614825  0.751772
10.93537998	679	0.292568 0.621528  0.762785
10.94052410	677	0.293526 0.616261  0.765179
10.94566822	678	0.290414 0.628711  0.757757
10.95079994	678	0.291850 0.619853  0.757757
10.95594024	679	0.293287 0.619134  0.752251
10.96108436	677	0.288977 0.621050  0.760870
10.96620368	677	0.298315 0.623204  0.764700
10.97133159	678	0.293287 0.621768  0.763264
10.97647190	678	0.288977 0.620571  0.760630
10.98158836	677	0.298315 0.620092  0.766616
10.98672389	677	0.290653 0.621289  0.752729
10.99185180	679	0.297836 0.621768  0.762067
10.99697971	678	0.298315 0.623444  0.761827
11.00211238	676	0.295442 0.622965  0.755602
11.00724411	679	0.295202 0.621528  0.769728
11.01236820	676	0.295442 0.624641  0.754166
11.01750755	676	0.293287 0.622486  0.756081
11.02263641	677	0.294244 0.621768  0.756560
11.02775573	678	0.294484 0.622486  0.765179
11.03288364	679	0.293047 0.628232  0.759673
11.03802013	677	0.297596 0.627274  0.756560
11.04314041	676	0.300230 0.624401  0.766855
11.04825210	679	0.296399 0.622726  0.757518
11.05338764	678	0.295920 0.625359  0.758236
11.05851554	679	0.296160 0.623204  0.748420
11.06363582	679	0.292808 0.618416  0.757518
11.06876754	679	0.292568 0.622965  0.758954
11.07389163	679	0.295920 0.622726  0.763743
11.07903194	678	0.289456 0.620810  0.753926
11.08414840	679	0.287301 0.620571  0.758475
11.08926773	678	0.294963 0.617937  0.768770
11.09439563	679	0.295442 0.619853  0.755602
11.09953212	679	0.289456 0.608600  0.761588
11.10466003	679	0.292808 0.624401  0.761348
11.10978031	676	0.288259 0.622486  0.757039
11.11489582	678	0.287541 0.622726  0.764940
11.12002754	677	0.296399 0.618416  0.754166
11.12515640	677	0.288738 0.617937  0.757039
11.13027572	677	0.289695 0.626556  0.756081
11.13539981	679	0.297117 0.618177  0.752251
11.14054012	676	0.294484 0.627753  0.762785
11.14567565	679	0.291371 0.620331  0.760870
11.15079593	678	0.294963 0.625599  0.759673
11.15593624	677	0.291371 0.619134  0.764221
11.16108036	678	0.294244 0.620810  0.756081
11.16618824	679	0.294723 0.624880  0.764461
11.17131614	679	0.294963 0.622247  0.750575
11.17645168	676	0.289456 0.628711  0.763503
11.18157958	676	0.292329 0.621528  0.761348
11.18670845	679	0.298315 0.628711  0.754166
11.19184017	678	0.301427 0.621289  0.767334
11.19696426	678	0.302145 0.621528  0.761588
11.20209217	676	0.297117 0.624880  0.755124
11.20720767	678	0.297117 0.629190  0.754884
11.21233558	678	0.291850 0.627514  0.757039
11.21745586	676	0.295202 0.629190  0.758715
11.22257995	679	0.299751 0.622965  0.758236
11.22770404	679	0.302624 0.625120  0.763264
11.23282814	678	0.292808 0.617458  0.760151
11.23795223	679	0.294005 0.621289  0.763503
##inga 
#ido(sec)  szog(ADC)     ax(g)    ay(g)   az(g)
11.24359607	679	0.286344 0.612191  0.760151
11.24888420	679	0.291850 0.622726  0.760151
11.25415992	678	0.286583 0.621768  0.758954
11.25940036	679	0.297836 0.621768  0.768052
11.26452445	679	0.292568 0.619853  0.754884
11.26965236	679	0.291132 0.615304  0.752251
11.27478790	679	0.289217 0.620571  0.761348
11.27990818	679	0.292808 0.621050  0.768291
11.28502368	678	0.291850 0.617698  0.759912
11.29014396	679	0.293047 0.619374  0.758236
11.29526424	677	0.293047 0.618416  0.761588
11.30038833	679	0.291850 0.617219  0.760870
11.30551624	677	0.294005 0.614825  0.763743
11.31063556	677	0.293047 0.620571  0.752729
11.31574821	679	0.295681 0.620092  0.755363
11.32087993	679	0.297596 0.625599  0.754645
11.32600784	678	0.296160 0.616980  0.751053
11.33112430	679	0.288738 0.623204  0.759433
11.33624362	679	0.293766 0.627993  0.761109
11.34137153	679	0.299272 0.622726  0.763503
11.34650802	678	0.295202 0.630147  0.768291
11.35163593	678	0.292329 0.620092  0.765179
11.35676765	679	0.299512 0.627753  0.764700
11.36189174	679	0.288977 0.621768  0.756560
