##inga 
#ido(sec)  szog(ADC)     ax(g)    ay(g)   az(g)
0.00171200	772	0.407489 0.815457  0.426882
0.00691600	775	0.404377 0.812344  0.432149
##inga 
#ido(sec)  szog(ADC)     ax(g)    ay(g)   az(g)
0.01316400	774	0.403898 0.812344  0.437416
0.01838000	772	0.410362 0.810668  0.441007
0.02358000	775	0.409883 0.805162  0.427121
0.02878000	772	0.403898 0.808274  0.434304
0.03380400	775	0.408447 0.811626  0.432149
0.03882800	775	0.402940 0.809471  0.429755
0.04386800	774	0.406053 0.807556  0.427121
0.04890000	772	0.403180 0.814260  0.426403
0.05391200	774	0.404377 0.808993  0.426882
0.05893600	774	0.408207 0.808274  0.431910
0.06393200	775	0.409165 0.808514  0.430952
0.06894400	774	0.405095 0.811626  0.435022
0.07394801	774	0.405334 0.813063  0.426403
0.07897600	773	0.403419 0.809471  0.434783
0.08400800	774	0.402940 0.808993  0.424248
0.08904400	775	0.405813 0.810190  0.436219
0.09406800	773	0.405334 0.808274  0.425206
0.09910000	775	0.409883 0.809471  0.432149
0.10411601	775	0.408207 0.808993  0.422812
0.10913200	772	0.405334 0.811626  0.422093
0.11414800	775	0.399828 0.806120  0.431431
0.11916800	775	0.410123 0.808035  0.431191
0.12418800	775	0.405813 0.806598  0.436219
0.12920401	774	0.399828 0.809711  0.433346
0.13422800	772	0.403419 0.809232  0.431431
0.13925200	775	0.407489 0.811865  0.439810
0.14427599	773	0.399828 0.806838  0.435740
0.14931600	772	0.402222 0.807556  0.418981
0.15435199	773	0.407250 0.808993  0.424727
0.15937600	772	0.406531 0.811147  0.432867
0.16439599	772	0.408447 0.807556  0.432628
0.16941200	772	0.404855 0.815457  0.430473
0.17442399	775	0.400785 0.806359  0.431910
0.17944799	774	0.404855 0.806359  0.440050
0.18447600	775	0.398631 0.807077  0.431431
0.18950400	774	0.405813 0.807556  0.433586
0.19454000	772	0.401025 0.812105  0.431670
0.19955999	774	0.404137 0.809471  0.430234
0.20460798	773	0.403180 0.806359  0.426164
0.20964798	775	0.410362 0.808753  0.432388
0.21467599	775	0.408926 0.809950  0.429755
0.21970000	774	0.405574 0.807795  0.431670
0.22472000	774	0.406053 0.809711  0.425445
0.22973201	775	0.399828 0.807556  0.428797
0.23474800	774	0.410123 0.808274  0.435501
0.23977200	772	0.402461 0.808514  0.432867
0.24480400	774	0.405813 0.811626  0.430952
0.24983999	775	0.404616 0.814499  0.430473
0.25487599	772	0.414432 0.815936  0.414911
0.25991201	775	0.408926 0.812344  0.433107
0.26495599	775	0.404616 0.809471  0.427361
0.26999199	773	0.407489 0.810429  0.426882
0.27501199	774	0.402222 0.809471  0.430952
0.28003599	775	0.407489 0.813781  0.435980
0.28505201	774	0.407010 0.803486  0.428318
0.29006800	775	0.405095 0.810190  0.435261
0.29507999	773	0.402940 0.811626  0.422572
0.30009200	772	0.400785 0.808274  0.432388
0.30511598	773	0.398631 0.803486  0.428318
0.31015200	772	0.407010 0.814739  0.435022
0.31518001	775	0.401982 0.809950  0.421615
0.32021200	774	0.410841 0.806838  0.436937
0.32523999	772	0.408207 0.808035  0.424009
0.33026399	775	0.406292 0.812584  0.430713
0.33527600	775	0.406531 0.812344  0.426164
0.34028801	774	0.405574 0.812823  0.435501
0.34531199	775	0.409644 0.809711  0.426882
0.35035600	774	0.407728 0.813541  0.432388
0.35538399	775	0.403180 0.811147  0.427121
0.36041200	775	0.401743 0.808993  0.431670
0.36543598	774	0.403658 0.807077  0.434783
0.37047200	775	0.404616 0.812105  0.428797
0.37550802	774	0.406292 0.811387  0.429755
0.38053598	775	0.399588 0.809950  0.431670
0.38554800	772	0.407250 0.808035  0.427361
0.39055600	775	0.407489 0.811865  0.427840
0.39557199	775	0.403419 0.805162  0.429994
0.40059199	773	0.406292 0.812344  0.429994
0.40562000	773	0.406531 0.812344  0.424248
0.41063599	775	0.402701 0.814499  0.432149
0.41565999	774	0.402461 0.810429  0.430234
0.42069597	774	0.406053 0.808274  0.428558
0.42573599	775	0.403898 0.813781  0.432149
0.43077201	775	0.407010 0.810190  0.431910
0.43578801	775	0.402222 0.808274  0.432388
0.44081201	772	0.404616 0.806120  0.435261
0.44583601	774	0.407968 0.803486  0.436698
0.45085601	774	0.409165 0.807317  0.425206
0.45588402	774	0.406053 0.809711  0.428797
0.46091198	775	0.407489 0.804204  0.433346
0.46593198	775	0.397433 0.807556  0.429994
0.47097201	774	0.403419 0.807556  0.436937
0.47600798	774	0.406053 0.810190  0.425924
0.48105201	774	0.406531 0.803247  0.430952
0.48608403	774	0.403180 0.808035  0.429755
0.49111599	775	0.399588 0.808753  0.426403
0.49613199	775	0.401982 0.807317  0.423051
0.50114798	774	0.400785 0.812584  0.437416
0.50616402	775	0.402222 0.811865  0.432628
0.51119604	772	0.407010 0.808274  0.432149
0.51621599	774	0.407968 0.804204  0.429515
##inga 
#ido(sec)  szog(ADC)     ax(g)    ay(g)   az(g)
0.52178001	775	0.404377 0.809232  0.433825
0.52699999	772	0.406531 0.809950  0.431431
0.53222799	775	0.400306 0.810429  0.431910
0.53734798	773	0.400067 0.808993  0.431431
0.54237198	773	0.408926 0.807795  0.432388
0.54740800	774	0.405095 0.809950  0.436698
0.55240797	774	0.407728 0.808993  0.431191
0.55743198	774	0.405574 0.811387  0.434304
0.56246399	775	0.401504 0.805641  0.431670
0.56747598	773	0.406771 0.809711  0.432388
0.57250399	775	0.408926 0.811147  0.432628
0.57752799	775	0.403180 0.816415  0.421854
0.58256001	775	0.407968 0.808035  0.431431
0.58760399	773	0.407010 0.805162  0.426642
0.59262800	775	0.403419 0.805641  0.425685
0.59766001	772	0.407728 0.806359  0.433107
0.60268402	775	0.406053 0.810190  0.427361
0.60770797	774	0.403180 0.811387  0.424967
0.61273198	772	0.400785 0.807317  0.433586
0.61775598	775	0.404377 0.811626  0.430473
0.62279200	775	0.403180 0.808753  0.438135
0.62781200	775	0.405334 0.810908  0.436698
0.63283996	775	0.408926 0.811865  0.431910
0.63786401	772	0.401504 0.812105  0.431910
0.64289197	775	0.402701 0.812105  0.430234
0.64793996	774	0.405574 0.805401  0.435501
0.65298004	775	0.407968 0.812344  0.429994
0.65799598	774	0.408447 0.810190  0.437177
0.66301202	773	0.404377 0.809711  0.431670
0.66803598	772	0.398870 0.810908  0.441007
0.67305603	775	0.408447 0.810668  0.441486
0.67808003	775	0.405095 0.808993  0.431191
0.68309202	775	0.409165 0.808993  0.432388
0.68813199	775	0.400306 0.803247  0.424967
0.69316396	774	0.399109 0.808035  0.425685
0.69820399	774	0.403658 0.808993  0.432628
0.70324397	774	0.405095 0.806838  0.435022
0.70826797	774	0.407968 0.811865  0.431670
0.71327600	772	0.402940 0.809711  0.431670
0.71827602	774	0.402222 0.809711  0.430473
0.72329597	772	0.401982 0.812344  0.433107
0.72832002	774	0.406531 0.803965  0.426164
0.73334403	774	0.408447 0.809471  0.424967
0.73838000	775	0.409165 0.805641  0.431670
0.74340801	772	0.407010 0.809711  0.431431
0.74843196	775	0.400067 0.805880  0.418502
0.75345997	772	0.407968 0.809232  0.428797
0.75849599	772	0.412996 0.808993  0.429037
0.76352000	775	0.409404 0.809232  0.433346
0.76853599	772	0.406531 0.809471  0.437895
0.77355999	774	0.405334 0.812823  0.422572
0.77858400	775	0.405095 0.808993  0.428797
0.78360800	775	0.400306 0.810668  0.439332
0.78861999	774	0.404377 0.812105  0.430952
0.79364399	772	0.406292 0.813063  0.434783
0.79868402	775	0.409165 0.809232  0.433586
0.80372400	772	0.404137 0.812823  0.435501
0.80875597	773	0.407968 0.806838  0.435501
0.81379594	773	0.409404 0.808753  0.431670
0.81881198	772	0.409644 0.807077  0.431431
0.82383604	775	0.404855 0.809950  0.431670
0.82885599	772	0.406053 0.809232  0.435980
0.83386001	774	0.401504 0.808274  0.429276
0.83887596	774	0.403180 0.810429  0.427121
0.84390001	773	0.407489 0.811147  0.432867
0.84893207	774	0.403419 0.811626  0.424967
0.85396394	775	0.403419 0.809711  0.432867
0.85900402	775	0.401743 0.810190  0.426164
0.86403999	774	0.405334 0.808514  0.424009
0.86907596	775	0.415869 0.804444  0.440289
0.87411603	775	0.398631 0.812344  0.423291
0.87914800	775	0.406053 0.806838  0.437416
0.88417606	774	0.406771 0.810190  0.428797
0.88918800	774	0.401025 0.810429  0.428318
0.89420804	773	0.410362 0.808753  0.434064
0.89923601	775	0.402701 0.809232  0.432867
0.90425996	772	0.403658 0.808753  0.425445
0.90929594	775	0.396715 0.804204  0.431191
0.91433200	775	0.404377 0.805401  0.437656
0.91937599	775	0.408926 0.811865  0.437656
0.92441596	774	0.407250 0.819288  0.436459
0.92944402	773	0.405813 0.810429  0.437656
0.93446798	775	0.406053 0.808514  0.435980
0.93947601	775	0.402940 0.808514  0.420657
0.94447603	774	0.403180 0.811147  0.436698
0.94949598	775	0.404616 0.812344  0.432628
0.95452003	775	0.407489 0.807317  0.426164
0.95954799	773	0.402222 0.811865  0.428797
0.96457595	775	0.404137 0.808993  0.426642
0.96960401	775	0.405813 0.815696  0.432628
0.97465200	775	0.405095 0.811147  0.431910
0.97967205	774	0.407489 0.806359  0.439332
0.98469600	775	0.402461 0.808993  0.431191
0.98972396	774	0.408686 0.810429  0.428079
0.99474802	775	0.405813 0.809711  0.427361
0.99976806	775	0.405813 0.812823  0.436219
1.00479602	774	0.406531 0.809950  0.431670
1.00981605	772	0.409404 0.813302  0.433346
1.01484394	772	0.404377 0.807795  0.436937
1.01987600	773	0.404377 0.805162  0.445317
1.02490794	775	0.404137 0.808993  0.433586
##inga 
#ido(sec)  szog(ADC)     ax(g)    ay(g)   az(g)
1.03049600	774	0.400067 0.807556  0.429755
1.03568804	775	0.406053 0.814260  0.426403
1.04091596	775	0.404616 0.808274  0.428797
1.04604804	774	0.405095 0.810908  0.428318
1.05107200	774	0.407010 0.814499  0.426882
1.05607199	775	0.400067 0.803247  0.431670
1.06108403	774	0.403180 0.805162  0.438135
1.06612396	775	0.402940 0.813541  0.430234
1.07115197	775	0.402940 0.815217  0.431431
1.07617998	775	0.408207 0.809950  0.433346
1.08120000	775	0.407010 0.809471  0.429037
1.08622800	774	0.404377 0.809711  0.436698
1.09125995	774	0.404137 0.810190  0.424248
1.09629201	773	0.409404 0.812105  0.428558
1.10130000	772	0.403658 0.812105  0.432628
1.10632002	772	0.407010 0.807317  0.439092
1.11133205	774	0.405813 0.807077  0.435980
1.11635601	772	0.401743 0.806838  0.434304
1.12138795	774	0.405095 0.811865  0.423051
1.12640404	775	0.404137 0.808993  0.440768
1.13143599	773	0.401264 0.809711  0.430473
1.13647603	772	0.403419 0.808514  0.429755
1.14151597	772	0.397433 0.809950  0.432149
1.14655601	774	0.407489 0.804204  0.422333
1.15159201	772	0.401504 0.802049  0.428318
1.15662395	772	0.404137 0.813302  0.426642
1.16164803	773	0.409883 0.809711  0.436937
1.16667199	775	0.402222 0.809471  0.428797
1.17168402	775	0.410841 0.806359  0.432628
1.17672395	774	0.405574 0.808753  0.433107
1.18174802	775	0.407010 0.814260  0.430952
1.18677997	775	0.408447 0.808274  0.434543
1.19183195	774	0.408207 0.812823  0.429755
1.19686401	774	0.401025 0.811865  0.425445
1.20189595	775	0.406531 0.809711  0.439571
1.20694005	775	0.405334 0.811387  0.438374
1.21197199	775	0.397912 0.808993  0.435022
1.21699595	775	0.406053 0.817133  0.435740
1.22202003	774	0.403180 0.808035  0.437656
1.22704398	772	0.397433 0.814499  0.432867
1.23208796	774	0.408686 0.812823  0.431670
1.23710799	772	0.404137 0.813541  0.427361
1.24213600	775	0.404137 0.814499  0.434064
1.24717998	775	0.398391 0.808753  0.431191
1.25222003	773	0.406292 0.809232  0.429276
1.25726795	773	0.403898 0.812105  0.434543
1.26230800	772	0.399588 0.804683  0.434783
1.26733195	775	0.409165 0.809711  0.429276
1.27234399	772	0.403898 0.805401  0.428558
1.27736794	773	0.407010 0.811865  0.430234
1.28237199	775	0.406531 0.813541  0.438613
1.28739595	772	0.399588 0.811626  0.430234
1.29243600	772	0.399349 0.812105  0.434304
1.29746794	774	0.404377 0.806120  0.440050
1.30250799	773	0.406531 0.807077  0.428797
1.30755603	775	0.403658 0.806120  0.424967
1.31260001	773	0.402461 0.803486  0.433107
1.31764400	775	0.401504 0.808035  0.433107
1.32267594	774	0.404137 0.814739  0.432628
1.32771599	772	0.401025 0.807795  0.431910
1.33272802	774	0.402222 0.806359  0.430952
1.33774805	774	0.408447 0.814499  0.423051
1.34277200	772	0.403180 0.815936  0.426403
1.34778797	775	0.407489 0.805401  0.430952
1.35281598	775	0.409165 0.808274  0.428558
1.35785996	774	0.401504 0.809711  0.437656
1.36290800	774	0.401982 0.810429  0.424727
1.36794805	775	0.403898 0.811147  0.431431
1.37299203	775	0.404137 0.808993  0.426882
1.37804400	775	0.408207 0.814020  0.425924
1.38305997	775	0.405574 0.807795  0.433825
1.38808404	775	0.401025 0.808753  0.443880
1.39310800	775	0.407250 0.808514  0.425924
1.39812803	774	0.403658 0.806598  0.432149
1.40315604	776	0.399588 0.807795  0.425685
1.40819206	775	0.407968 0.811387  0.436698
1.41322398	774	0.410362 0.803486  0.430473
1.41825199	772	0.404377 0.806838  0.431431
1.42329206	775	0.401504 0.812584  0.426882
1.42833995	774	0.401982 0.808993  0.433346
1.43337202	775	0.410123 0.809950  0.424009
1.43840398	774	0.400546 0.805641  0.430713
1.44342803	772	0.403658 0.809711  0.426882
1.44844398	775	0.400546 0.812823  0.431670
1.45346794	775	0.405334 0.807077  0.430952
1.45848407	772	0.403658 0.814499  0.426642
1.46350393	775	0.407250 0.808753  0.433107
1.46853599	775	0.400546 0.805641  0.435740
1.47357201	773	0.401025 0.813781  0.425685
1.47861599	773	0.403419 0.806120  0.429276
1.48365998	775	0.404137 0.804922  0.432628
1.48869204	775	0.404137 0.813541  0.427361
1.49373197	775	0.402461 0.813781  0.428558
1.49875602	774	0.402701 0.812823  0.424488
1.50377998	775	0.409404 0.813302  0.433107
1.50879201	775	0.403180 0.807077  0.429994
1.51380395	775	0.407728 0.808993  0.427840
1.51882801	774	0.407010 0.810190  0.428558
1.52384805	773	0.401743 0.813541  0.439571
1.52888002	772	0.405334 0.805641  0.425685
1.53393197	774	0.405095 0.815217  0.424488
##inga 
#ido(sec)  szog(ADC)     ax(g)    ay(g)   az(g)
1.53949594	772	0.400785 0.810190  0.431191
1.54472804	772	0.407250 0.806598  0.429755
1.54994001	774	0.409165 0.807317  0.427361
1.55506801	775	0.402222 0.805401  0.434304
1.56008806	775	0.402940 0.808514  0.429276
1.56509995	772	0.405095 0.809232  0.427600
1.57010803	773	0.399588 0.813781  0.424967
1.57514801	775	0.405095 0.811626  0.426642
1.58018007	773	0.405813 0.806598  0.424009
1.58521199	775	0.400785 0.809232  0.423530
1.59023594	774	0.405813 0.810668  0.423769
1.59527196	772	0.404616 0.807556  0.431431
1.60032405	775	0.407250 0.812584  0.431910
1.60535597	775	0.407250 0.808274  0.432388
1.61039600	774	0.407728 0.803965  0.431670
1.61540794	773	0.403898 0.807077  0.433825
1.62044000	772	0.405574 0.810190  0.431191
1.62545204	775	0.407728 0.807556  0.433825
1.63047599	775	0.406292 0.809711  0.426642
1.63549194	775	0.402701 0.815217  0.437895
1.64051198	772	0.408447 0.808993  0.425445
1.64556002	775	0.405813 0.815457  0.437895
1.65059604	774	0.403898 0.813063  0.427840
1.65564799	775	0.401025 0.810190  0.425685
1.66068401	775	0.410601 0.813063  0.427361
1.66572403	773	0.408447 0.810190  0.435261
1.67076005	775	0.402461 0.809232  0.425924
1.67578401	774	0.410841 0.813302  0.441726
1.68081197	772	0.406292 0.813781  0.428079
1.68584799	772	0.402461 0.807077  0.421615
1.69087600	774	0.410601 0.815696  0.429515
1.69591197	772	0.405095 0.808274  0.430713
1.70094003	775	0.401264 0.808993  0.436698
1.70597195	775	0.405334 0.810429  0.436937
1.71101198	772	0.406292 0.806359  0.428318
1.71604003	775	0.407489 0.803486  0.426882
1.72107601	775	0.404855 0.809232  0.427361
1.72611198	774	0.397433 0.809232  0.433586
1.73115596	773	0.406531 0.802768  0.427600
1.73617196	775	0.407010 0.815936  0.433107
1.74117994	775	0.407250 0.808035  0.436459
1.74619603	772	0.403419 0.812344  0.427600
1.75122795	775	0.404855 0.808035  0.435261
1.75623998	775	0.406053 0.802768  0.433825
1.76128807	775	0.401982 0.808993  0.430713
1.76633205	774	0.403898 0.809950  0.435980
1.77136397	775	0.403180 0.816415  0.428797
1.77641201	772	0.406053 0.810668  0.439571
1.78145194	775	0.404377 0.810908  0.433825
1.78649196	772	0.409644 0.804444  0.434543
1.79152402	774	0.400306 0.812344  0.431431
1.79654798	775	0.404616 0.811626  0.436459
1.80157995	775	0.405334 0.809471  0.427840
1.80659599	775	0.405574 0.803486  0.436937
1.81163597	775	0.401504 0.807556  0.436219
1.81666002	775	0.402222 0.806359  0.433586
1.82170000	774	0.408926 0.811626  0.433586
1.82673597	774	0.404137 0.814260  0.433107
1.83176803	775	0.405095 0.811626  0.434783
1.83680801	774	0.405574 0.812105  0.430473
1.84184398	775	0.406053 0.813302  0.432149
1.84688396	774	0.405334 0.807077  0.428079
1.85192003	774	0.403898 0.808753  0.422093
1.85692005	775	0.406292 0.804922  0.428318
1.86194000	775	0.405334 0.812584  0.424967
1.86697597	774	0.404137 0.808514  0.428558
1.87201995	773	0.398631 0.804204  0.435980
1.87706394	774	0.406292 0.810429  0.426642
1.88209199	774	0.410601 0.815217  0.434543
1.88711595	774	0.407728 0.811387  0.424009
1.89216003	773	0.407250 0.807077  0.423051
1.89720401	775	0.403180 0.810908  0.440529
1.90225200	775	0.405095 0.807556  0.431910
1.90726804	774	0.411080 0.806838  0.435740
1.91228790	774	0.403419 0.807317  0.433107
1.91731204	773	0.403180 0.807795  0.425924
1.92234802	774	0.407489 0.806838  0.438135
1.92738399	775	0.400067 0.812823  0.438135
1.93240404	773	0.405574 0.808035  0.428318
1.93744392	772	0.407728 0.810668  0.428079
1.94247999	774	0.404616 0.808993  0.426882
1.94752397	775	0.409883 0.808993  0.430234
1.95257196	772	0.405095 0.815217  0.427361
1.95760402	774	0.406771 0.812823  0.436698
1.96263599	773	0.406531 0.809232  0.436698
1.96765995	772	0.407250 0.805880  0.424488
1.97267999	775	0.399349 0.813541  0.437177
1.97771596	774	0.403419 0.806359  0.426642
1.98275604	772	0.398152 0.806120  0.436459
1.98779592	774	0.407489 0.808274  0.428318
1.99282398	775	0.404855 0.806838  0.415629
1.99786796	774	0.403419 0.808274  0.437177
2.00289988	774	0.403180 0.809711  0.438374
2.00794005	775	0.407489 0.808993  0.434064
2.01297998	774	0.398870 0.812823  0.438374
2.01801609	772	0.401264 0.803007  0.430713
2.02305197	773	0.406531 0.810190  0.432628
2.02807211	772	0.404377 0.808514  0.424967
2.03310799	774	0.398152 0.812105  0.436459
2.03814005	774	0.409644 0.808993  0.435501
2.04316401	775	0.405334 0.810908  0.434543
##inga 
#ido(sec)  szog(ADC)     ax(g)    ay(g)   az(g)
2.04873204	775	0.409404 0.814739  0.434783
2.05397200	775	0.408447 0.805880  0.433107
2.05917596	775	0.404855 0.808993  0.424488
2.06431603	775	0.406292 0.806838  0.432628
2.06935191	774	0.404616 0.812823  0.424009
2.07439994	774	0.402222 0.814499  0.430473
2.07944393	774	0.406292 0.810429  0.432388
2.08448004	772	0.405574 0.807556  0.435501
2.08950805	772	0.407250 0.808993  0.427840
2.09452795	774	0.405574 0.808514  0.433107
2.09955596	774	0.401743 0.809471  0.428318
2.10457611	772	0.406053 0.812823  0.427361
2.10960006	773	0.403419 0.808993  0.425206
2.11462807	775	0.405813 0.804922  0.433825
2.11966395	775	0.401264 0.812823  0.423769
2.12470006	772	0.400546 0.817851  0.424248
2.12973999	774	0.409644 0.803725  0.429755
2.13478398	775	0.402222 0.810908  0.428558
2.13982009	774	0.405095 0.810668  0.434064
2.14483594	775	0.406531 0.810908  0.434783
2.14985990	775	0.401504 0.812823  0.429994
2.15488004	774	0.405574 0.813063  0.437656
2.15990805	774	0.408207 0.808993  0.428797
2.16494798	772	0.406771 0.808274  0.422812
2.16998791	774	0.410362 0.810190  0.435740
2.17502403	773	0.401264 0.810668  0.426882
2.18005990	773	0.407489 0.811387  0.429515
2.18508005	773	0.403658 0.807077  0.429994
2.19013190	775	0.401504 0.811147  0.432628
2.19515609	775	0.401025 0.808993  0.428558
2.20019197	774	0.406771 0.811865  0.419939
2.20521593	775	0.401982 0.811147  0.426403
2.21024394	775	0.399109 0.812584  0.430234
2.21526789	774	0.404377 0.809232  0.424248
2.22028803	775	0.408926 0.810429  0.427600
2.22530388	774	0.407250 0.819288  0.431191
2.23033189	774	0.404855 0.812105  0.429994
2.23537206	775	0.407010 0.814260  0.427840
2.24039602	774	0.403898 0.809232  0.432628
2.24545192	774	0.405574 0.808514  0.430473
2.25049591	775	0.399109 0.807556  0.434064
2.25552010	775	0.403180 0.811865  0.431431
2.26054811	774	0.405574 0.811865  0.441247
2.26557993	775	0.409165 0.811387  0.425685
2.27060794	775	0.404137 0.809950  0.427121
2.27564406	772	0.401025 0.811626  0.428797
2.28066802	775	0.405095 0.813063  0.426403
2.28569197	775	0.407489 0.812584  0.427600
2.29073190	775	0.405574 0.806838  0.441965
2.29576396	775	0.400546 0.806120  0.436459
2.30080008	774	0.401025 0.813781  0.430713
2.30582809	772	0.406053 0.805880  0.430713
2.31085205	775	0.403898 0.812344  0.435022
2.31587600	773	0.403419 0.813302  0.433346
2.32089591	774	0.407250 0.810190  0.427361
2.32592010	772	0.405574 0.803247  0.430473
2.33093190	774	0.407728 0.808274  0.427840
2.33595609	772	0.404616 0.809950  0.431431
2.34098792	775	0.403898 0.806838  0.428797
2.34602808	775	0.405095 0.809711  0.434064
2.35106801	775	0.403180 0.811387  0.431910
2.35609197	774	0.407728 0.808753  0.432628
2.36114406	772	0.404377 0.809950  0.426403
2.36617994	774	0.405334 0.811626  0.429994
2.37120389	774	0.403180 0.809232  0.431910
2.37622404	774	0.403658 0.809471  0.425924
2.38124799	774	0.403180 0.814739  0.426882
2.38627600	772	0.408207 0.807077  0.427121
2.39129590	772	0.409883 0.809471  0.434783
2.39632391	774	0.406771 0.810190  0.424727
2.40135598	775	0.400067 0.809232  0.433107
2.40638399	775	0.403419 0.810668  0.431191
2.41142010	774	0.402222 0.809471  0.431910
2.41646003	772	0.408926 0.807077  0.428558
2.42150807	774	0.406531 0.809711  0.430234
2.42654800	775	0.403658 0.805162  0.434543
2.43157196	772	0.405813 0.808753  0.427361
2.43659591	773	0.403898 0.811387  0.440050
2.44161200	775	0.410841 0.815457  0.434543
2.44663596	774	0.401025 0.813781  0.427840
2.45165205	775	0.400546 0.801810  0.424488
2.45666003	775	0.404137 0.809711  0.431670
2.46168398	772	0.404616 0.810908  0.441007
2.46672391	775	0.401504 0.816175  0.441007
2.47175192	775	0.404377 0.814260  0.436698
2.47679591	774	0.408926 0.809471  0.423769
2.48183608	773	0.405095 0.813063  0.423291
2.48686790	775	0.405574 0.808274  0.428558
2.49189209	774	0.407728 0.808514  0.425206
2.49691605	775	0.406292 0.807556  0.429755
2.50194001	772	0.400067 0.803247  0.436219
2.50695610	774	0.398391 0.810429  0.434543
2.51198410	774	0.399828 0.807556  0.426642
2.51700401	774	0.408207 0.812105  0.430473
2.52203607	772	0.399109 0.808035  0.433586
2.52707600	775	0.405574 0.807077  0.432149
2.53212404	775	0.402940 0.810429  0.429037
2.53714799	775	0.408926 0.812823  0.435261
2.54218411	774	0.404855 0.805401  0.427840
2.54720807	775	0.401982 0.806359  0.430713
2.55223202	775	0.408686 0.809232  0.428797
##inga 
#ido(sec)  szog(ADC)     ax(g)    ay(g)   az(g)
2.55779194	774	0.401982 0.810190  0.429515
2.56303191	773	0.401982 0.810908  0.427840
2.56825590	775	0.405095 0.809232  0.434304
2.57338809	772	0.406531 0.809711  0.425206
2.57842803	774	0.405095 0.807795  0.432149
2.58346009	773	0.400785 0.807077  0.435261
2.58850407	772	0.409404 0.809711  0.435022
2.59353995	775	0.400785 0.808753  0.435022
2.59856390	773	0.407968 0.811865  0.436698
2.60358405	774	0.403898 0.812823  0.437656
2.60860800	774	0.404855 0.808035  0.424727
2.61362004	774	0.406531 0.809711  0.428558
2.61863207	774	0.401025 0.809711  0.435980
2.62365603	775	0.404855 0.809232  0.428558
2.62869191	772	0.405574 0.814499  0.433107
2.63373208	774	0.405574 0.803725  0.425445
2.63878011	773	0.408207 0.815936  0.425445
2.64381194	772	0.409404 0.815217  0.439092
2.64884400	775	0.408207 0.815217  0.429755
2.65386009	774	0.403658 0.807795  0.429276
2.65888404	775	0.405095 0.811626  0.429994
2.66389989	773	0.403898 0.814739  0.427600
2.66892004	774	0.404137 0.808993  0.430234
2.67394804	772	0.406531 0.813541  0.425685
2.67898011	775	0.401504 0.806359  0.436698
2.68401598	772	0.408447 0.811147  0.436937
2.68904805	775	0.407968 0.808993  0.424967
2.69409203	774	0.405574 0.807317  0.434543
2.69913196	775	0.405813 0.817133  0.434064
2.70417189	773	0.404616 0.809471  0.429276
2.70921993	775	0.406053 0.805641  0.431191
2.71425604	774	0.403180 0.811626  0.431910
2.71928405	773	0.399828 0.813302  0.419699
2.72430801	773	0.406771 0.807317  0.429994
2.72932791	775	0.407968 0.810190  0.439571
2.73433995	775	0.402461 0.807077  0.434064
2.73937201	774	0.403898 0.810668  0.422333
2.74440407	773	0.402701 0.812823  0.431670
2.74942803	775	0.407489 0.808274  0.430952
2.75446009	774	0.411080 0.807317  0.430473
2.75950407	775	0.407250 0.806120  0.431670
2.76453208	773	0.406292 0.809471  0.430234
2.76957201	775	0.406531 0.806359  0.432867
2.77460789	775	0.402701 0.802768  0.429755
2.77963209	773	0.403180 0.811626  0.435501
2.78466010	775	0.403419 0.807077  0.421375
2.78968405	772	0.407250 0.812584  0.428318
2.79470396	775	0.397194 0.809471  0.423051
2.79974794	775	0.404137 0.811626  0.425924
2.80478401	774	0.407010 0.808274  0.432867
2.80979204	772	0.406292 0.807556  0.427840
2.81483602	772	0.401982 0.815217  0.432628
2.81988000	773	0.403898 0.812344  0.426882
2.82489986	772	0.401982 0.808274  0.427361
2.82992792	774	0.406053 0.811626  0.429515
2.83496809	774	0.404137 0.811147  0.422572
2.83999614	775	0.411320 0.807317  0.438374
2.84502792	775	0.407489 0.810190  0.435261
2.85004405	774	0.410123 0.806838  0.439810
2.85508394	775	0.406292 0.814020  0.432388
2.86009998	775	0.405095 0.811147  0.429515
2.86512393	774	0.401743 0.810190  0.425685
2.87016391	775	0.404137 0.808993  0.432149
2.87520408	772	0.399828 0.807795  0.428797
2.88023996	773	0.400546 0.811865  0.424488
2.88526391	775	0.402701 0.810908  0.437177
2.89029598	773	0.406531 0.812823  0.438613
2.89532394	774	0.405334 0.811387  0.425685
2.90035610	775	0.402222 0.808753  0.435980
2.90537185	775	0.408686 0.809471  0.434304
2.91039609	773	0.406771 0.805880  0.428079
2.91542005	775	0.406292 0.808035  0.429994
2.92045593	775	0.406053 0.814499  0.436459
2.92550392	773	0.407010 0.811865  0.429755
2.93053197	774	0.401264 0.813541  0.433825
2.93556404	773	0.405813 0.809950  0.429276
2.94058799	775	0.404616 0.818090  0.435501
2.94560413	775	0.408207 0.809232  0.434783
2.95061988	774	0.406771 0.807556  0.428318
2.95565204	775	0.400306 0.812105  0.417784
2.96065998	774	0.410123 0.807556  0.425445
2.96570796	775	0.412038 0.807556  0.431191
2.97074794	775	0.401504 0.812344  0.437416
2.97576808	775	0.407010 0.811387  0.430473
2.98078804	775	0.402461 0.804444  0.427121
2.98582792	772	0.400785 0.809711  0.431431
2.99085998	775	0.405095 0.815936  0.434783
2.99589996	774	0.402461 0.811865  0.430713
3.00093603	775	0.409644 0.807077  0.433107
3.00594806	772	0.401982 0.811626  0.434783
3.01097202	774	0.405813 0.806598  0.434783
3.01600790	774	0.405574 0.811387  0.435501
3.02103209	775	0.403180 0.812105  0.440289
3.02606010	774	0.408447 0.803247  0.428797
3.03109192	774	0.405813 0.816415  0.436937
3.03613209	775	0.405574 0.813781  0.434064
3.04116392	773	0.401982 0.812823  0.424967
3.04620790	775	0.405574 0.807317  0.427600
3.05124402	775	0.406292 0.812105  0.427121
3.05629205	774	0.411799 0.812584  0.435022
3.06132793	775	0.403898 0.806838  0.438135
##inga 
#ido(sec)  szog(ADC)     ax(g)    ay(g)   az(g)
3.06689596	774	0.403419 0.813781  0.427121
3.07214403	775	0.405574 0.808514  0.430234
3.07735991	775	0.408207 0.803486  0.431910
3.08247995	774	0.408686 0.807795  0.422812
3.08750796	775	0.409404 0.810429  0.432867
3.09254002	773	0.408926 0.809711  0.438613
3.09756803	773	0.410362 0.810908  0.425685
3.10261988	774	0.406053 0.810190  0.427361
3.10764789	775	0.405095 0.811147  0.429755
3.11269211	774	0.405813 0.813781  0.431191
3.11773204	774	0.410601 0.807556  0.432628
3.12276411	774	0.399828 0.810429  0.427121
3.12779998	773	0.404855 0.808993  0.435501
3.13282799	775	0.406053 0.810429  0.427840
3.13783597	773	0.404377 0.813063  0.436937
3.14287209	773	0.402701 0.807317  0.432867
3.14790391	775	0.407010 0.812105  0.427361
3.15292811	775	0.398870 0.811387  0.422572
3.15795588	774	0.407728 0.813063  0.437656
3.16300797	774	0.407728 0.808035  0.437416
3.16805195	773	0.400546 0.806120  0.433346
3.17308807	773	0.404616 0.809471  0.435501
3.17811203	775	0.403898 0.807317  0.430952
3.18313193	774	0.403898 0.807077  0.429755
3.18815588	773	0.405334 0.813541  0.432149
3.19318389	775	0.406053 0.810190  0.430952
3.19820404	774	0.410841 0.806598  0.429037
3.20324397	774	0.403419 0.807556  0.431191
3.20827603	775	0.404616 0.808274  0.431191
3.21330809	773	0.399588 0.808514  0.423051
3.21833992	775	0.399349 0.811626  0.426403
3.22338390	774	0.405334 0.810668  0.432628
3.22842001	775	0.404137 0.808753  0.423291
3.23346400	772	0.407728 0.816654  0.431910
3.23849201	774	0.403898 0.807556  0.435022
3.24352407	775	0.404616 0.810908  0.432867
3.24855589	772	0.410362 0.810668  0.424967
3.25359988	775	0.401025 0.806838  0.425685
3.25862789	775	0.406292 0.805880  0.429276
3.26365995	775	0.405813 0.805641  0.430473
3.26868796	774	0.406292 0.811387  0.438613
3.27372407	775	0.397673 0.803965  0.431670
3.27877998	775	0.411559 0.808753  0.434783
3.28382802	775	0.402940 0.809711  0.427121
3.28886008	775	0.404616 0.807317  0.439810
3.29390001	774	0.404137 0.803247  0.427121
3.29893994	775	0.401025 0.810429  0.435740
3.30396008	775	0.399828 0.812584  0.430713
3.30898809	774	0.401264 0.813302  0.430952
3.31401205	773	0.406771 0.805162  0.434783
3.31903600	774	0.402701 0.808753  0.433825
3.32405996	773	0.407250 0.808753  0.436459
3.32909202	775	0.404377 0.809711  0.429037
3.33413195	772	0.400785 0.809711  0.432628
3.33916807	775	0.404855 0.809471  0.434304
3.34421205	773	0.404616 0.813541  0.429037
3.34924411	775	0.403180 0.810429  0.434543
3.35428404	772	0.408447 0.807556  0.429515
3.35931611	775	0.402701 0.810908  0.433346
3.36434388	775	0.409404 0.810908  0.425924
3.36935591	775	0.404616 0.809232  0.432628
3.37437200	775	0.405574 0.811626  0.430713
3.37941193	774	0.402701 0.808753  0.428079
3.38443207	774	0.409644 0.810429  0.422812
3.38946390	775	0.402701 0.812105  0.431191
3.39450001	774	0.407010 0.813781  0.434064
3.39952397	775	0.406531 0.801092  0.440050
3.40457201	774	0.405813 0.804444  0.438135
3.40962004	772	0.403898 0.812105  0.436698
3.41465210	775	0.407250 0.811387  0.422812
3.41967201	774	0.403419 0.807077  0.438853
3.42470002	772	0.406292 0.813541  0.437416
3.42973208	772	0.398391 0.807317  0.437177
3.43476390	775	0.401504 0.807556  0.432867
3.43979597	774	0.399349 0.806598  0.425206
3.44483995	772	0.397673 0.807795  0.437895
3.44988799	775	0.403419 0.811865  0.434543
3.45492410	774	0.403658 0.813541  0.426882
3.45995593	774	0.400067 0.804683  0.424248
3.46498394	774	0.409883 0.812105  0.432628
3.47002005	775	0.400306 0.809950  0.438374
3.47502803	774	0.409644 0.807317  0.431910
3.48004388	775	0.408926 0.813063  0.431431
3.48507595	772	0.405095 0.808035  0.424727
3.49009203	774	0.404377 0.806838  0.425924
3.49512410	774	0.405095 0.806359  0.435501
3.50013995	775	0.404616 0.808993  0.426164
3.50516390	774	0.402701 0.813302  0.424967
3.51020789	775	0.407728 0.809232  0.424967
3.51524400	775	0.396236 0.806598  0.435980
3.52029609	775	0.401504 0.807077  0.426403
3.52534008	774	0.412756 0.809711  0.442444
3.53037190	774	0.404855 0.816415  0.434064
3.53538799	775	0.406292 0.812105  0.425445
3.54040789	775	0.402701 0.813302  0.434783
3.54543209	772	0.405334 0.808753  0.435740
3.55045604	774	0.407489 0.806120  0.427361
3.55548000	774	0.406053 0.812823  0.425445
3.56050801	775	0.400067 0.810429  0.429276
3.56554007	775	0.403658 0.812105  0.437177
3.57058405	775	0.401504 0.805401  0.438374
##inga 
#ido(sec)  szog(ADC)     ax(g)    ay(g)   az(g)
3.57615995	773	0.406771 0.808035  0.428558
3.58138394	774	0.399109 0.806598  0.431670
3.58661198	775	0.406053 0.814499  0.433586
3.59173989	772	0.399828 0.807556  0.437656
3.59677195	774	0.411080 0.812823  0.424488
3.60179591	775	0.404137 0.814499  0.431670
3.60682010	775	0.403180 0.812823  0.426882
3.61185193	775	0.403658 0.811147  0.433107
3.61689209	774	0.405095 0.808993  0.434783
3.62193202	773	0.412517 0.810190  0.435980
3.62698006	773	0.405813 0.811147  0.426882
3.63201594	774	0.405574 0.814020  0.435261
3.63705611	772	0.403180 0.807317  0.434543
3.64209198	774	0.403898 0.812823  0.424727
3.64712405	773	0.404855 0.810429  0.437416
3.65214800	775	0.409883 0.811626  0.431670
3.65716409	774	0.400546 0.812823  0.434064
3.66217994	775	0.407728 0.813541  0.423291
3.66721200	774	0.401982 0.809950  0.427121
3.67223596	774	0.404377 0.807556  0.428797
3.67725992	774	0.406053 0.812823  0.431910
3.68227601	772	0.405334 0.808753  0.425924
3.68732810	772	0.401982 0.807077  0.441965
3.69237589	772	0.403658 0.807795  0.424727
3.69741988	774	0.408447 0.810190  0.428318
3.70245194	775	0.402940 0.808274  0.427840
3.70747590	774	0.408207 0.810190  0.432628
3.71248793	773	0.400067 0.808035  0.430952
3.71748805	773	0.404137 0.811626  0.428318
3.72252392	775	0.412038 0.810429  0.429515
3.72754788	775	0.405334 0.816654  0.429994
3.73258805	772	0.408447 0.807556  0.431191
3.73761200	774	0.399109 0.813541  0.433107
3.74264407	775	0.405334 0.811147  0.433825
3.74768400	775	0.405813 0.806838  0.434064
3.75272393	774	0.401504 0.811626  0.429276
3.75775599	772	0.406053 0.818809  0.435980
3.76277995	775	0.409404 0.810190  0.429755
3.76778793	775	0.403658 0.802528  0.430713
3.77281188	774	0.409883 0.807317  0.430952
3.77782392	775	0.404137 0.809950  0.429037
3.78286004	774	0.408207 0.813302  0.436219
3.78787589	775	0.406771 0.810668  0.436937
3.79291200	775	0.404137 0.806838  0.429515
3.79793596	775	0.405095 0.812823  0.426164
3.80296802	775	0.407728 0.807077  0.431191
3.80800390	772	0.405813 0.811626  0.430473
3.81303596	772	0.405813 0.812823  0.437656
3.81805992	775	0.404137 0.807556  0.433107
3.82307605	775	0.407489 0.811626  0.433586
3.82810001	774	0.405334 0.817851  0.434783
3.83313198	775	0.404616 0.813063  0.435980
3.83815593	775	0.404377 0.811147  0.432149
3.84319591	773	0.404616 0.810908  0.424488
3.84823207	775	0.407010 0.814260  0.424248
3.85326004	774	0.401025 0.807077  0.429994
3.85830001	774	0.406771 0.809471  0.438853
3.86333990	775	0.405095 0.814499  0.433586
3.86837596	774	0.403658 0.806838  0.434543
3.87341194	772	0.403898 0.805641  0.432149
3.87842388	773	0.404616 0.810190  0.432628
3.88344783	775	0.405334 0.814020  0.440050
3.88847208	775	0.405095 0.813541  0.427840
3.89349603	772	0.403419 0.810429  0.429515
3.89852409	773	0.401982 0.809711  0.429515
3.90354804	772	0.405574 0.811147  0.433107
3.90859603	774	0.407250 0.801810  0.425685
3.91363601	775	0.404377 0.805641  0.429755
3.91868400	775	0.400785 0.804922  0.432149
3.92371606	775	0.405095 0.810668  0.433107
3.92874002	774	0.405813 0.810429  0.441965
3.93376398	773	0.405095 0.810908  0.426642
3.93878002	774	0.403419 0.814499  0.435740
3.94379596	772	0.410841 0.805880  0.438613
3.94882793	774	0.408447 0.814978  0.427840
3.95386009	772	0.404377 0.809711  0.425445
3.95890808	773	0.402222 0.812105  0.436698
3.96395206	773	0.409165 0.807317  0.435022
3.96899604	775	0.407968 0.810668  0.430713
3.97402811	774	0.402461 0.813541  0.435501
3.97907209	772	0.406771 0.808274  0.429755
3.98411607	775	0.405095 0.809711  0.421854
3.98915596	773	0.397433 0.813541  0.427121
3.99419193	774	0.400546 0.805880  0.420657
3.99919204	772	0.406292 0.810668  0.428079
4.00421619	775	0.410362 0.811387  0.437177
4.00924777	775	0.411799 0.814739  0.435501
4.01428413	773	0.404855 0.811626  0.436937
4.01931619	775	0.403180 0.814260  0.425924
4.02436399	775	0.402461 0.815457  0.430713
4.02940416	775	0.406053 0.810908  0.428797
4.03444814	774	0.409883 0.818090  0.441007
4.03947591	774	0.399588 0.807795  0.424967
4.04453182	773	0.405813 0.809471  0.424488
4.04956388	772	0.401025 0.814260  0.432628
4.05458021	772	0.404137 0.803965  0.429037
4.05960416	775	0.403180 0.805641  0.430713
4.06462001	774	0.407968 0.810429  0.432867
4.06964015	775	0.402461 0.809232  0.431670
4.07465219	775	0.405813 0.804683  0.441965
4.07969188	775	0.400067 0.802768  0.433825
##inga 
#ido(sec)  szog(ADC)     ax(g)    ay(g)   az(g)
4.08525180	775	0.406531 0.812823  0.430473
4.09048414	774	0.405334 0.810908  0.433346
4.09570789	775	0.407489 0.809711  0.435501
4.10082817	773	0.401264 0.809711  0.436219
4.10586023	773	0.403658 0.805641  0.431431
4.11088418	773	0.400785 0.808035  0.429755
4.11590003	775	0.399349 0.814260  0.436219
4.12093210	773	0.402701 0.804922  0.434304
4.12594795	773	0.405095 0.807556  0.427600
4.13096380	775	0.400546 0.815457  0.443880
4.13598823	775	0.400785 0.807556  0.424967
4.14101982	774	0.402461 0.805401  0.435501
4.14605998	772	0.405095 0.812823  0.432388
4.15110397	772	0.410123 0.812584  0.425206
4.15615606	772	0.406053 0.809711  0.431670
4.16118812	774	0.404377 0.811387  0.427840
4.16621208	774	0.410841 0.811147  0.431670
4.17124414	774	0.404616 0.808274  0.434543
4.17627191	774	0.400546 0.809950  0.437895
4.18128395	775	0.407250 0.810668  0.428797
4.18631601	774	0.410123 0.812823  0.432628
4.19135618	773	0.407728 0.810429  0.432388
4.19639587	772	0.401982 0.814499  0.433346
4.20143985	774	0.404137 0.811387  0.431431
4.20647621	775	0.401743 0.814020  0.435261
4.21150779	775	0.401743 0.808514  0.435501
4.21655178	772	0.406053 0.810190  0.432388
4.22158813	775	0.406292 0.807317  0.434064
4.22660398	774	0.406771 0.809950  0.428797
4.23162794	772	0.402222 0.817372  0.426164
4.23666000	775	0.410123 0.811387  0.429276
4.24168395	773	0.406771 0.813781  0.424248
4.24671602	772	0.408926 0.811865  0.440768
4.25174379	775	0.400067 0.807795  0.425445
4.25676393	775	0.407250 0.806120  0.428797
4.26179599	775	0.412038 0.808993  0.431670
4.26682376	772	0.407010 0.814260  0.419460
4.27184391	772	0.404137 0.812823  0.435740
4.27686786	775	0.404855 0.806359  0.437177
4.28190422	772	0.403180 0.809711  0.428318
4.28692817	774	0.406292 0.812105  0.429037
4.29194021	774	0.404137 0.803486  0.425445
4.29697608	775	0.406531 0.811387  0.432867
4.30200386	772	0.405574 0.804922  0.427121
4.30704402	775	0.405095 0.810190  0.428079
4.31206417	775	0.409883 0.808753  0.432628
4.31708383	775	0.405334 0.812823  0.428318
4.32212018	775	0.404377 0.804922  0.426882
4.32716417	773	0.404616 0.811865  0.428318
4.33220815	773	0.402701 0.807795  0.429276
4.33723592	772	0.403419 0.806359  0.433107
4.34225988	775	0.404855 0.808035  0.430473
4.34728002	772	0.404616 0.810190  0.429994
4.35229206	775	0.403180 0.809232  0.435022
4.35732793	775	0.410841 0.809950  0.431910
4.36234807	775	0.404855 0.815936  0.429515
4.36738014	775	0.413235 0.811865  0.431910
4.37241220	774	0.405334 0.805401  0.428318
4.37745189	775	0.407968 0.811626  0.433346
4.38248395	774	0.403898 0.810429  0.431431
4.38752412	774	0.406053 0.809471  0.429276
4.39254808	775	0.405334 0.808514  0.434064
4.39756393	775	0.405095 0.804683  0.435022
4.40257978	772	0.404855 0.813781  0.433586
4.40761184	773	0.407010 0.811626  0.441486
4.41262817	775	0.401982 0.811626  0.433107
4.41766405	772	0.407728 0.807077  0.432867
4.42270803	772	0.405095 0.808753  0.437177
4.42772817	774	0.403180 0.813541  0.421854
4.43276405	773	0.404616 0.812823  0.431910
4.43779182	775	0.407010 0.812584  0.433107
4.44284009	775	0.406771 0.807317  0.433586
4.44787597	774	0.403898 0.810668  0.426403
4.45289993	775	0.407489 0.806838  0.431191
4.45792818	775	0.401025 0.805641  0.435501
4.46294021	774	0.409644 0.804204  0.435022
4.46796417	775	0.413474 0.809471  0.433825
4.47298383	773	0.401504 0.803965  0.431910
4.47801208	774	0.407250 0.808274  0.436937
4.48303985	775	0.402701 0.808753  0.427840
4.48805999	772	0.406053 0.808035  0.431670
4.49308776	775	0.406053 0.808753  0.434783
4.49813985	773	0.400067 0.809711  0.428558
4.50316381	774	0.404137 0.811147  0.435980
4.50818777	774	0.407968 0.809711  0.432628
4.51320791	773	0.400785 0.808993  0.439092
4.51823186	774	0.408926 0.808035  0.421854
4.52325582	772	0.410123 0.805641  0.424248
4.52828407	775	0.403180 0.803486  0.438374
4.53331184	775	0.402222 0.807556  0.428079
4.53834819	775	0.408926 0.804922  0.431670
4.54337215	772	0.407489 0.806359  0.425206
4.54841613	775	0.409883 0.811626  0.424248
4.55346012	772	0.404855 0.809232  0.427600
4.55848407	774	0.408926 0.807795  0.432628
4.56351613	773	0.403419 0.810429  0.435980
4.56853199	775	0.410362 0.808035  0.432149
4.57355594	775	0.402701 0.811865  0.429037
4.57857990	774	0.407728 0.815696  0.438374
4.58361196	773	0.400306 0.808753  0.431670
4.58862400	775	0.400306 0.808753  0.433586
##inga 
#ido(sec)  szog(ADC)     ax(g)    ay(g)   az(g)
4.59418392	774	0.398152 0.815696  0.424727
4.59943580	774	0.406053 0.811626  0.437177
4.60466384	774	0.405334 0.810908  0.425445
4.60981607	772	0.405095 0.807556  0.431670
4.61484003	775	0.409165 0.812105  0.437177
4.61987590	774	0.406292 0.807317  0.430473
4.62488794	775	0.407489 0.813302  0.422093
4.62990808	773	0.404377 0.806598  0.430713
4.63493585	773	0.406292 0.810908  0.436459
4.63997220	772	0.405574 0.807317  0.429276
4.64499998	775	0.410123 0.814020  0.431431
4.65003585	772	0.408207 0.808753  0.425206
4.65506792	775	0.401025 0.807556  0.426642
4.66010379	774	0.401264 0.806838  0.438613
4.66514015	775	0.404377 0.811865  0.431910
4.67017221	774	0.405334 0.811147  0.423769
4.67520380	775	0.410601 0.803486  0.434064
4.68022012	774	0.412756 0.812105  0.432628
4.68523979	775	0.413474 0.809471  0.430473
4.69026422	774	0.406771 0.804204  0.427600
4.69528818	774	0.401264 0.812105  0.432388
4.70033216	774	0.406292 0.810190  0.435022
4.70534801	774	0.410841 0.809232  0.433107
4.71038007	775	0.404137 0.811147  0.431191
4.71541976	774	0.408686 0.815457  0.433586
4.72045612	775	0.400067 0.808514  0.432388
4.72548389	773	0.406531 0.814020  0.424009
4.73051595	775	0.404137 0.812344  0.430234
4.73554801	775	0.409404 0.810908  0.428079
4.74057197	772	0.408686 0.808753  0.434543
4.74559593	773	0.405574 0.803965  0.430713
4.75062799	775	0.406531 0.810190  0.431431
4.75565195	775	0.409404 0.806838  0.428558
4.76068401	772	0.406053 0.812584  0.431191
4.76571178	775	0.406531 0.814499  0.430234
4.77074813	772	0.405574 0.809232  0.424967
4.77580022	775	0.406292 0.810668  0.427361
4.78083610	774	0.407728 0.812344  0.441007
4.78586387	772	0.399349 0.815936  0.432628
4.79090023	773	0.407250 0.810429  0.432388
4.79591608	775	0.404855 0.810190  0.428079
4.80094003	775	0.405334 0.813063  0.433107
4.80596399	775	0.407728 0.817133  0.431910
4.81098794	774	0.397673 0.808514  0.426403
4.81602001	772	0.410841 0.815457  0.430713
4.82106399	773	0.403180 0.812344  0.429037
4.82609987	773	0.406053 0.806359  0.430952
4.83113193	772	0.405334 0.808993  0.433586
4.83618021	774	0.412277 0.806359  0.433107
4.84122800	775	0.406771 0.806598  0.428079
4.84627199	773	0.410362 0.810190  0.433586
4.85129976	774	0.408686 0.815457  0.429994
4.85631990	775	0.406292 0.808993  0.439571
4.86134815	774	0.403419 0.803486  0.438374
4.86637210	774	0.407968 0.803965  0.428797
4.87139606	774	0.404855 0.813302  0.419220
4.87642383	775	0.402222 0.811147  0.429037
4.88146018	775	0.399828 0.809711  0.426164
4.88650417	775	0.404616 0.815217  0.437656
4.89154005	775	0.397673 0.805401  0.440050
4.89658403	773	0.405095 0.810908  0.431670
4.90161991	774	0.407968 0.808274  0.423051
4.90664386	775	0.406771 0.806359  0.430473
4.91166782	772	0.404137 0.808993  0.424009
4.91669178	772	0.401025 0.808993  0.431191
4.92171621	774	0.407250 0.804204  0.430234
4.92673206	774	0.405095 0.803965  0.430952
4.93176412	774	0.401264 0.806120  0.434543
4.93678808	774	0.401743 0.812105  0.423051
4.94182395	775	0.401982 0.802528  0.436937
4.94687604	774	0.399349 0.806838  0.430952
4.95190811	774	0.407489 0.813541  0.437416
4.95693588	775	0.402222 0.807556  0.440050
4.96195983	774	0.406292 0.815696  0.439332
4.96700382	774	0.406531 0.808753  0.429755
4.97202777	775	0.404616 0.812105  0.429276
4.97705221	772	0.406531 0.807317  0.433346
4.98208379	775	0.407489 0.813781  0.433586
4.98710823	774	0.410362 0.808753  0.427840
4.99213600	775	0.413235 0.818090  0.429515
4.99717617	772	0.408926 0.809950  0.427361
5.00220394	773	0.403419 0.810190  0.429515
5.00723981	773	0.406771 0.813302  0.432628
5.01229619	773	0.408207 0.804444  0.428079
5.01732397	773	0.402461 0.811626  0.425924
5.02235221	775	0.401982 0.807795  0.434304
5.02737188	775	0.396715 0.814499  0.429037
5.03239583	775	0.404137 0.810429  0.432867
5.03741979	774	0.399588 0.805880  0.435501
5.04244422	772	0.403658 0.809711  0.431191
5.04746818	773	0.404616 0.806598  0.421375
5.05249214	773	0.404137 0.812344  0.438613
5.05752801	773	0.410841 0.809950  0.426642
5.06255197	775	0.405813 0.807317  0.433346
5.06759595	774	0.405574 0.814020  0.430713
5.07263994	775	0.403419 0.809232  0.432628
5.07768011	775	0.404616 0.819288  0.426882
5.08271598	775	0.408447 0.811147  0.421854
5.08773994	773	0.402461 0.811147  0.430713
5.09276390	772	0.401743 0.810908  0.432388
5.09778785	773	0.402222 0.805401  0.433586
##inga 
#ido(sec)  szog(ADC)     ax(g)    ay(g)   az(g)
5.10334396	775	0.402701 0.811626  0.432628
5.10858392	775	0.403180 0.811387  0.433586
5.11380815	772	0.400067 0.814739  0.430952
5.11893987	774	0.404377 0.810190  0.429994
5.12397193	772	0.404855 0.811626  0.437177
5.12901210	774	0.406053 0.807795  0.434543
5.13403606	772	0.407968 0.812105  0.432867
5.13906383	775	0.409883 0.802528  0.431910
5.14409208	774	0.403180 0.806838  0.424727
5.14911603	774	0.402940 0.809232  0.430234
5.15413618	772	0.402940 0.806120  0.431191
5.15916013	775	0.408926 0.812344  0.429276
5.16420412	775	0.407968 0.803725  0.431191
5.16921186	775	0.405095 0.813063  0.431431
5.17423582	774	0.406292 0.812105  0.432867
5.17927598	773	0.403658 0.807556  0.428318
5.18431615	772	0.406053 0.806359  0.427600
5.18935203	775	0.406531 0.814739  0.440289
5.19439601	775	0.403898 0.812823  0.426882
5.19941997	775	0.403898 0.816175  0.427361
5.20445203	775	0.408926 0.802289  0.420418
5.20947599	772	0.406292 0.809711  0.423051
5.21449995	775	0.409404 0.812584  0.440529
5.21951580	772	0.401504 0.810668  0.430713
5.22454786	772	0.406053 0.808274  0.429276
5.22957181	773	0.405095 0.805641  0.432628
5.23459196	772	0.405095 0.809950  0.427361
5.23962020	774	0.402461 0.815457  0.428079
5.24466800	774	0.404616 0.818090  0.434783
5.24970006	775	0.402701 0.816654  0.429994
5.25472784	775	0.402222 0.810908  0.434064
5.25974798	775	0.410123 0.811387  0.429276
5.26478815	773	0.403419 0.814978  0.420418
5.26980018	772	0.405095 0.816175  0.439332
5.27481985	772	0.408926 0.814978  0.429515
5.27983999	772	0.407250 0.810190  0.424967
5.28487205	775	0.400785 0.813541  0.432388
5.28990411	772	0.407010 0.813063  0.432628
5.29493618	774	0.403658 0.808274  0.430234
5.29998016	773	0.407968 0.813781  0.430952
5.30501604	774	0.409165 0.808753  0.433586
5.31005191	775	0.403419 0.808993  0.426164
5.31508398	775	0.407250 0.813063  0.422572
5.32010793	774	0.401264 0.812823  0.432149
5.32513189	772	0.402222 0.810429  0.426403
5.33014822	775	0.401982 0.800613  0.433346
5.33516788	775	0.403180 0.806359  0.435980
5.34020376	775	0.401504 0.805641  0.432867
5.34524822	772	0.404137 0.810429  0.423051
5.35028409	775	0.405334 0.808753  0.438135
5.35532808	772	0.401504 0.808993  0.431670
5.36035585	774	0.407489 0.804683  0.439332
5.36538791	774	0.405095 0.811387  0.432628
5.37040805	775	0.410362 0.808993  0.431670
5.37543582	772	0.403180 0.808514  0.434783
5.38045215	775	0.403419 0.811626  0.429276
5.38548421	774	0.402701 0.812584  0.431670
5.39050817	772	0.404137 0.810190  0.434064
5.39552402	774	0.405334 0.804444  0.431191
5.40056419	772	0.406053 0.810429  0.425685
5.40560007	772	0.397673 0.808993  0.433825
5.41064405	772	0.404377 0.810190  0.435261
5.41568803	774	0.407968 0.810908  0.429755
5.42072820	772	0.406053 0.806838  0.433107
5.42574787	775	0.400306 0.804444  0.436219
5.43076419	773	0.407968 0.811626  0.428318
5.43578815	772	0.409883 0.808753  0.426164
5.44080781	775	0.408926 0.812105  0.432867
5.44583606	773	0.408926 0.802768  0.429037
5.45087623	775	0.410362 0.810190  0.426642
5.45590782	774	0.399349 0.810429  0.431431
5.46094799	774	0.403898 0.816654  0.437177
5.46598005	774	0.403419 0.808035  0.435261
5.47102022	772	0.404855 0.810908  0.427361
5.47606801	775	0.396476 0.813781  0.431670
5.48109197	774	0.401982 0.808514  0.439571
5.48612785	775	0.403180 0.812105  0.434304
5.49113988	775	0.407968 0.809950  0.429994
5.49616384	775	0.405574 0.807077  0.426403
5.50118017	774	0.409404 0.806598  0.425924
5.50621223	775	0.405574 0.806359  0.428318
5.51124811	775	0.408447 0.808753  0.436219
5.51627588	774	0.407968 0.807077  0.429276
5.52130794	775	0.404616 0.810668  0.425445
5.52636384	774	0.410362 0.806598  0.421375
5.53140401	774	0.400306 0.807077  0.424248
5.53643608	774	0.406771 0.804922  0.435740
5.54147195	774	0.403180 0.811626  0.421854
5.54649591	775	0.401982 0.807077  0.432388
5.55150794	774	0.397912 0.809232  0.420657
5.55653190	774	0.403180 0.810908  0.435501
5.56155586	774	0.405095 0.810668  0.431910
5.56657218	775	0.399828 0.806359  0.423530
5.57158803	775	0.406292 0.807556  0.435980
5.57662820	773	0.405095 0.805641  0.432388
5.58166408	773	0.404616 0.809471  0.434064
5.58670377	774	0.400546 0.806120  0.433107
5.59174013	775	0.406053 0.809232  0.423051
5.59677219	774	0.407010 0.806598  0.423051
5.60177612	775	0.404137 0.804922  0.431670
5.60679578	775	0.411799 0.814739  0.433825
##inga 
#ido(sec)  szog(ADC)     ax(g)    ay(g)   az(g)
5.61237192	774	0.408447 0.805162  0.433586
5.61761188	775	0.400785 0.806359  0.424248
5.62283992	775	0.401504 0.810429  0.426642
5.62798023	774	0.403898 0.811865  0.430234
5.63300800	774	0.404137 0.809232  0.422572
5.63804006	772	0.401504 0.806359  0.428079
5.64307212	773	0.404137 0.805641  0.426164
5.64810800	775	0.401982 0.809471  0.428558
5.65313196	775	0.403658 0.803007  0.427121
5.65815591	772	0.404377 0.810190  0.431670
5.66316413	775	0.407010 0.808274  0.430234
5.66818380	774	0.406053 0.809711  0.433346
5.67320823	775	0.402940 0.809232  0.435980
5.67822790	776	0.401982 0.808514  0.430473
5.68325996	775	0.409404 0.807317  0.431670
5.68830013	772	0.404377 0.810668  0.429037
5.69333219	775	0.408926 0.808753  0.426882
5.69837999	772	0.400546 0.810908  0.431910
5.70340776	774	0.403180 0.813302  0.435740
5.70843601	773	0.402222 0.814739  0.431191
5.71346807	773	0.401025 0.814260  0.437177
5.71849203	774	0.400306 0.806120  0.433107
5.72350406	774	0.408447 0.811387  0.428558
5.72852802	774	0.405574 0.812344  0.430234
5.73356389	775	0.406771 0.812823  0.435501
5.73859596	772	0.408686 0.815457  0.434783
5.74363994	774	0.407489 0.814499  0.434064
5.74868392	773	0.406053 0.809950  0.434304
5.75371599	773	0.402940 0.809471  0.437177
5.75874805	774	0.402461 0.801571  0.427361
5.76379585	775	0.403898 0.806120  0.431670
5.76882791	775	0.402940 0.815457  0.438853
5.77384805	775	0.399109 0.804444  0.428558
5.77887201	775	0.401982 0.813541  0.435980
5.78389596	773	0.401982 0.810908  0.428797
5.78892421	772	0.404377 0.808514  0.425206
5.79396009	775	0.402222 0.813302  0.431910
5.79898023	774	0.407489 0.807556  0.431910
5.80400800	773	0.405095 0.807317  0.427840
5.80903577	775	0.406292 0.806598  0.438135
5.81408023	775	0.407968 0.812105  0.432628
5.81912422	773	0.406053 0.806598  0.440768
5.82416009	773	0.405334 0.805880  0.428558
5.82917976	775	0.412277 0.814499  0.435740
5.83419609	774	0.402461 0.817372  0.426642
5.83922815	775	0.404616 0.809950  0.425685
5.84425210	774	0.402940 0.809950  0.428558
5.84927606	774	0.405095 0.804683  0.430234
5.85430812	775	0.398870 0.810668  0.427361
5.85933589	772	0.403658 0.809950  0.436937
5.86437988	774	0.404137 0.807556  0.437656
5.86942815	775	0.402940 0.808993  0.440289
5.87446022	772	0.413474 0.806598  0.437656
5.87951183	773	0.400306 0.808514  0.433346
5.88453578	774	0.401264 0.818569  0.430234
5.88956022	773	0.403658 0.808035  0.424727
5.89458417	775	0.408926 0.809950  0.431670
5.89960813	775	0.403898 0.804444  0.430234
5.90463209	773	0.400067 0.808753  0.428318
5.90965604	775	0.407010 0.812344  0.434064
5.91467618	775	0.410123 0.810429  0.427121
5.91970777	772	0.403898 0.814020  0.440529
5.92473602	775	0.402940 0.815696  0.435501
5.92977190	774	0.404616 0.811387  0.430713
5.93481206	775	0.404137 0.814020  0.427600
5.93983221	775	0.402222 0.810429  0.429037
5.94484376	775	0.407250 0.808274  0.430473
5.94986820	775	0.400546 0.810429  0.435980
5.95487594	775	0.408926 0.809950  0.419699
5.95989990	774	0.407489 0.813063  0.434304
5.96492004	772	0.406053 0.810190  0.426642
5.96995210	775	0.404137 0.812584  0.433107
5.97499608	774	0.405813 0.807077  0.434304
5.98003578	775	0.401504 0.805401  0.429755
5.98507595	774	0.400306 0.804922  0.430473
5.99010801	775	0.401743 0.814739  0.439092
5.99516010	772	0.402701 0.815696  0.434064
6.00017213	774	0.408447 0.810668  0.430473
6.00520801	775	0.402701 0.808993  0.428797
6.01023197	773	0.405574 0.808993  0.431910
6.01526021	774	0.402940 0.810429  0.434064
6.02027606	774	0.402222 0.805401  0.429755
6.02531194	772	0.403898 0.807556  0.426403
6.03034400	774	0.401504 0.811626  0.431670
6.03536415	775	0.404616 0.810429  0.436459
6.04041194	774	0.405813 0.806838  0.434064
6.04545593	775	0.408207 0.809232  0.424727
6.05049180	772	0.402940 0.805641  0.432628
6.05551576	775	0.403419 0.812823  0.428079
6.06054782	775	0.405334 0.812105  0.435501
6.06557178	772	0.405095 0.809711  0.428318
6.07058811	772	0.403419 0.805401  0.422812
6.07561206	772	0.406531 0.814020  0.430473
6.08062791	774	0.402940 0.805880  0.421136
6.08563184	774	0.412756 0.812823  0.433107
6.09068393	775	0.409883 0.811865  0.429515
6.09570789	774	0.403658 0.808753  0.428318
6.10074806	773	0.405574 0.806359  0.432388
6.10578012	773	0.403898 0.810668  0.432628
6.11080408	774	0.407489 0.807795  0.424967
6.11583995	775	0.405574 0.808993  0.430952
##inga 
#ido(sec)  szog(ADC)     ax(g)    ay(g)   az(g)
6.12138795	772	0.404616 0.806598  0.429994
6.12660789	772	0.410362 0.813541  0.429515
6.13185596	775	0.405095 0.812584  0.431670
6.13698005	775	0.405574 0.809471  0.429276
6.14200401	774	0.404855 0.807795  0.434064
6.14704418	774	0.402461 0.813063  0.436459
6.15209197	775	0.402222 0.808514  0.422333
6.15713596	774	0.404137 0.814739  0.425445
6.16219615	774	0.408207 0.807317  0.440768
6.16723585	775	0.403180 0.813541  0.424488
6.17225980	773	0.400546 0.810908  0.433586
6.17728376	772	0.405574 0.807795  0.426642
6.18230819	775	0.405334 0.808993  0.424248
6.18733978	774	0.404137 0.812344  0.423051
6.19236421	774	0.401982 0.809232  0.433346
6.19739580	775	0.406053 0.813541  0.429994
6.20242404	775	0.403180 0.806359  0.427840
6.20744800	773	0.401743 0.810908  0.424967
6.21249198	775	0.404377 0.809471  0.436459
6.21754407	775	0.408686 0.808753  0.432149
6.22257184	775	0.405813 0.811387  0.431191
6.22761201	774	0.409644 0.814739  0.429515
6.23265218	774	0.398631 0.810429  0.423291
6.23769187	775	0.405574 0.814020  0.426164
6.24270820	774	0.397912 0.806359  0.430952
6.24772405	772	0.408207 0.812105  0.435740
6.25274801	773	0.404137 0.810190  0.427840
6.25777578	774	0.406053 0.806120  0.433346
6.26279592	774	0.409883 0.806838  0.425445
6.26783609	775	0.406531 0.810668  0.438135
6.27286815	775	0.410123 0.812105  0.445317
6.27791595	774	0.406531 0.816654  0.435740
6.28296422	774	0.406053 0.806598  0.425445
6.28798818	775	0.400785 0.814260  0.435980
6.29300403	772	0.404137 0.809950  0.431910
6.29802799	773	0.410362 0.810908  0.427840
6.30305194	775	0.403898 0.806838  0.426882
6.30807590	773	0.406771 0.810908  0.435022
6.31310796	774	0.409404 0.805162  0.428318
6.31814002	774	0.404616 0.812344  0.435980
6.32317209	774	0.410841 0.817133  0.439092
6.32821178	775	0.399349 0.816415  0.433586
6.33325576	775	0.399109 0.815696  0.437177
6.33830022	775	0.405334 0.813541  0.435261
6.34333610	774	0.403658 0.815457  0.429276
6.34836006	773	0.401264 0.803965  0.430952
6.35337209	773	0.405813 0.809232  0.434064
6.35838794	772	0.401264 0.812584  0.432867
6.36342000	775	0.410362 0.808035  0.427121
6.36844015	774	0.399109 0.812344  0.422333
6.37345981	774	0.407489 0.813302  0.437177
6.37849187	774	0.401982 0.808514  0.429276
6.38352823	774	0.401025 0.803725  0.430473
6.38856792	775	0.405095 0.805641  0.428079
6.39360380	773	0.405813 0.807556  0.431910
6.39863586	772	0.407010 0.803007  0.434543
6.40365982	774	0.407728 0.813063  0.435740
6.40867614	775	0.400067 0.807077  0.429515
6.41369199	775	0.406531 0.808274  0.433107
6.41871595	775	0.405813 0.803965  0.439092
6.42374801	773	0.403658 0.804444  0.434783
6.42878818	775	0.400546 0.807556  0.425685
6.43382406	772	0.405334 0.815217  0.418023
6.43885612	775	0.407728 0.804444  0.432388
6.44389200	774	0.404377 0.807556  0.429755
6.44894790	774	0.403658 0.811626  0.428558
6.45399188	773	0.406292 0.805401  0.433346
6.45902013	775	0.398391 0.812823  0.431191
6.46405220	774	0.401264 0.805162  0.436459
6.46907615	772	0.402222 0.811626  0.433107
6.47410821	774	0.405334 0.808514  0.422333
6.47913217	774	0.408926 0.806838  0.422812
6.48416423	775	0.407968 0.811387  0.427361
6.48918390	775	0.405574 0.806359  0.434543
6.49421215	774	0.404377 0.806598  0.428318
6.49924802	775	0.404377 0.807317  0.438613
6.50428390	772	0.404616 0.805880  0.430234
6.50932407	772	0.406531 0.807556  0.429276
6.51436376	772	0.403658 0.811147  0.430713
6.51938819	774	0.406531 0.809950  0.436459
6.52440404	772	0.404377 0.810908  0.440050
6.52943611	773	0.412756 0.808993  0.430234
6.53446817	775	0.403419 0.804683  0.427121
6.53950405	775	0.400546 0.810668  0.428797
6.54453182	774	0.407250 0.808993  0.432628
6.54955577	775	0.403419 0.808274  0.431431
6.55459594	775	0.402940 0.810190  0.426882
6.55962800	774	0.406771 0.810190  0.424727
6.56468391	775	0.400306 0.804444  0.434064
6.56971597	772	0.403658 0.809711  0.428797
6.57475185	774	0.406531 0.814260  0.435740
6.57976388	774	0.399828 0.808993  0.428797
6.58479976	775	0.405095 0.808274  0.433586
6.58982801	775	0.411080 0.810908  0.431670
6.59484815	775	0.400546 0.803965  0.423051
6.59987211	772	0.405095 0.813063  0.419220
6.60488414	774	0.407010 0.807077  0.431191
6.60990810	772	0.404137 0.810668  0.435980
6.61494779	775	0.407728 0.813541  0.432867
6.61999607	774	0.406292 0.816175  0.425445
6.62503576	772	0.400306 0.809232  0.430713
##inga 
#ido(sec)  szog(ADC)     ax(g)    ay(g)   az(g)
6.63058805	775	0.404616 0.807556  0.438135
6.63582801	775	0.401504 0.807317  0.435501
6.64105176	775	0.404377 0.804922  0.427600
6.64616823	774	0.403898 0.811865  0.435980
6.65117979	775	0.406531 0.809950  0.431910
6.65620422	774	0.408926 0.814978  0.428797
6.66124391	773	0.404377 0.810190  0.435261
6.66627216	774	0.406292 0.808753  0.432149
6.67129993	774	0.404616 0.811626  0.428558
6.67632818	773	0.407250 0.816175  0.439092
6.68136405	775	0.404855 0.813302  0.435980
6.68638801	775	0.401025 0.810668  0.432388
6.69141197	773	0.401504 0.805641  0.434543
6.69642400	773	0.412756 0.810190  0.429276
6.70144414	775	0.406292 0.804683  0.437895
6.70647192	772	0.406053 0.812584  0.427600
6.71149206	775	0.403419 0.810190  0.440050
6.71652412	772	0.402222 0.813541  0.427600
6.72154378	774	0.406292 0.808514  0.423769
6.72658014	776	0.405095 0.813781  0.434064
6.73160791	772	0.406292 0.807317  0.432388
6.73665189	773	0.401982 0.808753  0.429755
6.74168777	775	0.406053 0.810190  0.438853
6.74671220	775	0.409883 0.807556  0.428558
6.75173997	775	0.407728 0.806838  0.435022
6.75676012	772	0.403658 0.810190  0.431191
6.76178407	774	0.401982 0.806359  0.428079
6.76681184	775	0.403658 0.808035  0.431670
6.77182817	774	0.403419 0.811147  0.432149
6.77684402	774	0.406771 0.807556  0.433346
6.78188419	774	0.412038 0.815457  0.441247
6.78691577	774	0.405574 0.808993  0.433586
6.79195594	774	0.403898 0.817612  0.429037
6.79698801	774	0.402461 0.815936  0.428318
6.80202007	775	0.404377 0.808035  0.438135
6.80704402	772	0.403898 0.812344  0.435022
6.81206798	774	0.407968 0.810190  0.427121
6.81708383	775	0.399349 0.802528  0.433107
6.82210779	775	0.408207 0.807795  0.435022
6.82713985	774	0.402461 0.802049  0.434543
6.83217191	775	0.408447 0.802528  0.430713
6.83721208	772	0.406292 0.808753  0.422572
6.84224414	772	0.411559 0.805401  0.427840
6.84730005	772	0.400306 0.812105  0.429515
6.85233211	773	0.406292 0.806838  0.431191
6.85737991	775	0.407728 0.807795  0.424967
6.86242008	775	0.401504 0.817133  0.425445
6.86744403	775	0.401504 0.809232  0.425445
6.87245988	774	0.400785 0.809711  0.428797
6.87747621	775	0.398870 0.808753  0.442923
6.88250017	774	0.407968 0.810190  0.435740
6.88751220	774	0.407250 0.812823  0.432149
6.89253616	772	0.408926 0.807556  0.430473
6.89757204	772	0.408207 0.808514  0.434064
6.90260791	773	0.405334 0.806598  0.437895
6.90765190	772	0.398152 0.805880  0.432628
6.91269207	774	0.403658 0.802528  0.435261
6.91771602	774	0.406531 0.809471  0.422333
6.92273616	772	0.410123 0.810908  0.429994
6.92776012	775	0.403658 0.810908  0.428797
6.93278408	775	0.405813 0.809711  0.427840
6.93780422	774	0.401504 0.807077  0.430713
6.94284009	775	0.408447 0.807317  0.432149
6.94787216	775	0.400785 0.811626  0.430713
6.95289993	775	0.404377 0.807556  0.429276
6.95794391	775	0.407968 0.811865  0.439332
6.96296787	774	0.403658 0.809711  0.434543
6.96800422	772	0.409165 0.811147  0.429755
6.97303581	775	0.410362 0.810668  0.424009
6.97805976	775	0.412038 0.808514  0.429515
6.98309612	772	0.407968 0.810190  0.430952
6.98810815	774	0.402461 0.807795  0.434064
6.99313211	774	0.409883 0.808274  0.440289
6.99816417	775	0.410841 0.811626  0.425924
7.00319194	772	0.407489 0.811865  0.435501
7.00822019	775	0.409883 0.805641  0.436459
7.01325988	775	0.400785 0.812823  0.431431
7.01829195	775	0.401982 0.809232  0.427121
7.02333211	774	0.410123 0.808993  0.427600
7.02835607	774	0.405574 0.805401  0.434783
7.03338003	775	0.406292 0.808993  0.431191
7.03841209	772	0.406292 0.815457  0.426882
7.04343605	775	0.405813 0.805641  0.431670
7.04845190	774	0.401264 0.807556  0.434304
7.05347585	775	0.407968 0.810908  0.429755
7.05849981	772	0.407489 0.806359  0.429755
7.06353187	775	0.405574 0.809471  0.437416
7.06856012	774	0.409165 0.810908  0.432149
7.07359981	774	0.406292 0.812584  0.434543
7.07864809	775	0.403180 0.810668  0.425445
7.08368396	774	0.402222 0.810429  0.426403
7.08870792	775	0.405095 0.808035  0.431670
7.09372806	775	0.405095 0.809232  0.427840
7.09875202	774	0.409644 0.805880  0.429755
7.10376405	775	0.407489 0.815217  0.429037
7.10878801	775	0.402701 0.806120  0.424009
7.11380386	773	0.402222 0.810668  0.430952
7.11884784	772	0.399349 0.806838  0.429276
7.12389183	774	0.400067 0.810190  0.431191
7.12891578	774	0.407010 0.806359  0.430234
7.13394784	775	0.401504 0.811626  0.420418
##inga 
#ido(sec)  szog(ADC)     ax(g)    ay(g)   az(g)
7.13951206	775	0.404616 0.813541  0.429755
7.14475202	772	0.402701 0.806598  0.429755
7.14997577	775	0.406053 0.805162  0.432628
7.15509986	774	0.404616 0.807077  0.438135
7.16013193	774	0.404137 0.809232  0.431910
7.16514778	775	0.404616 0.807795  0.432628
7.17018413	775	0.403898 0.810908  0.430473
7.17522382	773	0.402222 0.809711  0.437416
7.18026018	775	0.398152 0.808753  0.427600
7.18528795	774	0.406292 0.812584  0.440050
7.19034385	773	0.406531 0.805880  0.426882
7.19537591	773	0.401982 0.803725  0.428558
7.20041179	775	0.403898 0.812105  0.432149
7.20542383	773	0.402701 0.812105  0.424488
7.21044778	775	0.399349 0.807556  0.435261
7.21547985	775	0.402461 0.814499  0.433107
7.22049617	775	0.404855 0.808274  0.428079
7.22552776	775	0.410601 0.806359  0.422333
7.23055219	775	0.402701 0.814739  0.434543
7.23560810	775	0.398631 0.813541  0.432867
7.24065208	772	0.398391 0.806359  0.426882
7.24569177	775	0.407489 0.810429  0.429994
7.25073194	775	0.400306 0.810668  0.432149
7.25575208	774	0.403898 0.813063  0.430952
7.26077985	775	0.404855 0.811147  0.425445
7.26580381	772	0.410123 0.815457  0.436698
7.27084016	773	0.401504 0.809232  0.432149
7.27585220	773	0.404616 0.810668  0.426642
7.28087615	773	0.409165 0.807795  0.435740
7.28591203	774	0.410841 0.808753  0.430234
7.29094791	774	0.406053 0.807317  0.429276
7.29598808	774	0.405574 0.806598  0.431431
7.30102396	775	0.404377 0.811626  0.430952
7.30606794	774	0.404137 0.812105  0.434783
7.31111621	775	0.406771 0.811147  0.430713
7.31614780	774	0.404137 0.811626  0.433107
7.32116413	775	0.403180 0.807077  0.436459
7.32618808	775	0.403658 0.810429  0.433586
7.33121204	775	0.401982 0.810429  0.433586
7.33622789	775	0.408926 0.806838  0.428079
7.34125995	775	0.408686 0.808274  0.430713
7.34628820	773	0.406531 0.803247  0.434064
7.35133218	774	0.400067 0.809950  0.433346
7.35635185	774	0.401743 0.814260  0.434543
7.36138010	773	0.403180 0.808993  0.427600
7.36641216	775	0.402940 0.811865  0.437177
7.37144422	775	0.404137 0.808993  0.440289
7.37647581	773	0.407489 0.803247  0.434304
7.38148403	774	0.407728 0.805641  0.426403
7.38649988	775	0.401504 0.807077  0.429994
7.39152383	774	0.401504 0.807795  0.437177
7.39654779	775	0.405574 0.812823  0.428318
7.40157604	775	0.404377 0.812823  0.429755
7.40660381	775	0.408926 0.809711  0.428079
7.41163206	775	0.402222 0.808993  0.425445
7.41666793	774	0.405813 0.808274  0.426882
7.42171621	773	0.406292 0.809232  0.439332
7.42676401	775	0.403658 0.811387  0.436937
7.43179988	775	0.407728 0.809950  0.428079
7.43682813	772	0.407010 0.811865  0.435261
7.44184780	772	0.407010 0.810908  0.420178
7.44685983	774	0.406292 0.808274  0.425924
7.45189619	772	0.404377 0.811626  0.434783
7.45692777	774	0.402701 0.810908  0.439810
7.46195220	775	0.405574 0.807077  0.432628
7.46700382	775	0.405095 0.806598  0.424009
7.47202777	773	0.403180 0.810190  0.417066
7.47706413	775	0.408447 0.815217  0.424009
7.48210000	775	0.408926 0.808274  0.433346
7.48712396	772	0.407489 0.815696  0.427840
7.49213218	772	0.407250 0.811626  0.435980
7.49714803	774	0.404855 0.812823  0.428558
7.50216817	775	0.406531 0.810190  0.442444
7.50719213	774	0.405574 0.808514  0.430952
7.51223611	774	0.401982 0.808753  0.429037
7.51726818	775	0.402701 0.807077  0.424967
7.52231979	775	0.406771 0.805641  0.434064
7.52735614	775	0.398631 0.809711  0.426164
7.53239583	772	0.408447 0.806359  0.429994
7.53743600	775	0.402701 0.811626  0.427600
7.54244422	775	0.403658 0.812344  0.437895
7.54746818	772	0.408686 0.810908  0.428797
7.55249214	774	0.407010 0.817133  0.430952
7.55751609	774	0.406531 0.816893  0.432149
7.56254005	775	0.409404 0.804444  0.435022
7.56756401	774	0.406771 0.810190  0.431191
7.57259607	775	0.402461 0.810190  0.426882
7.57763576	775	0.408926 0.807795  0.429994
7.58267211	774	0.399588 0.805162  0.431910
7.58769989	774	0.402701 0.816415  0.432628
7.59274005	775	0.407968 0.806838  0.435501
7.59778404	774	0.407489 0.812105  0.425445
7.60281181	774	0.401504 0.813063  0.426882
7.60783576	775	0.400306 0.809711  0.430473
7.61284399	772	0.401982 0.812823  0.435022
7.61785984	775	0.408207 0.810668  0.432149
7.62287616	775	0.407250 0.808274  0.424727
7.62790822	775	0.404137 0.807077  0.436219
7.63294410	775	0.402222 0.810190  0.429994
7.63798809	774	0.407010 0.807556  0.424967
7.64301586	772	0.410841 0.815936  0.424488
##inga 
#ido(sec)  szog(ADC)     ax(g)    ay(g)   az(g)
7.64859580	774	0.403419 0.811626  0.435022
7.65383195	775	0.409644 0.805162  0.437895
7.65905189	774	0.407968 0.809232  0.432867
7.66417217	774	0.400546 0.812105  0.434064
7.66918802	775	0.403180 0.808035  0.431670
7.67420387	772	0.404377 0.809232  0.438613
7.67922782	772	0.398152 0.811865  0.426882
7.68427181	772	0.403658 0.812823  0.431431
7.68929195	775	0.401264 0.809471  0.428558
7.69434022	774	0.404377 0.804204  0.434783
7.69939184	774	0.404855 0.804922  0.441247
7.70441579	772	0.412277 0.806598  0.426882
7.70946788	775	0.406531 0.808274  0.430952
7.71451616	773	0.403898 0.807077  0.430234
7.71954822	772	0.401504 0.805401  0.428558
7.72456789	774	0.405813 0.813302  0.432149
7.72959184	775	0.405095 0.809471  0.423051
7.73460388	772	0.397433 0.811147  0.430234
7.73964023	774	0.401504 0.809711  0.432628
7.74466800	775	0.404377 0.810908  0.434064
7.74969577	774	0.403180 0.807317  0.429755
7.75474023	775	0.404377 0.809711  0.428079
7.75977993	774	0.406771 0.805880  0.427361
7.76481199	775	0.406292 0.811626  0.434543
7.76985216	774	0.401982 0.813541  0.440289
7.77489185	775	0.407968 0.805880  0.434304
7.77990818	772	0.404137 0.813541  0.427361
7.78493976	773	0.405334 0.810190  0.433586
7.78996419	772	0.400067 0.814978  0.424967
7.79498004	775	0.405095 0.812344  0.433586
7.80001211	775	0.402701 0.808514  0.425685
7.80503177	775	0.405813 0.813063  0.432867
7.81007194	775	0.410362 0.817372  0.429276
7.81510782	775	0.409883 0.812105  0.436698
7.82014799	775	0.406053 0.808993  0.430234
7.82519578	772	0.407250 0.813063  0.435501
7.83023595	775	0.404616 0.806838  0.426403
7.83525991	775	0.408207 0.808514  0.430473
7.84026813	774	0.405334 0.805880  0.429037
7.84529209	772	0.404616 0.803007  0.429037
7.85031223	775	0.414672 0.810190  0.426403
7.85534000	775	0.404855 0.810429  0.432149
7.86034393	772	0.403658 0.805641  0.432388
7.86538791	775	0.402461 0.809950  0.428558
7.87043190	775	0.406531 0.815696  0.431670
7.87546014	774	0.405095 0.809232  0.425685
7.88051223	775	0.406292 0.808993  0.425445
7.88555622	774	0.405095 0.816654  0.426882
7.89059591	775	0.404616 0.806598  0.432628
7.89563179	774	0.404137 0.810668  0.425924
7.90066003	773	0.401743 0.807077  0.434304
7.90568017	775	0.407250 0.809950  0.443162
7.91070795	775	0.398631 0.805880  0.436698
7.91573190	773	0.404137 0.806598  0.425445
7.92076015	774	0.403658 0.811387  0.433586
7.92580413	774	0.407728 0.807077  0.436219
7.93084383	774	0.401025 0.808753  0.426403
7.93587589	775	0.409165 0.808274  0.430952
7.94091606	774	0.414432 0.800134  0.433107
7.94596385	775	0.407010 0.810908  0.439810
7.95098781	775	0.406292 0.805162  0.427361
7.95601177	775	0.410362 0.811865  0.433825
7.96104812	772	0.401743 0.806838  0.435980
7.96607589	775	0.406531 0.807795  0.426642
7.97109985	775	0.407489 0.804444  0.430713
7.97613191	775	0.405574 0.808514  0.430234
7.98116397	774	0.409165 0.808753  0.428318
7.98617982	774	0.408926 0.808274  0.437416
7.99121999	772	0.410841 0.805162  0.429994
7.99626779	775	0.399109 0.803965  0.426882
8.00130844	773	0.415629 0.806120  0.429037
8.00635623	775	0.409644 0.810190  0.429276
8.01138019	775	0.407489 0.810429  0.431431
8.01640796	772	0.402222 0.811626  0.432867
8.02143192	775	0.404377 0.809232  0.433825
8.02645969	772	0.399349 0.812823  0.420657
8.03149223	774	0.403180 0.806120  0.430713
8.03652381	775	0.406771 0.811865  0.429276
8.04155635	773	0.407968 0.805401  0.434064
8.04659175	775	0.402940 0.809471  0.430473
8.05161952	772	0.408447 0.809711  0.429276
8.05666446	773	0.408686 0.802768  0.437656
8.06171607	774	0.405095 0.807795  0.429755
8.06674766	772	0.407489 0.804444  0.429755
8.07177162	774	0.408447 0.805641  0.440529
8.07680416	774	0.401504 0.807556  0.435261
8.08181953	774	0.399349 0.810908  0.431191
8.08685207	775	0.406053 0.806598  0.440529
8.09189605	773	0.406531 0.815936  0.432149
8.09694004	775	0.406771 0.807077  0.418981
8.10197162	775	0.401504 0.810190  0.432149
8.10700416	775	0.402940 0.810429  0.433107
8.11203575	775	0.397194 0.805162  0.433825
8.11709213	775	0.401982 0.800374  0.420657
8.12213993	775	0.404137 0.810190  0.434064
8.12718772	774	0.402940 0.808753  0.436937
8.13220405	772	0.401025 0.810190  0.428797
8.13721179	772	0.409644 0.809711  0.427600
8.14221954	775	0.402701 0.807077  0.438853
8.14723205	775	0.400067 0.810190  0.429515
8.15225219	775	0.409644 0.807556  0.440529
##inga 
#ido(sec)  szog(ADC)     ax(g)    ay(g)   az(g)
8.15782356	774	0.402461 0.807795  0.432388
8.16306400	773	0.406053 0.812344  0.434304
8.16828441	775	0.400306 0.805641  0.432628
8.17342758	775	0.401025 0.810668  0.426642
8.17846775	774	0.398152 0.809711  0.422333
8.18351554	773	0.409165 0.811865  0.429037
8.18854045	775	0.404377 0.809471  0.429994
8.19355964	775	0.402222 0.807795  0.419220
8.19858360	774	0.408447 0.812584  0.419220
8.20360755	772	0.407489 0.810908  0.424009
8.20862007	775	0.408447 0.801810  0.430952
8.21364021	773	0.404377 0.808514  0.432149
8.21866416	775	0.403658 0.803007  0.437656
8.22369575	773	0.400546 0.811387  0.432628
8.22871971	775	0.406053 0.806359  0.433346
8.23376846	775	0.409165 0.809711  0.427121
8.23880767	775	0.399349 0.806359  0.434064
8.24383163	775	0.402701 0.802768  0.429276
8.24885559	774	0.402222 0.810908  0.428797
8.25387954	772	0.398152 0.807077  0.436698
8.25891590	775	0.406771 0.812105  0.422093
8.26394844	773	0.405813 0.810668  0.427840
8.26897239	774	0.407968 0.806359  0.424727
8.27402019	775	0.399828 0.808274  0.428558
8.27905178	775	0.403419 0.807795  0.429994
8.28409194	772	0.408447 0.811147  0.433586
8.28912830	772	0.407489 0.808753  0.436937
8.29416370	774	0.410123 0.810908  0.436698
8.29920387	775	0.400546 0.813781  0.437177
8.30422782	775	0.404377 0.807556  0.426164
8.30927181	774	0.399588 0.807556  0.431670
8.31429958	773	0.407250 0.803247  0.432628
8.31931972	775	0.405095 0.806359  0.433346
8.32434368	774	0.402940 0.807317  0.423769
8.32936382	774	0.403898 0.808993  0.428318
8.33438014	775	0.404855 0.807317  0.418981
8.33943176	775	0.404377 0.807795  0.437177
8.34445953	773	0.406771 0.811626  0.430952
8.34950447	775	0.401982 0.813781  0.430234
8.35454368	772	0.409883 0.808035  0.428558
8.35958003	775	0.413714 0.813781  0.426642
8.36462020	775	0.412038 0.807556  0.433107
8.36963558	775	0.400785 0.812584  0.428318
8.37465190	772	0.406531 0.812823  0.428797
8.37967967	775	0.407250 0.808274  0.429515
8.38471603	773	0.399349 0.810429  0.429755
8.38975620	774	0.410362 0.812584  0.436459
8.39480400	774	0.411559 0.812344  0.426164
8.39984416	775	0.408686 0.808514  0.433107
8.40487957	775	0.401982 0.803486  0.442205
8.40993213	774	0.409883 0.808274  0.423530
8.41495609	772	0.401504 0.814739  0.432867
8.42000389	775	0.399109 0.810908  0.426164
8.42504405	775	0.405813 0.810429  0.432628
8.43006038	775	0.405095 0.812344  0.428797
8.43508434	772	0.406292 0.815936  0.435740
8.44010829	773	0.409883 0.803247  0.431191
8.44512367	772	0.402701 0.810190  0.430473
8.45014762	775	0.403658 0.809950  0.439092
8.45517158	772	0.402461 0.812823  0.435501
8.46020412	774	0.403898 0.810908  0.432388
8.46524429	775	0.408926 0.808035  0.433586
8.47029972	774	0.402461 0.808514  0.431910
8.47533226	774	0.402940 0.804683  0.427361
8.48035621	773	0.408686 0.811387  0.434304
8.48538017	774	0.410841 0.810190  0.433586
8.49040412	772	0.405095 0.807556  0.434064
8.49541568	775	0.406292 0.810190  0.428558
8.50043582	772	0.406292 0.805641  0.424967
8.50547218	775	0.407010 0.807795  0.430713
8.51049995	775	0.404137 0.808035  0.433107
8.51554012	772	0.405334 0.810429  0.429755
8.52057552	775	0.405813 0.805162  0.420657
8.52562808	775	0.405095 0.812823  0.435980
8.53065967	775	0.402940 0.809471  0.423769
8.53568363	774	0.405574 0.813541  0.433107
8.54070758	775	0.406292 0.810908  0.426642
8.54574394	773	0.403419 0.807317  0.439332
8.55076789	774	0.401264 0.805641  0.428318
8.55579185	774	0.405095 0.808514  0.426403
8.56081199	772	0.406771 0.805641  0.425445
8.56585979	775	0.407250 0.817372  0.429276
8.57089233	772	0.405095 0.812105  0.430234
8.57593154	774	0.400785 0.807077  0.429755
8.58096408	775	0.401982 0.807077  0.426403
8.58600425	774	0.407489 0.804922  0.426642
8.59103584	775	0.407728 0.805401  0.429276
8.59607601	772	0.412517 0.818090  0.427121
8.60111236	773	0.404137 0.809232  0.432149
8.60613632	775	0.403898 0.806838  0.431191
8.61117172	775	0.405334 0.808274  0.428318
8.61619567	773	0.406531 0.807795  0.433586
8.62123584	772	0.402222 0.814260  0.424727
8.62625980	772	0.396476 0.813541  0.426403
8.63129997	775	0.399109 0.804204  0.432628
8.63632392	774	0.407010 0.809232  0.426882
8.64135169	774	0.403180 0.813302  0.433586
8.64640808	773	0.397433 0.809950  0.434543
8.65144443	775	0.404616 0.809471  0.432149
8.65647602	775	0.406053 0.808753  0.431191
8.66150760	774	0.405334 0.808274  0.430952
##inga 
#ido(sec)  szog(ADC)     ax(g)    ay(g)   az(g)
8.66706371	774	0.407968 0.808993  0.428079
8.67229557	775	0.407010 0.808035  0.429994
8.67750835	772	0.401264 0.805880  0.438613
8.68262767	775	0.407010 0.812344  0.430473
8.68763637	774	0.408926 0.807077  0.430473
8.69266796	775	0.406053 0.813781  0.427840
8.69768810	774	0.403419 0.811626  0.424248
8.70272827	774	0.408447 0.810908  0.431910
8.70776367	772	0.401264 0.807317  0.423051
8.71279621	774	0.405095 0.811626  0.428797
8.71781158	772	0.407968 0.806120  0.424009
8.72282791	775	0.406053 0.812344  0.428558
8.72784805	775	0.401504 0.806598  0.433825
8.73288440	775	0.406531 0.811865  0.430473
8.73791980	773	0.404377 0.806838  0.423769
8.74295616	774	0.405574 0.807556  0.432628
8.74799633	772	0.406053 0.804444  0.430234
8.75302410	775	0.406292 0.807795  0.426403
8.75806045	775	0.405574 0.807077  0.419460
8.76310825	775	0.402461 0.803725  0.425685
8.76813602	774	0.405095 0.802289  0.429276
8.77315998	772	0.406531 0.812344  0.441486
8.77818775	774	0.408447 0.809711  0.426882
8.78320407	775	0.404137 0.808274  0.431191
8.78823184	772	0.397433 0.806359  0.436219
8.79326820	772	0.408686 0.809950  0.432388
8.79829216	775	0.407250 0.805880  0.427361
8.80331611	772	0.405334 0.811865  0.433107
8.80835628	775	0.406053 0.810908  0.424009
8.81339168	773	0.402461 0.812105  0.430952
8.81843566	772	0.405574 0.806838  0.430473
8.82346820	775	0.408926 0.806120  0.430234
8.82848834	773	0.400067 0.808035  0.430952
8.83349990	774	0.403658 0.814978  0.433346
8.83852005	775	0.398391 0.806359  0.431670
8.84354782	775	0.396715 0.810429  0.427840
8.84856796	775	0.401504 0.809232  0.434543
8.85358047	774	0.404377 0.813781  0.430234
8.85861587	775	0.405334 0.816175  0.438853
8.86365604	772	0.413953 0.809711  0.434783
8.86870765	774	0.403898 0.811387  0.434543
8.87374019	775	0.409165 0.810908  0.434064
8.87878036	772	0.400785 0.810668  0.430234
8.88379192	774	0.405095 0.812823  0.429994
8.88881206	772	0.407489 0.812584  0.437656
8.89383602	774	0.404137 0.815217  0.435740
8.89885997	774	0.406531 0.806838  0.433586
8.90389633	775	0.409404 0.813063  0.431670
8.90890407	775	0.402940 0.808753  0.436219
8.91391563	774	0.406531 0.814260  0.429994
8.91894817	775	0.409644 0.802768  0.423530
8.92397212	773	0.405574 0.810908  0.437656
8.92902755	775	0.405574 0.813541  0.429276
8.93406772	772	0.411080 0.803965  0.435261
8.93910408	774	0.404855 0.807556  0.429755
8.94411563	775	0.404855 0.811865  0.436937
8.94913959	773	0.408447 0.813302  0.434783
8.95416355	773	0.406531 0.811626  0.429037
8.95918846	775	0.410123 0.804204  0.427840
8.96422004	775	0.407968 0.808753  0.426642
8.96924018	774	0.406292 0.809711  0.430234
8.97427558	772	0.406531 0.807556  0.423769
8.97931575	773	0.409165 0.812105  0.431191
8.98435974	774	0.407489 0.809711  0.430713
8.98940372	775	0.402461 0.809950  0.436698
8.99442768	775	0.401982 0.809950  0.432149
8.99945163	772	0.401264 0.812584  0.435022
9.00447177	775	0.402461 0.809950  0.422093
9.00948429	772	0.400306 0.809471  0.428318
9.01450824	774	0.402222 0.813541  0.435740
9.01953601	775	0.412277 0.807077  0.429755
9.02458000	774	0.409883 0.810668  0.435261
9.02960395	772	0.406531 0.811626  0.429276
9.03463554	774	0.401982 0.804683  0.430473
9.03968429	775	0.404855 0.817372  0.426642
9.04471588	774	0.409644 0.810429  0.431910
9.04973983	774	0.401982 0.807795  0.429037
9.05476379	772	0.405334 0.812584  0.432149
9.05978775	773	0.401025 0.808753  0.434064
9.06481170	775	0.403658 0.816415  0.431670
9.06983184	772	0.406053 0.814260  0.432149
9.07485580	775	0.403180 0.813781  0.425685
9.07987976	772	0.398391 0.809711  0.432628
9.08491992	774	0.405095 0.809711  0.432867
9.08995628	772	0.403180 0.808274  0.430234
9.09499645	775	0.404855 0.810668  0.431191
9.10003185	775	0.407728 0.806120  0.428558
9.10506820	775	0.404616 0.805880  0.430713
9.11009216	773	0.410123 0.806359  0.438613
9.11513233	774	0.410123 0.806598  0.421854
9.12016773	775	0.408686 0.805641  0.431191
9.12518787	775	0.402701 0.809950  0.431431
9.13021183	774	0.403898 0.812105  0.431191
9.13523197	774	0.400546 0.803725  0.434064
9.14026355	775	0.404616 0.814739  0.426403
9.14531612	775	0.395758 0.808514  0.427361
9.15036010	774	0.404855 0.807077  0.430952
9.15540790	775	0.400067 0.806838  0.433346
9.16043567	774	0.406053 0.806838  0.434064
9.16545963	772	0.401982 0.806838  0.427600
9.17047595	775	0.404377 0.807077  0.432149
##inga 
#ido(sec)  szog(ADC)     ax(g)    ay(g)   az(g)
9.17603206	775	0.407968 0.805162  0.432149
9.18125152	774	0.409404 0.800134  0.428558
9.18648815	775	0.405813 0.803725  0.440768
9.19161224	775	0.406053 0.804683  0.424727
9.19665241	774	0.408926 0.808993  0.434304
9.20168781	775	0.405574 0.814499  0.434543
9.20674037	773	0.403180 0.806120  0.432149
9.21176433	772	0.405334 0.809232  0.428797
9.21681213	773	0.403419 0.806120  0.426882
9.22185230	775	0.403419 0.807317  0.428079
9.22687244	773	0.406292 0.810908  0.430713
9.23189640	772	0.401982 0.809471  0.421854
9.23690795	775	0.401982 0.809232  0.432388
9.24192428	775	0.403898 0.811865  0.433825
9.24693965	773	0.408447 0.804922  0.429515
9.25197601	772	0.410362 0.817612  0.435501
9.25701618	772	0.409404 0.808514  0.432628
9.26205158	775	0.405095 0.812823  0.428558
9.26708030	774	0.402940 0.808753  0.435980
9.27210426	775	0.410123 0.811387  0.436698
9.27714824	772	0.403898 0.811147  0.429994
9.28216838	772	0.405095 0.811387  0.436698
9.28717994	775	0.404137 0.807077  0.434064
9.29220390	773	0.402701 0.814739  0.426882
9.29721641	775	0.405095 0.809711  0.430473
9.30223560	775	0.404137 0.804204  0.426164
9.30726814	773	0.407489 0.805880  0.429276
9.31229972	772	0.408207 0.810190  0.433107
9.31732368	774	0.410362 0.810668  0.426642
9.32235622	774	0.408686 0.812344  0.432388
9.32741165	775	0.406771 0.812584  0.435980
9.33246040	775	0.410362 0.819527  0.435740
9.33749961	775	0.399828 0.808993  0.429515
9.34252357	774	0.406053 0.812584  0.435261
9.34754753	772	0.402940 0.806598  0.436459
9.35256385	773	0.407010 0.812105  0.434304
9.35756397	774	0.408207 0.811147  0.434304
9.36258411	772	0.406053 0.802049  0.428318
9.36761188	775	0.402940 0.811147  0.422093
9.37263584	774	0.402701 0.808753  0.430952
9.37766361	774	0.405574 0.815696  0.432628
9.38271617	774	0.404616 0.809471  0.433346
9.38775157	775	0.398391 0.812584  0.425685
9.39280414	775	0.403658 0.808514  0.431191
9.39783573	774	0.403180 0.811865  0.441726
9.40285968	772	0.401743 0.809950  0.430713
9.40788364	775	0.404616 0.809471  0.429515
9.41290760	775	0.410123 0.814739  0.431191
9.41793632	775	0.406531 0.806359  0.433586
9.42298030	772	0.405574 0.806838  0.426882
9.42801189	775	0.401025 0.811865  0.434304
9.43304443	773	0.403898 0.813541  0.426882
9.43808364	775	0.404377 0.810668  0.423769
9.44313621	775	0.405813 0.811626  0.427361
9.44818019	775	0.406053 0.811626  0.431431
9.45322036	773	0.402940 0.810908  0.429276
9.45825576	775	0.404616 0.802289  0.422812
9.46329212	775	0.406531 0.811387  0.428318
9.46831989	773	0.403419 0.806359  0.428318
9.47335624	775	0.407728 0.812823  0.427361
9.47838020	775	0.404137 0.807556  0.425206
9.48341178	772	0.404377 0.807795  0.428797
9.48843574	775	0.406053 0.810908  0.426403
9.49348831	774	0.414193 0.811147  0.423530
9.49851608	775	0.405574 0.805641  0.435980
9.50356006	775	0.407489 0.804683  0.425924
9.50860023	775	0.407250 0.807317  0.428797
9.51362800	775	0.401264 0.804444  0.434783
9.51865959	775	0.406771 0.815217  0.430234
9.52369213	774	0.402461 0.809471  0.428079
9.52872371	774	0.407728 0.806838  0.426403
9.53374767	774	0.405095 0.814260  0.424009
9.53877162	775	0.408447 0.812105  0.435740
9.54379177	775	0.406531 0.810908  0.433825
9.54883575	775	0.409883 0.806359  0.422572
9.55386829	775	0.404855 0.804683  0.432867
9.55891990	773	0.407968 0.808993  0.426882
9.56396770	775	0.408207 0.807556  0.433825
9.56899642	775	0.407968 0.812823  0.431910
9.57402038	772	0.401504 0.808514  0.420657
9.57903194	774	0.407489 0.809950  0.431431
9.58405590	775	0.402222 0.810668  0.431431
9.58908843	773	0.407489 0.809950  0.433107
9.59410381	775	0.402222 0.807317  0.434064
9.59913635	774	0.404137 0.808035  0.431670
9.60416030	774	0.406292 0.809711  0.431910
9.60918045	774	0.407968 0.807556  0.430234
9.61421585	775	0.405574 0.805880  0.435501
9.61925983	774	0.402940 0.809232  0.431910
9.62428379	775	0.405813 0.811626  0.432628
9.62930774	774	0.401025 0.811147  0.436219
9.63433170	775	0.403419 0.806120  0.438853
9.63934040	775	0.406531 0.810429  0.431670
9.64436435	772	0.407489 0.810190  0.431910
9.64937210	773	0.404855 0.809232  0.432628
9.65440368	772	0.400785 0.811147  0.427361
9.65942382	775	0.412756 0.814739  0.429994
9.66448402	772	0.406531 0.808035  0.419460
9.66952419	773	0.402701 0.810429  0.426882
9.67456436	772	0.405574 0.807317  0.424248
9.67961215	775	0.402461 0.808993  0.429515
##inga 
#ido(sec)  szog(ADC)     ax(g)    ay(g)   az(g)
9.68519210	775	0.400546 0.813541  0.424248
9.69042015	774	0.405813 0.814020  0.435740
9.69562816	775	0.407489 0.803486  0.429755
9.70074844	772	0.408686 0.814739  0.435022
9.70577239	772	0.405574 0.810429  0.431191
9.71079635	772	0.407250 0.805401  0.429515
9.71582031	772	0.405095 0.811147  0.435022
9.72085571	775	0.407728 0.811626  0.433825
9.72588825	775	0.412277 0.815457  0.432628
9.73092842	774	0.404137 0.806598  0.421136
9.73596382	775	0.411080 0.814260  0.435022
9.74098777	774	0.409165 0.813063  0.429276
9.74602413	772	0.407728 0.805401  0.424248
9.75105190	773	0.407010 0.810908  0.434064
9.75605964	775	0.403898 0.808035  0.428079
9.76108360	773	0.404137 0.813302  0.431670
9.76609611	772	0.405574 0.812344  0.429755
9.77114009	772	0.409165 0.808753  0.438135
9.77617168	774	0.401982 0.804683  0.435022
9.78120422	772	0.406531 0.814978  0.433107
9.78625202	774	0.404377 0.814020  0.435501
9.79129600	772	0.408207 0.809711  0.439092
9.79633235	772	0.398152 0.811865  0.427600
9.80136394	774	0.408207 0.809232  0.428797
9.80638027	775	0.401982 0.810429  0.431191
9.81140041	773	0.407010 0.805641  0.430473
9.81640815	774	0.402701 0.806359  0.419939
9.82143592	775	0.402701 0.809232  0.437177
9.82645225	773	0.404377 0.810429  0.430713
9.83148384	774	0.402222 0.812105  0.428079
9.83652019	774	0.401743 0.813302  0.443402
9.84155559	775	0.408447 0.815217  0.422812
9.84659194	774	0.405095 0.805641  0.435261
9.85161972	774	0.404137 0.810908  0.426642
9.85665225	774	0.401982 0.810668  0.429515
9.86166763	775	0.400546 0.811626  0.423530
9.86668777	774	0.407728 0.807556  0.436219
9.87171173	775	0.398152 0.805641  0.427840
9.87674045	775	0.402940 0.809471  0.431670
9.88175964	774	0.407489 0.807077  0.428079
9.88678359	775	0.407250 0.808753  0.430713
9.89181995	772	0.403658 0.810668  0.437177
9.89686012	773	0.401025 0.811865  0.429037
9.90190029	772	0.405813 0.812105  0.430473
9.90694046	772	0.408447 0.807317  0.427121
9.91198444	775	0.408207 0.812344  0.433825
9.91699600	775	0.405095 0.814739  0.430713
9.92201232	773	0.403658 0.812823  0.424967
9.92704391	775	0.406053 0.814978  0.429276
9.93206787	775	0.399588 0.815457  0.435980
9.93710041	775	0.405574 0.814020  0.440529
9.94212436	772	0.405095 0.809950  0.435740
9.94712829	772	0.407010 0.804683  0.435740
9.95214843	774	0.406053 0.812344  0.420896
9.95717239	775	0.401504 0.809950  0.427840
9.96220779	775	0.401982 0.808274  0.435022
9.96723556	773	0.402701 0.809711  0.434543
9.97225570	775	0.400067 0.808274  0.436459
9.97727203	774	0.408447 0.808514  0.429276
9.98230838	772	0.403419 0.810668  0.434304
9.98733234	772	0.407489 0.812105  0.436219
9.99234390	772	0.401025 0.812584  0.425206
9.99737644	774	0.409404 0.815217  0.428558
10.00241184	775	0.406771 0.804204  0.431910
10.00754833	772	0.405813 0.811387  0.441007
10.01267623	774	0.402222 0.808514  0.432388
10.01781558	773	0.403658 0.806838  0.433107
10.02295970	775	0.405813 0.809950  0.433107
10.02809238	772	0.407968 0.808993  0.432149
10.03321647	772	0.410362 0.812823  0.438135
10.03833580	775	0.403898 0.809232  0.435501
10.04346847	772	0.405813 0.810908  0.436219
10.04859638	775	0.408207 0.812105  0.429276
10.05373191	775	0.401504 0.803486  0.433346
10.05885982	774	0.398631 0.808753  0.436459
10.06400775	775	0.408447 0.806120  0.423291
10.06912422	772	0.402461 0.813781  0.437895
10.07425212	775	0.402222 0.809711  0.430952
10.07938385	774	0.409883 0.812105  0.435022
10.08452033	774	0.408686 0.809471  0.424967
10.08964443	775	0.411799 0.806120  0.434783
10.09478759	774	0.408447 0.808753  0.433586
10.09991645	774	0.406053 0.808753  0.430952
10.10505580	774	0.403658 0.805401  0.437656
10.11017227	773	0.407250 0.814978  0.436698
10.11529159	775	0.406292 0.811387  0.439810
10.12041187	774	0.403658 0.808993  0.427361
10.12553977	773	0.407968 0.802768  0.431431
10.13066768	773	0.404377 0.810908  0.439332
10.13580417	775	0.405095 0.812105  0.440289
10.14091968	774	0.405574 0.807795  0.432149
10.14605236	772	0.406531 0.817372  0.438374
10.15118408	773	0.412996 0.806598  0.443880
10.15629959	775	0.405574 0.812823  0.429994
10.16141986	775	0.405574 0.810908  0.433346
10.16654777	772	0.401025 0.806598  0.425206
10.17166805	773	0.411080 0.802528  0.432867
10.17678356	774	0.410601 0.816654  0.428318
10.18190765	773	0.404616 0.807077  0.431191
10.18703556	773	0.403658 0.808514  0.429276
10.19215583	773	0.405574 0.811865  0.428318
##inga 
#ido(sec)  szog(ADC)     ax(g)    ay(g)   az(g)
10.19781208	774	0.404377 0.811865  0.434304
10.20309638	775	0.403658 0.811865  0.434064
10.20836830	774	0.401264 0.808993  0.429037
10.21360778	774	0.400306 0.803725  0.426403
10.21871566	772	0.405334 0.808274  0.438853
10.22384357	774	0.406292 0.808993  0.431910
10.22897243	772	0.407728 0.805880  0.421136
10.23410415	773	0.407250 0.802528  0.432628
10.23923969	775	0.402461 0.811626  0.430473
10.24437236	775	0.403898 0.808514  0.436698
10.24949169	772	0.405334 0.806598  0.433107
10.25460815	772	0.407489 0.811626  0.437895
10.25973987	775	0.409404 0.807556  0.425445
10.26485633	775	0.404137 0.812105  0.418502
10.26997184	775	0.406292 0.806120  0.424009
10.27508354	774	0.398152 0.808274  0.422093
10.28022003	775	0.404377 0.809950  0.435022
10.28533172	774	0.406292 0.813063  0.422572
10.29046440	772	0.403180 0.806598  0.434543
10.29558753	773	0.409404 0.806838  0.431431
10.30071163	774	0.405813 0.807556  0.419220
10.30584430	773	0.398870 0.805162  0.428558
10.31095981	774	0.407968 0.812344  0.428079
10.31609153	773	0.403898 0.809471  0.435501
10.32120800	772	0.406053 0.812584  0.432149
10.32632446	773	0.405574 0.807077  0.433107
10.33145618	775	0.404855 0.806359  0.435022
10.33657646	775	0.399828 0.811865  0.424009
10.34170818	775	0.407489 0.802528  0.427840
10.34683990	772	0.403898 0.812105  0.431670
10.35196018	775	0.404377 0.811387  0.433107
10.35708427	775	0.407728 0.811147  0.430473
10.36221218	773	0.404377 0.811387  0.424727
10.36734390	775	0.401264 0.812105  0.432388
10.37247562	774	0.406771 0.810908  0.429276
10.37759208	772	0.400546 0.810429  0.426403
10.38270759	774	0.406771 0.810668  0.431191
10.38784027	773	0.407968 0.814499  0.421615
10.39297199	772	0.407728 0.814739  0.427121
10.39809989	774	0.399588 0.818330  0.426403
10.40322017	772	0.405574 0.814260  0.429755
10.40833568	773	0.402461 0.814499  0.427840
10.41345977	774	0.405813 0.810668  0.429276
10.41859245	774	0.407968 0.806120  0.427840
10.42370033	772	0.409644 0.809711  0.436219
10.42881965	775	0.403658 0.812584  0.426882
10.43394374	774	0.410123 0.815217  0.432867
10.43907642	775	0.406771 0.814260  0.424727
10.44420433	775	0.407010 0.809711  0.431670
10.44930839	773	0.407489 0.806838  0.426882
10.45444011	774	0.410362 0.812823  0.429276
10.45957565	775	0.410362 0.803486  0.422812
10.46470832	772	0.405095 0.807317  0.435980
10.46982765	775	0.404137 0.805401  0.427361
10.47495555	772	0.408926 0.806359  0.427121
10.48008441	772	0.411320 0.808753  0.421615
10.48521995	774	0.395758 0.806359  0.432388
10.49034786	772	0.404377 0.806359  0.433825
10.49547576	773	0.399828 0.811626  0.433825
10.50060844	775	0.404855 0.816654  0.433586
10.50572395	774	0.400785 0.809471  0.431910
10.51082801	775	0.400785 0.810190  0.436219
10.51593208	775	0.403658 0.812823  0.440289
10.52105236	775	0.403180 0.812105  0.433107
10.52617168	774	0.405813 0.817372  0.429515
10.53129959	775	0.407489 0.817372  0.429515
10.53642845	774	0.405095 0.809471  0.432388
10.54153633	775	0.400306 0.808753  0.433346
10.54666042	775	0.406531 0.807795  0.432628
10.55178356	773	0.407010 0.806838  0.441247
10.55690765	775	0.404137 0.815696  0.431431
10.56202793	774	0.409644 0.809711  0.432388
10.56714439	775	0.407968 0.805401  0.431670
10.57225990	775	0.404616 0.808753  0.434304
10.57736778	773	0.402701 0.806120  0.425924
10.58248424	773	0.401982 0.812823  0.437895
10.58760356	774	0.399828 0.814499  0.426164
10.59272384	772	0.402701 0.813781  0.430952
10.59784793	772	0.408447 0.810429  0.441007
10.60297203	774	0.402940 0.810908  0.435501
10.60807609	775	0.409404 0.808035  0.437416
10.61318778	774	0.408926 0.808274  0.426882
10.61830806	772	0.400306 0.805401  0.432149
10.62341976	775	0.411320 0.808993  0.425685
10.62855625	775	0.405095 0.812584  0.431191
10.63367176	773	0.405574 0.814260  0.429037
10.63879585	772	0.407968 0.809471  0.429755
10.64390754	772	0.402940 0.809711  0.429994
10.64902019	775	0.401982 0.806120  0.429755
10.65413570	775	0.404616 0.809232  0.431431
10.65925979	774	0.401025 0.811626  0.426642
10.66437625	772	0.394800 0.813063  0.421136
10.66949558	774	0.402222 0.805401  0.419939
10.67462825	773	0.404616 0.810668  0.433825
10.67975616	775	0.405813 0.814260  0.435740
10.68487644	774	0.407489 0.814978  0.429515
10.68999576	775	0.403180 0.804204  0.439571
10.69511604	774	0.406053 0.807317  0.431910
10.70022773	775	0.408926 0.817612  0.429755
10.70535564	774	0.404137 0.811387  0.439332
10.71048831	772	0.407968 0.807556  0.429037
##inga 
#ido(sec)  szog(ADC)     ax(g)    ay(g)   az(g)
10.71613979	775	0.400067 0.810190  0.435980
10.72141647	772	0.404377 0.810668  0.428558
10.72669601	775	0.397194 0.811147  0.427840
10.73191165	775	0.408926 0.812344  0.434543
10.73704433	772	0.406531 0.811387  0.428797
10.74217224	774	0.405813 0.811387  0.427121
10.74730396	775	0.403419 0.814020  0.425445
10.75242805	775	0.406531 0.815217  0.421375
10.75756359	775	0.401743 0.813302  0.435740
10.76268386	775	0.408686 0.808035  0.429276
10.76780033	775	0.408686 0.812105  0.426642
10.77292442	773	0.405574 0.811626  0.430713
10.77805614	772	0.401504 0.805880  0.431910
10.78316402	772	0.409883 0.810190  0.431191
10.78828430	775	0.403180 0.810908  0.435022
10.79340839	775	0.411799 0.813541  0.421375
10.79855155	772	0.405813 0.810668  0.432149
10.80367565	775	0.409883 0.813541  0.429755
10.80878829	773	0.404377 0.815457  0.434543
10.81391620	772	0.408686 0.806838  0.432388
10.81903553	774	0.407968 0.811865  0.428318
10.82415580	775	0.408686 0.811147  0.429755
10.82926845	774	0.408926 0.808753  0.432628
10.83440017	776	0.405574 0.812823  0.427361
10.83952045	775	0.407489 0.812105  0.427840
10.84462356	774	0.408926 0.812584  0.423530
10.84974765	773	0.406292 0.803007  0.422812
10.85486793	772	0.407728 0.807556  0.440768
10.85998821	774	0.399588 0.806120  0.427600
10.86509227	775	0.401982 0.810908  0.424967
10.87022018	775	0.401025 0.808274  0.432388
10.87532424	772	0.406292 0.812105  0.428318
10.88044357	775	0.409883 0.810190  0.433825
