##inga 
#ido(sec)  szog(ADC)     ax(g)    ay(g)   az(g)
0.00171200	639	0.238939 0.519297  0.854482
0.00691600	640	0.241333 0.519536  0.850172
##inga 
#ido(sec)  szog(ADC)     ax(g)    ay(g)   az(g)
0.01315600	638	0.244446 0.518579  0.858791
0.01837200	640	0.237981 0.529113  0.849933
0.02359200	641	0.242770 0.519776  0.853764
0.02880800	638	0.232953 0.517382  0.845863
0.03384400	640	0.236545 0.523846  0.848975
0.03886800	638	0.233432 0.522170  0.847539
0.04390400	640	0.238700 0.529113  0.855200
0.04893600	641	0.241333 0.524804  0.857115
0.05397200	640	0.245164 0.534380  0.852088
0.05900400	639	0.239657 0.531986  0.855200
0.06401200	638	0.240136 0.540845  0.851609
0.06902000	640	0.251149 0.542042  0.859989
0.07404000	641	0.243009 0.543718  0.854721
0.07905200	639	0.251867 0.534141  0.850172
0.08409200	641	0.250670 0.539648  0.853285
0.08911601	641	0.243727 0.535338  0.854003
0.09415599	640	0.244924 0.540126  0.847539
0.09919200	639	0.247558 0.536775  0.852327
0.10421200	638	0.243488 0.532704  0.854961
0.10925199	638	0.241333 0.535817  0.849215
0.11427600	641	0.244446 0.530310  0.856876
0.11928800	640	0.240375 0.524804  0.857834
0.12428801	641	0.241094 0.529592  0.847778
0.12930799	641	0.230320 0.522888  0.855918
0.13432000	641	0.234629 0.525043  0.855200
0.13933999	639	0.236545 0.526719  0.847539
0.14437199	638	0.240136 0.525761  0.848736
0.14940400	641	0.234869 0.519776  0.843708
0.15442800	640	0.232714 0.521452  0.855918
0.15946799	638	0.232714 0.517142  0.855440
0.16450799	641	0.241094 0.521931  0.851369
0.16953999	639	0.240854 0.519058  0.850651
0.17456400	640	0.233432 0.523367  0.857594
0.17958800	641	0.238221 0.527677  0.863819
0.18461599	639	0.236066 0.524325  0.858791
0.18963999	641	0.235587 0.525522  0.853764
0.19467200	641	0.242291 0.530071  0.856158
0.19969999	639	0.241573 0.533902  0.844666
0.20474801	639	0.243727 0.545394  0.860707
0.20980000	641	0.245643 0.540605  0.843708
0.21483998	638	0.247797 0.532465  0.859270
0.21988399	638	0.247319 0.536056  0.848257
0.22491600	641	0.245643 0.532465  0.856876
0.22993199	638	0.251149 0.534380  0.849694
0.23495600	641	0.245403 0.538211  0.855440
0.23996801	639	0.243009 0.532465  0.845623
0.24498000	639	0.243009 0.535099  0.856397
0.25000400	641	0.244446 0.532465  0.857594
0.25502800	641	0.237981 0.531747  0.854721
0.26005198	641	0.243727 0.530789  0.854003
0.26508400	640	0.241812 0.522649  0.845145
0.27013599	641	0.237024 0.528874  0.853524
0.27518000	640	0.240854 0.521931  0.854961
0.28019599	641	0.239178 0.521691  0.852327
0.28523599	641	0.237981 0.525522  0.844426
0.29025998	638	0.238700 0.522409  0.850172
0.29526801	641	0.239897 0.523607  0.855200
0.30029199	639	0.237263 0.518339  0.863580
0.30532398	639	0.241333 0.523846  0.840596
0.31035199	641	0.237502 0.526240  0.859031
0.31538400	640	0.231517 0.521691  0.855200
0.32042000	638	0.234390 0.525522  0.856397
0.32545998	640	0.237024 0.529353  0.850651
0.33050398	638	0.237502 0.528156  0.863340
0.33553199	640	0.246840 0.531507  0.848975
0.34055600	639	0.243727 0.534141  0.852327
0.34559199	640	0.244206 0.540845  0.858791
0.35061600	641	0.249234 0.535817  0.847778
0.35563998	640	0.243488 0.537014  0.851369
0.36066401	641	0.244206 0.541324  0.851130
0.36568400	641	0.241333 0.538929  0.851609
0.37072000	641	0.249234 0.537253  0.852088
0.37574000	641	0.242530 0.537732  0.847060
0.38075199	641	0.246840 0.537014  0.850651
0.38579999	638	0.241812 0.537972  0.856397
0.39084398	640	0.240375 0.534859  0.850651
0.39586801	641	0.235826 0.533902  0.848975
0.40088801	639	0.238700 0.528156  0.851130
0.40590000	641	0.240375 0.527916  0.854003
0.41091198	640	0.240854 0.520734  0.854003
0.41592402	641	0.238460 0.523367  0.854482
0.42095198	638	0.238939 0.523607  0.848497
0.42599601	639	0.232953 0.523367  0.850651
0.43102798	640	0.232714 0.520734  0.843469
0.43607196	639	0.239418 0.524804  0.856397
0.44112796	638	0.231278 0.524804  0.851369
0.44617996	641	0.237742 0.524325  0.851369
0.45121998	641	0.244924 0.526958  0.848257
0.45625600	640	0.238221 0.522409  0.851609
0.46125998	640	0.240615 0.528634  0.849215
0.46628398	641	0.244924 0.528156  0.850651
0.47130799	641	0.248037 0.528156  0.850891
0.47633199	641	0.243488 0.535577  0.852088
0.48136000	640	0.242051 0.534141  0.843947
0.48639197	641	0.243967 0.535099  0.858313
0.49142799	639	0.249952 0.539887  0.857115
0.49646000	638	0.244446 0.537972  0.849933
0.50148797	641	0.251389 0.538211  0.852567
0.50653600	641	0.243488 0.538211  0.852327
0.51156401	641	0.242770 0.536535  0.849215
0.51658797	642	0.244446 0.532704  0.849933
##inga 
#ido(sec)  szog(ADC)     ax(g)    ay(g)   az(g)
0.52214403	641	0.247079 0.528874  0.843708
0.52735605	641	0.237981 0.539169  0.847060
0.53258399	638	0.242770 0.531986  0.859510
0.53772001	641	0.239657 0.530071  0.847299
0.54275202	639	0.245643 0.526958  0.853045
0.54780001	641	0.238221 0.527916  0.859270
0.55282802	640	0.236066 0.524804  0.843947
0.55786800	639	0.235108 0.524325  0.847539
0.56290001	638	0.237263 0.521931  0.850891
0.56794795	638	0.233672 0.526001  0.852806
0.57298798	640	0.237981 0.522888  0.856397
0.57801198	641	0.236545 0.525522  0.853045
0.58303599	640	0.241812 0.522888  0.849694
0.58805999	640	0.238700 0.525522  0.855200
0.59308395	639	0.238939 0.524325  0.847778
0.59811596	641	0.236305 0.519536  0.854961
0.60314798	639	0.237981 0.525283  0.844426
0.60817999	639	0.236066 0.530789  0.847778
0.61321597	641	0.244685 0.534141  0.854482
0.61826000	639	0.240375 0.528395  0.843229
0.62329602	638	0.242051 0.531747  0.855440
0.62831597	640	0.247558 0.545154  0.850651
0.63333997	640	0.242530 0.539169  0.860228
0.63836402	640	0.247319 0.542281  0.844905
0.64340000	638	0.246121 0.533183  0.858552
0.64842405	640	0.244446 0.533662  0.844426
0.65346002	640	0.248516 0.541324  0.851609
0.65849599	641	0.244685 0.537014  0.857594
0.66353602	640	0.241094 0.539408  0.854482
0.66857199	639	0.243009 0.536775  0.841793
0.67360401	640	0.239897 0.537014  0.850172
0.67864398	639	0.242051 0.528156  0.851130
0.68368396	640	0.243009 0.526240  0.847299
0.68870801	639	0.237024 0.530310  0.843469
0.69372396	640	0.232714 0.525283  0.854961
0.69875597	640	0.235587 0.520255  0.855918
0.70377998	641	0.238700 0.525761  0.854721
0.70880403	640	0.237263 0.525043  0.859270
0.71382398	641	0.236305 0.521931  0.857594
0.71886401	641	0.234629 0.521691  0.854961
0.72390003	638	0.234151 0.520255  0.855200
0.72894001	641	0.232714 0.526480  0.850651
0.73399596	638	0.237742 0.524325  0.852327
0.73903999	641	0.240615 0.523367  0.848736
0.74406805	639	0.239178 0.521452  0.840596
0.74910402	641	0.232235 0.528156  0.850891
0.75414800	641	0.237024 0.539169  0.859510
0.75915198	639	0.245164 0.531747  0.853285
0.76418399	641	0.243967 0.536775  0.857594
0.76921200	641	0.246361 0.532465  0.855200
0.77423601	640	0.243727 0.538690  0.846342
0.77927999	638	0.246840 0.535577  0.853045
0.78430800	641	0.244685 0.537014  0.851369
0.78934803	639	0.241094 0.536535  0.851848
0.79438800	640	0.243967 0.537493  0.855918
0.79941997	640	0.241812 0.529113  0.857115
0.80444803	641	0.244206 0.539887  0.843947
0.80946798	640	0.245403 0.538690  0.855200
0.81447601	639	0.242291 0.531986  0.857355
0.81951198	640	0.238939 0.529113  0.856637
0.82455196	640	0.235587 0.522888  0.850891
0.82958002	639	0.245882 0.528156  0.855200
0.83460407	641	0.235587 0.522888  0.857115
0.83964004	639	0.236545 0.518339  0.855440
0.84467601	641	0.241333 0.518100  0.855679
0.84971599	641	0.233432 0.526001  0.845863
0.85476398	638	0.242770 0.516663  0.856397
0.85979595	638	0.239418 0.523367  0.855440
0.86482000	640	0.239178 0.518100  0.853045
0.86983194	641	0.238939 0.524085  0.856158
0.87485599	641	0.234629 0.520255  0.853764
0.87988004	640	0.233672 0.523128  0.854003
0.88490800	641	0.244685 0.523846  0.851609
0.88993196	641	0.243009 0.530071  0.842990
0.89495201	638	0.244206 0.533423  0.848736
0.89997997	641	0.242291 0.536296  0.851130
0.90500802	641	0.245643 0.536296  0.845623
0.91006393	641	0.248516 0.538451  0.853285
0.91510000	640	0.243488 0.538929  0.856397
0.92012395	640	0.244446 0.531986  0.852327
0.92514801	639	0.241812 0.532704  0.849215
0.93017997	641	0.244685 0.537253  0.844666
0.93519601	641	0.244924 0.537732  0.853524
0.94021997	641	0.246840 0.531986  0.849694
0.94524002	641	0.249473 0.535577  0.852088
0.95027599	641	0.242051 0.536296  0.858791
0.95531997	641	0.243967 0.535338  0.856397
0.96035594	638	0.241094 0.526958  0.857115
0.96539602	641	0.240615 0.529353  0.848018
0.97043600	639	0.234151 0.529353  0.854242
0.97546796	641	0.235826 0.526001  0.853764
0.98050394	640	0.237024 0.525522  0.856158
0.98553199	641	0.240854 0.519058  0.853045
0.99055595	641	0.234151 0.522649  0.858552
0.99558801	640	0.241333 0.525761  0.849215
1.00062799	640	0.234629 0.521931  0.845863
1.00567197	640	0.228883 0.519776  0.855918
1.01071596	638	0.240854 0.524325  0.853045
1.01575195	639	0.240854 0.525283  0.855679
1.02078795	639	0.238700 0.527437  0.849694
1.02583205	639	0.237981 0.525761  0.848975
##inga 
#ido(sec)  szog(ADC)     ax(g)    ay(g)   az(g)
1.03141999	640	0.241333 0.531268  0.855200
1.03664803	640	0.244446 0.526958  0.868368
1.04187202	640	0.247079 0.536296  0.859989
1.04698801	639	0.245643 0.536535  0.849933
1.05201601	638	0.242291 0.537014  0.850412
1.05703997	641	0.245643 0.539887  0.849694
1.06206405	640	0.245643 0.536296  0.857594
1.06710398	639	0.246361 0.542281  0.846821
1.07214403	640	0.241094 0.537253  0.853524
1.07717204	641	0.239418 0.537253  0.849933
1.08221197	639	0.245643 0.535099  0.853285
1.08726394	641	0.242530 0.532226  0.846102
1.09230804	641	0.248516 0.528156  0.843708
1.09736001	641	0.242051 0.528395  0.854003
1.10239601	641	0.240375 0.533183  0.848257
1.10741996	640	0.239897 0.523607  0.851848
1.11244404	640	0.235587 0.529592  0.853045
1.11748397	640	0.237502 0.519776  0.848497
1.12250804	640	0.242291 0.520015  0.854721
1.12753999	639	0.240615 0.523846  0.848736
1.13256800	640	0.237263 0.529113  0.854721
1.13760399	640	0.233672 0.522649  0.857355
1.14266002	640	0.238939 0.517621  0.854482
1.14770805	641	0.234390 0.530550  0.852088
1.15274000	640	0.239178 0.524325  0.851609
1.15777194	638	0.243727 0.517621  0.853524
1.16280400	640	0.236305 0.529831  0.847778
1.16781997	640	0.240375 0.526958  0.850891
1.17285203	641	0.242051 0.537493  0.853764
1.17788803	639	0.240375 0.533662  0.854242
1.18291604	641	0.243727 0.539169  0.857115
1.18795597	641	0.243248 0.536775  0.847060
1.19298803	641	0.244446 0.532465  0.848975
1.19802797	639	0.241812 0.534141  0.853524
1.20307195	638	0.251628 0.541324  0.842990
1.20811200	641	0.245643 0.540366  0.851848
1.21316397	639	0.248037 0.532465  0.854961
1.21819603	639	0.239897 0.538929  0.851130
1.22323596	641	0.244924 0.533183  0.852567
1.22827196	641	0.244924 0.529353  0.848018
1.23330402	639	0.244206 0.528874  0.848736
1.23832798	639	0.239178 0.530071  0.858552
1.24335598	639	0.237024 0.528156  0.846342
1.24840402	640	0.239418 0.532704  0.848497
1.25345194	639	0.232475 0.528156  0.849215
1.25848805	641	0.239418 0.526240  0.852088
1.26352000	641	0.236066 0.528156  0.854721
1.26854801	639	0.237024 0.521691  0.846821
1.27359604	641	0.241094 0.526240  0.858073
1.27863597	640	0.239418 0.519058  0.849694
1.28367197	641	0.238939 0.526240  0.850651
1.28869605	641	0.241333 0.525283  0.854003
1.29373205	641	0.238939 0.527198  0.849215
1.29876399	640	0.243248 0.520973  0.851609
1.30378794	641	0.241094 0.526719  0.858552
1.30882000	641	0.239178 0.525761  0.854961
1.31383204	638	0.248037 0.534620  0.846821
1.31888401	639	0.241333 0.534859  0.847299
1.32393205	639	0.245643 0.537972  0.855918
1.32897996	641	0.240375 0.535577  0.850891
1.33400797	641	0.244446 0.534859  0.854961
1.33906805	640	0.244685 0.537493  0.852088
1.34411597	640	0.243248 0.537493  0.854242
1.34914004	640	0.245882 0.533423  0.854242
1.35416400	638	0.245643 0.535099  0.854961
1.35920405	641	0.245643 0.535817  0.855918
1.36423194	640	0.244206 0.528156  0.861904
1.36925601	639	0.237742 0.528874  0.844426
1.37429594	638	0.247079 0.534141  0.861904
1.37934005	639	0.237742 0.529831  0.847060
1.38436794	639	0.241333 0.528156  0.867410
1.38940405	638	0.236066 0.530550  0.843947
1.39444398	641	0.236545 0.523367  0.852088
1.39948797	639	0.242291 0.524085  0.846342
1.40452394	640	0.234629 0.524804  0.852327
1.40956401	638	0.236784 0.519776  0.858552
1.41458797	641	0.236784 0.519776  0.855200
1.41961202	639	0.235826 0.518579  0.852327
1.42464804	641	0.238939 0.524804  0.855679
1.42967605	638	0.235587 0.522170  0.847299
1.43471598	640	0.235108 0.527677  0.851609
1.43975200	640	0.237981 0.533662  0.848257
1.44479598	641	0.245643 0.527677  0.859749
1.44983601	641	0.244924 0.527677  0.847060
1.45487999	638	0.242530 0.538451  0.856397
1.45993194	640	0.239178 0.539887  0.855918
1.46497201	639	0.238221 0.527916  0.848975
1.47000002	640	0.248755 0.536056  0.854003
1.47503194	641	0.242291 0.540366  0.859031
1.48006000	641	0.247079 0.536535  0.851130
1.48506793	641	0.240615 0.538690  0.847539
1.49010396	640	0.241812 0.541563  0.859270
1.49514794	641	0.250670 0.539408  0.854721
1.50017595	640	0.246121 0.535817  0.857834
1.50521602	640	0.243727 0.530550  0.850172
1.51025199	640	0.240615 0.528395  0.853524
1.51530799	640	0.237981 0.528395  0.847060
1.52035608	638	0.232953 0.535099  0.857115
1.52540397	640	0.245403 0.530310  0.850412
1.53042802	639	0.241812 0.527198  0.854242
1.53545594	641	0.239897 0.521691  0.862143
##inga 
#ido(sec)  szog(ADC)     ax(g)    ay(g)   az(g)
1.54102396	638	0.240375 0.524564  0.852567
1.54626407	640	0.237024 0.519297  0.849454
1.55148801	640	0.243009 0.524085  0.844426
1.55661592	641	0.235587 0.516424  0.853285
1.56164398	640	0.237502 0.526001  0.856397
1.56667604	639	0.237024 0.520494  0.850651
1.57171592	639	0.240854 0.527198  0.854961
1.57676401	641	0.239657 0.529831  0.849215
1.58180403	639	0.237742 0.528156  0.865016
1.58684396	638	0.241812 0.525522  0.846821
1.59187994	638	0.244206 0.525761  0.859989
1.59689998	641	0.237981 0.527916  0.857594
1.60192799	638	0.243009 0.531268  0.853045
1.60694003	640	0.246361 0.534620  0.852567
1.61197195	641	0.245882 0.537253  0.851130
1.61700401	640	0.244446 0.535577  0.849215
1.62204399	638	0.240375 0.542760  0.853524
1.62707605	641	0.244446 0.538690  0.848736
1.63212003	640	0.245643 0.541324  0.843947
1.63716802	638	0.242770 0.536535  0.855918
1.64220800	640	0.246361 0.538690  0.857594
1.64724397	641	0.239418 0.532704  0.850651
1.65228404	641	0.241812 0.529592  0.855679
1.65732002	638	0.237742 0.531507  0.856876
1.66234397	638	0.241812 0.528874  0.858552
1.66737198	641	0.233672 0.528156  0.859270
1.67240800	641	0.238460 0.527677  0.861425
1.67743196	638	0.244685 0.522649  0.855918
1.68245992	641	0.238221 0.523367  0.857115
1.68750000	640	0.235348 0.525522  0.849215
1.69251594	640	0.233432 0.524564  0.854003
1.69757995	640	0.235587 0.525043  0.844187
1.70262804	641	0.232235 0.525283  0.850412
1.70766401	640	0.241812 0.530071  0.854003
1.71269998	641	0.242770 0.528395  0.851848
1.71773600	640	0.235587 0.528156  0.848257
1.72276401	640	0.241812 0.523846  0.857834
1.72779998	639	0.245882 0.530071  0.859510
1.73282804	639	0.237502 0.526719  0.861664
1.73786401	640	0.242051 0.531507  0.847060
1.74288797	639	0.245164 0.536535  0.853524
1.74792394	640	0.242051 0.533662  0.855200
1.75295200	641	0.241812 0.537014  0.852567
1.75800800	640	0.248755 0.537253  0.855918
1.76305198	640	0.247558 0.532704  0.858791
1.76810002	638	0.241573 0.537732  0.859031
1.77313995	640	0.246840 0.538929  0.856158
1.77815604	641	0.243248 0.533902  0.845623
1.78318796	638	0.246840 0.536775  0.852088
1.78821601	640	0.246600 0.532226  0.847299
1.79323997	639	0.244924 0.533902  0.847539
1.79828405	641	0.241333 0.532944  0.857115
1.80330801	639	0.242770 0.532226  0.849454
1.80835609	640	0.242530 0.520734  0.851130
1.81339597	640	0.236545 0.525761  0.851130
1.81842803	640	0.234629 0.528874  0.845623
1.82349205	640	0.235587 0.522888  0.854003
1.82853202	638	0.234151 0.525283  0.848736
1.83357200	641	0.227926 0.523846  0.853285
1.83859596	639	0.236305 0.527677  0.853045
1.84361991	640	0.235587 0.521931  0.850891
1.84866800	641	0.235826 0.520734  0.842272
1.85369205	641	0.238700 0.525761  0.851130
1.85871601	641	0.237502 0.526240  0.855440
1.86374797	638	0.244206 0.525283  0.843229
1.86878004	638	0.239418 0.529831  0.850412
1.87381992	640	0.241573 0.526958  0.851609
1.87888002	640	0.238700 0.529113  0.845145
1.88392400	640	0.239897 0.531507  0.858552
1.88897209	639	0.241812 0.531747  0.848975
1.89401197	639	0.249234 0.530071  0.852567
1.89904403	638	0.238700 0.540845  0.855200
1.90406799	641	0.244206 0.539648  0.847778
1.90909194	641	0.248516 0.538929  0.854242
1.91412792	641	0.242770 0.540605  0.857115
1.91915597	639	0.245882 0.537014  0.842272
1.92418003	640	0.245882 0.538451  0.848736
1.92922000	641	0.241812 0.530789  0.845384
1.93426799	641	0.242530 0.530550  0.852567
1.93931198	640	0.241812 0.530550  0.851369
1.94436798	639	0.239897 0.530310  0.850412
1.94941196	641	0.241812 0.531507  0.855679
1.95446395	639	0.234390 0.526958  0.853285
1.95949993	641	0.235348 0.521452  0.852327
1.96454000	641	0.237742 0.526958  0.854961
1.96956005	640	0.235108 0.523367  0.853524
1.97458801	639	0.229123 0.516424  0.848497
1.97961997	641	0.238460 0.526240  0.853524
1.98464403	640	0.239897 0.519776  0.846821
1.98966798	638	0.242770 0.522170  0.853524
1.99469194	638	0.238460 0.529353  0.858073
1.99972400	640	0.240375 0.524325  0.842990
2.00476002	641	0.242051 0.532704  0.856876
2.00981211	639	0.241333 0.529353  0.845863
2.01485610	640	0.243009 0.530310  0.845623
2.01988005	640	0.242770 0.533183  0.856397
2.02490806	639	0.241573 0.539169  0.858073
2.02993988	641	0.245882 0.537253  0.847778
2.03496408	641	0.243727 0.533183  0.855679
2.04000401	641	0.246121 0.540605  0.847539
2.04504799	640	0.245403 0.533423  0.860946
##inga 
#ido(sec)  szog(ADC)     ax(g)    ay(g)   az(g)
2.05062007	639	0.244685 0.536535  0.846821
2.05584788	640	0.250192 0.535338  0.854721
2.06107211	638	0.248755 0.537014  0.851609
2.06622004	641	0.243248 0.530550  0.855440
2.07125592	640	0.242051 0.533902  0.847539
2.07629203	641	0.239418 0.529353  0.848497
2.08132791	641	0.238700 0.528156  0.854961
2.08635592	641	0.239418 0.530310  0.845863
2.09137988	640	0.239657 0.531986  0.855200
2.09639596	638	0.237502 0.525522  0.851369
2.10141992	641	0.240615 0.525283  0.853524
2.10645198	641	0.234390 0.523607  0.851609
2.11149191	640	0.240854 0.521212  0.855440
2.11652398	641	0.236066 0.520494  0.850172
2.12155604	641	0.241094 0.525522  0.850172
2.12659597	639	0.239418 0.517142  0.856397
2.13164401	641	0.236545 0.524564  0.852806
2.13668394	639	0.241094 0.528874  0.857594
2.14170789	641	0.240375 0.529353  0.854721
2.14674401	640	0.236305 0.531029  0.859510
2.15176391	641	0.246840 0.533662  0.856397
2.15679192	640	0.240615 0.528874  0.852088
2.16181588	640	0.239418 0.536296  0.846821
2.16686010	641	0.244924 0.534141  0.850172
2.17189598	640	0.244206 0.535577  0.849454
2.17692399	640	0.247079 0.537972  0.851609
2.18195199	640	0.244685 0.534620  0.859989
2.18699193	638	0.237742 0.531986  0.842990
2.19205188	641	0.245643 0.530789  0.851369
2.19707989	640	0.243009 0.536535  0.846102
2.20209193	638	0.247558 0.538211  0.853045
2.20711588	639	0.233432 0.533183  0.850412
2.21215200	641	0.242291 0.530071  0.855440
2.21718001	641	0.243967 0.532226  0.853764
2.22221994	641	0.240615 0.526958  0.837962
2.22724390	640	0.242291 0.524564  0.854721
2.23229193	639	0.236066 0.525043  0.851369
2.23732805	638	0.233672 0.527198  0.849215
2.24236798	641	0.241333 0.528874  0.853285
2.24742794	641	0.231756 0.528634  0.851848
2.25248408	638	0.231278 0.524325  0.859031
2.25751590	641	0.236066 0.525283  0.857834
2.26255202	640	0.240375 0.528874  0.852567
2.26758003	638	0.240854 0.522888  0.857115
2.27259993	641	0.238939 0.521931  0.848975
2.27763605	639	0.235587 0.528156  0.859031
2.28268790	640	0.242291 0.526001  0.855679
2.28773188	638	0.239418 0.531747  0.856158
2.29276394	639	0.240854 0.532944  0.856397
2.29778790	641	0.244685 0.531268  0.851609
2.30282402	638	0.240615 0.538211  0.846342
2.30787992	641	0.247319 0.531268  0.858073
2.31292796	640	0.244446 0.540605  0.861664
2.31798005	641	0.248037 0.527437  0.847539
2.32299590	639	0.248276 0.541802  0.849215
2.32802796	641	0.248276 0.535338  0.853045
2.33306002	638	0.243488 0.534859  0.861186
2.33809590	639	0.238460 0.532465  0.848497
2.34310793	641	0.244206 0.532704  0.848975
2.34813594	641	0.245643 0.535338  0.849694
2.35317993	639	0.241333 0.536535  0.854961
2.35822010	641	0.240375 0.533183  0.849694
2.36326003	641	0.236545 0.523367  0.847299
2.36830401	640	0.240136 0.522409  0.850412
2.37334799	639	0.234390 0.521691  0.846342
2.37838006	641	0.238460 0.529831  0.860467
2.38340401	641	0.240615 0.527437  0.851609
2.38842010	638	0.232714 0.525761  0.845145
2.39345192	641	0.237024 0.526958  0.860707
2.39847588	641	0.236066 0.519058  0.854961
2.40350389	640	0.241573 0.523128  0.854961
2.40856003	641	0.233672 0.526240  0.848018
2.41360402	638	0.240615 0.525761  0.848018
2.41863608	641	0.240375 0.526240  0.854961
2.42366790	639	0.244685 0.526958  0.855200
2.42871594	640	0.242291 0.529113  0.857115
2.43375611	641	0.238939 0.521931  0.853764
2.43880009	640	0.245403 0.539648  0.856397
2.44382810	638	0.242530 0.536056  0.853045
2.44884395	641	0.248994 0.536296  0.839877
2.45387601	640	0.245403 0.531029  0.846821
2.45889997	640	0.252586 0.535099  0.855440
2.46393203	641	0.245882 0.530071  0.852567
2.46897602	639	0.245403 0.540845  0.851369
2.47400403	641	0.248276 0.537014  0.855200
2.47904396	638	0.245164 0.529353  0.852806
2.48408389	638	0.246121 0.534141  0.847060
2.48912000	641	0.247797 0.534620  0.859270
2.49414801	641	0.246840 0.533183  0.854482
2.49917197	640	0.243967 0.534620  0.855918
2.50419592	641	0.240854 0.528634  0.851369
2.50921988	638	0.244685 0.527198  0.847299
2.51424407	640	0.236784 0.527677  0.851848
2.51927590	641	0.238939 0.523128  0.850891
2.52431607	640	0.236784 0.526240  0.854003
2.52934408	639	0.237263 0.522888  0.853524
2.53439211	638	0.240375 0.519776  0.846821
2.53942799	639	0.236066 0.519536  0.848018
2.54446005	639	0.237742 0.524085  0.855679
2.54951190	639	0.235108 0.521691  0.850651
2.55453991	641	0.237502 0.524085  0.848975
##inga 
#ido(sec)  szog(ADC)     ax(g)    ay(g)   az(g)
2.56011199	640	0.235826 0.520734  0.855679
2.56534409	639	0.241333 0.526480  0.843947
2.57056808	640	0.239657 0.532226  0.850412
2.57568407	640	0.241333 0.527198  0.846342
2.58071589	641	0.237263 0.531029  0.844666
2.58576011	640	0.245403 0.528874  0.850651
2.59078788	638	0.246840 0.529831  0.843229
2.59581208	640	0.243488 0.534620  0.847060
2.60084390	640	0.242530 0.541563  0.845384
2.60587596	641	0.245403 0.539408  0.855440
2.61092400	640	0.247079 0.529592  0.857115
2.61595606	641	0.248755 0.532704  0.852088
2.62099599	641	0.236066 0.536056  0.852327
2.62600803	641	0.240854 0.532465  0.854482
2.63103199	640	0.238700 0.536775  0.852567
2.63605189	638	0.242770 0.531747  0.848975
2.64107608	641	0.242530 0.529353  0.848736
2.64610791	640	0.231517 0.531268  0.849215
2.65114402	640	0.235587 0.524085  0.857594
2.65618801	641	0.234869 0.523607  0.856158
2.66123604	640	0.243488 0.524564  0.857355
2.66629600	638	0.231517 0.525043  0.851848
2.67135190	641	0.235587 0.522170  0.849215
2.67637991	641	0.237024 0.519058  0.846102
2.68140411	639	0.237024 0.524085  0.848975
2.68642807	638	0.237981 0.522170  0.854003
2.69145989	641	0.240615 0.521212  0.852567
2.69648408	641	0.237024 0.526001  0.859510
2.70150804	641	0.239897 0.529353  0.844905
2.70654797	640	0.243967 0.528874  0.847778
2.71158790	640	0.245882 0.525043  0.846581
2.71663188	640	0.232714 0.529831  0.849933
2.72166800	638	0.236066 0.532704  0.854721
2.72670388	640	0.248994 0.533183  0.845145
2.73174405	641	0.245403 0.531507  0.854961
2.73677992	641	0.247558 0.536056  0.851848
2.74182009	640	0.243727 0.540366  0.850412
2.74683189	638	0.250910 0.532465  0.852806
2.75185203	641	0.244206 0.539648  0.854003
2.75687599	640	0.247319 0.534141  0.840835
2.76192808	641	0.245882 0.539169  0.851609
2.76695990	640	0.243488 0.538690  0.846102
2.77198791	641	0.243727 0.536056  0.850651
2.77703595	640	0.243488 0.539169  0.850172
2.78207588	641	0.242530 0.529592  0.849215
2.78711605	641	0.241333 0.529113  0.850172
2.79216408	641	0.240615 0.527198  0.847299
2.79721188	640	0.236545 0.526480  0.859031
2.80222797	641	0.239418 0.523846  0.851609
2.80725193	639	0.240136 0.528634  0.851848
2.81228399	640	0.235348 0.521452  0.863101
2.81732387	641	0.233432 0.520494  0.853045
2.82234811	641	0.239418 0.525761  0.844187
2.82738399	641	0.236066 0.521212  0.851848
2.83241605	640	0.240136 0.525522  0.849933
2.83746414	641	0.239897 0.525761  0.855200
2.84249210	640	0.237742 0.532465  0.851130
2.84753208	641	0.241333 0.528156  0.849694
2.85258789	640	0.236305 0.525761  0.854482
2.85761594	640	0.236545 0.531029  0.858313
2.86265993	640	0.241333 0.537014  0.850172
2.86769199	640	0.244206 0.533902  0.856397
2.87271595	640	0.246361 0.532465  0.854961
2.87775211	640	0.239418 0.540605  0.846342
2.88278007	640	0.239897 0.536775  0.854721
2.88781595	641	0.244924 0.540366  0.842750
2.89284400	640	0.237502 0.530310  0.847299
2.89786796	639	0.244685 0.530789  0.861425
2.90289993	641	0.248994 0.529831  0.855918
2.90793609	640	0.243009 0.532704  0.858552
2.91297607	641	0.240136 0.529353  0.850172
2.91801185	638	0.237981 0.532465  0.851848
2.92303991	639	0.238939 0.527677  0.862622
2.92807598	638	0.236305 0.528874  0.855200
2.93309593	640	0.239657 0.526240  0.856876
2.93811988	638	0.234869 0.527916  0.853045
2.94315605	641	0.239897 0.522888  0.851609
2.94819183	640	0.233193 0.526240  0.851130
2.95323200	639	0.232953 0.521691  0.846102
2.95826797	641	0.248276 0.522888  0.853764
2.96331996	641	0.232953 0.526480  0.861425
2.96836395	640	0.238700 0.519536  0.850651
2.97339611	639	0.238700 0.524325  0.850651
2.97843189	641	0.238221 0.525043  0.843469
2.98347206	638	0.237981 0.524325  0.857834
2.98850803	639	0.236784 0.528395  0.841314
2.99354410	641	0.244924 0.529592  0.857594
2.99857215	639	0.240854 0.535099  0.846581
3.00359606	638	0.245882 0.520255  0.855918
3.00862407	639	0.242770 0.535817  0.859749
3.01365208	639	0.242051 0.531986  0.855200
3.01869201	641	0.240854 0.533423  0.857355
3.02372407	638	0.249473 0.534380  0.849694
3.02877998	639	0.239418 0.535817  0.848736
3.03382802	640	0.238700 0.531747  0.858073
3.03886795	640	0.239178 0.530789  0.852088
3.04390406	640	0.241812 0.532226  0.842990
3.04892802	640	0.247319 0.532226  0.849454
3.05396389	638	0.241812 0.535577  0.847778
3.05900001	638	0.238700 0.534141  0.848497
3.06402802	641	0.238460 0.532704  0.853045
##inga 
#ido(sec)  szog(ADC)     ax(g)    ay(g)   az(g)
3.06958794	638	0.233672 0.526958  0.853045
3.07481598	640	0.239897 0.524804  0.853524
3.08004403	640	0.237981 0.524804  0.860707
3.08516407	640	0.236066 0.521212  0.851848
3.09021592	641	0.239418 0.523367  0.853764
3.09526395	640	0.236784 0.522649  0.860707
3.10031604	640	0.235587 0.520973  0.851848
3.10535192	641	0.235108 0.523607  0.862622
3.11037588	641	0.235348 0.526480  0.855918
3.11540007	639	0.235587 0.522888  0.855918
3.12044000	639	0.240615 0.529113  0.850891
3.12547993	641	0.241333 0.528634  0.850651
3.13050794	639	0.237263 0.524804  0.855918
3.13554000	640	0.240615 0.529592  0.850651
3.14056801	638	0.244206 0.532226  0.859031
3.14560389	641	0.242770 0.531507  0.849694
3.15064811	641	0.245403 0.534859  0.856637
3.15569210	640	0.244685 0.538211  0.845623
3.16073203	640	0.243009 0.537014  0.854961
3.16575598	641	0.240854 0.537014  0.865495
3.17077994	638	0.244924 0.532465  0.847778
3.17580389	641	0.243727 0.532704  0.850172
3.18082809	641	0.247797 0.539887  0.851130
3.18585205	638	0.242530 0.533183  0.860467
3.19089198	641	0.241094 0.533183  0.853045
3.19591999	641	0.247797 0.527437  0.845863
3.20096397	638	0.235108 0.527437  0.852806
3.20598793	641	0.241094 0.527437  0.848257
3.21103596	639	0.243248 0.529831  0.855440
3.21607589	641	0.237502 0.525043  0.858552
3.22112011	640	0.238221 0.522649  0.855440
3.22615599	641	0.233911 0.527677  0.849694
3.23118400	641	0.238939 0.523128  0.842511
3.23621988	641	0.237981 0.523846  0.851609
3.24124407	638	0.236305 0.520255  0.849933
3.24626803	640	0.241333 0.524804  0.851848
3.25131201	641	0.240136 0.526480  0.854961
3.25634407	639	0.240375 0.529592  0.852088
3.26138806	638	0.237024 0.522649  0.848018
3.26643991	641	0.242770 0.526240  0.855918
3.27148389	641	0.241333 0.529592  0.852088
3.27653193	638	0.248516 0.534859  0.850651
3.28158807	639	0.238460 0.530310  0.850891
3.28662395	641	0.242051 0.532465  0.844426
3.29165196	639	0.251149 0.533902  0.848975
3.29667592	641	0.244446 0.534141  0.848018
3.30171608	641	0.250431 0.537972  0.851369
3.30674004	641	0.235587 0.534141  0.860228
3.31178402	641	0.249713 0.537732  0.850651
3.31682801	641	0.251149 0.536296  0.850891
3.32186388	641	0.243488 0.540845  0.845384
3.32690000	638	0.242291 0.532465  0.837244
3.33193993	640	0.244206 0.531986  0.855200
3.33697199	640	0.241094 0.535338  0.851130
3.34200811	640	0.243009 0.532226  0.849215
3.34703207	641	0.237263 0.523607  0.855200
3.35205602	641	0.243488 0.527437  0.851609
3.35707998	638	0.238221 0.530789  0.844426
3.36211609	641	0.238460 0.520734  0.857355
3.36714005	641	0.243727 0.526240  0.854242
3.37217998	640	0.238939 0.520973  0.856158
3.37723588	639	0.233432 0.523846  0.846342
3.38227200	641	0.242291 0.527677  0.854242
3.38730788	640	0.237263 0.523607  0.854003
3.39234805	641	0.234629 0.522170  0.854242
3.39739608	639	0.238221 0.528874  0.853524
3.40246009	641	0.237981 0.520973  0.858552
3.40750408	641	0.239897 0.529592  0.849694
3.41253995	639	0.242770 0.529353  0.853045
3.41756391	638	0.238939 0.528634  0.851130
3.42258810	640	0.240854 0.531747  0.854721
3.42761993	641	0.244685 0.533183  0.855918
3.43264389	640	0.246361 0.538451  0.854003
3.43768000	638	0.247319 0.532226  0.846581
3.44271588	641	0.248276 0.541084  0.865016
3.44774794	641	0.244924 0.534620  0.849694
3.45279598	639	0.235108 0.539887  0.854721
3.45784401	639	0.243248 0.535338  0.847060
3.46288394	640	0.245882 0.535338  0.851130
3.46791601	639	0.245164 0.533662  0.854961
3.47294807	640	0.238700 0.537972  0.854482
3.47797203	641	0.247797 0.532465  0.853045
3.48301196	640	0.243488 0.531268  0.856397
3.48804402	638	0.235587 0.524325  0.850172
3.49307990	640	0.239657 0.522888  0.855440
3.49810409	640	0.235587 0.526001  0.851130
3.50313210	641	0.235587 0.527198  0.842750
3.50818395	639	0.234151 0.522888  0.846821
3.51323604	640	0.235108 0.520494  0.853764
3.51827597	639	0.238460 0.520255  0.863340
3.52331209	641	0.237502 0.518100  0.857115
3.52834796	641	0.237263 0.520015  0.858552
3.53338789	638	0.241094 0.524804  0.847778
3.53841209	640	0.243009 0.528874  0.851369
3.54342794	641	0.242530 0.526719  0.849933
3.54846000	641	0.242051 0.530071  0.849694
3.55347609	639	0.240615 0.527677  0.852327
3.55850791	641	0.245403 0.529592  0.851609
3.56353998	638	0.243967 0.532704  0.841793
3.56857204	640	0.246840 0.537014  0.849454
3.57361197	638	0.246361 0.536056  0.851130
##inga 
#ido(sec)  szog(ADC)     ax(g)    ay(g)   az(g)
3.57920002	641	0.238700 0.538451  0.853764
3.58443593	640	0.244446 0.531507  0.844905
3.58965992	638	0.242291 0.535817  0.860946
3.59479594	639	0.244685 0.532226  0.857594
3.59982800	641	0.243727 0.540845  0.852806
3.60486006	641	0.247319 0.530789  0.851130
3.60989189	641	0.248276 0.536535  0.851130
3.61491608	640	0.246840 0.531507  0.859989
3.61994409	640	0.246600 0.531747  0.851609
3.62496805	638	0.243488 0.525761  0.850651
3.63000392	638	0.242530 0.532226  0.859270
3.63503599	638	0.233911 0.530789  0.848736
3.64009594	641	0.238700 0.532226  0.862862
3.64513993	640	0.237024 0.524325  0.855440
3.65017604	638	0.232714 0.527677  0.858313
3.65520405	638	0.234629 0.523128  0.846342
3.66023588	639	0.240375 0.526001  0.854003
3.66526389	641	0.238460 0.520973  0.849215
3.67028403	641	0.242530 0.522409  0.863819
3.67530798	640	0.239897 0.521691  0.845145
3.68034005	638	0.243248 0.527198  0.852567
3.68539190	640	0.243009 0.530789  0.862622
3.69041204	641	0.237024 0.528156  0.853764
3.69544410	639	0.241333 0.528874  0.848975
3.70050001	641	0.240375 0.532226  0.851609
3.70553207	639	0.247079 0.527916  0.846581
3.71055603	640	0.248276 0.533902  0.858791
3.71557998	641	0.244685 0.532465  0.856397
3.72061610	638	0.254022 0.537014  0.849694
3.72564005	641	0.247319 0.541084  0.858073
3.73066806	640	0.241333 0.535338  0.860467
3.73570799	638	0.249713 0.535099  0.859510
3.74074411	640	0.245643 0.535817  0.847778
3.74578404	639	0.242291 0.535577  0.850172
3.75082802	639	0.245164 0.535577  0.855679
3.75586009	640	0.243009 0.535817  0.848975
3.76089191	641	0.238700 0.529592  0.848018
3.76593995	641	0.241573 0.528634  0.850891
3.77099204	638	0.239657 0.522888  0.853524
3.77601599	638	0.229602 0.525522  0.845863
3.78104400	639	0.237981 0.521691  0.841553
3.78607606	640	0.240615 0.525522  0.856158
3.79110789	641	0.231996 0.522888  0.857355
3.79615211	639	0.241573 0.521691  0.857594
3.80119609	640	0.242530 0.523128  0.859989
3.80622787	639	0.238221 0.516903  0.848736
3.81127595	638	0.244446 0.529113  0.859510
3.81631584	641	0.239178 0.525522  0.847299
3.82136011	638	0.237742 0.530789  0.852088
3.82640409	640	0.238460 0.528874  0.854482
3.83144397	641	0.243248 0.532704  0.852806
3.83647613	640	0.237981 0.530071  0.857115
3.84151191	638	0.243727 0.530071  0.848018
3.84655189	641	0.249234 0.533183  0.854242
3.85158805	638	0.245882 0.533423  0.853764
3.85662002	640	0.244924 0.534859  0.860707
3.86165189	641	0.245403 0.534141  0.848257
3.86669998	641	0.239657 0.536535  0.855440
3.87173194	640	0.240615 0.539408  0.858791
3.87676410	639	0.244685 0.537732  0.854721
3.88179988	641	0.244206 0.540126  0.852567
3.88685207	639	0.245643 0.529592  0.858552
3.89190788	641	0.241573 0.530310  0.852088
3.89695186	641	0.242770 0.524564  0.857355
3.90197992	640	0.235108 0.523128  0.837244
3.90700416	641	0.237742 0.526480  0.852806
3.91203594	641	0.239418 0.528156  0.846821
3.91707611	638	0.239897 0.531507  0.853045
3.92210006	638	0.238460 0.521452  0.850651
3.92714004	641	0.236305 0.522409  0.861904
3.93217201	640	0.241094 0.522888  0.852806
3.93722009	640	0.241812 0.521691  0.848018
3.94227199	640	0.235587 0.523367  0.855679
3.94731998	638	0.241333 0.526240  0.841314
3.95235996	638	0.233911 0.526958  0.846821
3.95741195	641	0.240375 0.526240  0.861664
3.96243591	640	0.235587 0.525283  0.859510
3.96745986	640	0.242291 0.528395  0.855200
3.97248411	640	0.240375 0.529831  0.863101
3.97750806	641	0.245882 0.531986  0.845623
3.98254394	641	0.241812 0.534380  0.860467
3.98757600	639	0.250670 0.533423  0.855679
3.99259586	639	0.244446 0.532704  0.856876
3.99764394	641	0.244206 0.535817  0.844905
4.00267982	641	0.238939 0.531029  0.852088
4.00772809	641	0.246361 0.536056  0.856397
4.01278018	640	0.238939 0.535817  0.852088
4.01781988	638	0.246840 0.535577  0.860228
4.02285194	641	0.234629 0.536535  0.846342
4.02788400	640	0.247319 0.537253  0.857355
4.03291988	640	0.240375 0.528874  0.847778
4.03794384	640	0.243009 0.532944  0.850412
4.04296779	641	0.243248 0.531986  0.850651
4.04799985	641	0.243488 0.528156  0.856397
4.05302381	641	0.241094 0.526958  0.858791
4.05806779	638	0.241812 0.520494  0.858791
4.06312417	642	0.241812 0.524325  0.853045
4.06816387	641	0.243248 0.525283  0.849215
4.07319593	638	0.236305 0.523128  0.848257
4.07823181	639	0.237981 0.523607  0.851130
4.08326816	639	0.238460 0.522649  0.858552
##inga 
#ido(sec)  szog(ADC)     ax(g)    ay(g)   az(g)
4.08882808	638	0.237742 0.524804  0.852567
4.09405994	641	0.236305 0.519776  0.848736
4.09927988	641	0.243967 0.525761  0.843947
4.10440778	640	0.235587 0.528874  0.855918
4.10945177	640	0.239178 0.529831  0.859031
4.11448383	640	0.243009 0.530310  0.856397
4.11951589	638	0.248755 0.530071  0.848497
4.12455177	638	0.241333 0.532226  0.853524
4.12959194	639	0.238939 0.530789  0.853764
4.13464784	641	0.240615 0.538211  0.857115
4.13968420	641	0.244685 0.535817  0.858552
4.14470815	641	0.241333 0.534141  0.842990
4.14974021	640	0.242051 0.536775  0.854961
4.15477180	639	0.247558 0.537014  0.856158
4.15980005	640	0.243967 0.534859  0.852567
4.16482782	640	0.239178 0.538690  0.854242
4.16986417	641	0.252825 0.526958  0.853764
4.17489194	640	0.243967 0.537253  0.851848
4.17994022	638	0.236784 0.537014  0.847539
4.18498802	641	0.241812 0.527437  0.842032
4.19002819	641	0.240136 0.533423  0.855918
4.19507598	640	0.240615 0.529113  0.849694
4.20012378	640	0.239418 0.523128  0.854482
4.20515584	641	0.239178 0.524085  0.858791
4.21017980	640	0.240854 0.525522  0.851130
4.21519613	638	0.240854 0.523128  0.849933
4.22022008	640	0.236305 0.519776  0.854961
4.22524404	641	0.235348 0.521212  0.849933
4.23028421	639	0.237502 0.530071  0.855918
4.23532819	641	0.234151 0.525283  0.842750
4.24036407	638	0.240854 0.525283  0.848736
4.24539613	641	0.237502 0.523846  0.847778
4.25043201	639	0.238221 0.524085  0.850172
4.25548410	639	0.237742 0.529592  0.847778
4.26053190	640	0.243727 0.535338  0.849215
4.26556015	641	0.240615 0.533423  0.854961
4.27058410	640	0.239178 0.533183  0.841314
4.27560806	638	0.244685 0.530789  0.848975
4.28063201	639	0.249952 0.541563  0.837004
4.28566408	639	0.250910 0.536296  0.851609
4.29069185	640	0.242770 0.535577  0.847539
4.29572391	641	0.237742 0.535577  0.856397
4.30076408	638	0.243967 0.533183  0.858073
4.30580377	640	0.246361 0.535099  0.854961
4.31085205	640	0.239418 0.533662  0.858313
4.31589221	640	0.241812 0.539408  0.848736
4.32093191	639	0.236545 0.525283  0.844426
4.32596397	640	0.243967 0.528156  0.857355
4.33099985	638	0.238939 0.526240  0.850651
4.33602380	641	0.241812 0.524325  0.844905
4.34105205	639	0.238939 0.531507  0.857355
4.34607601	641	0.240854 0.525761  0.848736
4.35110807	641	0.240854 0.523607  0.865016
4.35614013	640	0.241812 0.517861  0.851130
4.36117601	638	0.232714 0.520255  0.845623
4.36621999	641	0.232953 0.524325  0.849694
4.37127208	640	0.239897 0.524085  0.846342
4.37631607	640	0.234869 0.523607  0.853764
4.38136386	639	0.239418 0.529592  0.849694
4.38640022	640	0.238939 0.529353  0.848018
4.39142799	640	0.238700 0.525283  0.841075
4.39644813	640	0.241333 0.527916  0.849694
4.40148401	641	0.243727 0.531029  0.852088
4.40651178	638	0.239418 0.528156  0.851130
4.41154813	640	0.247079 0.536775  0.847299
4.41658020	641	0.242051 0.534141  0.848736
4.42161178	640	0.237742 0.531747  0.847060
4.42665195	641	0.242770 0.534620  0.851609
4.43167591	641	0.246121 0.532465  0.853045
4.43672418	638	0.239897 0.538929  0.852088
4.44177198	640	0.245403 0.529592  0.848497
4.44680404	640	0.239897 0.533423  0.854242
4.45184421	638	0.239657 0.530071  0.855918
4.45687198	639	0.243248 0.528874  0.849454
4.46189594	639	0.241094 0.533902  0.855200
4.46691989	641	0.241333 0.527437  0.844426
4.47196388	640	0.238700 0.530550  0.850172
4.47697591	640	0.241094 0.523607  0.858073
4.48201179	640	0.239418 0.521212  0.857355
4.48706817	638	0.237981 0.528634  0.846342
4.49211597	640	0.230320 0.529592  0.851848
4.49717187	640	0.236066 0.525761  0.858791
4.50221586	641	0.240615 0.522649  0.851369
4.50725221	641	0.237742 0.521452  0.850651
4.51228380	638	0.237742 0.516663  0.853285
4.51730823	638	0.237502 0.525761  0.848975
4.52233219	640	0.238460 0.525043  0.855918
4.52734804	641	0.237024 0.526719  0.858073
4.53238010	640	0.241333 0.529831  0.847778
4.53741598	640	0.247319 0.526001  0.847539
4.54245615	639	0.242291 0.530550  0.850891
4.54750013	638	0.242291 0.528395  0.853045
4.55255222	640	0.239897 0.532944  0.848736
4.55760812	639	0.243727 0.529353  0.858791
4.56265211	641	0.244924 0.539648  0.848736
4.56770420	641	0.243727 0.540845  0.856397
4.57273197	641	0.248994 0.533902  0.845623
4.57775211	641	0.242051 0.534859  0.850651
4.58277177	641	0.244924 0.528156  0.859270
4.58779621	641	0.244446 0.533662  0.848975
4.59282779	639	0.242291 0.532944  0.848018
##inga 
#ido(sec)  szog(ADC)     ax(g)    ay(g)   az(g)
4.59840393	641	0.242291 0.538211  0.869326
4.60364389	641	0.241094 0.527677  0.855918
4.60886383	638	0.246361 0.524804  0.852567
4.61400413	640	0.239657 0.527677  0.854003
4.61902809	640	0.247319 0.523367  0.855440
4.62407588	640	0.236545 0.521212  0.847299
4.62911605	641	0.239897 0.521212  0.849215
4.63414812	640	0.237024 0.527677  0.853764
4.63917589	638	0.237024 0.526240  0.852088
4.64419984	638	0.235108 0.520973  0.857355
4.64923191	639	0.238221 0.520494  0.848018
4.65426778	641	0.235348 0.517621  0.842750
4.65931606	641	0.234869 0.520015  0.851609
4.66434812	640	0.239418 0.531747  0.845863
4.66938781	641	0.238221 0.527916  0.850651
4.67443180	641	0.241333 0.532465  0.858313
4.67947578	641	0.240375 0.532465  0.859270
4.68450784	639	0.241333 0.532226  0.849215
4.68955612	641	0.246361 0.532704  0.861904
4.69458818	641	0.240136 0.529831  0.848257
4.69960784	639	0.240375 0.532704  0.842511
4.70462799	638	0.245643 0.535099  0.846342
4.70966815	640	0.243488 0.532465  0.859031
4.71470022	638	0.243727 0.537253  0.851609
4.71973609	641	0.243248 0.534620  0.852806
4.72476816	640	0.244446 0.530071  0.847778
4.72981595	641	0.236305 0.533423  0.845145
4.73485183	639	0.248994 0.530071  0.856637
4.73989582	639	0.243488 0.528156  0.852567
4.74494409	640	0.239418 0.522888  0.855918
4.75000381	641	0.242770 0.529353  0.854003
4.75503206	638	0.237502 0.525522  0.853764
4.76005601	640	0.239897 0.526958  0.860228
4.76507997	640	0.233193 0.527437  0.859510
4.77011203	641	0.235587 0.521691  0.843469
4.77513980	641	0.239418 0.526240  0.856876
4.78017997	638	0.233432 0.522409  0.850412
4.78520393	641	0.238939 0.522649  0.845145
4.79025220	639	0.239178 0.522649  0.854242
4.79529190	640	0.235108 0.526001  0.855440
4.80032396	641	0.242291 0.528395  0.856158
4.80537986	638	0.232235 0.538451  0.854482
4.81044006	641	0.239657 0.524564  0.853524
4.81548023	640	0.240615 0.525761  0.852806
4.82051610	640	0.245403 0.534141  0.853285
4.82554006	638	0.241812 0.533183  0.853764
4.83057212	640	0.238939 0.532226  0.852806
4.83561182	641	0.243009 0.534620  0.846821
4.84062814	640	0.239897 0.536535  0.853045
4.84565591	641	0.241812 0.534141  0.854482
4.85070419	641	0.244924 0.533423  0.851369
4.85574007	640	0.243488 0.534620  0.859510
4.86077213	641	0.236305 0.538451  0.848975
4.86581182	641	0.244206 0.536775  0.851609
4.87084817	639	0.239178 0.531986  0.851369
4.87589597	641	0.240136 0.531268  0.852088
4.88092422	641	0.241333 0.531268  0.850891
4.88596010	641	0.246600 0.532465  0.853285
4.89097213	640	0.236305 0.528156  0.858552
4.89599609	640	0.238700 0.525043  0.848736
4.90102005	640	0.239897 0.522409  0.856397
4.90604782	640	0.237981 0.524085  0.854961
4.91107988	639	0.237024 0.523846  0.853764
4.91611623	641	0.244685 0.526719  0.857594
4.92115592	641	0.233432 0.522888  0.852567
4.92621183	640	0.230799 0.521452  0.855679
4.93126392	641	0.236784 0.527916  0.849215
4.93629217	641	0.242770 0.520494  0.855440
4.94131183	638	0.232475 0.530550  0.857355
4.94633579	640	0.241094 0.528634  0.853045
4.95136022	641	0.235826 0.524564  0.844666
4.95638799	640	0.237024 0.528874  0.852327
4.96141195	640	0.242291 0.528874  0.853764
4.96644401	638	0.241333 0.529353  0.845384
4.97149610	641	0.241094 0.528874  0.848257
4.97654008	640	0.243248 0.527916  0.846102
4.98157596	639	0.240375 0.531029  0.851848
4.98662805	641	0.249713 0.537972  0.849933
4.99167585	640	0.248755 0.533183  0.862622
4.99671602	641	0.243967 0.541084  0.848975
5.00173997	640	0.236066 0.535338  0.855918
5.00675582	639	0.248276 0.534859  0.849215
5.01178789	640	0.238939 0.528395  0.848975
5.01681184	640	0.242530 0.536056  0.848257
5.02184391	639	0.239657 0.528634  0.856158
5.02686786	638	0.242051 0.528395  0.857115
5.03190803	641	0.235108 0.526240  0.854721
5.03694009	641	0.235587 0.524804  0.852806
5.04197978	638	0.241333 0.527437  0.851130
5.04701995	640	0.239897 0.526001  0.854482
5.05205202	640	0.236066 0.526958  0.851609
5.05707979	639	0.235108 0.524325  0.861664
5.06209993	641	0.240375 0.524564  0.848975
5.06712388	640	0.238221 0.523128  0.855440
5.07215213	639	0.237981 0.524325  0.842750
5.07717609	638	0.240854 0.535099  0.849215
5.08220386	640	0.239418 0.523367  0.855200
5.08724021	641	0.238700 0.531507  0.847778
5.09227609	640	0.245403 0.525761  0.860467
5.09730815	641	0.239657 0.535577  0.848257
5.10234785	638	0.248276 0.527437  0.854482
##inga 
#ido(sec)  szog(ADC)     ax(g)    ay(g)   az(g)
5.10792398	642	0.239897 0.529353  0.858552
5.11316394	641	0.239178 0.529353  0.854482
5.11840391	639	0.247558 0.532704  0.859510
5.12352800	641	0.245403 0.538451  0.848736
5.12855195	640	0.244206 0.534620  0.851848
5.13356399	640	0.239897 0.531029  0.858552
5.13859605	640	0.243009 0.536775  0.857115
5.14361619	640	0.243248 0.535338  0.854482
5.14865589	641	0.242051 0.534859  0.849694
5.15369987	641	0.241094 0.533423  0.847060
5.15873193	639	0.239657 0.533902  0.850412
5.16378021	641	0.239657 0.519297  0.849694
5.16883611	639	0.236545 0.525283  0.858791
5.17386817	641	0.238700 0.527916  0.857115
5.17889213	639	0.235587 0.521691  0.852327
5.18392419	641	0.236066 0.522888  0.862143
5.18894004	641	0.231517 0.525761  0.845863
5.19398021	640	0.236545 0.524564  0.855918
5.19901990	641	0.239178 0.526240  0.856876
5.20404815	639	0.237024 0.524804  0.844905
5.20908021	639	0.236545 0.528395  0.853524
5.21412420	640	0.237024 0.525043  0.856158
5.21917581	641	0.235108 0.519297  0.860946
5.22421216	639	0.242291 0.525761  0.843469
5.22926807	641	0.240615 0.531268  0.848975
5.23430013	640	0.246600 0.529353  0.853524
5.23931598	641	0.241333 0.531986  0.852567
5.24433994	640	0.238939 0.530789  0.857115
5.24937582	641	0.245403 0.534141  0.862622
5.25439977	641	0.248037 0.531507  0.843229
5.25943613	641	0.243727 0.532465  0.850172
5.26447582	641	0.242051 0.528634  0.856397
5.26950788	638	0.243967 0.539169  0.850651
5.27454805	641	0.239897 0.542760  0.850891
5.27958011	640	0.249713 0.531029  0.845384
5.28465223	640	0.238939 0.534141  0.847299
5.28970003	640	0.242770 0.530071  0.850891
5.29472398	640	0.242291 0.535338  0.853285
5.29975605	641	0.245403 0.531747  0.855679
5.30478000	641	0.242770 0.527437  0.849454
5.30979585	638	0.244446 0.528395  0.851369
5.31482791	640	0.239657 0.526719  0.850891
5.31985616	641	0.238460 0.529592  0.860946
5.32487201	639	0.243727 0.523846  0.844426
5.32993221	641	0.238700 0.522888  0.847778
5.33496379	639	0.238939 0.527677  0.852567
5.34000396	640	0.238460 0.521931  0.848975
5.34505987	640	0.233672 0.524325  0.849215
5.35011577	639	0.236784 0.522888  0.853045
5.35515213	638	0.241094 0.523367  0.853045
5.36017608	641	0.242530 0.525761  0.856397
5.36520004	640	0.239178 0.524085  0.850412
5.37022399	639	0.238460 0.532465  0.854482
5.37524795	639	0.236784 0.530310  0.843708
5.38027191	639	0.243488 0.526480  0.855679
5.38530397	640	0.247319 0.533662  0.851130
5.39033985	641	0.240136 0.536535  0.855679
5.39537191	640	0.243009 0.532704  0.856876
5.40040779	641	0.241573 0.536056  0.857594
5.40547609	640	0.247319 0.531029  0.850651
5.41052389	639	0.245643 0.536296  0.851609
5.41555976	641	0.245882 0.531029  0.845623
5.42059993	638	0.241094 0.536775  0.853045
5.42562007	638	0.244685 0.532465  0.848257
5.43064403	640	0.244206 0.534380  0.858313
5.43565988	640	0.243248 0.529831  0.845145
5.44069194	641	0.238221 0.525522  0.856876
5.44574022	641	0.242770 0.525522  0.850891
5.45076417	641	0.244206 0.532465  0.854003
5.45580387	640	0.243967 0.525043  0.860228
5.46084403	641	0.241812 0.523128  0.850891
5.46589994	641	0.238939 0.525761  0.853045
5.47093200	641	0.243967 0.524325  0.859031
5.47596406	641	0.243009 0.526480  0.857355
5.48097991	638	0.244206 0.521452  0.851130
5.48600387	639	0.233432 0.529113  0.854003
5.49104404	641	0.234390 0.520255  0.862383
5.49606800	639	0.231517 0.524564  0.853045
5.50111198	640	0.237024 0.524804  0.857834
5.50615596	639	0.239418 0.534141  0.852088
5.51118803	640	0.248755 0.528874  0.848018
5.51622819	639	0.244446 0.527677  0.857594
5.52126407	640	0.244206 0.525043  0.844905
5.52630376	638	0.238700 0.538690  0.853524
5.53133583	641	0.239657 0.532704  0.855679
5.53636407	641	0.248276 0.535817  0.853045
5.54138803	641	0.240854 0.534620  0.857834
5.54640388	638	0.245882 0.531747  0.855200
5.55143594	640	0.243009 0.535817  0.853764
5.55645179	641	0.246840 0.536535  0.844187
5.56149196	640	0.246361 0.529353  0.863340
5.56652021	639	0.248276 0.536296  0.852806
5.57155609	641	0.236066 0.533662  0.853285
5.57659578	641	0.235587 0.529113  0.846821
5.58163976	641	0.238939 0.528156  0.851130
5.58667612	641	0.244685 0.536535  0.844426
5.59171581	638	0.237502 0.523128  0.846581
5.59673976	641	0.239897 0.523367  0.854482
5.60177612	641	0.233911 0.526958  0.859749
5.60680818	639	0.243009 0.521212  0.851609
5.61182022	640	0.233432 0.522888  0.853285
##inga 
#ido(sec)  szog(ADC)     ax(g)    ay(g)   az(g)
5.61737585	639	0.235826 0.524085  0.856397
5.62262392	638	0.237981 0.518579  0.851130
5.62786388	641	0.238460 0.529592  0.852327
5.63300418	641	0.235587 0.524325  0.849694
5.63804388	641	0.241094 0.525043  0.857594
5.64308404	641	0.241333 0.526480  0.850651
5.64813184	640	0.236784 0.530071  0.847778
5.65318012	639	0.237981 0.527677  0.852567
5.65821981	641	0.242051 0.527677  0.845623
5.66324377	641	0.241812 0.527198  0.852567
5.66827583	638	0.246361 0.536056  0.855200
5.67329216	641	0.243727 0.532704  0.853524
5.67832422	640	0.239178 0.538451  0.852088
5.68335580	638	0.242770 0.536056  0.850891
5.68838405	641	0.244206 0.534620  0.841314
5.69339609	640	0.242051 0.526719  0.851130
5.69842004	640	0.246600 0.539169  0.844187
5.70345592	638	0.246600 0.528156  0.860228
5.70848417	638	0.246600 0.536535  0.846821
5.71350812	639	0.240615 0.532704  0.854003
5.71853208	641	0.245882 0.536775  0.848736
5.72356796	640	0.238700 0.534620  0.852088
5.72857999	640	0.242770 0.530550  0.853764
5.73359203	640	0.239178 0.524564  0.855440
5.73863601	640	0.237742 0.527198  0.850891
5.74366807	639	0.232235 0.526480  0.846102
5.74870014	639	0.236545 0.528874  0.846821
5.75375604	641	0.230799 0.529592  0.845384
5.75879192	640	0.240375 0.526958  0.854482
5.76384401	641	0.236784 0.524325  0.855440
5.76888799	640	0.237502 0.523128  0.849694
5.77391576	640	0.237502 0.526240  0.857594
5.77893590	641	0.235108 0.524325  0.850651
5.78395986	638	0.237263 0.526958  0.851130
5.78898811	640	0.231756 0.527916  0.852567
5.79402780	640	0.241094 0.533902  0.854961
5.79905176	640	0.243727 0.528874  0.852567
5.80408382	639	0.243488 0.532944  0.852567
5.80914020	641	0.241094 0.530550  0.847299
5.81417179	638	0.246600 0.537493  0.850891
5.81920814	640	0.238460 0.536056  0.847778
5.82426023	641	0.247079 0.530789  0.855679
5.82928419	641	0.248037 0.533902  0.856158
5.83430814	639	0.245164 0.534141  0.849694
5.83934402	639	0.240375 0.537493  0.849694
5.84437608	639	0.242291 0.534141  0.856637
5.84941196	640	0.240375 0.531986  0.854721
5.85444402	640	0.245164 0.530789  0.855440
5.85948801	638	0.244924 0.532465  0.844187
5.86452007	640	0.239897 0.528634  0.858791
5.86957979	640	0.241812 0.526958  0.856158
5.87463998	641	0.236784 0.524085  0.856637
5.87967586	641	0.234151 0.521931  0.858313
5.88473176	641	0.239418 0.525283  0.852088
5.88977193	640	0.238939 0.524325  0.846102
5.89479589	638	0.233432 0.521452  0.846342
5.89983177	640	0.234629 0.518339  0.859031
5.90486812	638	0.243248 0.519536  0.849933
5.90990018	638	0.234390 0.524804  0.856876
5.91491603	640	0.242770 0.528156  0.850651
5.91996002	640	0.238939 0.520015  0.853764
5.92500400	641	0.243727 0.528874  0.850651
5.93002796	638	0.239178 0.526719  0.857115
5.93506002	641	0.233911 0.530550  0.844905
5.94010019	641	0.243009 0.527916  0.855200
5.94513177	639	0.241573 0.529353  0.850412
5.95018005	638	0.242291 0.527677  0.847060
5.95522403	641	0.241333 0.529353  0.857834
5.96025991	638	0.242051 0.533423  0.847778
5.96529197	639	0.251389 0.534141  0.849215
5.97033596	640	0.238460 0.535338  0.850412
5.97535991	638	0.244446 0.537253  0.843229
5.98038816	641	0.242770 0.535577  0.854961
5.98541212	640	0.247079 0.533902  0.857355
5.99044418	641	0.237981 0.536056  0.846581
5.99549579	638	0.244924 0.532704  0.850172
6.00053977	640	0.241573 0.531268  0.846102
6.00557613	640	0.240136 0.533662  0.850172
6.01062011	640	0.236545 0.526240  0.844666
6.01565217	641	0.241094 0.530789  0.856397
6.02068376	640	0.233432 0.531747  0.849215
6.02572011	640	0.237981 0.526001  0.854003
6.03074789	638	0.236545 0.529113  0.847778
6.03577995	641	0.234151 0.527677  0.846581
6.04081201	639	0.236305 0.524085  0.848736
6.04584407	641	0.232953 0.527677  0.850891
6.05088376	640	0.238939 0.523128  0.854961
6.05592012	638	0.236545 0.524564  0.855918
6.06097221	641	0.239418 0.524564  0.858073
6.06600809	641	0.237981 0.527437  0.854721
6.07104396	640	0.244685 0.527916  0.847299
6.07608413	640	0.241333 0.527437  0.849454
6.08111190	640	0.243009 0.529592  0.854721
6.08612394	638	0.240854 0.529592  0.843469
6.09114789	638	0.237502 0.538929  0.848257
6.09617185	639	0.243248 0.539408  0.850172
6.10120820	641	0.233672 0.540126  0.850651
6.10623216	640	0.243727 0.533423  0.855200
6.11125993	640	0.241812 0.532226  0.851609
6.11630010	640	0.241094 0.537253  0.848257
6.12133979	638	0.240615 0.535338  0.857594
##inga 
#ido(sec)  szog(ADC)     ax(g)    ay(g)   az(g)
6.12691211	641	0.239178 0.533902  0.854961
6.13216018	641	0.243727 0.534141  0.841075
6.13740777	641	0.238221 0.537972  0.851369
6.14252376	639	0.238700 0.533423  0.854482
6.14754819	639	0.236066 0.525761  0.851848
6.15257215	641	0.239657 0.526480  0.852088
6.15759992	640	0.234390 0.531507  0.856876
6.16263198	641	0.239657 0.522649  0.844905
6.16766023	641	0.239178 0.525043  0.857594
6.17269992	641	0.238221 0.528874  0.844905
6.17774820	640	0.237981 0.520973  0.848257
6.18279600	638	0.237981 0.521931  0.852806
6.18783617	641	0.237024 0.525761  0.850891
6.19287586	641	0.240615 0.520494  0.855918
6.19790792	640	0.236066 0.520494  0.842272
6.20294380	641	0.241333 0.528874  0.854961
6.20797204	641	0.237263 0.523367  0.850172
6.21300411	639	0.237981 0.529592  0.860467
6.21804380	641	0.237502 0.529592  0.855440
6.22306394	640	0.237024 0.524325  0.843469
6.22810792	638	0.243727 0.532226  0.854003
6.23313999	640	0.245403 0.528156  0.848018
6.23817205	640	0.242530 0.536056  0.851369
6.24321985	639	0.241812 0.534620  0.853524
6.24826812	639	0.244685 0.532226  0.853285
6.25331592	640	0.250192 0.537253  0.855679
6.25836801	641	0.243488 0.531507  0.860707
6.26340389	639	0.242291 0.536296  0.849454
6.26843214	640	0.242770 0.536056  0.848497
6.27345180	640	0.244685 0.527916  0.854003
6.27848386	641	0.242291 0.536775  0.850651
6.28351593	641	0.241333 0.534620  0.851848
6.28855180	639	0.241812 0.530310  0.853045
6.29358005	640	0.239657 0.527198  0.850651
6.29862785	639	0.242291 0.528634  0.857355
6.30367612	640	0.241812 0.526719  0.853045
6.30872821	638	0.237502 0.524085  0.853524
6.31375980	641	0.240136 0.526240  0.849694
6.31878805	641	0.238700 0.519058  0.853524
6.32382392	638	0.241573 0.525522  0.849694
6.32885217	641	0.236784 0.520734  0.843469
6.33387613	638	0.240136 0.530789  0.849454
6.33890008	641	0.237981 0.524804  0.849694
6.34393215	641	0.235348 0.528634  0.851130
6.34896421	638	0.235826 0.529592  0.860467
6.35399198	641	0.235826 0.527916  0.849694
6.35903215	640	0.241333 0.532226  0.846581
6.36408376	641	0.242051 0.534620  0.856637
6.36912822	641	0.240136 0.542281  0.847539
6.37417602	641	0.241094 0.530071  0.861664
6.37920379	638	0.246361 0.534620  0.853285
6.38424396	641	0.242770 0.535817  0.853524
6.38927602	640	0.248994 0.537732  0.863819
6.39430379	641	0.241812 0.535338  0.852806
6.39935207	639	0.243967 0.536775  0.847539
6.40438795	640	0.242051 0.534380  0.861186
6.40941190	640	0.242051 0.529113  0.854482
6.41444778	640	0.237981 0.532704  0.856397
6.41949176	641	0.241094 0.530789  0.857115
6.42451620	641	0.239418 0.532226  0.851848
6.42956399	641	0.240615 0.530310  0.848257
6.43460798	641	0.243488 0.527677  0.853285
6.43966007	640	0.240375 0.525761  0.854003
6.44469213	641	0.241573 0.523607  0.851130
6.44972419	640	0.240854 0.523846  0.854003
6.45476007	639	0.241333 0.527437  0.857115
6.45978784	641	0.239418 0.523607  0.849694
6.46481180	640	0.236545 0.523607  0.840835
6.46984815	638	0.243727 0.524085  0.841075
6.47488021	638	0.236784 0.519776  0.865256
6.47991609	641	0.238460 0.528156  0.849215
6.48494005	638	0.243248 0.525283  0.846342
6.48998785	641	0.242051 0.532465  0.853764
6.49503183	639	0.239897 0.532704  0.857834
6.50008010	640	0.240375 0.528634  0.848975
6.50509977	639	0.240854 0.534141  0.851130
6.51013612	640	0.243727 0.528874  0.853285
6.51516008	640	0.243009 0.539408  0.848497
6.52018404	638	0.237502 0.533423  0.850891
6.52521991	640	0.249952 0.535817  0.852567
6.53024387	641	0.237024 0.537014  0.849215
6.53527593	641	0.244206 0.534859  0.851609
6.54030418	640	0.240854 0.540126  0.846102
6.54533195	641	0.243248 0.531507  0.854961
6.55037212	640	0.247797 0.532465  0.847299
6.55541181	641	0.244206 0.534141  0.853764
6.56046009	640	0.240854 0.534141  0.856158
6.56549978	641	0.235348 0.534859  0.862622
6.57054376	640	0.236066 0.531507  0.845623
6.57556819	638	0.242051 0.527916  0.842272
6.58059215	639	0.235587 0.523367  0.861664
6.58561992	641	0.241094 0.526001  0.859989
6.59065198	640	0.242051 0.517861  0.854242
6.59568405	640	0.240136 0.521691  0.856637
6.60071992	641	0.237742 0.526001  0.860707
6.60576391	641	0.238700 0.519776  0.849694
6.61079597	641	0.239418 0.523128  0.865735
6.61585998	640	0.237024 0.527437  0.855440
6.62089204	639	0.241333 0.526240  0.856637
6.62592792	641	0.239418 0.522409  0.848257
6.63096380	641	0.242530 0.525283  0.854003
##inga 
#ido(sec)  szog(ADC)     ax(g)    ay(g)   az(g)
6.63651990	638	0.247319 0.531268  0.846821
6.64177608	640	0.241333 0.533902  0.849215
6.64701986	641	0.236066 0.535577  0.859749
6.65214014	641	0.243727 0.536296  0.851369
6.65717601	641	0.244206 0.530310  0.853285
6.66219997	640	0.244685 0.532704  0.858073
6.66724395	641	0.238221 0.538690  0.849694
6.67229604	639	0.243727 0.537493  0.844905
6.67733192	641	0.243009 0.537732  0.848736
6.68237209	640	0.240375 0.526480  0.865735
6.68741989	641	0.239897 0.529592  0.851369
6.69246006	641	0.245403 0.536056  0.851369
6.69747209	638	0.237742 0.530789  0.848975
6.70250797	641	0.241812 0.529353  0.855200
6.70754384	641	0.239418 0.528156  0.851130
6.71257209	639	0.237981 0.523607  0.856637
6.71760797	641	0.242051 0.524564  0.848497
6.72265195	639	0.240375 0.523846  0.852327
6.72767210	641	0.236305 0.523367  0.848497
6.73270797	638	0.242530 0.521931  0.854003
6.73774003	639	0.238460 0.521691  0.849933
6.74279212	641	0.237742 0.524564  0.853764
6.74785614	639	0.236784 0.527198  0.855440
6.75289583	641	0.238939 0.526719  0.857594
6.75793218	641	0.242051 0.525522  0.848257
6.76295614	641	0.241812 0.526719  0.856158
6.76799201	638	0.240854 0.531507  0.854482
6.77301597	641	0.238939 0.528634  0.850891
6.77805185	638	0.243248 0.530071  0.861664
6.78308820	640	0.238460 0.530789  0.846342
6.78811216	640	0.242291 0.530789  0.852806
6.79315185	639	0.242051 0.528156  0.854961
6.79818820	639	0.246121 0.538451  0.852567
6.80324411	641	0.247079 0.534620  0.856637
6.80827999	641	0.248755 0.534141  0.850651
6.81331586	639	0.240854 0.533902  0.856397
6.81833982	641	0.245882 0.535099  0.854242
6.82337999	638	0.247797 0.534141  0.850651
6.82841205	638	0.240854 0.535338  0.851848
6.83343601	638	0.241333 0.527916  0.842272
6.83847618	639	0.239418 0.532226  0.856158
6.84351587	638	0.247797 0.531029  0.845384
6.84854793	640	0.238460 0.528156  0.858073
6.85358381	639	0.238460 0.531986  0.862622
6.85861206	638	0.235826 0.530550  0.857115
6.86365604	641	0.241094 0.525761  0.860467
6.86870002	639	0.242291 0.521691  0.846581
6.87373208	641	0.241812 0.523846  0.858313
6.87878417	641	0.231278 0.525043  0.844187
6.88381195	641	0.241333 0.517861  0.852567
6.88884401	638	0.231038 0.522888  0.850891
6.89387989	640	0.233911 0.527677  0.845384
6.89892005	640	0.239178 0.521452  0.858791
6.90396022	640	0.233193 0.523846  0.852567
6.90900421	638	0.241812 0.528874  0.850891
6.91405200	641	0.242770 0.526480  0.839159
6.91909217	641	0.238460 0.533662  0.841793
6.92412376	641	0.245643 0.531747  0.854242
6.92917203	641	0.246600 0.529592  0.854961
6.93421220	640	0.240375 0.531507  0.850412
6.93922805	640	0.243727 0.533662  0.859031
6.94426012	641	0.238221 0.539408  0.854003
6.94929599	641	0.243248 0.538929  0.844426
6.95432806	641	0.242291 0.535099  0.846102
6.95936393	638	0.242770 0.537253  0.851369
6.96439599	639	0.240854 0.538690  0.852567
6.96942377	641	0.238460 0.535099  0.848497
6.97445583	641	0.241573 0.532226  0.847778
6.97950792	641	0.243009 0.532704  0.848497
6.98453998	640	0.236545 0.533423  0.858313
6.98958778	638	0.238939 0.520255  0.854721
6.99462795	639	0.238939 0.530071  0.851848
6.99966382	641	0.245164 0.524085  0.851609
7.00468397	640	0.234151 0.527677  0.859270
7.00972414	641	0.233672 0.523367  0.848018
7.01476383	640	0.240615 0.526480  0.855200
7.01978778	639	0.229123 0.525043  0.843947
7.02481222	641	0.242291 0.525761  0.859510
7.02985191	640	0.238460 0.525522  0.842750
7.03488397	640	0.234629 0.523128  0.849454
7.03992414	641	0.233193 0.529113  0.853524
7.04497194	641	0.239178 0.525522  0.856158
7.05003213	640	0.235587 0.527437  0.851130
7.05505990	638	0.242051 0.534380  0.851848
7.06009578	640	0.240136 0.528874  0.849215
7.06513214	640	0.242770 0.540366  0.855440
7.07014799	641	0.242291 0.533902  0.854961
7.07517194	639	0.243488 0.533183  0.843229
7.08020401	641	0.245882 0.534620  0.854961
7.08522796	640	0.249234 0.537014  0.849454
7.09026384	641	0.238939 0.537014  0.857834
7.09531211	639	0.241333 0.539408  0.858073
7.10035610	640	0.243248 0.533423  0.847539
7.10540390	640	0.248516 0.532944  0.857355
7.11045980	638	0.237981 0.529592  0.848736
7.11552000	640	0.249713 0.530789  0.860707
7.12054777	638	0.237742 0.527677  0.850651
7.12559223	640	0.241094 0.533423  0.854003
7.13062000	641	0.233911 0.525043  0.849215
7.13564014	640	0.241333 0.526958  0.849215
7.14067983	639	0.235108 0.522409  0.852327
##inga 
#ido(sec)  szog(ADC)     ax(g)    ay(g)   az(g)
7.14623594	638	0.235348 0.523128  0.857594
7.15148782	641	0.231996 0.523367  0.846342
7.15673589	640	0.233672 0.525283  0.842511
7.16187191	640	0.235587 0.521691  0.850412
7.16691589	641	0.235348 0.522409  0.858313
7.17195606	639	0.233672 0.525761  0.847060
7.17700386	638	0.241094 0.527198  0.849454
7.18206405	641	0.237742 0.528634  0.853524
7.18709993	641	0.238939 0.529353  0.857115
7.19213199	640	0.240375 0.520973  0.844187
7.19714784	641	0.240136 0.533423  0.854003
7.20218801	639	0.247079 0.530789  0.854961
7.20721197	641	0.235826 0.526958  0.851609
7.21224784	641	0.241094 0.532465  0.849933
7.21727609	641	0.244446 0.535338  0.844905
7.22231197	640	0.243967 0.531268  0.840835
7.22734785	640	0.238221 0.533423  0.861904
7.23238801	641	0.243248 0.537972  0.855200
7.23742818	641	0.245403 0.533183  0.852806
7.24246788	639	0.244924 0.535338  0.853764
7.24749994	641	0.244206 0.532704  0.854482
7.25253582	640	0.240615 0.532465  0.849694
7.25756406	638	0.244924 0.535099  0.857115
7.26260423	639	0.243248 0.533183  0.852567
7.26764011	640	0.242051 0.528156  0.852806
7.27267980	640	0.240615 0.528156  0.854721
7.27770805	638	0.239897 0.526240  0.847060
7.28272819	638	0.240375 0.531986  0.847060
7.28775596	640	0.241812 0.524085  0.858313
7.29279184	638	0.238700 0.519776  0.858791
7.29782390	641	0.237263 0.519058  0.847299
7.30286788	641	0.237981 0.527437  0.847778
7.30789995	640	0.240375 0.524325  0.849933
7.31292390	641	0.239897 0.525283  0.854242
7.31794786	639	0.240615 0.530550  0.849694
7.32296419	640	0.244685 0.525522  0.859031
7.32799577	639	0.237981 0.530789  0.849933
7.33303594	640	0.242530 0.529353  0.850172
7.33807611	640	0.240375 0.529831  0.847060
7.34310817	639	0.240375 0.528395  0.858552
7.34815597	639	0.236066 0.535817  0.846821
7.35317993	638	0.243967 0.539169  0.841314
7.35824012	639	0.243727 0.533902  0.848736
7.36329221	638	0.240854 0.534859  0.850651
7.36833190	638	0.248994 0.535338  0.848018
7.37337207	640	0.244446 0.536535  0.861664
7.37841176	641	0.243727 0.540126  0.859510
7.38342809	641	0.243248 0.531986  0.858073
7.38846015	641	0.246121 0.529113  0.859510
7.39349603	641	0.241573 0.536775  0.846102
7.39854001	641	0.243727 0.532704  0.840596
7.40355205	641	0.243967 0.530789  0.841793
7.40858793	641	0.242291 0.528874  0.848975
7.41363620	641	0.248755 0.528874  0.857115
7.41868019	641	0.233432 0.520973  0.856397
7.42373991	640	0.237024 0.522649  0.857355
7.42879199	638	0.234390 0.528395  0.850172
7.43382787	640	0.244206 0.527437  0.846342
7.43885993	638	0.238460 0.529353  0.855440
7.44388389	639	0.237263 0.531507  0.854482
7.44891595	640	0.239897 0.522170  0.857594
7.45393991	641	0.240615 0.529353  0.855200
7.45896387	641	0.241094 0.527437  0.848497
7.46400403	640	0.241333 0.526719  0.850651
7.46903610	640	0.238460 0.525522  0.851369
7.47406005	639	0.241333 0.528395  0.851130
7.47910022	640	0.239657 0.528634  0.846102
7.48414802	639	0.238939 0.529592  0.852088
7.48920392	641	0.245403 0.530789  0.859031
7.49422788	638	0.239897 0.540366  0.847060
7.49925994	639	0.247079 0.538690  0.846342
7.50427579	638	0.252346 0.533183  0.860946
7.50931596	641	0.238460 0.534620  0.854482
7.51433181	641	0.248516 0.539169  0.857355
7.51937198	640	0.246600 0.530071  0.864059
7.52438783	641	0.240854 0.532944  0.847778
7.52943992	640	0.244924 0.530789  0.851130
7.53447580	640	0.241094 0.530310  0.855440
7.53951215	641	0.245403 0.530550  0.848736
7.54455614	640	0.245882 0.528395  0.841314
7.54960393	639	0.240615 0.524325  0.857594
7.55462789	640	0.238939 0.531268  0.858552
7.55966377	640	0.236784 0.529592  0.847539
7.56469583	641	0.240375 0.533662  0.848975
7.56972408	638	0.238460 0.523128  0.842511
7.57475614	640	0.236066 0.521931  0.857834
7.57979583	641	0.234151 0.521931  0.852088
7.58483982	639	0.239657 0.527916  0.851848
7.58987617	640	0.237024 0.527677  0.845863
7.59492015	641	0.241573 0.528874  0.859510
7.59996414	641	0.232953 0.526958  0.853045
7.60501194	640	0.237024 0.524085  0.846581
7.61005210	641	0.243009 0.529113  0.854482
7.61506795	639	0.239897 0.533423  0.844426
7.62010002	641	0.237981 0.529592  0.846342
7.62512397	641	0.238460 0.532226  0.848018
7.63014411	639	0.244924 0.527916  0.846342
7.63517999	641	0.251149 0.533902  0.854242
7.64022016	641	0.239897 0.526719  0.848257
7.64525985	640	0.242770 0.530550  0.851369
7.65029621	640	0.245882 0.529353  0.851609
##inga 
#ido(sec)  szog(ADC)     ax(g)    ay(g)   az(g)
7.65587615	640	0.242051 0.530789  0.848018
7.66110420	640	0.248276 0.526719  0.854242
7.66633176	641	0.242530 0.530071  0.852567
7.67147588	638	0.245403 0.536535  0.850172
7.67650413	641	0.234390 0.533183  0.857115
7.68154001	639	0.238939 0.528395  0.856158
7.68656396	640	0.243009 0.526001  0.847539
7.69158792	640	0.241573 0.528156  0.849933
7.69662809	641	0.238221 0.529353  0.860228
7.70167207	639	0.239657 0.529831  0.848018
7.70670413	640	0.232714 0.524325  0.849454
7.71174812	641	0.233432 0.523846  0.850651
7.71679592	640	0.230559 0.528156  0.848257
7.72182416	640	0.236305 0.533183  0.858791
7.72687578	640	0.237981 0.522409  0.847539
7.73192405	640	0.231517 0.517142  0.855200
7.73694801	640	0.237981 0.527437  0.852327
7.74198389	639	0.243009 0.527916  0.855200
7.74698400	641	0.236305 0.528395  0.847299
7.75199604	638	0.235587 0.530789  0.848736
7.75702810	639	0.234869 0.528156  0.849215
7.76206779	638	0.242291 0.522649  0.846581
7.76711177	641	0.240375 0.531986  0.850891
7.77214384	640	0.239178 0.535577  0.850172
7.77718019	640	0.242051 0.531986  0.845863
7.78222799	639	0.247079 0.534141  0.851609
7.78726816	640	0.244685 0.528874  0.853524
7.79232788	640	0.244924 0.534620  0.853285
7.79736423	638	0.242051 0.534620  0.847778
7.80238008	638	0.244206 0.536296  0.850172
7.80740404	640	0.238221 0.534141  0.853524
7.81243610	638	0.240615 0.525761  0.851848
7.81746006	641	0.245403 0.526001  0.852567
7.82248783	639	0.243488 0.531029  0.850891
7.82751178	639	0.242770 0.532465  0.849694
7.83254814	641	0.234151 0.527437  0.847778
7.83758783	639	0.244446 0.525283  0.857594
7.84262418	640	0.232953 0.523128  0.855440
7.84767580	640	0.239657 0.524804  0.851130
7.85270023	640	0.242291 0.531747  0.847778
7.85772418	638	0.235587 0.522888  0.851369
7.86274814	641	0.235348 0.519536  0.855200
7.86777210	641	0.233672 0.525043  0.844666
7.87280416	640	0.236545 0.534141  0.851130
7.87784004	640	0.234869 0.521931  0.858073
7.88287591	638	0.243248 0.526480  0.857115
7.88789987	641	0.241333 0.528156  0.855440
7.89294004	641	0.241812 0.527916  0.855440
7.89798784	641	0.245882 0.529592  0.852088
7.90303182	638	0.245403 0.535099  0.847060
7.90806818	641	0.240375 0.527437  0.851609
7.91309213	639	0.237981 0.531986  0.858313
7.91813993	641	0.243727 0.533662  0.851609
7.92316389	639	0.243488 0.535577  0.857115
7.92819595	640	0.241812 0.533662  0.855200
7.93323993	638	0.244446 0.531507  0.854961
7.93826818	638	0.240375 0.538451  0.861186
7.94330787	641	0.246600 0.532704  0.850412
7.94831609	639	0.238939 0.530310  0.858552
7.95335578	638	0.247797 0.529113  0.855200
7.95838022	640	0.246121 0.529831  0.849454
7.96343183	641	0.241812 0.529113  0.856397
7.96848011	640	0.243248 0.529113  0.846821
7.97352409	641	0.238460 0.527437  0.855200
7.97853994	641	0.234869 0.528156  0.854961
7.98357200	641	0.240615 0.528395  0.853045
7.98858785	640	0.235108 0.521691  0.849454
7.99361181	638	0.236066 0.525522  0.851848
7.99863576	640	0.239657 0.526958  0.845863
8.00367641	639	0.236784 0.526958  0.848736
8.00872039	641	0.240615 0.524325  0.849694
8.01375579	641	0.243009 0.528874  0.853285
8.01879596	638	0.241333 0.526958  0.842990
8.02385616	638	0.245164 0.527916  0.848736
8.02890014	639	0.238221 0.526719  0.847539
8.03393173	640	0.236784 0.530071  0.842032
8.03896045	641	0.248276 0.531029  0.851609
8.04398441	641	0.237981 0.533902  0.852088
8.04901981	641	0.244446 0.529353  0.848257
8.05404376	641	0.243248 0.534620  0.847539
8.05906772	641	0.241812 0.528634  0.853764
8.06411170	640	0.241094 0.533902  0.853524
8.06915187	641	0.243967 0.533183  0.841793
8.07419586	639	0.245882 0.537014  0.848497
8.07924365	638	0.241333 0.535817  0.845863
8.08428382	641	0.243248 0.531747  0.852806
8.08933162	640	0.238700 0.531268  0.847778
8.09435558	638	0.238221 0.533423  0.845145
8.09939575	640	0.241094 0.528156  0.855200
8.10441589	641	0.241333 0.536775  0.853285
8.10945224	638	0.239418 0.528874  0.847778
8.11448764	640	0.240136 0.526240  0.858791
8.11951160	639	0.241333 0.527437  0.850891
8.12454414	639	0.233193 0.528634  0.855200
8.12956809	641	0.238221 0.529113  0.862622
8.13460445	641	0.234629 0.528634  0.851369
8.13965606	640	0.238221 0.521212  0.847778
8.14470767	638	0.240375 0.523367  0.851130
8.14973163	639	0.239418 0.525043  0.852327
8.15478038	641	0.236545 0.526719  0.856397
8.15981197	641	0.235826 0.528156  0.846821
##inga 
#ido(sec)  szog(ADC)     ax(g)    ay(g)   az(g)
8.16537189	640	0.239897 0.526958  0.850412
8.17061996	640	0.237502 0.530310  0.853524
8.17584037	640	0.240136 0.528156  0.851609
8.18097209	639	0.235587 0.534620  0.848497
8.18600845	639	0.242291 0.534620  0.849694
8.19103240	641	0.240136 0.531986  0.860228
8.19605636	638	0.241812 0.532704  0.854003
8.20110034	640	0.241573 0.537972  0.855679
8.20615196	640	0.243248 0.532226  0.856397
8.21119594	640	0.239657 0.529592  0.848497
8.21625232	639	0.242291 0.535099  0.845623
8.22129154	640	0.244924 0.540605  0.849215
8.22632789	641	0.242051 0.532465  0.852327
8.23135185	640	0.242291 0.540605  0.846581
8.23637962	641	0.243248 0.533902  0.851848
8.24140357	641	0.242530 0.532944  0.859510
8.24643611	640	0.238939 0.533423  0.848975
8.25147247	640	0.243727 0.525522  0.855918
8.25651645	640	0.242530 0.522409  0.852806
8.26154804	638	0.245164 0.520734  0.849933
8.26659584	640	0.239897 0.526958  0.846342
8.27165603	641	0.241573 0.524804  0.861186
8.27670001	639	0.230799 0.527916  0.853045
8.28172397	640	0.238221 0.529592  0.863819
8.28676414	640	0.243727 0.519776  0.844666
8.29178810	640	0.241333 0.524325  0.846821
8.29681205	639	0.239897 0.523846  0.853764
8.30184364	640	0.239178 0.526958  0.855440
8.30687236	641	0.245643 0.530071  0.842511
8.31191635	641	0.239418 0.526480  0.859989
8.31694793	641	0.241812 0.527916  0.854003
8.32199192	638	0.239178 0.530310  0.855918
8.32703590	641	0.237981 0.527677  0.860467
8.33207225	641	0.244206 0.525283  0.852088
8.33710765	640	0.240136 0.530310  0.856158
8.34214019	638	0.242770 0.539169  0.855440
8.34718036	638	0.243488 0.530550  0.853764
8.35220432	640	0.241333 0.535099  0.848257
8.35724353	640	0.245882 0.533902  0.841314
8.36226844	641	0.243248 0.534141  0.843229
8.36730003	640	0.246840 0.533423  0.858313
8.37233161	641	0.238939 0.534620  0.853045
8.37736034	640	0.236784 0.528395  0.851609
8.38240432	640	0.242051 0.534141  0.852088
8.38743591	641	0.240854 0.533183  0.863340
8.39247989	640	0.240615 0.530789  0.848257
8.39751625	641	0.234869 0.525043  0.854961
8.40256023	641	0.241812 0.532944  0.849933
8.40759563	641	0.239897 0.523128  0.849694
8.41262817	641	0.239178 0.523846  0.852327
8.41765213	641	0.238939 0.519536  0.854482
8.42268371	639	0.237024 0.520494  0.850651
8.42770767	640	0.241812 0.523846  0.849694
8.43275165	641	0.238221 0.524085  0.850172
8.43778419	639	0.230559 0.526480  0.849454
8.44280815	641	0.239178 0.526480  0.852088
8.44785594	638	0.238939 0.527916  0.851130
8.45288372	638	0.240136 0.525522  0.856397
8.45792007	640	0.236066 0.527916  0.854961
8.46295642	638	0.243248 0.528874  0.854242
8.46798038	640	0.239657 0.529592  0.840596
8.47301197	641	0.248276 0.535577  0.855918
8.47804355	640	0.242530 0.532944  0.849694
8.48306846	640	0.236545 0.529592  0.853045
8.48810005	641	0.244206 0.538451  0.852327
8.49313163	638	0.244685 0.531268  0.857355
8.49816799	639	0.246600 0.531029  0.852088
8.50320434	640	0.240854 0.537732  0.849694
8.50823593	641	0.242770 0.536056  0.852088
8.51328754	641	0.242530 0.531747  0.858791
8.51833152	640	0.242291 0.525043  0.849454
8.52336406	638	0.241333 0.527677  0.849215
8.52840423	638	0.237263 0.522649  0.848257
8.53343582	640	0.238460 0.526480  0.854003
8.53845214	641	0.237742 0.523367  0.850651
8.54348373	638	0.244685 0.529353  0.851369
8.54852390	638	0.237981 0.524804  0.849454
8.55355644	641	0.239897 0.533423  0.857115
8.55858421	641	0.237024 0.518100  0.848736
8.56361961	638	0.234629 0.527198  0.862143
8.56865978	639	0.237981 0.520255  0.857115
8.57370376	641	0.233193 0.522409  0.853285
8.57876777	638	0.243248 0.520734  0.859270
8.58380413	641	0.240136 0.523128  0.856637
8.58883190	639	0.234629 0.526480  0.852088
8.59385585	640	0.244685 0.528634  0.855918
8.59887981	639	0.238460 0.526001  0.850412
8.60390377	641	0.240136 0.532226  0.846581
8.60894012	638	0.243967 0.525761  0.849454
8.61398029	641	0.241333 0.534380  0.859989
8.61902427	641	0.240854 0.528634  0.861904
8.62405204	640	0.240375 0.535817  0.847060
8.62907218	641	0.240615 0.537493  0.851130
8.63410758	640	0.241333 0.534620  0.854721
8.63916015	640	0.244924 0.531507  0.850651
8.64419555	641	0.243727 0.536535  0.853045
8.64922046	640	0.239657 0.530071  0.845384
8.65425205	640	0.242530 0.531747  0.847778
8.65927600	638	0.244206 0.536296  0.849454
8.66429233	640	0.240854 0.528874  0.844187
8.66931629	641	0.238221 0.527677  0.854482
##inga 
#ido(sec)  szog(ADC)     ax(g)    ay(g)   az(g)
8.67488765	641	0.238460 0.535577  0.856158
8.68012809	638	0.236545 0.530310  0.854961
8.68534755	639	0.240375 0.528634  0.855440
8.69048786	639	0.242291 0.526958  0.851609
8.69554424	638	0.238939 0.521452  0.860946
8.70057964	641	0.233193 0.520973  0.848975
8.70561981	640	0.238939 0.523128  0.848497
8.71065235	641	0.235108 0.523846  0.851609
8.71567630	640	0.235108 0.526240  0.852327
8.72068405	638	0.239657 0.527677  0.849215
8.72570800	641	0.246121 0.523846  0.850651
8.73073196	639	0.241573 0.522409  0.853285
8.73577976	640	0.238939 0.529831  0.859510
8.74081611	641	0.237502 0.528874  0.854482
8.74586009	640	0.236784 0.525761  0.853764
8.75090789	639	0.236066 0.534859  0.857594
8.75594806	641	0.243488 0.532704  0.854242
8.76099205	640	0.244924 0.526480  0.846821
8.76601600	640	0.245164 0.535577  0.853524
8.77103996	638	0.243967 0.531747  0.845384
8.77606773	639	0.248516 0.535577  0.859031
8.78110027	640	0.247079 0.533423  0.853045
8.78612422	641	0.243727 0.535338  0.853045
8.79115581	640	0.239657 0.531986  0.853764
8.79619979	641	0.243248 0.527198  0.856397
8.80125236	640	0.237502 0.527916  0.857594
8.80629158	641	0.242770 0.530550  0.856876
8.81132793	640	0.236545 0.524804  0.851369
8.81637954	640	0.237502 0.533423  0.852567
8.82141208	641	0.241812 0.531747  0.843708
8.82645606	638	0.236545 0.523128  0.848975
8.83148384	641	0.239657 0.531986  0.850651
8.83650398	641	0.238700 0.524804  0.859510
8.84152793	641	0.240136 0.521691  0.852327
8.84655189	638	0.231517 0.525043  0.852567
8.85159587	641	0.237742 0.525522  0.858791
8.85663604	640	0.235826 0.525043  0.839399
8.86168766	641	0.240615 0.525043  0.848257
8.86672401	640	0.239418 0.524804  0.852567
8.87177181	641	0.245403 0.528634  0.858073
8.87682819	640	0.239897 0.531507  0.855440
8.88187599	640	0.243248 0.526240  0.853285
8.88691234	641	0.241094 0.530550  0.844905
8.89194774	640	0.240854 0.532465  0.848736
8.89697170	640	0.240854 0.534620  0.856637
8.90198421	640	0.244206 0.536535  0.847778
8.90701198	641	0.240375 0.536296  0.846102
8.91204357	639	0.245403 0.531507  0.856876
8.91707611	639	0.242770 0.535338  0.849694
8.92210388	639	0.242051 0.536056  0.851848
8.92714786	641	0.242051 0.531029  0.844426
8.93220043	638	0.244924 0.534380  0.850651
8.93724822	640	0.239897 0.530071  0.856876
8.94229221	639	0.244446 0.531747  0.857834
8.94733238	640	0.240854 0.530071  0.854961
8.95235157	639	0.247319 0.528874  0.857355
8.95738792	639	0.241094 0.530071  0.846581
8.96242427	640	0.243727 0.526719  0.857115
8.96745204	641	0.242770 0.525043  0.857594
8.97246837	641	0.240136 0.525761  0.847539
8.97751617	641	0.239657 0.527198  0.859270
8.98254394	638	0.237502 0.527198  0.850651
8.98758792	638	0.240375 0.521452  0.850172
8.99263191	641	0.240615 0.531029  0.865974
8.99767589	640	0.240854 0.529592  0.854721
9.00270843	641	0.241094 0.526480  0.855679
9.00774765	640	0.237981 0.526719  0.855440
9.01277160	640	0.239178 0.526480  0.850172
9.01779174	641	0.237263 0.530071  0.854482
9.02282810	640	0.243727 0.528395  0.857594
9.02785205	640	0.237981 0.531029  0.845623
9.03288364	640	0.244206 0.528634  0.854482
9.03791236	640	0.235587 0.529831  0.863819
9.04295635	641	0.242051 0.533902  0.849694
9.04800415	640	0.240854 0.530310  0.851130
9.05302810	639	0.245882 0.532944  0.851369
9.05808353	640	0.241333 0.534620  0.861904
9.06313228	638	0.243727 0.535338  0.846821
9.06816768	640	0.241094 0.534859  0.847778
9.07320404	640	0.241333 0.530789  0.842750
9.07824039	638	0.241333 0.529353  0.853764
9.08326816	641	0.243727 0.523367  0.855200
9.08829975	641	0.242770 0.533423  0.851609
9.09332370	638	0.246121 0.532226  0.854003
9.09836387	640	0.237263 0.524325  0.854242
9.10340404	640	0.239418 0.527916  0.846342
9.10844802	639	0.239178 0.526958  0.844905
9.11348438	641	0.234869 0.526480  0.856637
9.11851978	640	0.234151 0.526480  0.848497
9.12357234	641	0.234869 0.528156  0.851369
9.12861156	641	0.245643 0.526240  0.849933
9.13364791	640	0.235348 0.526958  0.849694
9.13868045	641	0.236066 0.527916  0.850412
9.14370441	638	0.242530 0.527916  0.857594
9.14873218	641	0.239418 0.524564  0.850412
9.15375614	640	0.240854 0.532465  0.845145
9.15878772	638	0.242770 0.525043  0.853524
9.16381168	640	0.241333 0.530310  0.852806
9.16885185	638	0.244685 0.532226  0.851609
9.17388820	638	0.237981 0.531986  0.847539
9.17893981	641	0.242051 0.529353  0.859510
##inga 
#ido(sec)  szog(ADC)     ax(g)    ay(g)   az(g)
9.18450832	641	0.243248 0.532704  0.845623
9.18974781	640	0.246361 0.536296  0.847778
9.19497966	641	0.244446 0.534380  0.843469
9.20010757	640	0.245164 0.532944  0.852567
9.20514392	640	0.238939 0.534620  0.849215
9.21017169	638	0.238221 0.529113  0.855200
9.21521186	639	0.248276 0.533183  0.849933
9.22025585	641	0.239178 0.533423  0.852088
9.22529220	639	0.242530 0.526958  0.853285
9.23031616	641	0.240136 0.520494  0.855679
9.23535633	641	0.241812 0.527677  0.855440
9.24039554	641	0.241573 0.529113  0.854721
9.24544429	641	0.235826 0.530550  0.853285
9.25049209	641	0.241094 0.527198  0.852567
9.25553226	640	0.237502 0.526240  0.855440
9.26054382	641	0.237024 0.528395  0.852806
9.26558017	640	0.242770 0.526240  0.859510
9.27059555	641	0.233911 0.522888  0.854961
9.27562808	641	0.234151 0.527198  0.850412
9.28066825	640	0.233193 0.526480  0.852567
9.28570842	641	0.239178 0.525522  0.842990
9.29072761	641	0.241573 0.530310  0.856876
9.29578018	641	0.244206 0.526958  0.851369
9.30082416	641	0.243967 0.533423  0.851609
9.30586814	641	0.240375 0.530550  0.849454
9.31091213	638	0.248516 0.538690  0.858791
9.31593990	641	0.235108 0.534859  0.843947
9.32096385	641	0.243009 0.530071  0.855440
9.32598400	640	0.238939 0.530789  0.854003
9.33101177	641	0.245164 0.531507  0.842990
9.33603191	641	0.242770 0.535817  0.853764
9.34107589	641	0.243248 0.532704  0.861904
9.34609603	640	0.246600 0.529353  0.852088
9.35111618	639	0.236066 0.534859  0.851130
9.35614395	640	0.243009 0.532704  0.845145
9.36117172	641	0.237742 0.530789  0.859031
9.36622810	640	0.241812 0.532465  0.850412
9.37125968	639	0.233911 0.528395  0.855918
9.37630367	641	0.235348 0.525283  0.854003
9.38134002	639	0.241333 0.530310  0.850651
9.38636398	638	0.235826 0.528634  0.856158
9.39138793	639	0.243488 0.531507  0.855679
9.39640426	638	0.241094 0.527677  0.855440
9.40144443	641	0.235348 0.527916  0.857115
9.40647983	641	0.234151 0.524325  0.853524
9.41152381	641	0.239178 0.525522  0.840356
9.41656398	638	0.238460 0.530310  0.850172
9.42160415	639	0.239657 0.533423  0.848736
9.42665195	641	0.244206 0.532226  0.853045
9.43168830	641	0.240136 0.529592  0.858791
9.43672370	641	0.243488 0.531986  0.855200
9.44173622	641	0.240375 0.525761  0.853045
9.44675636	640	0.243009 0.529113  0.854242
9.45177173	640	0.243488 0.532704  0.852567
9.45679569	639	0.238460 0.533423  0.848497
9.46183586	639	0.247797 0.531986  0.858073
9.46687221	640	0.239418 0.537014  0.849694
9.47191619	641	0.242770 0.531507  0.853045
9.47694778	638	0.245164 0.538929  0.854482
9.48199558	639	0.239897 0.532704  0.848257
9.48704433	638	0.248276 0.532704  0.842032
9.49207973	641	0.239418 0.537972  0.853524
9.49710845	640	0.246600 0.531747  0.856397
9.50212764	638	0.234390 0.531268  0.851130
9.50715637	641	0.241094 0.528874  0.843469
9.51218032	640	0.239897 0.536296  0.842750
9.51721572	640	0.240854 0.522888  0.852806
9.52224445	640	0.243967 0.533423  0.854961
9.52727603	639	0.239178 0.530310  0.845863
9.53232383	641	0.239418 0.529113  0.856637
9.53737163	640	0.237742 0.520015  0.859510
9.54242801	639	0.239418 0.529113  0.856158
9.54747581	640	0.232714 0.525761  0.844905
9.55251598	639	0.242291 0.524085  0.848018
9.55755615	638	0.241333 0.530310  0.852567
9.56258010	641	0.241573 0.527677  0.865735
9.56761169	640	0.238221 0.525043  0.852327
9.57263565	641	0.241573 0.530789  0.851130
9.57767200	639	0.238700 0.526958  0.845863
9.58269977	641	0.237742 0.527198  0.851609
9.58773231	640	0.239657 0.531029  0.850651
9.59277153	641	0.242530 0.530310  0.849454
9.59781169	640	0.246361 0.528634  0.849694
9.60287570	638	0.240854 0.539887  0.840356
9.60791587	640	0.236784 0.534859  0.851130
9.61295986	641	0.242770 0.534620  0.851848
9.61799621	638	0.242051 0.535338  0.857594
9.62302017	640	0.240854 0.530071  0.857594
9.62804412	639	0.246121 0.529592  0.851848
9.63307952	640	0.240854 0.534620  0.848975
9.63810443	641	0.245643 0.530789  0.854003
9.64314842	641	0.242770 0.537493  0.849933
9.64817237	640	0.240136 0.526240  0.851848
9.65321159	641	0.244924 0.528156  0.854482
9.65824794	640	0.240136 0.529113  0.854482
9.66329193	639	0.240854 0.528156  0.859989
9.66833591	641	0.236545 0.528634  0.857115
9.67338752	640	0.237742 0.523367  0.856637
9.67841243	638	0.238939 0.530071  0.855200
9.68342781	640	0.234390 0.521691  0.853045
9.68844413	639	0.231038 0.526958  0.855918
##inga 
#ido(sec)  szog(ADC)     ax(g)    ay(g)   az(g)
9.69400405	641	0.237502 0.529113  0.847060
9.69922447	639	0.240854 0.523128  0.849694
9.70446014	641	0.241812 0.526480  0.856397
9.70960426	638	0.240136 0.525761  0.845863
9.71463584	641	0.239897 0.531268  0.847778
9.71966838	641	0.236784 0.526240  0.846581
9.72472381	641	0.242051 0.532944  0.854482
9.72978019	639	0.239178 0.531029  0.855440
9.73483562	641	0.240854 0.531029  0.854482
9.73986434	638	0.239657 0.528395  0.846821
9.74489212	641	0.243727 0.537253  0.854961
9.74992370	641	0.243248 0.525043  0.849694
9.75494766	640	0.241333 0.534141  0.856397
9.75998783	639	0.243727 0.534859  0.855918
9.76502799	641	0.244924 0.534141  0.849215
9.77006816	639	0.239418 0.538211  0.855200
9.77509593	640	0.237502 0.530310  0.846821
9.78012752	639	0.244206 0.529592  0.858791
9.78517246	639	0.239418 0.530071  0.855918
9.79022026	640	0.237981 0.531747  0.847060
9.79526042	638	0.239897 0.520494  0.846821
9.80030441	638	0.237263 0.530789  0.848257
9.80533981	640	0.240854 0.524564  0.848018
9.81037235	640	0.237024 0.517382  0.846342
9.81540393	639	0.233432 0.522409  0.853285
9.82042789	640	0.245643 0.518579  0.857355
9.82546424	640	0.241094 0.525283  0.841314
9.83049583	640	0.238460 0.527677  0.849215
9.83551979	640	0.238939 0.528156  0.849694
9.84055233	638	0.239418 0.530310  0.849454
9.84560394	639	0.245882 0.526240  0.850891
9.85064411	641	0.237981 0.528874  0.849454
9.85569190	641	0.237024 0.528634  0.860946
9.86073207	640	0.247319 0.530071  0.857115
9.86576366	638	0.236305 0.529353  0.855440
9.87077999	640	0.241812 0.532704  0.848497
9.87580394	638	0.242291 0.530071  0.860946
9.88083553	641	0.245164 0.536056  0.850412
9.88587188	641	0.235108 0.537493  0.848736
9.89090442	641	0.248276 0.537493  0.846821
9.89594841	639	0.245403 0.530071  0.853285
9.90098381	641	0.241573 0.530310  0.848257
9.90602016	639	0.244924 0.528395  0.857115
9.91107559	640	0.244924 0.534141  0.858552
9.91611576	639	0.238939 0.527677  0.844905
9.92115974	639	0.242051 0.528395  0.860228
9.92618846	640	0.240615 0.526480  0.849454
9.93121242	641	0.237024 0.527198  0.850891
9.93624401	641	0.244206 0.530310  0.856637
9.94126796	640	0.240375 0.525522  0.860467
9.94629192	639	0.240136 0.522409  0.857355
9.95132446	641	0.240375 0.525283  0.855679
9.95635604	640	0.237981 0.525522  0.854242
9.96139621	641	0.237742 0.532944  0.852567
9.96644020	638	0.234869 0.528634  0.851609
9.97149562	638	0.243488 0.530310  0.847539
9.97654819	640	0.235348 0.530550  0.856637
9.98159217	640	0.239897 0.524085  0.853045
9.98661231	641	0.247319 0.524325  0.845863
9.99164390	640	0.237024 0.532704  0.854242
9.99666786	638	0.239418 0.523367  0.849694
10.00170040	640	0.240615 0.531747  0.842272
10.00681209	640	0.240375 0.531029  0.854242
10.01192378	641	0.244924 0.531029  0.860946
10.01705646	638	0.240375 0.535817  0.858552
10.02217960	641	0.239897 0.532465  0.852567
10.02730369	640	0.237502 0.531986  0.849454
10.03243160	641	0.243727 0.535338  0.855918
10.03756427	640	0.240854 0.533902  0.850651
10.04268360	640	0.238460 0.532944  0.854242
10.04780769	641	0.238221 0.533183  0.857115
10.05294036	638	0.249713 0.534859  0.853524
10.05806827	639	0.238939 0.533183  0.850891
10.06320381	638	0.242291 0.530310  0.849694
10.06832408	640	0.237502 0.530789  0.856397
10.07344818	639	0.239657 0.529592  0.854721
10.07857990	641	0.241094 0.526958  0.845384
10.08370018	640	0.238700 0.529592  0.843229
10.08882045	641	0.238939 0.528156  0.854242
10.09394836	639	0.240375 0.527198  0.851369
10.09907627	638	0.243248 0.528634  0.848497
10.10420417	640	0.236545 0.524804  0.854482
10.10933971	641	0.236066 0.525522  0.851609
10.11446762	641	0.240615 0.524804  0.856876
10.11959552	641	0.242291 0.526719  0.859510
10.12472820	641	0.238221 0.528156  0.849933
10.12985992	640	0.243009 0.529353  0.865735
10.13498020	638	0.235587 0.524325  0.853045
10.14009189	641	0.239897 0.526240  0.857834
10.14521980	641	0.238460 0.527677  0.852567
10.15034008	641	0.244685 0.528874  0.849215
10.15546035	638	0.240854 0.530550  0.849933
10.16057205	641	0.240615 0.534620  0.856637
10.16568374	640	0.245643 0.525761  0.848018
10.17082023	640	0.237981 0.537732  0.854721
10.17593955	640	0.242770 0.531986  0.848018
10.18106842	639	0.246840 0.542999  0.856158
10.18618774	640	0.235348 0.535817  0.852088
10.19132423	640	0.242051 0.537493  0.843229
10.19645214	641	0.239418 0.531268  0.849215
10.20159244	641	0.239657 0.534859  0.854242
##inga 
#ido(sec)  szog(ADC)     ax(g)    ay(g)   az(g)
10.20724773	640	0.236545 0.530550  0.840835
10.21251964	640	0.240136 0.534380  0.857594
10.21779155	641	0.241573 0.531507  0.851130
10.22302436	641	0.240854 0.525761  0.859989
10.22813987	640	0.238460 0.532704  0.849933
10.23326015	641	0.239897 0.529831  0.846342
10.23838806	640	0.235826 0.525283  0.855440
10.24350833	639	0.236545 0.524325  0.849933
10.24863624	639	0.243248 0.527437  0.847299
10.25376796	640	0.235826 0.518579  0.856397
10.25889205	640	0.237024 0.525043  0.849694
10.26400375	639	0.234151 0.531747  0.853524
10.26912403	639	0.237263 0.525283  0.853524
10.27425193	641	0.236545 0.533662  0.849454
10.27937984	639	0.243009 0.530789  0.854482
10.28450012	641	0.240615 0.532704  0.846342
10.28961181	640	0.247079 0.531268  0.865495
10.29473209	641	0.242291 0.529113  0.856876
10.29986000	640	0.246121 0.539408  0.855918
10.30498409	640	0.237981 0.534620  0.848975
10.31009960	640	0.241812 0.531268  0.856637
10.31522846	640	0.241812 0.531986  0.840596
10.32036399	640	0.240136 0.530310  0.847299
10.32546806	641	0.240854 0.531507  0.843229
10.33057975	640	0.243967 0.530789  0.852088
10.33570766	639	0.241333 0.530550  0.844666
10.34082794	641	0.240375 0.530071  0.846342
10.34594821	641	0.242770 0.526958  0.850651
10.35106754	639	0.245882 0.531747  0.849694
10.35619163	640	0.237981 0.527677  0.856876
10.36132431	640	0.245882 0.530789  0.856637
10.36645984	638	0.237024 0.528395  0.857355
10.37158393	639	0.240375 0.528874  0.845863
10.37670421	641	0.240615 0.526480  0.852806
10.38183212	641	0.235826 0.524325  0.845384
10.38696384	641	0.237981 0.524325  0.852088
10.39209175	641	0.238700 0.520973  0.855918
10.39719963	638	0.233193 0.526240  0.848257
10.40233993	640	0.235826 0.523846  0.853524
10.40747642	638	0.243248 0.527677  0.851609
10.41259193	640	0.237981 0.533662  0.855679
10.41772365	641	0.245643 0.525283  0.854003
10.42286014	638	0.239657 0.530071  0.854242
10.42799186	641	0.244206 0.530310  0.857834
10.43311595	640	0.243967 0.531747  0.854003
10.43824386	638	0.236545 0.528874  0.847299
10.44337177	641	0.236784 0.529831  0.852567
10.44849967	641	0.246361 0.536775  0.849215
10.45363235	641	0.242291 0.529592  0.849694
10.45877647	638	0.244685 0.535338  0.852327
10.46389961	640	0.240854 0.531747  0.858313
10.46902370	638	0.242770 0.532226  0.842511
10.47415637	639	0.235826 0.531507  0.854003
10.47929954	641	0.242770 0.536296  0.853285
10.48445606	639	0.243248 0.524564  0.853285
10.48960399	638	0.237263 0.532465  0.850891
10.49474811	641	0.241094 0.525283  0.853764
10.49989223	641	0.243009 0.529113  0.853524
10.50502014	640	0.232475 0.530071  0.856397
10.51015186	641	0.237981 0.526480  0.847539
10.51529216	641	0.237263 0.523128  0.842990
10.52042770	640	0.239657 0.515706  0.853524
10.52557182	638	0.239897 0.526719  0.855918
10.53071594	641	0.240615 0.525043  0.850651
10.53586006	641	0.236784 0.530550  0.853045
10.54098796	640	0.235826 0.523607  0.849215
10.54611968	638	0.240854 0.524804  0.852567
10.55125236	641	0.244685 0.530550  0.851848
10.55638790	641	0.238460 0.526719  0.864298
10.56152820	638	0.244924 0.531268  0.847299
10.56667232	641	0.239657 0.532704  0.852806
10.57181167	639	0.234629 0.529113  0.860707
10.57696437	640	0.241573 0.527437  0.849215
10.58210754	641	0.239418 0.539169  0.855679
10.58725166	641	0.240615 0.524804  0.849933
10.59237575	640	0.243967 0.533183  0.850172
10.59751605	641	0.242770 0.531507  0.849694
10.60265636	640	0.241094 0.532465  0.848736
10.60779571	641	0.240375 0.528874  0.859031
10.61293220	641	0.231517 0.532704  0.858073
10.61807155	641	0.235587 0.534620  0.856397
10.62320804	640	0.241094 0.528156  0.856397
10.62832832	638	0.237981 0.525761  0.845623
10.63346004	640	0.241333 0.536296  0.847778
10.63858795	638	0.237024 0.531747  0.853524
10.64371585	639	0.234151 0.527916  0.858552
10.64885234	641	0.235587 0.526958  0.847539
10.65396785	640	0.235587 0.525283  0.854482
10.65909957	641	0.238939 0.532226  0.859510
10.66422843	641	0.230320 0.526958  0.854003
10.66934776	639	0.240375 0.522409  0.844666
10.67446041	640	0.236066 0.530789  0.850651
10.67958831	639	0.238221 0.529592  0.856158
10.68472003	641	0.237024 0.522649  0.854961
10.68984794	641	0.239657 0.527677  0.852806
10.69498825	640	0.245643 0.526480  0.847778
10.70011615	638	0.238221 0.526480  0.847299
10.70524406	641	0.234629 0.530789  0.851130
10.71037197	641	0.240375 0.528395  0.850172
10.71549224	639	0.243967 0.534620  0.852327
10.72062015	641	0.246600 0.532226  0.856397
##inga 
#ido(sec)  szog(ADC)     ax(g)    ay(g)   az(g)
10.72627162	641	0.239897 0.533902  0.850651
10.73155212	638	0.236305 0.534859  0.848018
10.73684024	640	0.244924 0.542042  0.855200
10.74205207	641	0.242770 0.530310  0.851609
10.74716758	639	0.238221 0.531268  0.848975
10.75229167	638	0.242770 0.531986  0.851369
10.75741958	640	0.237981 0.533662  0.853764
10.76255226	640	0.242770 0.527437  0.847299
10.76767635	641	0.243488 0.533423  0.853764
10.77280426	640	0.246361 0.526480  0.852567
10.77793979	641	0.241094 0.530789  0.854482
10.78306770	641	0.236545 0.527916  0.852088
10.78819561	641	0.237981 0.528395  0.851609
10.79332447	639	0.237263 0.528634  0.843947
10.79845237	640	0.239178 0.526240  0.853045
10.80357170	641	0.233911 0.527437  0.852088
10.80870819	640	0.236066 0.524085  0.851609
10.81381988	641	0.240615 0.527916  0.848497
10.81894016	640	0.239657 0.531507  0.856158
10.82406806	639	0.244206 0.520015  0.847299
10.82918834	638	0.246600 0.531747  0.854961
10.83430767	638	0.237263 0.528874  0.846821
10.83944797	641	0.239897 0.526240  0.854961
10.84457969	640	0.238700 0.531507  0.855918
10.84969997	641	0.238460 0.530550  0.849694
10.85482025	639	0.238939 0.533902  0.854721
10.85994815	640	0.235587 0.531029  0.845863
10.86506843	641	0.241333 0.526958  0.849933
10.87019157	640	0.242291 0.541324  0.859989
10.87531566	640	0.236545 0.538451  0.854482
10.88044357	641	0.247558 0.536775  0.848497
10.88556385	639	0.242291 0.529353  0.855440
10.89069175	638	0.239657 0.535338  0.850891