##inga 
#ido(sec)  szog(ADC)     ax(g)    ay(g)   az(g)
0.00170400	796	0.428318 0.842511  0.309328
0.00690800	798	0.428558 0.844426  0.321538
##inga 
#ido(sec)  szog(ADC)     ax(g)    ay(g)   az(g)
0.01316800	799	0.428797 0.840117  0.324172
0.01839200	798	0.428558 0.843947  0.317707
0.02360400	799	0.428558 0.837723  0.321299
0.02882800	799	0.427361 0.844426  0.319144
0.03384800	798	0.429994 0.843708  0.317707
0.03887600	797	0.426164 0.844666  0.317947
0.04392000	797	0.427121 0.844426  0.316271
0.04897200	799	0.423051 0.841314  0.316031
0.05400800	798	0.426164 0.844187  0.317707
0.05904800	799	0.425685 0.842750  0.325848
0.06408400	796	0.425206 0.843469  0.315792
0.06910800	798	0.419939 0.843708  0.314355
0.07413600	799	0.424967 0.842511  0.311004
0.07917201	797	0.424248 0.840356  0.309567
0.08419600	798	0.429276 0.845863  0.317229
0.08922000	799	0.423051 0.841314  0.316031
0.09424799	798	0.424967 0.842032  0.315074
0.09930000	799	0.425924 0.840356  0.316989
0.10433601	799	0.429037 0.838201  0.317468
0.10936800	799	0.427600 0.844666  0.313158
0.11438800	799	0.431670 0.838680  0.306934
0.11940001	799	0.417784 0.838920  0.305976
0.12442400	798	0.425206 0.849694  0.320102
0.12944400	799	0.431670 0.840835  0.321777
0.13446800	799	0.425445 0.841793  0.319623
0.13949201	798	0.422333 0.842750  0.319144
0.14451600	799	0.426403 0.845384  0.322496
0.14954400	799	0.430234 0.842032  0.318665
0.15457600	797	0.426882 0.842272  0.322017
0.15962399	799	0.418023 0.843947  0.313158
0.16466400	799	0.424967 0.841793  0.314116
0.16970800	799	0.424248 0.847778  0.316031
0.17473599	799	0.431191 0.841314  0.308370
0.17976799	799	0.425445 0.837483  0.316271
0.18479599	796	0.420896 0.848736  0.323693
0.18981599	799	0.426403 0.848497  0.334227
0.19484000	799	0.431191 0.843947  0.313877
0.19986400	799	0.418981 0.839877  0.320580
0.20488400	799	0.427121 0.843469  0.317229
0.20992400	798	0.427840 0.841314  0.314355
0.21496000	797	0.428558 0.846821  0.313398
0.22000000	799	0.422572 0.842032  0.315074
0.22503199	799	0.420178 0.841314  0.322256
0.23006799	800	0.421375 0.846342  0.323453
0.23510799	797	0.426882 0.834371  0.320102
0.24013600	797	0.426882 0.843469  0.314116
0.24516799	798	0.426164 0.846581  0.316989
0.25019600	799	0.422812 0.848018  0.318904
0.25521998	799	0.422093 0.847778  0.312680
0.26023998	799	0.423291 0.841314  0.317707
0.26527600	799	0.425206 0.847778  0.318186
0.27030000	799	0.421136 0.843469  0.307891
0.27534401	799	0.430952 0.842750  0.323932
0.28037199	799	0.424488 0.843229  0.316510
0.28541601	799	0.424009 0.842272  0.327284
0.29044799	799	0.415869 0.839399  0.314116
0.29548799	798	0.425206 0.845623  0.323453
0.30051198	798	0.420418 0.837723  0.321299
0.30553600	798	0.428558 0.841553  0.316989
0.31055998	799	0.424248 0.843469  0.319862
0.31558399	799	0.426164 0.841553  0.317707
0.32062399	799	0.427840 0.842750  0.313398
0.32565200	797	0.425445 0.839159  0.316750
0.33068399	798	0.427840 0.837244  0.321538
0.33572001	797	0.424727 0.843947  0.319383
0.34075999	798	0.431431 0.844426  0.311004
0.34580800	799	0.421854 0.835568  0.317947
0.35083999	797	0.426642 0.845863  0.319383
0.35587201	799	0.423530 0.839638  0.319623
0.36089599	799	0.419699 0.844666  0.314355
0.36592798	799	0.424967 0.843947  0.308849
0.37095599	799	0.422093 0.839159  0.317229
0.37597599	798	0.426642 0.842990  0.323693
0.38099198	799	0.431431 0.840835  0.314355
0.38603601	799	0.423530 0.840835  0.318186
0.39106397	798	0.431670 0.838680  0.314116
0.39609198	799	0.426403 0.843947  0.318186
0.40112800	798	0.421375 0.844905  0.315313
0.40614800	798	0.426403 0.841793  0.313398
0.41117200	799	0.426882 0.840835  0.319862
0.41619596	799	0.423769 0.840596  0.319623
0.42123203	799	0.428079 0.843469  0.317229
0.42625598	799	0.430234 0.844426  0.321777
0.43127999	799	0.423530 0.842990  0.313637
0.43630399	798	0.424967 0.847539  0.318426
0.44133601	799	0.429994 0.844666  0.318426
0.44637598	799	0.424967 0.844187  0.314834
0.45141596	798	0.424009 0.839877  0.316510
0.45644001	799	0.428318 0.843947  0.320580
0.46147198	798	0.430234 0.837723  0.316271
0.46650400	799	0.429276 0.838201  0.320820
0.47151198	797	0.429276 0.844426  0.314834
0.47654399	796	0.421615 0.840835  0.322975
0.48158402	799	0.425445 0.841314  0.323693
0.48661999	799	0.432628 0.842990  0.323214
0.49163999	798	0.429515 0.835568  0.315792
0.49667201	799	0.424488 0.846342  0.309328
0.50170798	797	0.429755 0.840596  0.311722
0.50674400	797	0.423769 0.843469  0.313877
0.51178798	798	0.426403 0.847778  0.312680
0.51681604	798	0.427840 0.840356  0.330636
##inga 
#ido(sec)  szog(ADC)     ax(g)    ay(g)   az(g)
0.52237997	799	0.429755 0.840117  0.319623
0.52761197	799	0.430952 0.842750  0.317707
0.53284001	798	0.424488 0.842272  0.312201
0.53795599	798	0.426642 0.836047  0.315553
0.54298000	799	0.431910 0.842750  0.305976
0.54800395	798	0.428318 0.848018  0.316989
0.55304803	799	0.428558 0.843708  0.311961
0.55808401	797	0.424727 0.841314  0.312201
0.56312799	798	0.423769 0.840356  0.318665
0.56816000	798	0.426403 0.842511  0.318665
0.57318401	797	0.425445 0.846581  0.319623
0.57823200	799	0.427840 0.840596  0.317468
0.58325200	799	0.425685 0.849454  0.315313
0.58826398	798	0.420657 0.839877  0.315553
0.59328799	799	0.432149 0.846581  0.321059
0.59831199	799	0.421854 0.847778  0.322496
0.60334801	798	0.427840 0.841553  0.314116
0.60838003	799	0.424248 0.845863  0.317947
0.61340804	799	0.425206 0.843229  0.317947
0.61844801	799	0.424967 0.845145  0.316031
0.62349600	799	0.427840 0.840835  0.315313
0.62853999	799	0.424967 0.843469  0.321059
0.63358802	799	0.426642 0.841553  0.318904
0.63861999	799	0.425206 0.839877  0.310525
0.64364805	799	0.429276 0.842272  0.321059
0.64867200	799	0.425924 0.842990  0.317229
0.65369200	799	0.423051 0.837962  0.314355
0.65870399	797	0.425924 0.847060  0.315074
0.66372799	799	0.425445 0.844426  0.318426
0.66876001	797	0.426642 0.847539  0.312680
0.67379598	798	0.427840 0.843947  0.313158
0.67883200	798	0.428797 0.851848  0.317707
0.68387198	799	0.422093 0.844426  0.321538
0.68891601	796	0.433107 0.843947  0.326566
0.69395203	799	0.428318 0.844666  0.311722
0.69899201	799	0.422572 0.845863  0.315553
0.70401597	799	0.421854 0.837723  0.325608
0.70905203	799	0.423530 0.847060  0.316750
0.71406402	797	0.426164 0.840596  0.319623
0.71910400	800	0.419460 0.840596  0.315313
0.72413597	798	0.420657 0.842750  0.312680
0.72914400	797	0.424248 0.841075  0.311004
0.73417596	799	0.423769 0.839399  0.324650
0.73922400	799	0.424967 0.849454  0.322496
0.74427599	799	0.420896 0.844905  0.317468
0.74931197	799	0.418742 0.838201  0.312680
0.75434398	799	0.425924 0.846102  0.324890
0.75937600	799	0.422093 0.842272  0.324650
0.76438398	798	0.426164 0.840835  0.311722
0.76941595	799	0.424488 0.842032  0.316750
0.77444000	799	0.424967 0.847299  0.322496
0.77946400	799	0.425924 0.840356  0.316271
0.78450002	798	0.428318 0.849933  0.307891
0.78954000	799	0.424488 0.842750  0.316989
0.79457597	799	0.425445 0.845145  0.313158
0.79961595	799	0.427121 0.841314  0.326326
0.80465602	799	0.426642 0.843708  0.316031
0.80969200	799	0.421136 0.848018  0.315313
0.81472797	799	0.425685 0.841314  0.314116
0.81976003	800	0.431191 0.848018  0.306694
0.82479200	798	0.427840 0.845623  0.323932
0.82980804	799	0.429755 0.844666  0.325848
0.83483200	799	0.421615 0.837723  0.321538
0.83986396	799	0.423530 0.847299  0.319623
0.84488792	799	0.427361 0.848497  0.320341
0.84993600	799	0.424727 0.841793  0.311722
0.85496797	799	0.425685 0.844666  0.322496
0.86001996	798	0.428558 0.846821  0.319383
0.86505594	799	0.428797 0.849694  0.322975
0.87009601	799	0.425685 0.846342  0.317707
0.87511997	799	0.421854 0.842511  0.318186
0.88015594	799	0.426164 0.848497  0.316510
0.88517999	799	0.425685 0.841553  0.315792
0.89020805	797	0.426882 0.837962  0.314834
0.89523200	799	0.424967 0.843469  0.320102
0.90025596	799	0.429037 0.846821  0.310285
0.90528001	799	0.424967 0.840356  0.313877
0.91031198	799	0.431191 0.843947  0.322256
0.91535196	797	0.421136 0.844187  0.311722
0.92040004	799	0.428797 0.848018  0.316510
0.92543601	798	0.427361 0.837004  0.321059
0.93047199	798	0.423769 0.842511  0.317229
0.93550405	799	0.424967 0.837483  0.321538
0.94053602	798	0.426164 0.842032  0.316271
0.94557199	799	0.424488 0.841075  0.313158
0.95060005	799	0.424727 0.845623  0.316510
0.95562400	796	0.423291 0.834850  0.325369
0.96065597	797	0.423051 0.843469  0.320820
0.96568002	799	0.426164 0.846102  0.317229
0.97072000	799	0.421615 0.840117  0.318426
0.97575998	799	0.423051 0.849933  0.316031
0.98080406	799	0.426164 0.839877  0.314834
0.98584804	799	0.423291 0.842272  0.318426
0.99089603	799	0.422812 0.836765  0.322975
0.99594402	799	0.421854 0.842511  0.322256
1.00097596	799	0.424248 0.845384  0.319862
1.00599598	799	0.426642 0.840596  0.321777
1.01103198	797	0.424727 0.841793  0.320341
1.01606798	800	0.425685 0.846102  0.314595
1.02109205	799	0.420896 0.850891  0.317947
1.02612400	797	0.424488 0.840356  0.325608
##inga 
#ido(sec)  szog(ADC)     ax(g)    ay(g)   az(g)
1.03169202	799	0.424727 0.844187  0.324890
1.03693199	799	0.427361 0.847299  0.311243
1.04218399	798	0.424248 0.837004  0.326566
1.04731595	798	0.421615 0.843947  0.315792
1.05236804	799	0.424009 0.841553  0.308131
1.05738401	798	0.425685 0.843229  0.319144
1.06241595	799	0.423291 0.837483  0.316510
1.06744801	799	0.426403 0.840835  0.311004
1.07248401	796	0.428318 0.845145  0.316510
1.07751202	797	0.425206 0.841793  0.314595
1.08255195	799	0.424488 0.842272  0.318426
1.08757996	799	0.424248 0.843229  0.322735
1.09262394	799	0.429276 0.839877  0.320341
1.09767198	798	0.422093 0.843469  0.321538
1.10270798	797	0.426882 0.844426  0.321538
1.10775601	799	0.429515 0.848497  0.319383
1.11280798	799	0.426164 0.841553  0.313877
1.11784803	800	0.425206 0.842750  0.317229
1.12288796	800	0.426882 0.845145  0.312201
1.12792003	799	0.420896 0.846581  0.316989
1.13294398	796	0.427361 0.844666  0.325369
1.13797199	799	0.424488 0.840596  0.319623
1.14301204	798	0.425445 0.840835  0.308849
1.14804399	799	0.423530 0.846581  0.320820
1.15307605	797	0.427600 0.840596  0.313637
1.15810000	799	0.429037 0.845384  0.318904
1.16313600	796	0.423530 0.841314  0.320341
1.16817998	799	0.427840 0.845623  0.310285
1.17323195	799	0.422333 0.840356  0.317947
1.17827999	799	0.429037 0.837723  0.322735
1.18331205	798	0.428079 0.836286  0.321777
1.18832802	797	0.430234 0.843469  0.323932
1.19335996	799	0.423769 0.843469  0.315313
1.19838404	799	0.424009 0.841793  0.307412
1.20340001	796	0.426403 0.840117  0.314116
1.20842397	798	0.428797 0.842990  0.320820
1.21346402	799	0.431191 0.845863  0.316750
1.21850395	798	0.424967 0.842032  0.318665
1.22355997	798	0.426403 0.847060  0.311243
1.22858798	798	0.418263 0.842511  0.314834
1.23363196	799	0.424009 0.843469  0.315313
1.23866796	799	0.423769 0.844905  0.311722
1.24369597	796	0.421854 0.842750  0.317707
1.24872803	796	0.430473 0.834371  0.316271
1.25375998	797	0.427840 0.843708  0.311722
1.25879204	797	0.430473 0.841553  0.315792
1.26382803	799	0.424488 0.842032  0.317707
1.26885998	798	0.424727 0.838441  0.309567
1.27390396	799	0.425206 0.842032  0.315553
1.27894401	799	0.424488 0.844187  0.309807
1.28399205	799	0.428318 0.848018  0.321059
1.28903198	798	0.424967 0.846342  0.311722
1.29408001	799	0.429276 0.840117  0.316031
1.29913604	799	0.422812 0.842750  0.328960
1.30417203	799	0.422572 0.840835  0.320102
1.30920803	797	0.426403 0.845145  0.317947
1.31423997	800	0.423530 0.850172  0.317947
1.31925594	799	0.424009 0.842750  0.318665
1.32426798	798	0.422333 0.843469  0.325608
1.32930397	797	0.425206 0.844426  0.319144
1.33432805	798	0.426403 0.840117  0.316750
1.33935594	799	0.430234 0.838441  0.314116
1.34439194	799	0.424488 0.843469  0.318426
1.34943604	799	0.427121 0.842990  0.310764
1.35449600	799	0.425685 0.842032  0.323214
1.35954403	798	0.424009 0.841075  0.319144
1.36457598	799	0.427361 0.846342  0.318426
1.36961603	798	0.418502 0.840835  0.310285
1.37463998	799	0.425924 0.842750  0.318665
1.37966799	798	0.425685 0.842750  0.314116
1.38470399	799	0.424967 0.846102  0.313398
1.38973606	796	0.426403 0.840596  0.312919
1.39477205	799	0.424727 0.844426  0.303821
1.39981996	799	0.423530 0.841553  0.315792
1.40485200	799	0.429515 0.840117  0.316271
1.40989995	799	0.424967 0.845384  0.322256
1.41495599	798	0.426642 0.839159  0.314355
1.41999998	799	0.423051 0.842032  0.320102
1.42504000	797	0.422572 0.840596  0.313398
1.43007602	798	0.426642 0.842750  0.322975
1.43510398	799	0.429755 0.842990  0.318186
1.44012794	799	0.423769 0.848497  0.322496
1.44516000	799	0.422572 0.842272  0.320820
1.45017600	796	0.426642 0.843469  0.321538
1.45519995	799	0.427840 0.842032  0.323693
1.46023998	798	0.423530 0.839159  0.315313
1.46528005	798	0.425924 0.840117  0.313877
1.47033205	798	0.423530 0.848257  0.321059
1.47537603	797	0.425924 0.843947  0.317468
1.48042001	799	0.427600 0.838680  0.309328
1.48544397	799	0.429037 0.847539  0.323693
1.49048805	798	0.429515 0.845863  0.317229
1.49553203	798	0.426164 0.849454  0.319623
1.50056800	799	0.429755 0.838920  0.322496
1.50558400	799	0.424248 0.841314  0.320580
1.51061592	799	0.425924 0.844187  0.323932
1.51565194	799	0.424967 0.844426  0.303103
1.52068400	799	0.425445 0.840356  0.319862
1.52572002	799	0.424727 0.842990  0.314834
1.53075599	798	0.426164 0.849215  0.309807
1.53581199	799	0.422333 0.843708  0.325129
##inga 
#ido(sec)  szog(ADC)     ax(g)    ay(g)   az(g)
1.54140400	799	0.432867 0.840117  0.316271
1.54663205	799	0.427361 0.841793  0.316510
1.55186405	799	0.428318 0.845145  0.322256
1.55700802	798	0.424727 0.845863  0.310525
1.56204404	797	0.427840 0.844187  0.313877
1.56706800	797	0.425924 0.845384  0.311483
1.57210397	799	0.428318 0.841314  0.316750
1.57713603	799	0.424967 0.846581  0.321059
1.58218393	799	0.423769 0.840835  0.323453
1.58721199	799	0.421375 0.842511  0.316031
1.59225597	797	0.424009 0.844187  0.312440
1.59728002	799	0.422572 0.846581  0.318904
1.60233602	799	0.419699 0.842990  0.322017
1.60738396	799	0.426403 0.842032  0.313637
1.61243200	799	0.425206 0.845623  0.318665
1.61747207	799	0.431191 0.843947  0.316510
1.62250399	799	0.426403 0.842032  0.314116
1.62753605	797	0.427600 0.840117  0.317707
1.63255205	798	0.429276 0.839159  0.312680
1.63758397	799	0.428797 0.846821  0.323932
1.64261198	799	0.424967 0.843708  0.309328
1.64765205	798	0.422572 0.844187  0.317707
1.65270400	799	0.423530 0.838201  0.316750
1.65774002	797	0.429755 0.841553  0.311483
1.66278400	797	0.425924 0.842032  0.320820
1.66782798	799	0.425445 0.847299  0.323453
1.67286801	799	0.424967 0.844187  0.316750
1.67791604	799	0.431191 0.843469  0.315792
1.68295202	798	0.426882 0.847778  0.314355
1.68798007	799	0.421136 0.843708  0.323453
1.69302406	798	0.421615 0.845863  0.319862
1.69805598	797	0.426642 0.837723  0.316989
1.70309996	797	0.432388 0.839877  0.325608
1.70813598	799	0.426164 0.844426  0.315313
1.71317996	798	0.426403 0.839399  0.309328
1.71822404	799	0.425206 0.848497  0.316031
1.72327604	796	0.428079 0.850172  0.316031
1.72832403	799	0.425445 0.843947  0.313877
1.73336801	797	0.430473 0.838201  0.311961
1.73840403	799	0.433107 0.842990  0.318665
1.74342799	798	0.420896 0.842272  0.318186
1.74845194	798	0.423291 0.844426  0.317229
1.75349607	799	0.427361 0.841075  0.309328
1.75853204	798	0.424488 0.839877  0.312919
1.76356005	799	0.420896 0.843708  0.317229
1.76859607	796	0.423530 0.840596  0.314355
1.77362394	797	0.426164 0.843947  0.316750
1.77865600	797	0.422812 0.839877  0.314355
1.78370800	796	0.426403 0.841793  0.314834
1.78874006	799	0.424248 0.846102  0.315553
1.79378404	799	0.430473 0.845623  0.311722
1.79883203	799	0.418742 0.839877  0.318426
1.80387201	799	0.426403 0.840835  0.318186
1.80890407	797	0.424009 0.844905  0.315074
1.81392393	799	0.433107 0.839877  0.316750
1.81894798	798	0.429994 0.841314  0.311004
1.82398796	799	0.430713 0.843947  0.316271
1.82902393	798	0.430234 0.839399  0.319862
1.83405199	798	0.422812 0.842990  0.319862
1.83910408	799	0.430473 0.842990  0.308849
1.84413604	797	0.428079 0.839159  0.321059
1.84917602	798	0.420896 0.842272  0.312680
1.85421600	799	0.421615 0.843229  0.313158
1.85925197	799	0.432628 0.848975  0.317707
1.86429595	799	0.422572 0.842990  0.318665
1.86932802	799	0.429276 0.847299  0.314834
1.87435998	798	0.428318 0.842511  0.323214
1.87940006	799	0.423530 0.837723  0.319862
1.88443193	799	0.424009 0.845384  0.314355
1.88944807	798	0.424488 0.838201  0.313398
1.89446792	799	0.423769 0.842750  0.316750
1.89950389	799	0.428558 0.841553  0.312201
1.90454397	798	0.422572 0.841793  0.316271
1.90958404	799	0.420896 0.834850  0.322496
1.91462001	799	0.426642 0.840596  0.306215
1.91966400	799	0.423051 0.843947  0.315074
1.92468795	799	0.425685 0.844187  0.312440
1.92972002	799	0.428318 0.840356  0.313398
1.93474397	799	0.421615 0.846342  0.323932
1.93978796	798	0.423769 0.841314  0.320820
1.94481201	799	0.424009 0.843708  0.320580
1.94983997	799	0.426164 0.839399  0.312201
1.95487995	798	0.424488 0.847060  0.317707
1.95992393	799	0.425445 0.843708  0.319862
1.96497592	798	0.425685 0.846581  0.322975
1.97002401	797	0.427121 0.842272  0.318186
1.97506408	799	0.428797 0.849933  0.316510
1.98010396	799	0.424488 0.842990  0.316750
1.98512802	799	0.423051 0.846581  0.320102
1.99015998	799	0.425445 0.838201  0.314595
1.99518394	799	0.424009 0.840835  0.322735
2.00021195	799	0.429515 0.841793  0.313398
2.00525593	797	0.429037 0.841075  0.322256
2.01028394	799	0.424009 0.847299  0.322975
2.01528406	796	0.430952 0.849694  0.311483
2.02032804	799	0.427840 0.844905  0.324172
2.02536797	798	0.430234 0.837483  0.327045
2.03041601	799	0.423530 0.841314  0.321538
2.03545594	796	0.424488 0.845145  0.322017
2.04049205	799	0.423530 0.841553  0.311243
2.04552006	799	0.425924 0.841314  0.320341
##inga 
#ido(sec)  szog(ADC)     ax(g)    ay(g)   az(g)
2.05109190	799	0.428318 0.845145  0.324650
2.05632805	797	0.425685 0.848018  0.320341
2.06154799	798	0.426164 0.840835  0.311722
2.06667995	799	0.423769 0.847299  0.318665
2.07170391	799	0.423291 0.837483  0.317707
2.07673597	798	0.428797 0.844426  0.310046
2.08177590	799	0.425445 0.842511  0.318665
2.08680796	799	0.431191 0.840117  0.309807
2.09186410	798	0.425445 0.836526  0.313158
2.09690403	799	0.427121 0.842750  0.317468
2.10195994	799	0.430713 0.845863  0.310764
2.10700011	797	0.424009 0.843708  0.314595
2.11202406	797	0.422333 0.839399  0.322496
2.11705994	796	0.419699 0.845623  0.312201
2.12208795	797	0.425924 0.845863  0.323932
2.12712001	799	0.422333 0.837004  0.314355
2.13215994	799	0.423051 0.841793  0.320580
2.13718008	798	0.425206 0.842272  0.317947
2.14221191	799	0.424727 0.840117  0.322975
2.14726400	799	0.424967 0.843469  0.314116
2.15231204	798	0.427600 0.844905  0.316031
2.15735602	798	0.429515 0.845145  0.316271
2.16239595	799	0.425445 0.843708  0.317707
2.16743206	798	0.429755 0.841075  0.324650
2.17247200	799	0.427600 0.852806  0.311483
2.17749595	797	0.421615 0.846342  0.319144
2.18253588	800	0.420178 0.843947  0.308609
2.18756008	799	0.423769 0.847299  0.325369
2.19258403	799	0.425685 0.840596  0.312680
2.19761204	797	0.424248 0.843229  0.314595
2.20265197	799	0.419939 0.848257  0.327763
2.20769596	799	0.423051 0.838201  0.319144
2.21272802	799	0.424727 0.846102  0.325369
2.21778798	799	0.430713 0.842990  0.319383
2.22282791	799	0.425924 0.849215  0.320341
2.22787189	799	0.424967 0.840117  0.316750
2.23290395	798	0.426882 0.839877  0.317707
2.23792791	798	0.423530 0.843229  0.315553
2.24295210	799	0.420657 0.842272  0.312201
2.24798798	797	0.428558 0.845384  0.316031
2.25301599	798	0.434064 0.843947  0.314355
2.25803995	798	0.425445 0.845145  0.309567
2.26307606	799	0.427600 0.849215  0.314834
2.26810002	799	0.420178 0.841793  0.315074
2.27313590	799	0.428318 0.840835  0.319144
2.27817606	799	0.424967 0.842032  0.323932
2.28322005	799	0.425206 0.847060  0.313158
2.28823590	797	0.422812 0.842750  0.326326
2.29326009	799	0.425924 0.838201  0.316989
2.29828000	798	0.425445 0.841553  0.319144
2.30330395	799	0.429276 0.845863  0.318904
2.30832791	799	0.426164 0.841314  0.323453
2.31336808	799	0.426403 0.841793  0.312680
2.31839203	799	0.427840 0.843708  0.318665
2.32342410	799	0.423051 0.838201  0.315792
2.32845211	799	0.427600 0.847060  0.323693
2.33347988	799	0.427361 0.846581  0.316510
2.33852791	798	0.417784 0.840835  0.319383
2.34356403	799	0.426164 0.838441  0.313158
2.34861588	796	0.419220 0.844187  0.311961
2.35364007	798	0.421136 0.849454  0.314355
2.35867190	799	0.424967 0.838920  0.320580
2.36369991	798	0.425924 0.845145  0.329918
2.36873197	799	0.426164 0.834610  0.312919
2.37375593	799	0.425924 0.842750  0.311243
2.37878394	799	0.419699 0.842032  0.322735
2.38382411	799	0.424967 0.841553  0.319862
2.38885593	798	0.423769 0.839638  0.324890
2.39391207	799	0.424488 0.842272  0.314355
2.39894390	799	0.426164 0.843229  0.324411
2.40398406	799	0.430234 0.838201  0.313637
2.40902400	799	0.424727 0.844905  0.325848
2.41405606	799	0.422572 0.847060  0.319383
2.41909193	799	0.427600 0.837004  0.311961
2.42411589	798	0.428558 0.844187  0.320341
2.42914009	799	0.429994 0.841553  0.319144
2.43416810	799	0.430234 0.842511  0.316750
2.43919205	799	0.424488 0.848736  0.310764
2.44424009	797	0.425924 0.846821  0.311961
2.44930005	798	0.423769 0.843947  0.315792
2.45434403	798	0.426882 0.846102  0.324172
2.45938396	799	0.426164 0.848018  0.316271
2.46443200	798	0.435980 0.843469  0.320820
2.46945595	799	0.421854 0.839877  0.320580
2.47448801	798	0.426642 0.843469  0.318665
2.47952389	798	0.427840 0.840835  0.315792
2.48456406	799	0.424248 0.831258  0.322017
2.48959207	800	0.428318 0.841793  0.321059
2.49462389	796	0.427600 0.840117  0.321538
2.49963998	799	0.426882 0.846581  0.318186
2.50467610	799	0.422812 0.844905  0.310525
2.50972008	799	0.426882 0.841793  0.322017
2.51476001	798	0.425445 0.844905  0.315553
2.51980805	797	0.422572 0.844187  0.321777
2.52486395	798	0.422333 0.844905  0.319862
2.52990388	798	0.428797 0.845384  0.313637
2.53492808	799	0.424727 0.842511  0.326326
2.53995990	799	0.427840 0.837483  0.314595
2.54498410	799	0.429276 0.841075  0.319144
2.55001211	798	0.420896 0.839638  0.323932
2.55503606	799	0.424967 0.842750  0.321059
##inga 
#ido(sec)  szog(ADC)     ax(g)    ay(g)   az(g)
2.56059598	797	0.429276 0.844666  0.318426
2.56583189	799	0.424727 0.839399  0.314595
2.57107210	797	0.429515 0.844426  0.317468
2.57623195	799	0.421375 0.850412  0.318904
2.58129191	799	0.426403 0.838201  0.321777
2.58633589	798	0.424967 0.845145  0.318426
2.59138393	799	0.426403 0.840596  0.318186
2.59641194	799	0.428558 0.843229  0.311961
2.60143589	799	0.424488 0.847060  0.322735
2.60647201	799	0.419699 0.845623  0.314355
2.61149597	798	0.425206 0.839159  0.312919
2.61651992	798	0.428797 0.843469  0.319862
2.62154006	797	0.427361 0.843708  0.315792
2.62657189	799	0.431431 0.845623  0.320341
2.63161993	796	0.426164 0.845145  0.312680
2.63665604	799	0.425445 0.844905  0.308849
2.64169597	799	0.425206 0.846821  0.318904
2.64673209	799	0.426642 0.839638  0.314595
2.65177989	796	0.428318 0.845863  0.312201
2.65680789	797	0.428797 0.841314  0.315553
2.66183996	799	0.427600 0.838920  0.315074
2.66684794	799	0.421136 0.847299  0.316271
2.67188000	796	0.428318 0.841314  0.324172
2.67691206	797	0.423769 0.843229  0.323214
2.68195199	798	0.427600 0.846102  0.322496
2.68700003	798	0.418981 0.845145  0.316510
2.69203591	799	0.423769 0.840117  0.323932
2.69707202	799	0.425924 0.846102  0.320102
2.70212793	798	0.427121 0.843229  0.312680
2.70717597	799	0.425924 0.844426  0.320102
2.71222400	799	0.433586 0.847539  0.315792
2.71727609	797	0.421854 0.841793  0.309567
2.72231602	796	0.424488 0.847539  0.311243
2.72735190	799	0.423530 0.841314  0.311722
2.73237609	799	0.425924 0.845863  0.319623
2.73741197	799	0.424967 0.842032  0.309328
2.74243998	799	0.432628 0.843229  0.318904
2.74747991	797	0.428797 0.844426  0.316750
2.75251603	799	0.427361 0.845623  0.318665
2.75757598	799	0.421615 0.839399  0.307412
2.76263189	799	0.421136 0.835807  0.304061
2.76767992	799	0.432388 0.838680  0.313877
2.77272009	799	0.424009 0.844666  0.312680
2.77775192	798	0.426642 0.842272  0.320580
2.78278803	800	0.426882 0.841553  0.318665
2.78781604	799	0.429037 0.840835  0.315074
2.79283595	799	0.432628 0.846342  0.316271
2.79786396	798	0.423291 0.848257  0.316271
2.80289602	798	0.428318 0.841793  0.312201
2.80794410	799	0.427361 0.844666  0.319144
2.81296806	798	0.427121 0.842511  0.313158
2.81800794	797	0.423769 0.837962  0.327045
2.82305603	799	0.426642 0.842750  0.310046
2.82810001	797	0.421136 0.840835  0.320102
2.83315200	799	0.425924 0.845863  0.314834
2.83818416	799	0.428558 0.844905  0.317707
2.84320812	799	0.425685 0.842990  0.320820
2.84822387	799	0.424967 0.837962  0.320580
2.85325603	798	0.426164 0.839638  0.307891
2.85829210	797	0.425924 0.839877  0.315313
2.86332015	799	0.427361 0.850412  0.322017
2.86835594	798	0.424488 0.842750  0.316750
2.87337589	799	0.426642 0.847778  0.314834
2.87842388	796	0.422093 0.840596  0.315074
2.88346405	799	0.426403 0.843469  0.319383
2.88850803	796	0.428797 0.846102  0.308370
2.89354400	798	0.422812 0.843947  0.310525
2.89858798	799	0.426882 0.848975  0.321777
2.90362405	799	0.421615 0.844187  0.313637
2.90865592	799	0.430473 0.845145  0.323453
2.91368007	799	0.428318 0.839399  0.316510
2.91870403	799	0.429276 0.843708  0.302145
2.92372798	799	0.427121 0.838680  0.316510
2.92875595	799	0.431191 0.840835  0.326326
2.93379993	799	0.424967 0.843469  0.316510
2.93884801	798	0.421375 0.840835  0.322496
2.94389610	799	0.425445 0.842032  0.312919
2.94893598	799	0.423051 0.838201  0.310764
2.95398406	799	0.426164 0.843469  0.319623
2.95903987	799	0.422093 0.838920  0.316750
2.96406383	798	0.423530 0.847299  0.324890
2.96909189	798	0.429755 0.836765  0.313398
2.97411994	799	0.425206 0.841314  0.317229
2.97915191	799	0.421136 0.843708  0.311722
2.98419189	800	0.428797 0.847299  0.309088
2.98923206	799	0.426403 0.844666  0.312680
2.99425601	798	0.429515 0.846821  0.319623
2.99930810	799	0.427840 0.840356  0.314834
3.00434398	798	0.420418 0.840356  0.316750
3.00937604	797	0.425445 0.843947  0.322496
3.01444792	797	0.426642 0.841553  0.321777
3.01948809	799	0.427361 0.841314  0.309807
3.02452802	799	0.427361 0.843229  0.311722
3.02957606	799	0.423530 0.841075  0.320102
3.03460001	799	0.423769 0.848018  0.319623
3.03963994	797	0.424009 0.836286  0.308609
3.04465603	797	0.428079 0.845384  0.314595
3.04967188	799	0.427121 0.847060  0.323932
3.05470800	799	0.425445 0.840596  0.314595
3.05973601	799	0.427361 0.847060  0.309328
3.06477189	798	0.418981 0.843229  0.319623
##inga 
#ido(sec)  szog(ADC)     ax(g)    ay(g)   az(g)
3.07034802	798	0.423051 0.845145  0.316510
3.07556796	799	0.430473 0.841793  0.317468
3.08081197	797	0.426164 0.846342  0.316750
3.08594393	799	0.428318 0.844666  0.313877
3.09098005	797	0.426882 0.843469  0.317947
3.09601593	798	0.421615 0.839159  0.328960
3.10103988	798	0.427361 0.846102  0.320341
3.10606408	799	0.426882 0.846342  0.317468
3.11109209	799	0.427600 0.846102  0.320341
3.11612010	799	0.429755 0.842750  0.321777
3.12114810	797	0.425206 0.845145  0.322017
3.12619209	798	0.423051 0.844666  0.322017
3.13123989	799	0.428797 0.839159  0.322735
3.13628792	798	0.423769 0.847060  0.323214
3.14132809	799	0.427840 0.846581  0.327284
3.14635992	799	0.424488 0.843708  0.312680
3.15139198	796	0.424248 0.848975  0.317229
3.15641593	798	0.428797 0.839159  0.317468
3.16143989	798	0.426882 0.842032  0.325369
3.16646003	798	0.427121 0.844905  0.317229
3.17150807	799	0.425445 0.845863  0.316271
3.17653989	799	0.429276 0.836286  0.318904
3.18158793	798	0.427840 0.843229  0.321538
3.18662405	799	0.424248 0.842032  0.322017
3.19167208	799	0.419699 0.847299  0.321777
3.19671607	799	0.424009 0.839399  0.312680
3.20175600	797	0.424967 0.839877  0.313637
3.20680809	799	0.424967 0.846581  0.317947
3.21185588	797	0.426642 0.844666  0.317947
3.21688008	799	0.425445 0.844187  0.314116
3.22192406	798	0.422093 0.841793  0.321059
3.22694802	799	0.421615 0.840356  0.319383
3.23197603	799	0.425685 0.842750  0.327045
3.23701596	798	0.425206 0.843708  0.324172
3.24204802	796	0.425924 0.847060  0.323214
3.24707603	799	0.425924 0.846342  0.319144
3.25212001	798	0.427600 0.840596  0.321299
3.25715208	797	0.422812 0.844905  0.316271
3.26218795	799	0.427600 0.841075  0.313398
3.26722407	797	0.423051 0.843229  0.313637
3.27226400	799	0.424488 0.840835  0.322975
3.27729606	799	0.426882 0.847778  0.318665
3.28233194	799	0.426882 0.842750  0.320341
3.28735589	798	0.429515 0.841793  0.316271
3.29239988	799	0.427600 0.846581  0.319144
3.29742407	799	0.426164 0.841314  0.315553
3.30245590	799	0.425685 0.839399  0.317707
3.30749607	796	0.424967 0.842990  0.324650
3.31253600	799	0.428079 0.842272  0.316271
3.31757211	799	0.425445 0.840596  0.316989
3.32262396	798	0.428797 0.844905  0.322256
3.32766795	798	0.423530 0.839638  0.316510
3.33269596	799	0.426882 0.843469  0.315792
3.33771991	799	0.426642 0.838920  0.310285
3.34274005	798	0.429755 0.845623  0.319383
3.34776806	799	0.430713 0.843947  0.313398
3.35280394	799	0.425924 0.844905  0.323932
3.35783600	799	0.429755 0.844905  0.316750
3.36285591	798	0.428079 0.842032  0.307891
3.36788392	799	0.431910 0.845863  0.330157
3.37292790	799	0.426403 0.844187  0.322017
3.37798404	799	0.425924 0.838441  0.315553
3.38302397	797	0.427121 0.841793  0.317947
3.38807201	798	0.426642 0.841314  0.327763
3.39310407	798	0.421375 0.836526  0.319144
3.39814805	799	0.426403 0.837483  0.324650
3.40317201	798	0.427840 0.844666  0.319144
3.40820002	796	0.423769 0.839159  0.316271
3.41323208	798	0.426164 0.839877  0.316989
3.41828393	799	0.428797 0.844905  0.323693
3.42331194	799	0.420657 0.847299  0.324650
3.42834401	797	0.427840 0.844666  0.316031
3.43339610	799	0.423051 0.844187  0.315792
3.43844008	798	0.418023 0.842032  0.309088
3.44348788	799	0.427840 0.844666  0.319862
3.44853591	799	0.421375 0.845145  0.306694
3.45358800	797	0.425445 0.843947  0.325369
3.45862388	798	0.419699 0.842272  0.324411
3.46366405	799	0.426642 0.846342  0.320820
3.46868801	799	0.423769 0.841793  0.312680
3.47372007	799	0.424009 0.846342  0.322017
3.47873592	799	0.431191 0.840835  0.322017
3.48378396	799	0.424727 0.840117  0.315313
3.48881602	797	0.426882 0.848736  0.313398
3.49385595	797	0.424727 0.844187  0.311961
3.49890398	799	0.421615 0.840835  0.322735
3.50394392	798	0.424727 0.840835  0.314355
3.50898408	798	0.424009 0.844187  0.317707
3.51400804	798	0.426403 0.839399  0.323214
3.51904392	799	0.429755 0.843947  0.317707
3.52406811	797	0.423530 0.843947  0.316989
3.52909207	798	0.424488 0.844426  0.313637
3.53412389	799	0.425445 0.839638  0.322017
3.53914809	799	0.432628 0.853764  0.316271
3.54418396	797	0.430473 0.843469  0.320102
3.54921603	799	0.428318 0.839399  0.318426
3.55426406	799	0.425685 0.842990  0.318186
3.55930399	799	0.428079 0.842750  0.311243
3.56434011	797	0.423051 0.844187  0.318186
3.56938409	799	0.426882 0.846342  0.323214
3.57444000	798	0.428079 0.841075  0.319623
##inga 
#ido(sec)  szog(ADC)     ax(g)    ay(g)   az(g)
3.58000802	798	0.430234 0.844666  0.313158
3.58522796	797	0.424488 0.840117  0.313158
3.59046006	799	0.427600 0.842032  0.320341
3.59556007	799	0.422333 0.842990  0.312919
3.60058403	799	0.430713 0.844905  0.322017
3.60562801	799	0.424009 0.838680  0.319623
3.61065196	798	0.428797 0.838920  0.315313
3.61569190	797	0.424009 0.845384  0.317229
3.62072801	799	0.428318 0.847539  0.319383
3.62578392	797	0.427600 0.846821  0.316989
3.63083195	799	0.428558 0.838201  0.321538
3.63587188	799	0.427840 0.842750  0.313398
3.64090800	799	0.424248 0.845145  0.313877
3.64593195	798	0.427840 0.840356  0.323932
3.65095210	798	0.423051 0.844426  0.318904
3.65596795	798	0.428797 0.843229  0.323214
3.66100406	798	0.419939 0.843708  0.320580
3.66603589	798	0.426403 0.842272  0.320820
3.67106795	797	0.422812 0.834850  0.313877
3.67611193	799	0.424248 0.846821  0.319144
3.68114805	796	0.426164 0.841553  0.321538
3.68619203	798	0.422572 0.839638  0.322017
3.69124007	799	0.424967 0.845863  0.322017
3.69628810	799	0.426642 0.843947  0.315074
3.70132803	799	0.423291 0.840117  0.315553
3.70636010	799	0.425685 0.844666  0.317468
3.71138405	799	0.427361 0.842990  0.316510
3.71641993	798	0.427840 0.839399  0.314834
3.72144389	799	0.424009 0.846102  0.322496
3.72646403	799	0.424727 0.838920  0.321777
3.73149609	799	0.425445 0.848497  0.310046
3.73654389	799	0.428318 0.838920  0.319862
3.74158406	799	0.428797 0.835807  0.314355
3.74662804	799	0.424967 0.843947  0.311961
3.75168800	799	0.427600 0.846581  0.319383
3.75672006	797	0.425445 0.844187  0.318186
3.76175999	799	0.424488 0.843469  0.310764
3.76679205	799	0.421854 0.842990  0.317707
3.77181601	797	0.428079 0.842272  0.313877
3.77684807	799	0.429276 0.842990  0.314116
3.78187203	799	0.421136 0.843469  0.317229
3.78691196	797	0.426164 0.843708  0.315792
3.79195189	796	0.425685 0.843469  0.315792
3.79698395	796	0.426403 0.839399  0.317707
3.80203199	799	0.427840 0.843469  0.319383
3.80706405	799	0.422572 0.843229  0.330875
3.81212806	796	0.424488 0.846102  0.318665
3.81716394	796	0.417784 0.842272  0.309328
3.82218790	797	0.426642 0.844666  0.319144
3.82720804	799	0.426642 0.839399  0.311483
3.83224391	799	0.422093 0.844666  0.313158
3.83726806	798	0.429276 0.839159  0.313877
3.84229583	796	0.423769 0.846342  0.317947
3.84733600	799	0.424967 0.839159  0.310525
3.85237598	796	0.424009 0.842750  0.309328
3.85740394	799	0.425685 0.841314  0.320580
3.86243200	799	0.427361 0.844905  0.323214
3.86746807	798	0.426642 0.839638  0.312440
3.87252807	798	0.424727 0.843469  0.318665
3.87758398	798	0.421854 0.841553  0.320820
3.88260793	799	0.425206 0.850891  0.319623
3.88763999	799	0.427600 0.838680  0.316271
3.89265613	799	0.423769 0.837244  0.315792
3.89768009	799	0.423769 0.842032  0.309088
3.90270404	797	0.426642 0.836765  0.313637
3.90773601	799	0.421854 0.846581  0.311243
3.91275997	799	0.423769 0.835328  0.317707
3.91780805	799	0.424967 0.842750  0.308849
3.92285614	799	0.427840 0.846102  0.316750
3.92788009	798	0.431191 0.839638  0.317229
3.93292808	799	0.423530 0.844187  0.322975
3.93798398	798	0.425206 0.846821  0.314355
3.94302387	797	0.427361 0.848018  0.312919
3.94806003	799	0.429276 0.841075  0.322975
3.95308399	798	0.428797 0.842750  0.311722
3.95810794	799	0.423530 0.842750  0.313158
3.96313190	799	0.426882 0.847299  0.321299
3.96815204	798	0.427121 0.842272  0.315792
3.97318000	799	0.429755 0.844666  0.308609
3.97823190	797	0.424488 0.837483  0.312919
3.98327589	799	0.423769 0.844666  0.321059
3.98832798	799	0.422812 0.837244  0.320580
3.99338388	798	0.427361 0.843229  0.312680
3.99842815	798	0.428318 0.848497  0.318186
4.00347185	799	0.426164 0.842511  0.318426
4.00850391	797	0.424248 0.841553  0.317707
4.01353979	799	0.428079 0.843947  0.315074
4.01856422	799	0.427600 0.846102  0.315313
4.02357578	799	0.423051 0.841553  0.313398
4.02861213	799	0.423291 0.839638  0.321538
4.03364419	799	0.421375 0.845863  0.318426
4.03868818	799	0.428318 0.849933  0.311483
4.04373598	798	0.429755 0.843708  0.315553
4.04877614	799	0.425445 0.842272  0.317468
4.05383205	798	0.428079 0.846581  0.325848
4.05889177	799	0.424488 0.842032  0.307891
4.06394386	798	0.427361 0.840835  0.312919
4.06898403	798	0.427840 0.842990  0.316510
4.07400798	796	0.424248 0.838441  0.317947
4.07903194	798	0.424727 0.844905  0.315313
4.08405590	796	0.421375 0.846102  0.321059
##inga 
#ido(sec)  szog(ADC)     ax(g)    ay(g)   az(g)
4.08961582	798	0.429276 0.842990  0.312440
4.09484386	799	0.428797 0.842032  0.309088
4.10005998	798	0.426882 0.840835  0.311483
4.10519218	799	0.426164 0.844426  0.316750
4.11022806	799	0.427121 0.839638  0.309328
4.11528015	799	0.425445 0.849215  0.308609
4.12032794	799	0.427600 0.848497  0.310285
4.12536001	799	0.425924 0.845384  0.311243
4.13041210	799	0.421854 0.843229  0.317229
4.13544797	799	0.418023 0.844666  0.319383
4.14047193	799	0.426642 0.845384  0.317947
4.14550399	799	0.428318 0.839159  0.312680
4.15053606	799	0.423051 0.845384  0.314834
4.15556001	796	0.428558 0.845145  0.320102
4.16060018	799	0.429994 0.844666  0.321538
4.16563606	799	0.428558 0.834131  0.314595
4.17067193	799	0.432149 0.839399  0.319144
4.17572021	798	0.430713 0.840835  0.307652
4.18076801	798	0.426882 0.841793  0.323453
4.18580818	799	0.425206 0.839877  0.309807
4.19084787	799	0.423530 0.842750  0.316989
4.19586801	798	0.429994 0.843469  0.316271
4.20089197	798	0.431191 0.841075  0.317707
4.20591592	799	0.430234 0.844426  0.314595
4.21094417	799	0.426642 0.844905  0.314834
4.21597623	799	0.421854 0.842272  0.313158
4.22101593	798	0.424488 0.837723  0.317468
4.22603988	799	0.425445 0.847299  0.314834
4.23108005	798	0.423530 0.833413  0.314355
4.23611211	798	0.423530 0.842750  0.311961
4.24115180	797	0.426642 0.843947  0.326805
4.24619197	799	0.425445 0.842750  0.314116
4.25122404	799	0.426164 0.837962  0.320102
4.25625991	798	0.427840 0.839399  0.316750
4.26128387	799	0.424248 0.846342  0.316510
4.26630783	798	0.426882 0.838680  0.314595
4.27133607	799	0.428558 0.842511  0.314834
4.27637577	800	0.420178 0.838920  0.315313
4.28139591	799	0.428797 0.841075  0.316271
4.28643178	799	0.429755 0.842032  0.306215
4.29147195	798	0.424967 0.844187  0.311483
4.29652023	798	0.421136 0.837962  0.317229
4.30157613	799	0.424488 0.837962  0.318426
4.30662393	800	0.421854 0.837004  0.312680
4.31165981	799	0.425685 0.841553  0.317947
4.31668806	797	0.430473 0.843469  0.310525
4.32171201	797	0.432149 0.847060  0.323932
4.32673597	800	0.420178 0.837962  0.320580
4.33175182	798	0.422812 0.839159  0.316989
4.33679199	799	0.430952 0.843469  0.317229
4.34181594	799	0.418981 0.848497  0.316510
4.34684419	799	0.427840 0.848257  0.315792
4.35188007	799	0.429276 0.843947  0.315074
4.35692405	799	0.420657 0.844905  0.314116
4.36196804	798	0.427121 0.847299  0.314834
4.36701583	799	0.421136 0.841314  0.320820
4.37205219	799	0.423530 0.841553  0.314355
4.37709188	799	0.424009 0.842511  0.313398
4.38211584	799	0.430234 0.842990  0.315792
4.38713979	799	0.431670 0.843229  0.317468
4.39216423	797	0.428558 0.839159  0.316750
4.39718818	799	0.428318 0.845384  0.314595
4.40221595	798	0.423051 0.842272  0.311243
4.40724420	799	0.426403 0.845145  0.319862
4.41226387	798	0.424488 0.840356  0.310046
4.41731977	799	0.423530 0.840835  0.311961
4.42235612	799	0.422812 0.843708  0.319623
4.42740821	797	0.424009 0.844187  0.312440
4.43243217	798	0.425206 0.843708  0.319383
4.43746423	799	0.423530 0.840835  0.321777
4.44249200	799	0.427361 0.840356  0.313158
4.44752788	796	0.424727 0.846821  0.317947
4.45256805	799	0.422812 0.842511  0.315313
4.45761203	800	0.425206 0.842990  0.325129
4.46263599	797	0.425924 0.842272  0.322975
4.46767187	799	0.428318 0.837483  0.324411
4.47271203	799	0.420896 0.846102  0.322975
4.47776794	800	0.426882 0.843469  0.308370
4.48280811	799	0.426403 0.843708  0.307891
4.48783206	799	0.422812 0.841075  0.312201
4.49287605	799	0.431670 0.849694  0.315074
4.49790000	799	0.425206 0.838201  0.322017
4.50291204	799	0.424488 0.847299  0.315792
4.50793600	799	0.427600 0.837962  0.312440
4.51294803	799	0.428797 0.841314  0.322735
4.51798009	799	0.424727 0.842750  0.315074
4.52302789	796	0.424967 0.841793  0.326566
4.52807188	799	0.427121 0.836286  0.312440
4.53313207	798	0.424488 0.842511  0.325369
4.53817605	798	0.426882 0.845623  0.319623
4.54322004	799	0.426882 0.843469  0.324650
4.54826402	799	0.427121 0.844666  0.322735
4.55331611	799	0.427361 0.844905  0.323453
4.55835199	799	0.428318 0.841075  0.312680
4.56337976	796	0.425445 0.848736  0.315313
4.56839990	799	0.430473 0.844426  0.313158
4.57342386	799	0.427361 0.851130  0.315074
4.57846403	797	0.425206 0.839877  0.313637
4.58348798	798	0.423051 0.839159  0.315074
4.58853578	799	0.424009 0.841793  0.320580
4.59356021	797	0.421136 0.844666  0.318186
##inga 
#ido(sec)  szog(ADC)     ax(g)    ay(g)   az(g)
4.59914398	799	0.429276 0.842750  0.324411
4.60438394	796	0.431191 0.844905  0.321538
4.60960817	798	0.431670 0.843947  0.312201
4.61472797	799	0.423530 0.842032  0.323693
4.61975193	797	0.429515 0.837483  0.312201
4.62478780	799	0.426403 0.843947  0.316750
4.62980794	797	0.424967 0.840835  0.316271
4.63484001	799	0.422572 0.846342  0.307173
4.63987588	799	0.431910 0.846581  0.310046
4.64490413	799	0.425685 0.837244  0.319144
4.64995622	799	0.425924 0.846581  0.317229
4.65500020	799	0.426403 0.842990  0.319144
4.66002798	799	0.431431 0.839399  0.319144
4.66508007	799	0.427600 0.845623  0.319144
4.67010402	797	0.427600 0.842272  0.315313
4.67512798	797	0.424488 0.837962  0.312919
4.68015193	797	0.424009 0.840117  0.313398
4.68517589	799	0.424248 0.845623  0.316750
4.69020414	799	0.421615 0.838201  0.319862
4.69522809	799	0.427840 0.841314  0.316750
4.70025587	799	0.418023 0.842032  0.308131
4.70529222	796	0.425685 0.838441  0.322975
4.71033620	799	0.426642 0.843708  0.321059
4.71537590	798	0.420418 0.840596  0.325369
4.72041606	799	0.425445 0.840356  0.311722
4.72546386	798	0.425685 0.836765  0.327523
4.73051214	799	0.424248 0.849215  0.320341
4.73555183	796	0.426403 0.844666  0.316750
4.74057197	799	0.423769 0.845623  0.314595
4.74560022	799	0.422572 0.846581  0.321777
4.75063180	799	0.426882 0.846102  0.317707
4.75564813	797	0.424727 0.841793  0.313158
4.76067590	798	0.427361 0.841793  0.316271
4.76571989	797	0.429515 0.847060  0.319623
4.77075576	798	0.421854 0.841075  0.316750
4.77579212	799	0.423291 0.845145  0.319144
4.78084802	799	0.430713 0.842750  0.317229
4.78588390	799	0.426403 0.840835  0.317229
4.79093217	796	0.429515 0.844666  0.320102
4.79597187	799	0.427840 0.842032  0.317468
4.80099201	799	0.428797 0.845145  0.319623
4.80601978	796	0.428318 0.842032  0.317468
4.81103992	799	0.424967 0.842032  0.319144
4.81607580	799	0.423530 0.847778  0.314595
4.82110404	799	0.428797 0.840835  0.316031
4.82614421	799	0.425445 0.848257  0.324890
4.83118820	799	0.424727 0.846102  0.324890
4.83622789	799	0.425445 0.842032  0.320580
4.84127998	799	0.423769 0.841553  0.318665
4.84631204	799	0.423051 0.839399  0.320341
4.85135221	798	0.421615 0.846102  0.319144
4.85639190	797	0.431191 0.837723  0.316271
4.86142778	799	0.430234 0.846821  0.317468
4.86645221	799	0.430473 0.842511  0.321538
4.87147617	797	0.422093 0.838920  0.313637
4.87649583	799	0.425206 0.843229  0.315313
4.88152790	798	0.424488 0.847060  0.325848
4.88655996	799	0.425445 0.843947  0.320102
4.89160823	799	0.424248 0.841075  0.315313
4.89664793	799	0.419699 0.842750  0.319383
4.90168809	799	0.426882 0.843469  0.317468
4.90673589	799	0.424248 0.845384  0.315313
4.91177606	796	0.424488 0.846581  0.307652
4.91682004	799	0.426882 0.843469  0.319862
4.92184400	798	0.429515 0.843229  0.312440
4.92686796	798	0.427121 0.843469  0.315313
4.93189620	797	0.425445 0.838680  0.315553
4.93692016	799	0.420657 0.842272  0.314116
4.94194793	797	0.428318 0.844187  0.321538
4.94699192	799	0.429515 0.839399  0.318665
4.95203208	799	0.430713 0.842272  0.323214
4.95706415	799	0.424967 0.842750  0.317229
4.96212005	798	0.423769 0.841075  0.319144
4.96716785	799	0.422812 0.846342  0.323932
4.97220802	799	0.426882 0.845623  0.315313
4.97724008	799	0.426164 0.841793  0.320580
4.98227977	798	0.424488 0.841793  0.311722
4.98731994	799	0.423291 0.843947  0.318186
4.99235200	799	0.426882 0.849933  0.319383
4.99737596	799	0.429037 0.842032  0.311961
5.00240421	799	0.424727 0.847299  0.311722
5.00742816	798	0.425924 0.840835  0.311483
5.01247215	798	0.423051 0.840356  0.318665
5.01751184	797	0.427121 0.842990  0.312680
5.02255201	799	0.425685 0.842990  0.323214
5.02759981	799	0.430473 0.838920  0.320580
5.03263998	799	0.431191 0.838441  0.318426
5.03768777	799	0.424967 0.842750  0.318426
5.04271602	799	0.426882 0.842511  0.316271
5.04775190	799	0.421615 0.838201  0.319862
5.05277585	799	0.423530 0.844187  0.319623
5.05781221	798	0.419460 0.840596  0.327284
5.06284809	798	0.426642 0.842511  0.320580
5.06788015	799	0.432628 0.846342  0.321777
5.07291603	799	0.427840 0.848018  0.321538
5.07795190	799	0.420178 0.841553  0.316271
5.08298397	799	0.425685 0.845145  0.312201
5.08805179	799	0.425924 0.837962  0.320580
5.09309577	799	0.420178 0.842511  0.318665
5.09812784	799	0.426403 0.842032  0.323932
5.10315990	799	0.423530 0.841075  0.319862
##inga 
#ido(sec)  szog(ADC)     ax(g)    ay(g)   az(g)
5.10871219	799	0.422572 0.840356  0.319862
5.11395597	799	0.426164 0.846342  0.312919
5.11921215	797	0.423530 0.840356  0.318904
5.12433576	797	0.425924 0.845145  0.310285
5.12937593	797	0.425445 0.841793  0.315074
5.13440418	797	0.425445 0.837004  0.307652
5.13944816	799	0.425685 0.844187  0.322496
5.14449977	799	0.424967 0.841553  0.315313
5.14954376	799	0.425685 0.838920  0.316510
5.15459203	796	0.427361 0.837004  0.315074
5.15962791	799	0.428079 0.843708  0.320341
5.16464805	798	0.428558 0.843229  0.323214
5.16968393	799	0.423769 0.846102  0.317707
5.17469978	798	0.425924 0.846581  0.318665
5.17973613	797	0.427121 0.842511  0.315792
5.18477582	797	0.423769 0.842750  0.321299
5.18979978	796	0.428797 0.845384  0.319623
5.19482803	798	0.424488 0.843229  0.320341
5.19987583	799	0.421375 0.842511  0.320102
5.20491218	799	0.419699 0.845384  0.311243
5.20995187	799	0.429994 0.844187  0.310525
5.21501588	799	0.429276 0.846581  0.311483
5.22006416	798	0.429515 0.841314  0.316510
5.22510004	797	0.424009 0.843708  0.316271
5.23012018	799	0.425685 0.845145  0.324411
5.23514795	796	0.425924 0.834371  0.310764
5.24017190	799	0.425445 0.843947  0.322017
5.24519586	797	0.425924 0.848736  0.323453
5.25022792	796	0.425445 0.842990  0.321538
5.25525188	798	0.426642 0.845623  0.314595
5.26030397	800	0.424488 0.843947  0.322256
5.26534414	799	0.421854 0.842990  0.316271
5.27038383	799	0.420657 0.841314  0.317707
5.27542400	799	0.421136 0.850172  0.321538
5.28047180	799	0.424488 0.848736  0.313877
5.28552007	797	0.423051 0.843469  0.315792
5.29055595	797	0.422812 0.847778  0.313158
5.29558420	799	0.424009 0.845623  0.322496
5.30060815	799	0.427361 0.842990  0.316510
5.30563211	797	0.420418 0.840117  0.324650
5.31065177	799	0.422812 0.842032  0.311722
5.31568384	797	0.425445 0.843229  0.321059
5.32072782	797	0.428079 0.839638  0.319144
5.32576799	796	0.426642 0.841553  0.311722
5.33080005	796	0.422093 0.841793  0.322256
5.33585596	796	0.426403 0.840117  0.320820
5.34089183	799	0.420178 0.840117  0.317229
5.34594392	798	0.426642 0.840596  0.313398
5.35097599	799	0.431431 0.843229  0.320341
5.35600423	799	0.421375 0.847778  0.320580
5.36102819	799	0.422812 0.845863  0.326326
5.36606407	797	0.427361 0.843708  0.314595
5.37110805	797	0.421854 0.845623  0.321538
5.37613582	799	0.426164 0.844187  0.309328
5.38116407	798	0.425924 0.844426  0.324890
5.38621616	797	0.428558 0.842272  0.325129
5.39126014	798	0.422333 0.844426  0.308849
5.39630413	799	0.430473 0.845623  0.318186
5.40134811	797	0.426882 0.843469  0.312680
5.40639209	799	0.433107 0.844666  0.319862
5.41142797	799	0.430713 0.842511  0.315074
5.41645622	796	0.424727 0.843229  0.315074
5.42148017	799	0.420657 0.844905  0.325369
5.42651176	799	0.425445 0.837962  0.317947
5.43154001	799	0.426882 0.842272  0.312919
5.43657588	799	0.429994 0.840117  0.323453
5.44159984	799	0.431191 0.845384  0.328002
5.44664812	799	0.425445 0.844905  0.321299
5.45168781	799	0.424488 0.843947  0.318426
5.45671987	797	0.422812 0.845384  0.321538
5.46176815	798	0.426642 0.840835  0.317468
5.46682405	796	0.427840 0.843469  0.314834
5.47186422	799	0.429994 0.844905  0.320102
5.47689580	799	0.424009 0.835089  0.309567
5.48191213	798	0.422572 0.843469  0.313637
5.48694419	798	0.420657 0.843229  0.321059
5.49196815	799	0.424967 0.845145  0.317229
5.49700784	799	0.424009 0.847060  0.319862
5.50203180	799	0.429755 0.842990  0.312680
5.50705623	797	0.423769 0.845623  0.317947
5.51210403	798	0.424488 0.845384  0.313398
5.51714420	798	0.425685 0.842511  0.315792
5.52218389	797	0.429276 0.840835  0.314355
5.52723217	799	0.429755 0.842511  0.314834
5.53227186	797	0.425445 0.850651  0.323693
5.53729581	798	0.426882 0.842750  0.320580
5.54231214	799	0.425206 0.844187  0.316510
5.54733610	799	0.425924 0.845623  0.320580
5.55236387	798	0.432628 0.845863  0.320820
5.55739212	799	0.428079 0.843229  0.320820
5.56240797	797	0.429755 0.844187  0.319383
5.56744813	799	0.427121 0.840835  0.313877
5.57248783	798	0.431670 0.839638  0.323932
5.57752799	799	0.431431 0.844187  0.322975
5.58258390	797	0.427600 0.842272  0.322496
5.58761596	798	0.432388 0.842990  0.313637
5.59264802	799	0.424727 0.842032  0.318186
5.59768390	798	0.422572 0.842990  0.310764
5.60270786	797	0.426403 0.842272  0.315313
5.60773181	799	0.418502 0.843708  0.312919
5.61277198	798	0.426164 0.842272  0.312680
##inga 
#ido(sec)  szog(ADC)     ax(g)    ay(g)   az(g)
5.61833620	799	0.425685 0.841553  0.316271
5.62358379	799	0.429276 0.839638  0.303582
5.62881612	799	0.424967 0.842032  0.320102
5.63397979	799	0.424967 0.842511  0.326566
5.63902378	798	0.423291 0.842032  0.320341
5.64407587	796	0.426882 0.843469  0.322256
5.64911985	797	0.427361 0.848018  0.323932
5.65416812	799	0.429515 0.842032  0.313637
5.65920782	797	0.430473 0.838680  0.316510
5.66421985	799	0.429755 0.840835  0.315313
5.66925621	799	0.429037 0.842750  0.316031
5.67428016	798	0.428079 0.844666  0.318426
5.67930412	798	0.422333 0.847060  0.314834
5.68434381	798	0.422093 0.843947  0.304300
5.68936777	797	0.431431 0.840117  0.313158
5.69440412	799	0.420657 0.846342  0.320102
5.69944810	799	0.431910 0.844666  0.318904
5.70449209	799	0.426882 0.844187  0.310285
5.70954418	798	0.422333 0.840596  0.317707
5.71459197	799	0.423051 0.838441  0.314834
5.71961593	799	0.428797 0.840596  0.316989
5.72463989	798	0.423769 0.847539  0.318186
5.72967195	800	0.429276 0.846342  0.316989
5.73470401	798	0.425206 0.842511  0.320341
5.73972797	799	0.433586 0.848018  0.316031
5.74477195	799	0.427121 0.841793  0.317468
5.74980401	799	0.424967 0.843708  0.320102
5.75485181	799	0.429994 0.844905  0.314595
5.75988006	798	0.428318 0.844187  0.315553
5.76493215	798	0.427600 0.840356  0.321538
5.76996803	799	0.419699 0.846342  0.312201
5.77501583	799	0.425206 0.845384  0.316750
5.78005218	799	0.426642 0.842032  0.321538
5.78507184	799	0.424967 0.843469  0.321538
5.79011583	799	0.423051 0.842750  0.321538
5.79513978	799	0.430713 0.836286  0.322256
5.80016803	799	0.428558 0.847060  0.312680
5.80520391	799	0.421375 0.841075  0.320820
5.81022787	799	0.426164 0.839159  0.319144
5.81526803	796	0.430713 0.843469  0.310764
5.82032012	797	0.419460 0.842511  0.320580
5.82534790	797	0.425685 0.832934  0.310285
5.83040380	798	0.426403 0.842511  0.324172
5.83543205	799	0.420418 0.837483  0.314355
5.84046792	800	0.421375 0.840596  0.308131
5.84550809	798	0.427840 0.846102  0.316510
5.85053205	799	0.425924 0.843469  0.315074
5.85555601	797	0.422812 0.838920  0.325369
5.86058378	799	0.427361 0.845384  0.320102
5.86562395	798	0.419699 0.843708  0.314116
5.87064790	797	0.427121 0.841553  0.304061
5.87567996	799	0.428079 0.841075  0.316271
5.88072013	798	0.422333 0.843469  0.314116
5.88576793	799	0.419460 0.840596  0.312919
5.89079618	799	0.424009 0.842990  0.318904
5.89582014	797	0.426642 0.840117  0.321777
5.90086412	799	0.427840 0.841075  0.311961
5.90588808	797	0.426403 0.846581  0.319144
5.91092014	799	0.421136 0.842750  0.310285
5.91594409	799	0.427600 0.842032  0.310046
5.92095994	798	0.428558 0.842750  0.320820
5.92598009	797	0.427840 0.847060  0.316750
5.93100023	797	0.426403 0.840117  0.322256
5.93603992	798	0.429276 0.839399  0.322017
5.94108819	798	0.423051 0.846102  0.309328
5.94614410	798	0.427840 0.844187  0.309088
5.95119190	799	0.422812 0.843708  0.319144
5.95623207	800	0.426164 0.850172  0.315553
5.96127986	799	0.430713 0.849215  0.328002
5.96632003	799	0.423291 0.843469  0.314595
5.97135210	799	0.428797 0.843229  0.318665
5.97637605	799	0.427600 0.848257  0.317468
5.98139190	798	0.421615 0.842990  0.315553
5.98642015	799	0.425445 0.842511  0.325608
5.99145984	799	0.422333 0.841314  0.324890
5.99650001	799	0.424488 0.845145  0.309807
6.00154399	799	0.424009 0.837244  0.309328
6.00657987	799	0.418981 0.841793  0.313637
6.01162385	799	0.424488 0.844187  0.317229
6.01667213	797	0.429037 0.847299  0.325369
6.02169990	799	0.420896 0.842032  0.311483
6.02672004	799	0.420418 0.842032  0.312919
6.03174400	799	0.422812 0.841793  0.320580
6.03676795	798	0.430234 0.847539  0.318904
6.04179191	799	0.427361 0.847778  0.320580
6.04682397	798	0.424009 0.845384  0.321777
6.05185604	798	0.424488 0.844187  0.321299
6.05689191	797	0.423530 0.842511  0.321059
6.06192779	799	0.420896 0.843229  0.318186
6.06697607	799	0.425445 0.845384  0.319383
6.07202386	797	0.428558 0.839638  0.319623
6.07706785	798	0.430952 0.839159  0.319144
6.08210420	796	0.421136 0.844905  0.318904
6.08713579	799	0.428318 0.845145  0.323693
6.09217596	799	0.424727 0.845863  0.309328
6.09719991	799	0.424009 0.839638  0.319383
6.10221576	798	0.422333 0.844426  0.314116
6.10725593	799	0.427840 0.840117  0.316989
6.11229610	799	0.430473 0.843229  0.319144
6.11732387	799	0.428079 0.838920  0.314355
6.12234783	798	0.425924 0.842032  0.312919
##inga 
#ido(sec)  szog(ADC)     ax(g)    ay(g)   az(g)
6.12793207	798	0.419939 0.843469  0.312201
6.13318014	799	0.424488 0.847299  0.314834
6.13841199	796	0.431191 0.846821  0.310764
6.14356803	798	0.427840 0.837004  0.315313
6.14859199	800	0.428318 0.844905  0.317707
6.15362405	799	0.429276 0.844187  0.322017
6.15865993	799	0.423291 0.836526  0.315313
6.16370391	799	0.422572 0.836286  0.322256
6.16873598	796	0.428558 0.842750  0.314355
6.17375183	799	0.427121 0.842272  0.323453
6.17878818	796	0.427840 0.840356  0.316750
6.18382406	799	0.427361 0.844666  0.320820
6.18887186	796	0.425685 0.844187  0.333509
6.19392776	799	0.426642 0.839877  0.312440
6.19897603	796	0.429276 0.838201  0.310525
6.20401191	799	0.424967 0.845623  0.324650
6.20904016	799	0.425924 0.844905  0.318665
6.21407222	799	0.424727 0.839399  0.319383
6.21911191	798	0.420896 0.843947  0.316031
6.22413587	799	0.427600 0.845623  0.315074
6.22915983	799	0.424488 0.841314  0.309088
6.23420000	799	0.431191 0.844187  0.312680
6.23923587	797	0.424967 0.839159  0.319144
6.24427986	796	0.426403 0.842032  0.316750
6.24930381	796	0.425445 0.843947  0.319383
6.25434398	797	0.431670 0.840835  0.316031
6.25939178	799	0.422812 0.842272  0.304300
6.26442384	799	0.429755 0.844905  0.322735
6.26945590	799	0.422093 0.843469  0.321538
6.27447986	799	0.425685 0.840596  0.317468
6.27952003	799	0.427840 0.843708  0.320580
6.28454399	799	0.432388 0.841075  0.319144
6.28956794	799	0.420896 0.842032  0.315553
6.29458379	797	0.423291 0.844905  0.311961
6.29963588	799	0.425445 0.839399  0.310764
6.30468797	799	0.424967 0.844187  0.321777
6.30972814	799	0.424727 0.843947  0.319862
6.31477594	799	0.423530 0.844187  0.311483
6.31982421	799	0.424248 0.840596  0.318665
6.32485580	799	0.431191 0.843469  0.314834
6.32988786	798	0.424009 0.838201  0.318186
6.33489990	799	0.426642 0.846581  0.321299
6.33993577	799	0.425924 0.840596  0.322735
6.34497213	799	0.420896 0.843469  0.309807
6.34999990	799	0.431191 0.841793  0.325369
6.35502815	800	0.424009 0.841793  0.321059
6.36006021	799	0.426164 0.845623  0.318904
6.36511182	799	0.426882 0.845623  0.313158
6.37015581	799	0.426164 0.846581  0.315313
6.37521219	799	0.419939 0.842032  0.318186
6.38026380	797	0.426403 0.840117  0.313637
6.38530778	799	0.425685 0.847299  0.318186
6.39034414	799	0.426642 0.840835  0.320341
6.39538383	799	0.424727 0.840356  0.315553
6.40040779	799	0.428079 0.841553  0.315792
6.40543222	799	0.423291 0.840356  0.321777
6.41047191	798	0.423051 0.837244  0.314595
6.41550397	799	0.423530 0.837244  0.312919
6.42052793	796	0.429276 0.837483  0.310285
6.42558002	798	0.425924 0.844187  0.315553
6.43061590	799	0.424009 0.842032  0.313877
6.43564796	799	0.425445 0.843708  0.315792
6.44068813	797	0.427361 0.846581  0.319862
6.44573211	799	0.428558 0.844666  0.312680
6.45076799	799	0.424488 0.844426  0.318665
6.45579195	799	0.425685 0.842990  0.318186
6.46081590	798	0.425445 0.842511  0.319144
6.46584796	799	0.431191 0.844666  0.323214
6.47088813	799	0.430234 0.839877  0.316750
6.47590780	796	0.426403 0.842511  0.325608
6.48092794	799	0.426642 0.844187  0.314116
6.48596811	799	0.423051 0.838201  0.314355
6.49098777	799	0.424009 0.843229  0.322975
6.49604415	798	0.423530 0.845145  0.317229
6.50107622	799	0.423530 0.840596  0.315792
6.50612020	798	0.429755 0.840117  0.316031
6.51113605	799	0.421136 0.845384  0.322017
6.51616001	799	0.428797 0.844666  0.315553
6.52119207	797	0.422093 0.839399  0.325848
6.52622413	799	0.429994 0.844187  0.312440
6.53125619	799	0.424248 0.842272  0.322735
6.53628778	796	0.421615 0.844187  0.306215
6.54133605	799	0.426642 0.844905  0.307173
6.54638004	797	0.424967 0.847299  0.322496
6.55142021	799	0.428558 0.834850  0.312919
6.55647182	798	0.423291 0.841314  0.320341
6.56152009	799	0.422333 0.844666  0.322017
6.56656789	799	0.424488 0.840356  0.317468
6.57160806	797	0.428079 0.846342  0.308849
6.57663202	799	0.428318 0.842511  0.318186
6.58167219	799	0.428079 0.843947  0.311483
6.58669614	799	0.425685 0.841793  0.316271
6.59172821	799	0.428558 0.847778  0.311004
6.59675598	798	0.427840 0.840596  0.316271
6.60179185	796	0.425445 0.841553  0.318665
6.60683202	797	0.427600 0.845384  0.315792
6.61185598	797	0.426882 0.839399  0.320341
6.61690378	799	0.429037 0.842272  0.315074
6.62194395	799	0.425924 0.844426  0.313398
6.62699222	798	0.427600 0.842032  0.322496
6.63201189	797	0.428318 0.843947  0.317947
##inga 
#ido(sec)  szog(ADC)     ax(g)    ay(g)   az(g)
6.63757610	799	0.426403 0.837962  0.319144
6.64281988	796	0.424967 0.847060  0.309328
6.64804410	800	0.424967 0.836765  0.316271
6.65318012	796	0.427121 0.840356  0.322975
6.65823221	799	0.424967 0.833174  0.319144
6.66327190	799	0.424727 0.844666  0.315792
6.66830396	798	0.423530 0.841553  0.313158
6.67333221	799	0.420657 0.840117  0.315313
6.67836809	799	0.424009 0.843229  0.314355
6.68340778	799	0.429755 0.844905  0.316750
6.68845176	799	0.424488 0.843708  0.314595
6.69348812	796	0.424248 0.846102  0.315553
6.69851207	797	0.424009 0.843947  0.319144
6.70353603	798	0.428079 0.843947  0.320341
6.70855188	797	0.425924 0.847539  0.319144
6.71358394	799	0.427840 0.844426  0.327523
6.71860790	796	0.424727 0.845623  0.318904
6.72363185	799	0.427361 0.842272  0.318665
6.72868394	799	0.427121 0.847299  0.314116
6.73373603	799	0.429994 0.847539  0.317468
6.73878383	799	0.424488 0.844666  0.322975
6.74384021	798	0.423769 0.843708  0.316031
6.74888801	799	0.427361 0.847060  0.319623
6.75393581	799	0.428318 0.838201  0.318186
6.75896406	799	0.427121 0.836765  0.311961
6.76399993	799	0.429037 0.840835  0.324411
6.76904010	799	0.426403 0.842032  0.323932
6.77406406	799	0.426642 0.841793  0.316750
6.77908802	799	0.421375 0.844426  0.316750
6.78411197	799	0.427121 0.836047  0.314595
6.78915596	798	0.422333 0.840117  0.316989
6.79419994	799	0.428558 0.845145  0.318186
6.79924821	799	0.429515 0.843469  0.325608
6.80429220	799	0.429994 0.837962  0.315553
6.80933618	799	0.428558 0.840356  0.331354
6.81438398	799	0.422572 0.845145  0.319383
6.81941986	797	0.426403 0.845863  0.314595
6.82444381	800	0.428558 0.839877  0.318665
6.82946777	799	0.417066 0.840596  0.326087
6.83449983	799	0.421854 0.841793  0.323214
6.83954381	799	0.427121 0.842272  0.323214
6.84457588	799	0.421854 0.841553  0.313398
6.84960412	799	0.423051 0.841553  0.321059
6.85464000	799	0.424488 0.844905  0.314834
6.85967588	799	0.423051 0.841793  0.310525
6.86471223	798	0.424009 0.845384  0.316750
6.86974000	799	0.428558 0.841793  0.312680
6.87476396	799	0.427840 0.842511  0.320102
6.87980794	799	0.426403 0.843469  0.318186
6.88483619	799	0.422572 0.840117  0.319144
6.88987207	799	0.420896 0.847299  0.314116
6.89489603	799	0.424488 0.841553  0.316750
6.89992380	796	0.425924 0.843708  0.314116
6.90495586	799	0.426882 0.844426  0.320820
6.90998411	799	0.426882 0.848018  0.320580
6.91501617	797	0.427121 0.840356  0.317947
6.92007207	799	0.428079 0.842032  0.323214
6.92511177	799	0.425685 0.839159  0.320341
6.93016004	798	0.418263 0.837483  0.306694
6.93520784	798	0.423530 0.844905  0.310285
6.94023180	798	0.423769 0.846102  0.317468
6.94525623	799	0.429276 0.834850  0.317707
6.95026779	798	0.426403 0.845145  0.312680
6.95529222	799	0.423051 0.841075  0.324650
6.96031188	798	0.427840 0.843469  0.322975
6.96534395	798	0.427840 0.844666  0.314116
6.97037982	798	0.428558 0.842511  0.308370
6.97541618	798	0.430713 0.844666  0.315792
6.98044776	799	0.429994 0.843469  0.315313
6.98550415	799	0.421854 0.840356  0.324650
6.99054002	797	0.424009 0.838201  0.322975
6.99556398	797	0.424009 0.842032  0.309567
7.00058412	797	0.426882 0.840835  0.316031
7.00562000	799	0.423291 0.838201  0.324890
7.01063203	799	0.421854 0.845384  0.321538
7.01566791	798	0.424488 0.846102  0.320820
7.02069616	799	0.426882 0.840596  0.320341
7.02572822	799	0.427600 0.840117  0.320580
7.03075981	799	0.427121 0.845623  0.326805
7.03580808	799	0.420896 0.842032  0.317707
7.04084014	798	0.425445 0.842750  0.319383
7.04587984	797	0.420178 0.840835  0.317468
7.05092000	799	0.426642 0.840117  0.322017
7.05594396	797	0.430952 0.845623  0.316271
7.06097602	799	0.425445 0.849215  0.316989
7.06600379	797	0.427121 0.848497  0.313398
7.07104396	799	0.427840 0.842750  0.322496
7.07606792	799	0.429276 0.842750  0.314834
7.08108806	799	0.425445 0.841075  0.322496
7.08612394	799	0.424248 0.838441  0.313877
7.09115982	799	0.429755 0.842750  0.312440
7.09620809	799	0.423051 0.837483  0.317707
7.10125207	798	0.425445 0.842032  0.316031
7.10631179	799	0.425685 0.843947  0.321059
7.11136007	798	0.424009 0.842511  0.318186
7.11638784	799	0.425445 0.842750  0.315792
7.12141180	797	0.426164 0.841075  0.320580
7.12644004	800	0.427600 0.840356  0.321777
7.13144779	796	0.429515 0.843947  0.315313
7.13648414	799	0.423769 0.846342  0.316271
7.14151191	799	0.431431 0.844187  0.321538
##inga 
#ido(sec)  szog(ADC)     ax(g)    ay(g)   az(g)
7.14708805	799	0.422572 0.837004  0.313877
7.15231609	799	0.423051 0.848018  0.308609
7.15753221	798	0.425685 0.849933  0.318665
7.16268396	799	0.423530 0.842272  0.316031
7.16773605	798	0.427121 0.836765  0.313877
7.17278385	799	0.425445 0.840596  0.312201
7.17781591	799	0.424488 0.844426  0.314116
7.18285179	799	0.422572 0.841793  0.320341
7.18788003	798	0.426403 0.845145  0.313637
7.19290399	797	0.429276 0.844905  0.312201
7.19793605	799	0.429994 0.844666  0.326087
7.20296812	799	0.426164 0.843947  0.317229
7.20800018	798	0.427361 0.838920  0.322496
7.21304798	796	0.422333 0.844905  0.314355
7.21808815	799	0.429276 0.840596  0.315313
7.22313594	799	0.422333 0.842750  0.313637
7.22819185	799	0.425924 0.843947  0.323693
7.23324012	799	0.427840 0.844905  0.319144
7.23827981	796	0.430473 0.847060  0.316989
7.24329614	799	0.425445 0.840117  0.323693
7.24832820	799	0.424009 0.849215  0.320580
7.25334405	798	0.417545 0.845863  0.316031
7.25837612	799	0.428797 0.846581  0.315553
7.26340818	798	0.426642 0.841314  0.309328
7.26844787	799	0.426403 0.849215  0.318426
7.27349615	799	0.424248 0.848975  0.314595
7.27853584	799	0.425206 0.844905  0.320820
7.28355979	799	0.424727 0.843229  0.317229
7.28860807	799	0.424727 0.838201  0.316031
7.29365587	799	0.426642 0.845863  0.326566
7.29870414	799	0.426403 0.842272  0.326805
7.30374383	797	0.427121 0.839399  0.306934
7.30877208	799	0.429994 0.845384  0.322017
7.31379222	799	0.433107 0.846102  0.316750
7.31880807	799	0.425206 0.845384  0.318904
7.32383203	798	0.429276 0.840117  0.312440
7.32885599	797	0.424727 0.838201  0.314116
7.33390378	798	0.426882 0.843947  0.314116
7.33894014	799	0.427840 0.842032  0.318665
7.34397602	798	0.426882 0.848018  0.321538
7.34901618	799	0.421854 0.842750  0.312680
7.35405206	797	0.418742 0.846342  0.325369
7.35909986	799	0.423769 0.847299  0.319623
7.36412811	798	0.425924 0.841793  0.313398
7.36916017	799	0.425685 0.838920  0.320580
7.37418413	798	0.425206 0.842511  0.315074
7.37920808	799	0.424488 0.837723  0.317468
7.38425588	798	0.426403 0.841553  0.308370
7.38928794	799	0.424727 0.837723  0.311483
7.39433193	799	0.424967 0.842990  0.320580
7.39936780	797	0.423291 0.840596  0.309328
7.40441989	798	0.419220 0.842511  0.320341
7.40946388	797	0.427361 0.844187  0.314834
7.41451215	799	0.423769 0.841793  0.325608
7.41955995	799	0.424967 0.842990  0.317229
7.42461204	799	0.427121 0.843469  0.316271
7.42964792	799	0.419699 0.843947  0.323693
7.43467187	799	0.427840 0.845863  0.314595
7.43969583	799	0.426882 0.843947  0.311243
7.44473218	798	0.421854 0.843229  0.318186
7.44975996	799	0.424727 0.841553  0.328721
7.45478391	799	0.423530 0.841314  0.314116
7.45982408	799	0.431910 0.842272  0.312919
7.46485614	797	0.429515 0.845623  0.315792
7.46989583	799	0.425206 0.841793  0.312919
7.47493600	799	0.419460 0.841075  0.313877
7.47997999	797	0.427840 0.846581  0.318186
7.48502397	799	0.427840 0.837244  0.316750
7.49005222	799	0.420657 0.843229  0.311004
7.49507999	799	0.426642 0.845863  0.322017
7.50010395	798	0.428797 0.847060  0.312201
7.50513601	799	0.430473 0.837962  0.320102
7.51016807	799	0.425445 0.839399  0.318426
7.51518821	799	0.421854 0.842750  0.322256
7.52022409	799	0.423051 0.846102  0.302624
7.52525615	797	0.431431 0.839159  0.323693
7.53030776	797	0.423051 0.845863  0.325608
7.53535223	798	0.424967 0.844187  0.312919
7.54040002	799	0.426403 0.846342  0.314116
7.54543209	799	0.425924 0.843708  0.315792
7.55047178	800	0.428797 0.845863  0.320102
7.55550813	797	0.428558 0.840835  0.322735
7.56054401	798	0.424967 0.838680  0.319862
7.56556797	797	0.424248 0.845863  0.310525
7.57060003	799	0.422572 0.847778  0.321059
7.57562398	799	0.424248 0.843947  0.322017
7.58067607	799	0.422812 0.841793  0.314834
7.58572816	799	0.420418 0.847299  0.312919
7.59076023	797	0.426642 0.842272  0.314355
7.59579992	799	0.429994 0.848736  0.322975
7.60084819	799	0.428318 0.843229  0.319623
7.60589599	796	0.426403 0.840835  0.309088
7.61091995	799	0.424248 0.839399  0.314116
7.61594820	799	0.430952 0.843947  0.320341
7.62096023	797	0.427840 0.842750  0.319383
7.62597608	797	0.426642 0.842272  0.318665
7.63100814	799	0.425924 0.844905  0.313877
7.63603210	798	0.423530 0.838201  0.311004
7.64107608	799	0.434064 0.843469  0.317947
7.64612007	796	0.429276 0.840117  0.311722
7.65115594	799	0.426642 0.842272  0.319862
##inga 
#ido(sec)  szog(ADC)     ax(g)    ay(g)   az(g)
7.65673589	798	0.430234 0.844426  0.317947
7.66197204	797	0.424967 0.849215  0.318186
7.66721200	799	0.428079 0.842272  0.319862
7.67234420	797	0.425206 0.837004  0.307652
7.67736816	799	0.425924 0.847778  0.311961
7.68240022	799	0.423530 0.848018  0.314834
7.68742799	799	0.432867 0.844666  0.317947
7.69247198	799	0.423051 0.843469  0.313637
7.69750404	799	0.422812 0.837723  0.323453
7.70255184	799	0.420178 0.838201  0.314116
7.70759201	800	0.426882 0.843947  0.312919
7.71262407	799	0.424727 0.842990  0.311004
7.71766376	798	0.427361 0.847778  0.315553
7.72272396	799	0.427600 0.846342  0.313158
7.72776794	799	0.428797 0.840835  0.321299
7.73280000	799	0.423051 0.848736  0.317707
7.73781585	799	0.432149 0.844187  0.315074
7.74283599	797	0.425445 0.847539  0.308370
7.74787187	798	0.422333 0.847539  0.316750
7.75289583	799	0.424488 0.842272  0.323932
7.75792789	799	0.424009 0.840356  0.320580
7.76294803	799	0.426882 0.841314  0.311722
7.76798391	799	0.428318 0.844666  0.314116
7.77302408	799	0.429037 0.844905  0.322975
7.77807188	799	0.421375 0.839877  0.320341
7.78312015	799	0.428079 0.847539  0.312440
7.78815603	799	0.426164 0.847539  0.317229
7.79319190	799	0.429276 0.839399  0.323453
7.79822015	796	0.421615 0.844666  0.310764
7.80325603	799	0.428797 0.841314  0.317468
7.80828809	798	0.423051 0.842032  0.310285
7.81331586	797	0.426164 0.849215  0.311004
7.81834793	799	0.432388 0.845384  0.321538
7.82338380	799	0.428318 0.837483  0.318426
7.82842397	797	0.418263 0.838201  0.320341
7.83347606	799	0.425445 0.845863  0.316510
7.83852005	799	0.424009 0.843229  0.311243
7.84356403	797	0.425685 0.845384  0.319383
7.84860801	799	0.424488 0.849215  0.319623
7.85365581	799	0.429276 0.843708  0.327284
7.85869216	797	0.429276 0.848257  0.315792
7.86372804	797	0.428558 0.841314  0.313637
7.86876821	797	0.423769 0.848257  0.322496
7.87380409	798	0.425685 0.844666  0.318186
7.87883996	799	0.427121 0.842511  0.325129
7.88388776	798	0.426642 0.836286  0.314834
7.88892412	798	0.424967 0.840117  0.309807
7.89398384	799	0.421615 0.841553  0.318186
7.89902019	799	0.425445 0.844426  0.321059
7.90407180	799	0.421375 0.841553  0.315074
7.90911197	799	0.428558 0.837962  0.312201
7.91415596	797	0.425206 0.840596  0.316510
7.91918420	799	0.422812 0.844666  0.318426
7.92421579	797	0.422333 0.834610  0.322975
7.92925214	799	0.420657 0.843469  0.319144
7.93427610	799	0.428797 0.846821  0.323453
7.93930387	799	0.424967 0.841793  0.318426
7.94434404	797	0.424967 0.840356  0.318186
7.94937610	797	0.427121 0.843469  0.319623
7.95442819	798	0.424967 0.847060  0.314834
7.95946407	796	0.422572 0.839877  0.320580
7.96450376	799	0.422572 0.849454  0.319862
7.96956777	799	0.424009 0.840835  0.305497
7.97459983	798	0.421136 0.842990  0.316989
7.97964000	798	0.426164 0.843947  0.316271
7.98466777	799	0.425206 0.843229  0.319623
7.98970413	798	0.426882 0.845623  0.315074
7.99473619	799	0.437416 0.845145  0.320820
7.99976015	798	0.427840 0.845145  0.313877
8.00479221	799	0.431191 0.847060  0.322735
8.00981998	799	0.425685 0.837244  0.316271
8.01486778	799	0.424727 0.841075  0.315313
8.01991176	799	0.425445 0.843947  0.321777
8.02495193	798	0.427840 0.843469  0.321059
8.02999591	799	0.424488 0.836526  0.316750
8.03503608	797	0.431191 0.842032  0.312919
8.04008007	799	0.421375 0.842990  0.315313
8.04511165	799	0.429276 0.845863  0.324650
8.05014801	799	0.424488 0.839159  0.313877
8.05517578	798	0.428318 0.848257  0.323453
8.06020832	799	0.424727 0.838920  0.322017
8.06523609	797	0.427361 0.837004  0.318186
8.07027244	798	0.424727 0.838441  0.317707
8.07530403	799	0.426403 0.842990  0.312919
8.08034420	797	0.425924 0.841793  0.319144
8.08539199	799	0.430234 0.845384  0.319383
8.09042835	799	0.427840 0.841075  0.315792
8.09547233	799	0.424727 0.839877  0.321299
8.10051155	797	0.423530 0.841553  0.322017
8.10553169	799	0.425924 0.843229  0.331594
8.11056804	799	0.427121 0.846102  0.317707
8.11559200	799	0.429515 0.842032  0.314595
8.12061595	799	0.429755 0.842032  0.320820
8.12562847	799	0.425924 0.847778  0.313877
8.13065624	799	0.429994 0.844426  0.309088
8.13570404	796	0.430713 0.844666  0.313158
8.14074802	799	0.428079 0.840835  0.320341
8.14577579	799	0.425685 0.848497  0.313877
8.15082836	799	0.426642 0.845863  0.317468
8.15587234	799	0.419939 0.844187  0.315074
8.16092395	799	0.431431 0.841314  0.313158
##inga 
#ido(sec)  szog(ADC)     ax(g)    ay(g)   az(g)
8.16649627	799	0.429755 0.839399  0.319623
8.17173957	799	0.426642 0.843229  0.312440
8.17698001	797	0.427121 0.844426  0.315553
8.18213176	798	0.429037 0.840835  0.309328
8.18716812	799	0.430952 0.846102  0.324890
8.19218444	799	0.426642 0.841793  0.317947
8.19722366	797	0.427121 0.842511  0.324650
8.20226001	799	0.424248 0.846581  0.319144
8.20730400	799	0.426882 0.840835  0.319383
8.21233177	798	0.425445 0.842511  0.309328
8.21738433	798	0.423769 0.843229  0.316989
8.22244358	798	0.425924 0.846342  0.311961
8.22749614	798	0.425206 0.841553  0.322496
8.23252010	799	0.424009 0.847539  0.316510
8.23753166	799	0.421615 0.844187  0.322496
8.24256801	798	0.424727 0.840596  0.317947
8.24760818	798	0.423291 0.846581  0.312440
8.25264358	798	0.428318 0.845623  0.313158
8.25767230	799	0.428797 0.849694  0.321059
8.26270008	797	0.424967 0.843947  0.316271
8.26775169	799	0.428318 0.842032  0.314595
8.27278423	800	0.424248 0.841314  0.319383
8.27782440	798	0.427121 0.835807  0.315313
8.28287220	799	0.424488 0.848018  0.318904
8.28790760	798	0.424727 0.846581  0.322256
8.29294395	799	0.424248 0.841793  0.316510
8.29796791	799	0.428558 0.839877  0.321777
8.30299186	798	0.426403 0.849933  0.324890
8.30801582	799	0.424488 0.842272  0.316271
8.31304359	799	0.427361 0.842990  0.326805
8.31807613	799	0.427600 0.840835  0.314116
8.32310390	796	0.425445 0.841314  0.316031
8.32814407	798	0.426642 0.843469  0.319144
8.33319187	799	0.427121 0.835807  0.310764
8.33824825	800	0.426882 0.839877  0.326566
8.34328842	798	0.427840 0.840117  0.314116
8.34834003	798	0.424009 0.841314  0.313877
8.35336399	797	0.423530 0.837244  0.319862
8.35838794	797	0.424248 0.844426  0.321538
8.36342811	796	0.428318 0.844666  0.319862
8.36845588	797	0.424727 0.850412  0.316989
8.37348842	799	0.426882 0.841553  0.319862
8.37852001	799	0.427361 0.844905  0.313398
8.38355159	798	0.431431 0.846102  0.320341
8.38860034	799	0.427121 0.846821  0.330157
8.39366436	799	0.421136 0.844187  0.314595
8.39871597	798	0.422093 0.842750  0.311004
8.40375995	798	0.427840 0.840596  0.320102
8.40880775	799	0.431910 0.844426  0.314116
8.41385555	799	0.430713 0.846581  0.316750
8.41889190	799	0.424967 0.843708  0.316271
8.42391967	797	0.426403 0.846581  0.310285
8.42893981	799	0.423051 0.846102  0.312680
8.43396377	799	0.427600 0.845384  0.308370
8.43897628	799	0.424009 0.838441  0.322017
8.44400787	799	0.427361 0.847060  0.308370
8.44902801	797	0.426882 0.846342  0.317707
8.45407199	797	0.419699 0.838201  0.319862
8.45910358	796	0.432867 0.840835  0.318665
8.46415233	799	0.428558 0.850651  0.312680
8.46919155	799	0.423530 0.841553  0.315792
8.47421646	797	0.422093 0.839399  0.318665
8.47923564	799	0.429994 0.841075  0.317229
8.48425960	799	0.429515 0.843947  0.312680
8.48928356	799	0.427361 0.843469  0.308849
8.49431991	798	0.426882 0.842032  0.321299
8.49934387	796	0.427121 0.838920  0.308370
8.50435638	799	0.424727 0.846102  0.317707
8.50940036	799	0.430234 0.840835  0.315074
8.51443958	799	0.429037 0.842511  0.314355
8.51946830	799	0.426642 0.839877  0.321059
8.52451229	799	0.421615 0.842750  0.321777
8.52956390	797	0.420178 0.839399  0.307891
8.53459167	798	0.422093 0.841314  0.321538
8.53961563	799	0.423530 0.840117  0.324411
8.54463958	799	0.426403 0.846342  0.320820
8.54966354	799	0.427121 0.843708  0.314834
8.55469608	799	0.429037 0.836526  0.315313
8.55972766	799	0.420418 0.842750  0.314116
8.56476020	797	0.424967 0.834610  0.312440
8.56979560	799	0.427361 0.846821  0.325129
8.57483577	799	0.418742 0.841314  0.312919
8.57988834	799	0.424009 0.842032  0.318665
8.58492374	798	0.424967 0.845623  0.309088
8.58996772	799	0.420178 0.844666  0.326087
8.59500026	799	0.425685 0.838920  0.313158
8.60002422	799	0.427840 0.846102  0.315313
8.60503959	799	0.425445 0.843469  0.315792
8.61007976	799	0.424009 0.838680  0.324650
8.61509609	797	0.420896 0.846821  0.317707
8.62012386	799	0.428797 0.845863  0.313398
8.62516784	798	0.428558 0.846581  0.317707
8.63020801	799	0.427361 0.840835  0.319383
8.63525199	799	0.428079 0.839399  0.323932
8.64029979	799	0.425445 0.839877  0.315074
8.64535236	798	0.424727 0.839159  0.318665
8.65040397	796	0.424967 0.843469  0.313158
8.65544033	799	0.428558 0.846102  0.313158
8.66046810	799	0.428318 0.838680  0.306215
8.66548824	799	0.425445 0.844426  0.315553
8.67053222	797	0.424967 0.843708  0.312440
##inga 
#ido(sec)  szog(ADC)     ax(g)    ay(g)   az(g)
8.67610359	799	0.433107 0.844666  0.319144
8.68134403	797	0.423291 0.844666  0.318665
8.68656826	799	0.426882 0.844426  0.318426
8.69171619	798	0.428797 0.836765  0.321299
8.69676017	799	0.425445 0.838201  0.319144
8.70180034	798	0.423051 0.844905  0.313877
8.70683574	798	0.427840 0.841075  0.309567
8.71188831	799	0.424009 0.842750  0.315313
8.71689987	797	0.427600 0.838441  0.319862
8.72192382	799	0.424727 0.845863  0.319623
8.72694778	799	0.427840 0.842272  0.316750
8.73198413	798	0.423530 0.843947  0.320102
8.73700809	799	0.421615 0.840596  0.310764
8.74205589	800	0.432149 0.841314  0.314595
8.74708843	799	0.425445 0.839877  0.304061
8.75212001	798	0.430234 0.851369  0.313158
8.75716018	797	0.430952 0.843708  0.332072
8.76219558	799	0.424009 0.844187  0.322975
8.76724815	799	0.429276 0.846102  0.315553
8.77229595	799	0.424009 0.843708  0.315553
8.77731990	797	0.426403 0.842990  0.322975
8.78234386	799	0.421136 0.846581  0.316271
8.78737640	799	0.425445 0.836286  0.311483
8.79241561	799	0.432628 0.842990  0.311961
8.79743957	799	0.423530 0.843469  0.322735
8.80247592	799	0.417545 0.841075  0.322735
8.80751991	799	0.426164 0.844905  0.313158
8.81255626	796	0.425445 0.836526  0.308849
8.81759166	799	0.423291 0.837962  0.320820
8.82263183	796	0.425924 0.842990  0.318665
8.82767963	797	0.427600 0.838680  0.321059
8.83271217	799	0.424488 0.842032  0.314595
8.83775234	799	0.428558 0.840835  0.316031
8.84277153	797	0.428079 0.845863  0.324890
8.84778785	799	0.423769 0.841553  0.322017
8.85282421	799	0.428797 0.843469  0.307173
8.85784816	797	0.424727 0.841793  0.322496
8.86289596	799	0.421375 0.840835  0.320580
8.86793613	799	0.427361 0.839159  0.315792
8.87298393	799	0.430713 0.836286  0.329439
8.87803554	799	0.423291 0.839399  0.322496
8.88308811	798	0.430234 0.846581  0.307891
8.88813209	798	0.420657 0.837483  0.312440
8.89317607	799	0.433586 0.840356  0.326805
8.89820766	799	0.422093 0.840596  0.317947
8.90323638	799	0.425445 0.845145  0.312680
8.90827178	798	0.426403 0.843469  0.314834
8.91329574	799	0.425924 0.844666  0.305736
8.91830825	799	0.427121 0.846342  0.310764
8.92334365	799	0.428797 0.842272  0.315792
8.92837619	799	0.424488 0.839159  0.318186
8.93340778	798	0.421854 0.845623  0.317707
8.93845176	798	0.427840 0.847060  0.314834
8.94347572	796	0.425445 0.841553  0.318186
8.94851970	799	0.428797 0.846342  0.319862
8.95356845	799	0.424248 0.841793  0.322256
8.95860385	799	0.425445 0.846342  0.323214
8.96365165	798	0.429515 0.844187  0.314116
8.96868038	797	0.428318 0.842032  0.308849
8.97371196	799	0.421854 0.840835  0.321777
8.97873973	799	0.428558 0.843229  0.319144
8.98377990	799	0.421854 0.841793  0.312440
8.98881244	799	0.424488 0.839399  0.309567
8.99384784	797	0.424009 0.839877  0.316750
8.99887180	799	0.424488 0.852327  0.316750
9.00389575	799	0.424009 0.842032  0.312919
9.00893592	799	0.423291 0.840835  0.322256
9.01397991	797	0.427121 0.848975  0.320341
9.01901626	799	0.425685 0.841553  0.316750
9.02404022	797	0.427361 0.841553  0.317707
9.02907180	798	0.429994 0.838680  0.316031
9.03408813	798	0.427121 0.846102  0.320341
9.03911209	799	0.428079 0.846581  0.322017
9.04413986	799	0.424248 0.846821  0.320341
9.04918384	799	0.422093 0.849933  0.319144
9.05421161	799	0.425445 0.840835  0.309328
9.05924797	799	0.425445 0.847060  0.311004
9.06427955	798	0.428318 0.844905  0.319862
9.06933593	796	0.424009 0.847299  0.322735
9.07437610	799	0.425924 0.840117  0.305258
9.07940769	796	0.424488 0.848975  0.322496
9.08443164	797	0.421375 0.847299  0.309807
9.08946800	796	0.429515 0.838201  0.319383
9.09449577	797	0.428079 0.844187  0.317947
9.09951972	799	0.428797 0.844426  0.319623
9.10455226	799	0.421375 0.844905  0.311483
9.10960006	799	0.425924 0.844187  0.321777
9.11462783	799	0.427361 0.837962  0.325129
9.11967182	799	0.426642 0.840835  0.318186
9.12471199	799	0.427361 0.843229  0.313637
9.12977218	799	0.426882 0.841553  0.320341
9.13481616	799	0.428558 0.844187  0.321538
9.13986396	796	0.421136 0.842511  0.319623
9.14490413	799	0.422333 0.842032  0.317468
9.14993572	799	0.424009 0.843947  0.324411
9.15495204	799	0.427121 0.842032  0.321299
9.15998363	799	0.423769 0.840356  0.319144
9.16500759	799	0.425445 0.843708  0.314355
9.17004394	797	0.428797 0.847299  0.317468
9.17508029	799	0.424727 0.844666  0.318186
9.18012046	799	0.421615 0.843229  0.316750
##inga 
#ido(sec)  szog(ADC)     ax(g)    ay(g)   az(g)
9.18570041	799	0.420896 0.839159  0.321538
9.19091987	797	0.419939 0.844426  0.316271
9.19616413	799	0.425206 0.840117  0.312680
9.20130443	798	0.426882 0.843469  0.311004
9.20634365	799	0.424727 0.848018  0.325608
9.21137619	799	0.425206 0.843469  0.325129
9.21640777	799	0.428797 0.844187  0.326566
9.22144412	799	0.425685 0.842272  0.314116
9.22648429	799	0.425206 0.843947  0.319623
9.23150825	799	0.430713 0.847299  0.316031
9.23653602	799	0.426882 0.842032  0.324650
9.24157238	799	0.428558 0.842032  0.311243
9.24661636	799	0.424967 0.845384  0.327045
9.25166034	798	0.423051 0.840835  0.314834
9.25669574	797	0.429276 0.843947  0.319144
9.26174354	798	0.426642 0.834371  0.322256
9.26677227	799	0.425924 0.842750  0.312440
9.27179241	799	0.430952 0.839399  0.318186
9.27681636	799	0.428079 0.844666  0.324890
9.28183174	798	0.426882 0.837723  0.312680
9.28685569	799	0.428797 0.844426  0.316989
9.29189586	799	0.432388 0.840835  0.329678
9.29693603	799	0.427361 0.840835  0.309328
9.30198764	799	0.428797 0.841553  0.322975
9.30701637	798	0.425924 0.839877  0.318904
9.31206035	799	0.427600 0.841553  0.313877
9.31709957	799	0.421854 0.842032  0.310046
9.32214355	799	0.425206 0.840117  0.317468
9.32717609	798	0.435261 0.841314  0.315074
9.33221244	799	0.424727 0.839638  0.320102
9.33725166	799	0.421375 0.847299  0.317947
9.34228038	799	0.428318 0.842272  0.318186
9.34731960	797	0.428318 0.837004  0.315553
9.35235214	798	0.421854 0.843708  0.314355
9.35737991	797	0.422572 0.839159  0.325369
9.36242389	798	0.430234 0.841314  0.323214
9.36745643	799	0.427840 0.845384  0.317707
9.37250041	798	0.423769 0.844666  0.316271
9.37755203	799	0.420418 0.843947  0.314595
9.38259220	798	0.429276 0.844426  0.319862
9.38762760	799	0.424009 0.840117  0.317468
9.39265155	799	0.423530 0.846102  0.318665
9.39767646	799	0.429755 0.843708  0.314116
9.40270423	799	0.420657 0.839399  0.323453
9.40772819	797	0.429276 0.844905  0.320102
9.41276836	797	0.418981 0.844666  0.322975
9.41778755	797	0.422093 0.842272  0.318904
9.42283630	799	0.421854 0.841075  0.315313
9.42788028	799	0.427361 0.843229  0.316989
9.43292808	799	0.429515 0.845145  0.320341
9.43799591	799	0.429276 0.846342  0.314834
9.44303989	799	0.427600 0.841793  0.317229
9.44808769	799	0.428318 0.837004  0.316750
9.45311164	797	0.429276 0.844426  0.321059
9.45813560	797	0.429276 0.845623  0.312440
9.46316814	796	0.422333 0.842511  0.316989
9.46819972	798	0.424248 0.838680  0.316271
9.47323608	798	0.420896 0.843947  0.313877
9.47826385	799	0.430952 0.839399  0.314595
9.48329162	799	0.428797 0.845384  0.312919
9.48832416	796	0.427600 0.842750  0.315313
9.49334812	798	0.423051 0.846821  0.317707
9.49839973	798	0.426403 0.847778  0.316510
9.50343227	799	0.426642 0.847299  0.316031
9.50847244	799	0.428318 0.839877  0.316271
9.51349639	799	0.423769 0.843469  0.327284
9.51852035	799	0.427121 0.835568  0.322256
9.52355957	799	0.422333 0.841553  0.317707
9.52858352	799	0.424727 0.847299  0.314355
9.53360843	798	0.425206 0.845623  0.310525
9.53864765	796	0.426164 0.849215  0.322017
9.54369640	799	0.427600 0.847060  0.313398
9.54871177	799	0.422572 0.842511  0.312680
9.55373954	799	0.429515 0.845863  0.314834
9.55879211	797	0.425685 0.842511  0.319623
9.56382846	799	0.427361 0.844187  0.320820
9.56887626	799	0.422333 0.850412  0.315313
9.57390403	799	0.423291 0.846102  0.313398
9.57892799	799	0.425206 0.843469  0.314595
9.58395957	799	0.423530 0.843708  0.322017
9.58899593	799	0.428797 0.839638  0.321299
9.59402370	798	0.427121 0.844905  0.325608
9.59906387	799	0.426164 0.842750  0.314355
9.60410022	799	0.424488 0.844426  0.321777
9.60914421	799	0.428797 0.845384  0.306694
9.61419582	798	0.427840 0.839159  0.318426
9.61924362	799	0.429037 0.839159  0.312680
9.62428760	799	0.422572 0.848018  0.319144
9.62932395	799	0.427361 0.842750  0.317468
9.63436031	799	0.423769 0.843229  0.315553
9.63939952	799	0.422333 0.841553  0.326805
9.64442443	799	0.426164 0.842272  0.322017
9.64945602	799	0.423530 0.840835  0.319144
9.65447998	799	0.426642 0.844666  0.316031
9.65952396	798	0.426642 0.843229  0.317707
9.66455554	799	0.425206 0.844666  0.314355
9.66958427	796	0.429515 0.844666  0.316031
9.67463970	797	0.427600 0.843947  0.319862
9.67967605	799	0.422812 0.837723  0.311004
9.68472766	799	0.426882 0.842750  0.315074
9.68976783	799	0.422572 0.842511  0.321538
##inga 
#ido(sec)  szog(ADC)     ax(g)    ay(g)   az(g)
9.69534015	799	0.427121 0.846102  0.312680
9.70057201	799	0.422812 0.841075  0.311483
9.70580387	798	0.424967 0.843947  0.314834
9.71092796	796	0.425924 0.844905  0.318426
9.71596813	799	0.428797 0.845145  0.308131
9.72100830	799	0.423530 0.845863  0.314834
9.72603225	799	0.431670 0.846342  0.320820
9.73105621	799	0.424727 0.842032  0.313877
9.73609161	799	0.428318 0.844187  0.327284
9.74115180	799	0.423530 0.841314  0.309088
9.74619197	799	0.424727 0.843708  0.314834
9.75123214	798	0.430473 0.844905  0.310046
9.75626754	799	0.424009 0.848257  0.319862
9.76128387	799	0.429037 0.845623  0.315313
9.76630783	798	0.423291 0.846821  0.305976
9.77135181	796	0.422572 0.836286  0.312440
9.77637577	799	0.425206 0.844426  0.313877
9.78139972	797	0.427840 0.847299  0.312440
9.78641986	799	0.428079 0.836526  0.317707
9.79145622	799	0.425685 0.844666  0.320580
9.79649639	799	0.420657 0.840835  0.315792
9.80154037	799	0.427361 0.838920  0.318426
9.80659198	799	0.423051 0.844666  0.315553
9.81163597	799	0.424967 0.842032  0.311961
9.81667995	799	0.423530 0.842032  0.309567
9.82170391	799	0.425445 0.838441  0.308370
9.82674407	798	0.421615 0.842750  0.321538
9.83178043	796	0.420657 0.844426  0.312440
9.83680438	799	0.427840 0.840596  0.320341
9.84183979	797	0.424967 0.844426  0.309328
9.84687614	797	0.428318 0.843708  0.316031
9.85192012	799	0.427600 0.845384  0.314116
9.85695171	797	0.426164 0.843947  0.321059
9.86200428	799	0.429515 0.845863  0.318426
9.86705970	799	0.434064 0.845623  0.318186
9.87210369	798	0.422093 0.839638  0.306694
9.87714385	800	0.421854 0.835807  0.316271
9.88217639	798	0.425924 0.846581  0.323214
9.88720798	799	0.425206 0.843229  0.322017
9.89223194	799	0.427121 0.836286  0.313877
9.89726352	798	0.424009 0.840117  0.317468
9.90227985	799	0.425685 0.844666  0.311961
9.90730762	799	0.422093 0.842032  0.314834
9.91233634	798	0.423769 0.840356  0.321059
9.91737556	799	0.423769 0.845863  0.319623
9.92241573	798	0.433586 0.849933  0.325369
9.92748355	800	0.430713 0.846581  0.318426
9.93252754	799	0.434543 0.838441  0.316031
9.93756389	797	0.424488 0.843469  0.311722
9.94261646	799	0.426164 0.842511  0.317707
9.94765186	798	0.426164 0.845384  0.308849
9.95267963	797	0.425445 0.839638  0.322496
9.95770359	799	0.421615 0.847778  0.322017
9.96273612	799	0.426882 0.846342  0.322017
9.96777629	799	0.422812 0.847778  0.320102
9.97281646	799	0.427840 0.842032  0.318665
9.97784042	799	0.420896 0.842272  0.323693
9.98287200	798	0.425206 0.838201  0.327763
9.98791217	796	0.429515 0.842990  0.316271
9.99295997	799	0.424727 0.848736  0.315792
9.99801635	799	0.425924 0.838920  0.311483
10.00306415	799	0.423530 0.845623  0.321538
10.00819969	799	0.424967 0.846821  0.318426
10.01333999	798	0.428318 0.845145  0.312201
10.01847171	799	0.421615 0.838441  0.320580
10.02359962	799	0.429755 0.846581  0.316989
10.02874755	799	0.426164 0.838201  0.318904
10.03389167	799	0.424488 0.845863  0.308131
10.03904819	798	0.426882 0.844187  0.319862
10.04417991	798	0.428558 0.846581  0.315553
10.04932785	799	0.421615 0.846581  0.320102
10.05447196	799	0.423769 0.842032  0.311004
10.05961608	799	0.429037 0.840835  0.325369
10.06475639	799	0.422572 0.839638  0.318186
10.06989955	799	0.425685 0.842990  0.314834
10.07503223	799	0.423291 0.853045  0.323453
10.08017635	799	0.424488 0.842750  0.307891
10.08530807	799	0.425924 0.843947  0.321777
10.09043979	798	0.429276 0.842272  0.314116
10.09557628	799	0.427600 0.846102  0.327523
10.10070037	798	0.423530 0.841553  0.307891
10.10582447	798	0.428797 0.837962  0.325129
10.11096000	799	0.426164 0.846581  0.319623
10.11609172	799	0.426882 0.843469  0.313877
10.12123584	797	0.429276 0.849215  0.315792
10.12638759	799	0.427600 0.838680  0.312680
10.13149642	797	0.421375 0.845623  0.317707
10.13663959	799	0.423051 0.842032  0.310285
10.14178371	799	0.427840 0.844905  0.320580
10.14692020	799	0.423530 0.843947  0.316510
10.15203571	796	0.426403 0.846342  0.312201
10.15717601	799	0.424727 0.842032  0.322496
10.16230773	799	0.429515 0.842750  0.312201
10.16744422	799	0.424009 0.841314  0.313637
10.17256355	799	0.429755 0.846342  0.321299
10.17769622	799	0.425445 0.842750  0.314116
10.18282413	797	0.426403 0.837483  0.318665
10.18795204	799	0.425924 0.845384  0.323453
10.19308757	797	0.427840 0.839877  0.310525
10.19821643	799	0.426164 0.845863  0.324411
10.20335578	799	0.424009 0.842272  0.333030
##inga 
#ido(sec)  szog(ADC)     ax(g)    ay(g)   az(g)
10.20899963	797	0.429515 0.846821  0.323932
10.21428775	799	0.431191 0.843947  0.321059
10.21957588	799	0.429755 0.851609  0.320580
10.22480010	799	0.431910 0.843229  0.316510
10.22991561	798	0.429755 0.846342  0.332551
10.23504829	798	0.425685 0.840356  0.315553
10.24017620	799	0.421136 0.845145  0.316031
10.24530792	798	0.429515 0.842990  0.310764
10.25042438	799	0.419220 0.841793  0.318426
10.25555610	799	0.426882 0.847539  0.323214
10.26069641	799	0.424727 0.844187  0.315074
10.26581573	799	0.434064 0.840835  0.319383
10.27094841	796	0.423291 0.846821  0.313158
10.27608013	798	0.424488 0.836765  0.312919
10.28121566	799	0.428797 0.842272  0.313877
10.28635597	797	0.429037 0.838441  0.318426
10.29148006	798	0.422093 0.843708  0.315074
10.29660415	799	0.416826 0.844905  0.313637
10.30174827	798	0.425685 0.846581  0.315553
10.30689239	797	0.424727 0.837723  0.313637
10.31203556	798	0.423051 0.838920  0.317468
10.31715202	797	0.433346 0.845623  0.304300
10.32228374	799	0.426164 0.843947  0.315553
10.32741641	797	0.427121 0.841314  0.312680
10.33255195	799	0.428558 0.846102  0.314355
10.33767986	799	0.422812 0.840835  0.308370
10.34282016	799	0.425924 0.842032  0.317947
10.34795188	799	0.424248 0.842272  0.317468
10.35307979	799	0.426403 0.845623  0.309807
10.35820007	799	0.424727 0.847778  0.315792
10.36332798	799	0.426164 0.844666  0.311722
10.36847209	798	0.425924 0.841553  0.319862
10.37359237	797	0.426403 0.843469  0.314595
10.37872028	799	0.423769 0.842032  0.319383
10.38383960	797	0.429515 0.843708  0.310764
10.38895988	799	0.426164 0.839159  0.321299
10.39408779	797	0.428797 0.846581  0.309328
10.39920425	799	0.422333 0.843947  0.313158
10.40432357	798	0.428797 0.842750  0.327284
10.40944004	797	0.425924 0.841075  0.322017
10.41456031	798	0.423291 0.843469  0.311004
10.41969966	799	0.416826 0.841793  0.318426
10.42483615	799	0.429037 0.846581  0.313398
10.42996025	799	0.428797 0.838920  0.325848
10.43508434	798	0.426403 0.841075  0.320580
10.44019985	798	0.429994 0.839399  0.316750
10.44531631	799	0.427600 0.842750  0.320102
10.45044040	800	0.431431 0.842750  0.315074
10.45555591	799	0.426642 0.842032  0.321299
10.46068000	799	0.425206 0.847299  0.312440
10.46578407	799	0.425445 0.840835  0.322496
10.47091579	799	0.427121 0.842990  0.325129
10.47603988	797	0.418263 0.837962  0.321299
10.48116397	798	0.430473 0.842032  0.317947
10.48628425	799	0.423769 0.842032  0.319623
10.49141597	798	0.425206 0.842032  0.309807
10.49653625	798	0.424009 0.845384  0.315792
10.50166034	799	0.424967 0.847539  0.317707
10.50677585	796	0.426164 0.845623  0.310046
10.51190757	799	0.424727 0.841793  0.317707
10.51702785	799	0.424009 0.838680  0.318665
10.52213191	798	0.424009 0.840117  0.314834
10.52725601	796	0.423530 0.843947  0.311722
10.53238010	799	0.430234 0.840596  0.322256
10.53750419	799	0.422093 0.839638  0.321777
10.54262447	797	0.421854 0.843947  0.311961
10.54776763	799	0.425445 0.845384  0.316750
10.55290412	799	0.422333 0.845623  0.321059
10.55802822	799	0.427361 0.846581  0.316750
10.56315994	799	0.429515 0.845623  0.314834
10.56830406	799	0.425685 0.843229  0.317947
10.57343196	799	0.426164 0.841553  0.326805
10.57856369	799	0.422812 0.846342  0.313158
10.58370780	798	0.423769 0.841793  0.317947
10.58882808	798	0.426882 0.843229  0.327763
10.59396839	798	0.425685 0.840835  0.312919
10.59910392	798	0.430713 0.841553  0.316510
10.60423183	797	0.432867 0.848257  0.315313
10.60936832	798	0.423291 0.839399  0.326805
10.61452007	799	0.435022 0.843229  0.315313
10.61966419	799	0.428558 0.843708  0.315074
10.62481594	799	0.428797 0.846102  0.320820
10.62996006	799	0.430952 0.840117  0.319144
10.63509559	798	0.420178 0.846342  0.326805
10.64023971	799	0.424009 0.839877  0.320820
10.64537620	799	0.421375 0.838920  0.302863
10.65052032	799	0.427600 0.846342  0.327284
10.65566444	799	0.420657 0.846581  0.310525
10.66080760	797	0.422572 0.845384  0.322975
10.66595172	799	0.428558 0.846581  0.309088
10.67109584	797	0.426882 0.847299  0.319144
10.67624759	799	0.424967 0.844187  0.316750
10.68138408	798	0.421854 0.845623  0.316031
10.68652820	799	0.424727 0.843229  0.316750
10.69165992	797	0.432388 0.842272  0.314834
10.69679164	798	0.424009 0.847060  0.325608
10.70190811	799	0.424009 0.839399  0.320820
10.70702838	798	0.425445 0.846581  0.316989
10.71216773	796	0.426403 0.843229  0.318426
10.71729564	799	0.420896 0.845145  0.315313
10.72241973	798	0.424967 0.843708  0.320820
##inga 
#ido(sec)  szog(ADC)     ax(g)    ay(g)   az(g)
10.72809600	799	0.425924 0.844426  0.310285
10.73337173	797	0.425685 0.842272  0.318426
10.73867988	799	0.428558 0.847778  0.310525
10.74390792	798	0.419220 0.846342  0.320580
10.74903583	799	0.426403 0.843708  0.319383
10.75416755	798	0.426403 0.843947  0.320580
10.75928401	799	0.429515 0.839877  0.314834
10.76441574	798	0.430234 0.845145  0.313637
10.76953983	797	0.426164 0.841793  0.315792
10.77467155	799	0.427600 0.845863  0.313637
10.77978801	799	0.424248 0.841314  0.320580
10.78491973	798	0.425685 0.845145  0.315792
10.79004764	799	0.425445 0.841793  0.320820
10.79517555	797	0.424248 0.839877  0.323932
10.80030441	797	0.426642 0.841553  0.319862
10.80543613	799	0.425924 0.844187  0.316750
10.81056785	797	0.424967 0.840356  0.314355
10.81569576	799	0.426642 0.842272  0.316750
10.82082843	798	0.424967 0.839399  0.316510
10.82596015	798	0.429276 0.849933  0.317707
10.83108806	799	0.424727 0.845623  0.315553
10.83621978	799	0.426403 0.844905  0.307652
10.84134006	798	0.428079 0.846102  0.322496
10.84645557	799	0.424248 0.847299  0.317229
10.85158443	799	0.428079 0.843947  0.320102
10.85671234	799	0.429037 0.838201  0.321538
10.86183643	799	0.428079 0.842750  0.320580
10.86695194	799	0.425445 0.845384  0.321299
10.87207984	797	0.428079 0.837483  0.314834
10.87720775	799	0.433586 0.838680  0.319144
10.88234043	799	0.425445 0.842032  0.309807
10.88747215	797	0.428318 0.840117  0.310764
10.89259243	796	0.423291 0.837004  0.314834
