##inga 
#ido(sec)  szog(ADC)     ax(g)    ay(g)   az(g)
0.00171200	324	-0.315313 -0.471414  0.848736
0.00695200	324	-0.313158 -0.472850  0.851369
##inga 
#ido(sec)  szog(ADC)     ax(g)    ay(g)   az(g)
0.01350800	323	-0.315553 -0.471653  0.857834
0.01873200	323	-0.316750 -0.469977  0.849933
0.02396400	320	-0.317707 -0.472611  0.853524
0.02918800	323	-0.317468 -0.473568  0.847778
0.03428400	322	-0.316989 -0.476441  0.855918
0.03937200	323	-0.317707 -0.466625  0.850172
0.04446000	324	-0.314355 -0.472371  0.854482
0.04954800	324	-0.313877 -0.477638  0.857115
0.05464400	324	-0.318186 -0.476681  0.859031
0.05973200	324	-0.313398 -0.477638  0.857115
0.06483201	323	-0.313637 -0.470216  0.853285
0.06993600	324	-0.313637 -0.469977  0.852088
0.07502800	324	-0.314834 -0.474047  0.853285
0.08012801	323	-0.310525 -0.474287  0.855440
0.08522400	323	-0.315792 -0.469259  0.846821
0.09031599	323	-0.316271 -0.474287  0.852327
0.09542000	322	-0.318186 -0.474287  0.857355
0.10053200	323	-0.311483 -0.469738  0.859510
0.10563601	324	-0.307173 -0.474765  0.853764
0.11074800	324	-0.312919 -0.476681  0.850651
0.11585201	323	-0.316031 -0.476202  0.852567
0.12096000	324	-0.310764 -0.474526  0.854242
0.12605999	320	-0.316510 -0.471414  0.851609
0.13116400	323	-0.310764 -0.477160  0.852327
0.13625199	322	-0.313398 -0.468780  0.849215
0.14136399	321	-0.312919 -0.475484  0.851369
0.14648400	323	-0.308849 -0.469977  0.847299
0.15158400	321	-0.308370 -0.474526  0.855440
0.15668399	324	-0.313877 -0.477638  0.850651
0.16178799	323	-0.313398 -0.475244  0.856876
0.16690399	322	-0.320341 -0.473808  0.851369
0.17201199	323	-0.317707 -0.468541  0.859031
0.17711601	324	-0.314595 -0.474526  0.853045
0.18221999	323	-0.314116 -0.473808  0.848257
0.18732399	324	-0.312201 -0.475244  0.848257
0.19242799	322	-0.313158 -0.476681  0.853524
0.19753199	324	-0.309567 -0.475244  0.852806
0.20263199	322	-0.310764 -0.469019  0.851130
0.20772399	321	-0.311722 -0.473089  0.856397
0.21284000	324	-0.313877 -0.466625  0.859031
0.21795198	324	-0.315313 -0.477160  0.853764
0.22307600	324	-0.319144 -0.469019  0.847778
0.22817599	322	-0.314116 -0.474287  0.853285
0.23330399	320	-0.318426 -0.475244  0.850891
0.23842799	321	-0.318665 -0.471892  0.855200
0.24354801	321	-0.312440 -0.469498  0.849933
0.24865601	322	-0.311722 -0.468780  0.855918
0.25378000	324	-0.315553 -0.471892  0.844666
0.25888800	323	-0.311243 -0.477160  0.846342
0.26399600	322	-0.316271 -0.472850  0.848736
0.26909999	323	-0.309088 -0.469977  0.854003
0.27419600	322	-0.316989 -0.470456  0.851369
0.27929999	323	-0.314355 -0.470456  0.849215
0.28440401	324	-0.318665 -0.469977  0.854482
0.28951599	322	-0.311722 -0.471653  0.847539
0.29463601	322	-0.312680 -0.468541  0.848497
0.29974799	324	-0.315313 -0.474526  0.856397
0.30485999	324	-0.313637 -0.475005  0.848257
0.30995602	322	-0.312680 -0.476441  0.860228
0.31504397	324	-0.313398 -0.468541  0.849933
0.32014398	322	-0.314116 -0.475244  0.846821
0.32524800	324	-0.315792 -0.466625  0.852567
0.33034000	320	-0.319862 -0.471653  0.858552
0.33543598	320	-0.311004 -0.472850  0.853524
0.34052398	323	-0.313158 -0.473808  0.853764
0.34562001	323	-0.315553 -0.470456  0.852806
0.35073199	322	-0.311961 -0.477399  0.856876
0.35583200	323	-0.311243 -0.478357  0.850651
0.36092400	322	-0.318186 -0.470935  0.846821
0.36602399	324	-0.319383 -0.474526  0.859989
0.37111601	323	-0.318186 -0.475723  0.845863
0.37621998	322	-0.314116 -0.466865  0.855200
0.38131599	324	-0.316510 -0.475005  0.853524
0.38640401	323	-0.313877 -0.471174  0.846821
0.39152000	324	-0.317468 -0.472132  0.854961
0.39662000	323	-0.316510 -0.473329  0.860228
0.40170803	322	-0.312680 -0.472132  0.852806
0.40681200	322	-0.311483 -0.476202  0.840835
0.41191596	324	-0.317947 -0.471892  0.849215
0.41702399	322	-0.311722 -0.473329  0.847299
0.42212400	320	-0.314834 -0.469498  0.848736
0.42721996	322	-0.320820 -0.476441  0.854482
0.43232398	324	-0.314834 -0.472371  0.845384
0.43744401	323	-0.315792 -0.469019  0.859031
0.44254798	321	-0.313877 -0.471892  0.843947
0.44766001	323	-0.320102 -0.474526  0.855679
0.45276398	324	-0.304300 -0.475723  0.850891
0.45785598	324	-0.316989 -0.471414  0.853285
0.46296000	323	-0.317707 -0.477638  0.856876
0.46805200	322	-0.318186 -0.475244  0.856876
0.47315998	322	-0.316031 -0.472850  0.849933
0.47826800	323	-0.319383 -0.480272  0.859989
0.48337998	324	-0.309088 -0.474765  0.848736
0.48847599	323	-0.311961 -0.472371  0.858791
0.49358801	324	-0.315792 -0.473089  0.855440
0.49869198	323	-0.313398 -0.470456  0.848257
0.50379600	324	-0.320102 -0.466865  0.849694
0.50889201	324	-0.314116 -0.476681  0.842511
0.51400399	323	-0.312201 -0.474047  0.841553
0.51910800	322	-0.311961 -0.471892  0.854482
0.52422800	323	-0.312680 -0.477160  0.849215
##inga 
#ido(sec)  szog(ADC)     ax(g)    ay(g)   az(g)
0.52987198	323	-0.318665 -0.471174  0.846821
0.53513197	322	-0.312919 -0.469259  0.849933
0.54039196	322	-0.312201 -0.473089  0.862143
0.54562802	320	-0.313398 -0.470216  0.849215
0.55074796	321	-0.308370 -0.478117  0.852088
0.55585198	324	-0.314834 -0.469019  0.851848
0.56097197	323	-0.317229 -0.478357  0.853524
0.56610002	322	-0.316750 -0.471892  0.846821
0.57122802	324	-0.310285 -0.472371  0.850891
0.57634801	323	-0.312919 -0.472371  0.850172
0.58147597	324	-0.317707 -0.476920  0.847778
0.58657999	323	-0.313398 -0.469977  0.850172
0.59170002	323	-0.316989 -0.470695  0.854961
0.59681601	323	-0.317468 -0.473808  0.848018
0.60193200	323	-0.312440 -0.477878  0.856637
0.60703601	324	-0.312919 -0.466865  0.847539
0.61215596	323	-0.311722 -0.477160  0.856158
0.61727600	324	-0.309088 -0.475244  0.846342
0.62237195	322	-0.316750 -0.470216  0.853764
0.62747597	323	-0.310764 -0.472132  0.845384
0.63259601	322	-0.312440 -0.469019  0.846821
0.63771200	322	-0.317468 -0.468301  0.848257
0.64281997	322	-0.320820 -0.470695  0.854961
0.64792399	321	-0.315074 -0.473089  0.853045
0.65302801	322	-0.312919 -0.475963  0.853524
0.65814800	323	-0.313398 -0.471653  0.854003
0.66324801	322	-0.316271 -0.472132  0.851369
0.66834802	323	-0.314116 -0.475723  0.854482
0.67344398	322	-0.315553 -0.475244  0.854003
0.67854795	323	-0.316271 -0.473089  0.853285
0.68364801	323	-0.312201 -0.474526  0.855918
0.68874001	324	-0.311004 -0.471174  0.855440
0.69383597	324	-0.312919 -0.474287  0.851609
0.69893598	324	-0.312680 -0.477878  0.853045
0.70402402	324	-0.319383 -0.475963  0.844426
0.70912799	324	-0.315792 -0.476202  0.854003
0.71421999	323	-0.318186 -0.473089  0.861664
0.71931600	324	-0.313877 -0.474765  0.856876
0.72440395	322	-0.311961 -0.475244  0.853285
0.72950000	323	-0.316271 -0.472850  0.856397
0.73459200	323	-0.310764 -0.478836  0.850891
0.73968400	323	-0.315553 -0.475723  0.854003
0.74478001	323	-0.312201 -0.476202  0.850172
0.74987602	322	-0.308849 -0.477160  0.853045
0.75496797	323	-0.315553 -0.474287  0.854003
0.76007199	323	-0.315792 -0.473808  0.858552
0.76516399	324	-0.311004 -0.474047  0.848018
0.77025995	324	-0.312201 -0.473808  0.860946
0.77536396	322	-0.317468 -0.475244  0.858073
0.78046798	324	-0.310764 -0.469019  0.842990
0.78556003	323	-0.316750 -0.469259  0.845145
0.79066400	322	-0.316989 -0.471174  0.851848
0.79576802	322	-0.317468 -0.466146  0.856637
0.80087203	321	-0.313158 -0.475244  0.856876
0.80597200	323	-0.316510 -0.471414  0.851609
0.81107597	324	-0.318186 -0.472132  0.847060
0.81618394	324	-0.311483 -0.473568  0.854482
0.82130403	323	-0.314834 -0.477399  0.853045
0.82641601	323	-0.317229 -0.472611  0.848257
0.83154001	323	-0.316989 -0.476441  0.850651
0.83664798	322	-0.316989 -0.472850  0.844426
0.84174804	323	-0.309567 -0.471653  0.855679
0.84685201	323	-0.318904 -0.472371  0.849694
0.85195598	324	-0.310046 -0.475244  0.852806
0.85705204	324	-0.313877 -0.474765  0.857355
0.86216402	323	-0.313637 -0.471653  0.844905
0.86728000	322	-0.312201 -0.472371  0.854482
0.87238798	322	-0.317468 -0.471653  0.851609
0.87749204	322	-0.312919 -0.471653  0.859510
0.88260402	323	-0.310764 -0.469259  0.852088
0.88770799	322	-0.321059 -0.468780  0.857594
0.89281196	324	-0.313158 -0.475723  0.844905
0.89793195	324	-0.314595 -0.469019  0.857594
0.90304393	323	-0.313877 -0.475244  0.859270
0.90814800	324	-0.316750 -0.466625  0.854482
0.91325998	321	-0.314355 -0.473808  0.851848
0.91837196	322	-0.314355 -0.472371  0.855679
0.92349205	322	-0.311004 -0.471414  0.848257
0.92861194	322	-0.311243 -0.471414  0.858073
0.93373193	322	-0.320102 -0.477638  0.854482
0.93884000	323	-0.318426 -0.473808  0.859270
0.94393997	323	-0.317707 -0.470216  0.847778
0.94905195	323	-0.315313 -0.469498  0.842032
0.95416402	322	-0.315074 -0.474765  0.848975
0.95927600	323	-0.313398 -0.472371  0.856158
0.96439199	323	-0.314834 -0.472371  0.851130
0.96949996	323	-0.313158 -0.467104  0.857115
0.97460403	323	-0.314355 -0.475244  0.857355
0.97971601	322	-0.313877 -0.467822  0.841075
0.98483600	321	-0.314834 -0.468062  0.851609
0.98993196	323	-0.316750 -0.470216  0.845623
0.99502000	323	-0.316031 -0.473089  0.850651
1.00009202	324	-0.312919 -0.468541  0.861425
1.00520396	322	-0.319623 -0.477160  0.863340
1.01030004	321	-0.311483 -0.476441  0.847060
1.01541996	322	-0.316510 -0.480272  0.854482
1.02052795	322	-0.315553 -0.471892  0.850172
1.02563595	323	-0.314116 -0.472611  0.847778
1.03074002	323	-0.309088 -0.472371  0.860707
1.03582799	323	-0.312680 -0.469977  0.859270
1.04091596	324	-0.313637 -0.479314  0.855440
##inga 
#ido(sec)  szog(ADC)     ax(g)    ay(g)   az(g)
1.04655194	322	-0.316510 -0.478596  0.851609
1.05179595	324	-0.312440 -0.479554  0.852567
1.05702805	324	-0.317707 -0.474765  0.852088
1.06225204	322	-0.310046 -0.475005  0.847539
1.06733202	323	-0.312919 -0.474287  0.859749
1.07242798	324	-0.310525 -0.469498  0.852088
1.07753205	324	-0.316510 -0.478117  0.854482
1.08262801	320	-0.318426 -0.470695  0.850891
1.08773195	323	-0.313398 -0.472132  0.848736
1.09283601	324	-0.319383 -0.472132  0.849694
1.09794795	323	-0.315792 -0.471892  0.848018
1.10305202	321	-0.314834 -0.474047  0.849933
1.10815596	323	-0.313877 -0.469259  0.858313
1.11326003	324	-0.311004 -0.476441  0.851848
1.11836802	322	-0.316510 -0.473089  0.854003
1.12347197	324	-0.310764 -0.465428  0.856876
1.12857604	324	-0.316031 -0.471653  0.857594
1.13369202	323	-0.316510 -0.474526  0.847539
1.13880002	325	-0.317707 -0.474526  0.855440
1.14390003	321	-0.311483 -0.478836  0.848975
1.14902400	323	-0.318186 -0.475723  0.853764
1.15413999	323	-0.320102 -0.477160  0.856876
1.15924394	324	-0.316271 -0.473329  0.862622
1.16434800	324	-0.313637 -0.476202  0.853764
1.16945600	320	-0.316271 -0.469498  0.864059
1.17457604	324	-0.316510 -0.474047  0.848257
1.17969202	324	-0.320341 -0.473568  0.858552
1.18479597	323	-0.316031 -0.475484  0.844666
1.18990802	323	-0.310285 -0.473808  0.858791
1.19501197	323	-0.313877 -0.476681  0.855440
1.20012795	322	-0.314595 -0.473089  0.860467
1.20521998	324	-0.310046 -0.472850  0.847778
1.21031594	323	-0.316510 -0.479554  0.850651
1.21542000	323	-0.318665 -0.474526  0.844905
1.22052395	324	-0.305736 -0.471414  0.855918
1.22563600	322	-0.313398 -0.471174  0.858791
1.23074805	322	-0.313398 -0.473568  0.850651
1.23586797	324	-0.318426 -0.472371  0.851609
1.24098801	323	-0.318186 -0.473808  0.851609
1.24609994	323	-0.311004 -0.472611  0.848975
1.25121998	324	-0.317947 -0.469019  0.853045
1.25632405	323	-0.315074 -0.471174  0.857834
1.26144003	324	-0.316031 -0.478836  0.846102
1.26655602	323	-0.318665 -0.474287  0.846102
1.27166795	322	-0.312201 -0.482427  0.856397
1.27678000	324	-0.312440 -0.467822  0.852567
1.28188800	324	-0.316271 -0.472850  0.859510
1.28700399	322	-0.304779 -0.472611  0.854003
1.29211198	323	-0.316271 -0.474526  0.853045
1.29723203	322	-0.320102 -0.469019  0.857594
1.30233204	323	-0.313637 -0.472371  0.845623
1.30746400	323	-0.316750 -0.473808  0.841793
1.31257998	323	-0.320102 -0.475723  0.846102
1.31768405	323	-0.311483 -0.474287  0.858073
1.32281196	323	-0.315553 -0.469259  0.850412
1.32793200	323	-0.311483 -0.474765  0.851609
1.33305203	321	-0.311483 -0.468780  0.849694
1.33817195	324	-0.316271 -0.475005  0.856637
1.34329199	323	-0.316510 -0.473808  0.841553
1.34839594	324	-0.314116 -0.478596  0.854482
1.35350799	323	-0.317947 -0.474765  0.848257
1.35862803	321	-0.317229 -0.475005  0.853764
1.36374795	324	-0.311483 -0.475963  0.854961
1.36887598	322	-0.314595 -0.471414  0.850412
1.37399601	321	-0.311722 -0.471892  0.854003
1.37911999	323	-0.317947 -0.471892  0.861186
1.38422799	324	-0.316031 -0.470935  0.860467
1.38933205	324	-0.311961 -0.469738  0.855440
1.39445198	324	-0.311961 -0.469019  0.855200
1.39955604	323	-0.313637 -0.474765  0.851369
1.40468001	323	-0.310764 -0.470216  0.850891
1.40978803	320	-0.309328 -0.475723  0.852567
1.41489992	321	-0.314595 -0.469977  0.857594
1.42001199	322	-0.315074 -0.474526  0.857834
1.42511997	324	-0.314595 -0.471892  0.842511
1.43022394	323	-0.318904 -0.480033  0.857355
1.43531599	322	-0.311961 -0.475484  0.854961
1.44042005	322	-0.317468 -0.475484  0.847299
1.44552397	322	-0.313158 -0.475723  0.849933
1.45063996	323	-0.308849 -0.468780  0.854482
1.45572400	320	-0.307652 -0.469019  0.852088
1.46081199	323	-0.314116 -0.476681  0.858073
1.46592402	322	-0.311004 -0.469977  0.844666
1.47101998	323	-0.309567 -0.471653  0.856397
1.47611999	322	-0.314834 -0.473568  0.852567
1.48122797	323	-0.318186 -0.470935  0.846821
1.48633203	323	-0.311483 -0.472611  0.850891
1.49144401	324	-0.315313 -0.470456  0.847299
1.49654808	323	-0.314355 -0.470695  0.858791
1.50164403	324	-0.312201 -0.474287  0.859989
1.50673999	322	-0.314116 -0.472132  0.854961
1.51185202	323	-0.319144 -0.474765  0.855918
1.51695594	321	-0.316989 -0.471892  0.848736
1.52206001	322	-0.320580 -0.470216  0.853764
1.52714800	324	-0.321777 -0.470456  0.848497
1.53224802	323	-0.306215 -0.477160  0.853285
1.53735198	324	-0.317468 -0.478117  0.850172
1.54244399	324	-0.310525 -0.477399  0.849933
1.54754805	324	-0.317947 -0.472850  0.857355
1.55264401	323	-0.315074 -0.472371  0.852567
1.55774793	323	-0.313398 -0.471653  0.850412
##inga 
#ido(sec)  szog(ADC)     ax(g)    ay(g)   az(g)
1.56338000	323	-0.316271 -0.470216  0.857355
1.56862792	324	-0.316031 -0.467343  0.850412
1.57386803	322	-0.316750 -0.469738  0.851609
1.57910394	324	-0.316750 -0.471653  0.851609
1.58421192	323	-0.317229 -0.475005  0.848975
1.58931598	324	-0.313877 -0.476441  0.848975
1.59443607	324	-0.313637 -0.473089  0.855440
1.59954404	322	-0.313398 -0.472132  0.859031
1.60465598	323	-0.319862 -0.477399  0.847539
1.60977602	323	-0.316031 -0.472132  0.852088
1.61489200	322	-0.315553 -0.479075  0.857594
1.62000799	321	-0.313398 -0.470695  0.850891
1.62512006	323	-0.318665 -0.474526  0.858073
1.63023195	322	-0.313637 -0.475244  0.851130
1.63533997	324	-0.313877 -0.474047  0.858552
1.64045200	323	-0.316510 -0.474047  0.858313
1.64554796	323	-0.307173 -0.474526  0.855440
1.65066003	323	-0.315553 -0.477399  0.856637
1.65577993	321	-0.312440 -0.474765  0.850412
1.66089591	324	-0.319144 -0.478357  0.847539
1.66601204	323	-0.312680 -0.470216  0.850412
1.67111597	323	-0.316510 -0.471892  0.851609
1.67622804	322	-0.316271 -0.469738  0.859510
1.68134794	322	-0.318426 -0.478357  0.859031
1.68645200	323	-0.314116 -0.470695  0.847778
1.69156398	322	-0.310046 -0.468062  0.855440
1.69666805	323	-0.316271 -0.471174  0.853045
1.70178403	324	-0.311483 -0.473568  0.849694
1.70690798	322	-0.317468 -0.470456  0.858791
1.71202001	324	-0.316510 -0.475723  0.853764
1.71713600	322	-0.322017 -0.471653  0.862622
1.72223997	322	-0.315553 -0.472132  0.857115
1.72735595	323	-0.314355 -0.471414  0.855679
1.73247599	322	-0.321299 -0.474047  0.855679
1.73759198	323	-0.312440 -0.466386  0.859270
1.74270000	320	-0.318426 -0.474765  0.853524
1.74780406	324	-0.319862 -0.473568  0.843947
1.75292396	320	-0.310764 -0.473568  0.853524
1.75803194	324	-0.318665 -0.473089  0.850891
1.76313199	323	-0.310525 -0.473089  0.856397
1.76825199	321	-0.312919 -0.471174  0.855440
1.77338004	324	-0.311243 -0.468301  0.859989
1.77850399	321	-0.317707 -0.474287  0.855440
1.78362798	320	-0.316271 -0.471653  0.848497
1.78875198	324	-0.309328 -0.473329  0.854482
1.79386401	323	-0.315792 -0.467583  0.855918
1.79899597	323	-0.309328 -0.471414  0.848736
1.80412397	323	-0.313877 -0.470456  0.852806
1.80924797	321	-0.313398 -0.472611  0.848736
1.81437196	320	-0.315313 -0.474047  0.856397
1.81949195	325	-0.312680 -0.469977  0.857594
1.82461204	323	-0.317468 -0.474047  0.854961
1.82973194	321	-0.318904 -0.474047  0.848257
1.83484001	324	-0.316271 -0.475244  0.855440
1.83996791	324	-0.314595 -0.469738  0.852088
1.84508399	323	-0.314595 -0.469977  0.860228
1.85020399	323	-0.316989 -0.478357  0.853764
1.85531997	323	-0.315074 -0.470695  0.857594
1.86043596	322	-0.319144 -0.472850  0.856397
1.86555595	324	-0.312919 -0.476202  0.853524
1.87067203	322	-0.314355 -0.472850  0.860467
1.87578792	324	-0.315553 -0.472132  0.845623
1.88091192	324	-0.314834 -0.476202  0.849454
1.88603601	321	-0.316510 -0.471174  0.861425
1.89114398	322	-0.314595 -0.471653  0.850891
1.89626798	323	-0.324411 -0.469259  0.858552
1.90138807	322	-0.313877 -0.471174  0.862622
1.90650405	322	-0.313637 -0.470695  0.850891
1.91162395	323	-0.312680 -0.474047  0.862383
1.91674404	320	-0.314595 -0.474765  0.855200
1.92184400	322	-0.318186 -0.477638  0.846581
1.92697200	321	-0.315074 -0.475723  0.852806
1.93207597	324	-0.316510 -0.472371  0.850891
1.93719596	322	-0.317468 -0.471414  0.856876
1.94231996	324	-0.311483 -0.470216  0.846581
1.94743595	323	-0.322256 -0.469019  0.851369
1.95254802	322	-0.316750 -0.470456  0.842750
1.95765991	322	-0.318665 -0.473808  0.847778
1.96277198	322	-0.317947 -0.472850  0.856158
1.96788396	324	-0.317229 -0.470935  0.848975
1.97299594	322	-0.310046 -0.477638  0.849454
1.97809991	323	-0.320102 -0.476202  0.847299
1.98321609	321	-0.313877 -0.470456  0.852088
1.98833198	324	-0.314355 -0.472611  0.854003
1.99344396	322	-0.313398 -0.472850  0.848497
1.99855604	324	-0.308131 -0.470216  0.857115
2.00365209	323	-0.317468 -0.473329  0.856397
2.00875592	324	-0.311961 -0.473808  0.855440
2.01385998	324	-0.312680 -0.465428  0.850651
2.01894807	321	-0.313637 -0.474047  0.858073
2.02404403	321	-0.315074 -0.465189  0.859510
2.02913999	322	-0.313637 -0.471892  0.847539
2.03424406	322	-0.318665 -0.470935  0.843229
2.03934001	323	-0.315074 -0.469259  0.848497
2.04443597	323	-0.312201 -0.474765  0.849694
2.04953193	324	-0.312919 -0.474047  0.849454
2.05462789	323	-0.312680 -0.471174  0.846581
2.05973196	321	-0.316031 -0.474047  0.857115
2.06483602	321	-0.311243 -0.474526  0.853285
2.06995201	324	-0.312440 -0.469738  0.854961
2.07504391	321	-0.320580 -0.473568  0.850651
##inga 
#ido(sec)  szog(ADC)     ax(g)    ay(g)   az(g)
2.08065199	322	-0.317707 -0.475244  0.856637
2.08590006	322	-0.311483 -0.475005  0.856397
2.09113192	322	-0.317947 -0.472132  0.857115
2.09638810	323	-0.320580 -0.470695  0.847778
2.10146403	323	-0.318426 -0.466625  0.852088
2.10657191	323	-0.312440 -0.473329  0.865016
2.11168003	324	-0.318665 -0.471653  0.852088
2.11678791	322	-0.313877 -0.477638  0.850651
2.12189197	321	-0.318904 -0.472371  0.849694
2.12699604	323	-0.314355 -0.471892  0.855440
2.13210391	324	-0.308609 -0.472850  0.856876
2.13720393	324	-0.313398 -0.473808  0.843708
2.14231204	320	-0.315074 -0.475963  0.844426
2.14741992	323	-0.317468 -0.468541  0.850891
2.15252399	324	-0.315074 -0.474526  0.855200
2.15762400	322	-0.306934 -0.469259  0.850172
2.16272807	323	-0.314116 -0.473089  0.850891
2.16784000	321	-0.317468 -0.477160  0.850172
2.17295193	323	-0.318665 -0.471892  0.859510
2.17805600	320	-0.309328 -0.470216  0.850651
2.18316006	323	-0.314595 -0.475963  0.860467
2.18826794	321	-0.311483 -0.477160  0.847778
2.19338798	323	-0.320820 -0.469977  0.850172
2.19848799	321	-0.315792 -0.475963  0.856158
2.20360398	323	-0.312440 -0.477160  0.850891
2.20870804	324	-0.321777 -0.477878  0.865735
2.21382808	323	-0.313158 -0.478596  0.849933
2.21894788	324	-0.314355 -0.475723  0.850412
2.22406792	323	-0.308609 -0.470935  0.853524
2.22914791	324	-0.312919 -0.470695  0.851369
2.23425197	324	-0.310764 -0.470935  0.840596
2.23935604	322	-0.319862 -0.477160  0.856637
2.24446797	323	-0.311961 -0.473089  0.850651
2.24958395	323	-0.313398 -0.473568  0.860228
2.25469207	323	-0.312919 -0.477878  0.854961
2.25981211	322	-0.316750 -0.474526  0.850172
2.26493191	320	-0.312440 -0.465428  0.845863
2.27005195	321	-0.312919 -0.475484  0.858073
2.27517199	321	-0.314355 -0.478357  0.854242
2.28029203	323	-0.317947 -0.476920  0.852327
2.28539991	323	-0.308131 -0.475484  0.864538
2.29051995	323	-0.316031 -0.480751  0.850651
2.29563188	322	-0.321299 -0.476441  0.854003
2.30074810	324	-0.313398 -0.473329  0.848975
2.30586791	322	-0.315553 -0.468062  0.851848
2.31098389	322	-0.314595 -0.471892  0.847539
2.31611609	323	-0.310046 -0.471892  0.848018
2.32122397	323	-0.315074 -0.467583  0.848257
2.32634806	324	-0.316750 -0.473808  0.851130
2.33145189	323	-0.315553 -0.475723  0.856876
2.33658003	324	-0.322735 -0.470695  0.848257
2.34170007	323	-0.312201 -0.475963  0.853045
2.34681200	322	-0.316031 -0.468780  0.852088
2.35190796	324	-0.315074 -0.470216  0.855440
2.35701990	322	-0.316510 -0.480990  0.866692
2.36212396	323	-0.311722 -0.472132  0.854482
2.36725211	321	-0.314834 -0.473808  0.851609
2.37236404	324	-0.316271 -0.472132  0.853285
2.37748789	324	-0.319144 -0.470216  0.852327
2.38259196	323	-0.313637 -0.473089  0.853764
2.38770794	323	-0.314834 -0.474287  0.855440
2.39282798	324	-0.316750 -0.468301  0.846581
2.39792394	322	-0.321059 -0.472371  0.855440
2.40303611	322	-0.313158 -0.476202  0.844905
2.40813994	322	-0.316510 -0.472850  0.856637
2.41323590	323	-0.318665 -0.477160  0.847060
2.41832399	324	-0.313637 -0.472611  0.854721
2.42342805	321	-0.317947 -0.473089  0.846821
2.42852807	323	-0.315553 -0.474765  0.855679
2.43362808	324	-0.308849 -0.465668  0.855200
2.43871593	323	-0.313158 -0.467104  0.852806
2.44381189	322	-0.316031 -0.471174  0.850172
2.44890809	321	-0.319623 -0.478357  0.856637
2.45402002	324	-0.318904 -0.474526  0.855440
2.45911598	322	-0.318904 -0.475244  0.852088
2.46421599	322	-0.316750 -0.475005  0.851369
2.46931195	323	-0.314834 -0.478836  0.848497
2.47441196	322	-0.315792 -0.469019  0.855440
2.47950005	324	-0.317707 -0.473808  0.850891
2.48459601	321	-0.316989 -0.473808  0.858073
2.48970007	322	-0.317707 -0.476920  0.859749
2.49479198	321	-0.310525 -0.475963  0.857115
2.49990010	323	-0.321538 -0.469019  0.851369
2.50500011	322	-0.313877 -0.475963  0.849694
2.51010394	324	-0.314595 -0.479554  0.854003
2.51520800	323	-0.316750 -0.465668  0.859510
2.52029204	322	-0.311004 -0.475963  0.849215
2.52539610	324	-0.314355 -0.472611  0.851130
2.53049993	324	-0.314116 -0.473568  0.845384
2.53561210	322	-0.314116 -0.469259  0.854003
2.54072809	323	-0.312201 -0.474526  0.859749
2.54584789	321	-0.314834 -0.471174  0.850651
2.55095601	321	-0.314355 -0.473568  0.852567
2.55606389	323	-0.316989 -0.472850  0.856637
2.56117200	323	-0.316031 -0.472611  0.842990
2.56627202	323	-0.314595 -0.477160  0.863819
2.57138800	323	-0.309328 -0.473808  0.860707
2.57647609	322	-0.319383 -0.472611  0.859031
2.58159208	322	-0.315792 -0.476202  0.850651
2.58669209	323	-0.311483 -0.467343  0.849694
2.59181189	323	-0.321777 -0.470695  0.861425
##inga 
#ido(sec)  szog(ADC)     ax(g)    ay(g)   az(g)
2.59746003	324	-0.316750 -0.476441  0.849694
2.60271191	322	-0.311961 -0.468541  0.854721
2.60797190	324	-0.308131 -0.471414  0.853285
2.61321210	323	-0.313398 -0.479314  0.849694
2.61832404	323	-0.311483 -0.469259  0.856637
2.62344408	324	-0.320102 -0.474287  0.855679
2.62855601	324	-0.314595 -0.480033  0.853764
2.63366007	323	-0.314355 -0.469019  0.846821
2.63876008	322	-0.311004 -0.476202  0.858073
2.64386010	323	-0.314116 -0.471892  0.851369
2.64899206	323	-0.310046 -0.477638  0.851609
2.65408396	323	-0.318186 -0.468062  0.859989
2.65919995	323	-0.316750 -0.474287  0.854003
2.66430807	322	-0.318426 -0.464949  0.858791
2.66942811	322	-0.316989 -0.475723  0.862143
2.67454004	321	-0.312440 -0.467583  0.855918
2.67965197	324	-0.318904 -0.471892  0.854003
2.68476796	321	-0.312919 -0.474047  0.850651
2.68988394	323	-0.313398 -0.469977  0.853285
2.69501209	324	-0.310285 -0.471174  0.856637
2.70013189	323	-0.317468 -0.472371  0.850172
2.70525193	323	-0.319623 -0.473568  0.854003
2.71037197	324	-0.317468 -0.471892  0.853045
2.71549201	324	-0.313877 -0.473329  0.851130
2.72061204	322	-0.312440 -0.469019  0.856158
2.72573208	324	-0.309567 -0.476681  0.850172
2.73085188	323	-0.310525 -0.475723  0.854242
2.73597192	324	-0.319144 -0.470935  0.860228
2.74109196	324	-0.315074 -0.472132  0.854961
2.74622011	322	-0.316271 -0.473089  0.849694
2.75133609	323	-0.319383 -0.470935  0.849933
2.75644803	323	-0.321059 -0.468301  0.852088
2.76156401	324	-0.321538 -0.476681  0.849694
2.76668000	324	-0.315074 -0.470216  0.842990
2.77178406	322	-0.318186 -0.473808  0.847060
2.77690005	323	-0.312919 -0.470695  0.857115
2.78200006	323	-0.313637 -0.464949  0.845384
2.78711605	323	-0.311483 -0.477160  0.857594
2.79223608	322	-0.314595 -0.475005  0.856158
2.79734802	323	-0.310764 -0.468301  0.850651
2.80245990	324	-0.315074 -0.472850  0.854961
2.80756397	324	-0.312680 -0.470695  0.848975
2.81267595	323	-0.309567 -0.470216  0.851609
2.81778001	323	-0.319383 -0.476441  0.852806
2.82289600	323	-0.316510 -0.474047  0.852088
2.82800006	324	-0.317468 -0.467104  0.848497
2.83309192	322	-0.311961 -0.472850  0.853524
2.83819599	324	-0.316031 -0.472850  0.847060
2.84329204	323	-0.313637 -0.471653  0.858073
2.84840393	324	-0.317947 -0.469977  0.853045
2.85350399	321	-0.314834 -0.476441  0.855918
2.85861206	324	-0.316510 -0.472371  0.857594
2.86371593	322	-0.317947 -0.471414  0.863819
2.86881999	322	-0.316031 -0.475963  0.854003
2.87392406	323	-0.309807 -0.469738  0.851848
2.87901992	322	-0.319144 -0.476681  0.854482
2.88412809	321	-0.318904 -0.471892  0.847778
2.88922004	322	-0.321538 -0.474287  0.846821
2.89433593	323	-0.318665 -0.479075  0.852806
2.89944410	324	-0.317707 -0.474765  0.853285
2.90454406	323	-0.314595 -0.473329  0.851130
2.90965194	323	-0.312919 -0.473568  0.847539
2.91475601	323	-0.314355 -0.475484  0.858313
2.91987209	322	-0.316031 -0.471174  0.846821
2.92497997	322	-0.317229 -0.469259  0.851369
2.93009586	321	-0.316271 -0.477160  0.857594
2.93519592	324	-0.315553 -0.470695  0.854242
2.94030399	324	-0.314595 -0.473329  0.845384
2.94541187	323	-0.314595 -0.468301  0.852806
2.95050811	323	-0.317947 -0.475484  0.857115
2.95561599	322	-0.312919 -0.468780  0.849694
2.96071605	322	-0.315313 -0.472371  0.847299
2.96582794	322	-0.314355 -0.469977  0.852327
2.97093200	324	-0.315074 -0.474287  0.853764
2.97603607	323	-0.315074 -0.471174  0.855918
2.98113203	323	-0.323214 -0.468301  0.847539
2.98623991	323	-0.315553 -0.472371  0.857115
2.99134807	323	-0.315553 -0.467822  0.853764
2.99645214	324	-0.315792 -0.471414  0.846342
3.00156402	323	-0.316271 -0.473329  0.853524
3.00668406	322	-0.319862 -0.469019  0.855440
3.01179194	323	-0.313637 -0.468541  0.852567
3.01690793	323	-0.314116 -0.472611  0.850172
3.02202391	321	-0.317468 -0.474287  0.855679
3.02713203	321	-0.315074 -0.473568  0.858313
3.03223609	323	-0.308131 -0.474047  0.842750
3.03733205	323	-0.314595 -0.469019  0.854003
3.04242396	322	-0.313637 -0.473089  0.857355
3.04753994	321	-0.319383 -0.477878  0.847299
3.05263590	323	-0.318665 -0.471653  0.854961
3.05774807	321	-0.318186 -0.473568  0.856876
3.06286811	323	-0.311961 -0.469498  0.852327
3.06797194	322	-0.321059 -0.477160  0.857834
3.07308411	322	-0.316750 -0.467583  0.854482
3.07819604	322	-0.311722 -0.471414  0.859510
3.08331990	324	-0.317229 -0.471653  0.852088
3.08843207	321	-0.313158 -0.473329  0.849215
3.09355211	321	-0.316989 -0.471892  0.855679
3.09867596	323	-0.315074 -0.469259  0.850651
3.10378408	322	-0.311243 -0.470216  0.851848
3.10890388	323	-0.311722 -0.472132  0.852088
##inga 
#ido(sec)  szog(ADC)     ax(g)    ay(g)   az(g)
3.11456394	322	-0.312919 -0.471174  0.851848
3.11983609	322	-0.311483 -0.472611  0.848257
3.12510395	323	-0.313398 -0.472132  0.847539
3.13035607	324	-0.311004 -0.474765  0.853524
3.13545989	322	-0.318426 -0.471653  0.857355
3.14058399	324	-0.312919 -0.475005  0.857115
3.14568805	324	-0.311243 -0.481948  0.857834
3.15080809	324	-0.314116 -0.474526  0.848975
3.15591597	324	-0.311722 -0.470695  0.858313
3.16101598	323	-0.319144 -0.474765  0.861186
3.16612410	324	-0.314834 -0.475244  0.855440
3.17123603	321	-0.317229 -0.472371  0.848018
3.17635607	321	-0.314116 -0.473808  0.855200
3.18145990	323	-0.315313 -0.476202  0.847778
3.18657588	321	-0.319144 -0.474047  0.857594
3.19168400	324	-0.318186 -0.480033  0.854242
3.19677996	323	-0.310764 -0.470935  0.848736
3.20189189	323	-0.314595 -0.469019  0.848497
3.20700788	321	-0.316031 -0.473089  0.849694
3.21212792	322	-0.316271 -0.472850  0.847539
3.21725201	323	-0.316750 -0.472132  0.856397
3.22237205	323	-0.315313 -0.475723  0.849454
3.22749209	324	-0.314595 -0.470216  0.854961
3.23261189	324	-0.317468 -0.473808  0.854721
3.23772001	320	-0.313637 -0.472611  0.852806
3.24284791	324	-0.311483 -0.472850  0.845863
3.24796795	324	-0.311004 -0.475244  0.849454
3.25308394	322	-0.316750 -0.469259  0.849933
3.25821208	322	-0.309567 -0.475005  0.854003
3.26333189	324	-0.314834 -0.469977  0.843708
3.26845192	324	-0.317468 -0.477160  0.860946
3.27357196	323	-0.318426 -0.470695  0.854242
3.27868008	323	-0.322256 -0.473568  0.849933
3.28379988	323	-0.315553 -0.470456  0.857355
3.28892397	324	-0.317947 -0.476920  0.854482
3.29404401	323	-0.311722 -0.465907  0.854003
3.29915189	324	-0.313158 -0.473089  0.851609
3.30426406	322	-0.321059 -0.471653  0.842272
3.30938005	322	-0.317229 -0.471892  0.850891
3.31450390	323	-0.318904 -0.475963  0.850412
3.31961202	321	-0.312919 -0.467822  0.858073
3.32473206	322	-0.315553 -0.474047  0.857115
3.32983589	323	-0.313158 -0.473568  0.855918
3.33495593	322	-0.313877 -0.476681  0.852088
3.34006810	323	-0.310525 -0.472850  0.852806
3.34517192	323	-0.313877 -0.474765  0.854003
3.35029196	322	-0.312440 -0.479075  0.842032
3.35540390	323	-0.316031 -0.477160  0.853045
3.36050796	324	-0.310046 -0.464710  0.851609
3.36561203	324	-0.318904 -0.473329  0.858073
3.37072396	321	-0.316750 -0.474287  0.854242
3.37583589	323	-0.314355 -0.469259  0.856397
3.38093996	323	-0.309088 -0.468301  0.856397
3.38601994	323	-0.312680 -0.476920  0.861425
3.39111995	323	-0.314355 -0.474526  0.849454
3.39621210	323	-0.315553 -0.476441  0.852567
3.40131592	324	-0.318665 -0.476202  0.849215
3.40641999	322	-0.313637 -0.474047  0.860707
3.41151595	323	-0.311961 -0.470216  0.852567
3.41662001	320	-0.312919 -0.470456  0.860946
3.42171597	322	-0.314355 -0.474287  0.854003
3.42682003	324	-0.312440 -0.479075  0.846581
3.43190789	324	-0.316510 -0.473808  0.846821
3.43700408	323	-0.317468 -0.477878  0.847778
3.44211196	320	-0.318904 -0.471174  0.864538
3.44721198	321	-0.318665 -0.476202  0.851848
3.45230793	322	-0.311483 -0.478357  0.858073
3.45742797	321	-0.313877 -0.475484  0.855200
3.46252799	323	-0.313158 -0.473808  0.851609
3.46761989	322	-0.314834 -0.470695  0.840117
3.47271609	322	-0.315313 -0.470695  0.848975
3.47781610	323	-0.313398 -0.472850  0.852088
3.48291611	323	-0.316031 -0.471414  0.859749
3.48802399	324	-0.317947 -0.471892  0.854482
3.49312806	322	-0.316750 -0.475963  0.848257
3.49822807	324	-0.315313 -0.473089  0.849694
3.50332403	320	-0.315313 -0.469977  0.855918
3.50843596	323	-0.311004 -0.478117  0.852088
3.51354002	322	-0.315792 -0.475244  0.862143
3.51864409	324	-0.311483 -0.471892  0.850891
3.52376389	323	-0.314834 -0.481230  0.853524
3.52887988	323	-0.314355 -0.473568  0.849694
3.53399610	322	-0.315313 -0.470695  0.857594
3.53910803	322	-0.313158 -0.468062  0.842032
3.54421210	321	-0.319144 -0.475005  0.864777
3.54930400	323	-0.309567 -0.473089  0.854721
3.55438804	321	-0.314355 -0.482187  0.856876
3.55950403	324	-0.313877 -0.473808  0.858552
3.56460404	322	-0.317707 -0.471653  0.852088
3.56972002	324	-0.309567 -0.473568  0.856637
3.57484006	323	-0.313637 -0.473808  0.856876
3.57996392	320	-0.314595 -0.471653  0.849933
3.58508801	322	-0.311243 -0.475963  0.846581
3.59021210	324	-0.313637 -0.475963  0.861664
3.59531998	324	-0.314355 -0.471892  0.845145
3.60044002	324	-0.314595 -0.475244  0.847299
3.60555601	322	-0.313877 -0.470935  0.850412
3.61066389	323	-0.320580 -0.472611  0.860707
3.61577606	321	-0.316989 -0.473089  0.854242
3.62088799	323	-0.317468 -0.473568  0.849694
3.62599611	322	-0.312919 -0.470935  0.850651
##inga 
#ido(sec)  szog(ADC)     ax(g)    ay(g)   az(g)
3.63162803	324	-0.316989 -0.469738  0.851609
3.63687992	324	-0.316750 -0.469738  0.846581
3.64213991	322	-0.312919 -0.472371  0.851848
3.64739608	324	-0.313398 -0.470695  0.859989
3.65249991	321	-0.315074 -0.468780  0.854242
3.65760397	321	-0.315313 -0.473808  0.857594
3.66272401	323	-0.314595 -0.478117  0.850412
3.66783595	323	-0.310525 -0.474765  0.855440
3.67295193	324	-0.313877 -0.469019  0.855679
3.67806005	324	-0.311961 -0.475963  0.854242
3.68318796	323	-0.314116 -0.474765  0.853524
3.68830394	322	-0.311483 -0.473808  0.855918
3.69342803	324	-0.319862 -0.475244  0.849215
3.69855189	324	-0.317947 -0.471174  0.849933
3.70367193	322	-0.322735 -0.481709  0.848018
3.70878005	323	-0.313637 -0.475005  0.855440
3.71389198	323	-0.314355 -0.472611  0.843708
3.71901202	323	-0.314355 -0.469019  0.854242
3.72413206	324	-0.310525 -0.471414  0.855918
3.72925209	323	-0.318426 -0.476441  0.858791
3.73438000	323	-0.314595 -0.473808  0.857594
3.73948788	324	-0.315074 -0.478117  0.845384
3.74461603	324	-0.321299 -0.469259  0.860946
3.74972796	322	-0.314355 -0.473089  0.862862
3.75485205	323	-0.317229 -0.478357  0.858073
3.75997209	321	-0.314595 -0.468780  0.850172
3.76509189	322	-0.316750 -0.469498  0.852567
3.77021193	324	-0.311243 -0.471174  0.854242
3.77533197	323	-0.316510 -0.468062  0.857355
3.78045201	322	-0.313398 -0.481230  0.847539
3.78557205	323	-0.315553 -0.469977  0.850172
3.79069209	323	-0.313398 -0.472850  0.848736
3.79581189	321	-0.316031 -0.473808  0.862622
3.80092000	322	-0.316031 -0.478357  0.857594
3.80603599	322	-0.316510 -0.477638  0.857115
3.81114406	322	-0.315074 -0.469259  0.855440
3.81625194	322	-0.315313 -0.473568  0.857594
3.82137203	322	-0.307412 -0.472850  0.855200
3.82647209	322	-0.311004 -0.477160  0.859270
3.83157997	324	-0.316031 -0.468780  0.858313
3.83668403	323	-0.319383 -0.467343  0.850172
3.84180812	323	-0.312201 -0.473568  0.858552
3.84693193	321	-0.320102 -0.470695  0.857115
3.85202789	323	-0.315074 -0.474526  0.854003
3.85714797	323	-0.316510 -0.478117  0.856397
3.86226387	324	-0.318665 -0.474526  0.854961
3.86738796	321	-0.313398 -0.475963  0.850172
3.87251205	324	-0.314355 -0.469977  0.858073
3.87761993	324	-0.316510 -0.466625  0.850651
3.88273191	323	-0.318186 -0.470695  0.844187
3.88785190	323	-0.308609 -0.472850  0.845623
3.89293193	323	-0.313158 -0.470456  0.850651
3.89803600	323	-0.317468 -0.475005  0.857594
3.90312404	324	-0.312680 -0.472611  0.851369
3.90822792	323	-0.316510 -0.470695  0.857594
3.91332416	323	-0.312919 -0.471892  0.856637
3.91842794	323	-0.316271 -0.469498  0.847299
3.92353200	323	-0.311004 -0.478596  0.853764
3.92862014	324	-0.313398 -0.477399  0.856876
3.93372802	322	-0.309807 -0.472371  0.852327
3.93883209	323	-0.309807 -0.468301  0.846821
3.94392395	323	-0.315313 -0.472611  0.847299
3.94902801	324	-0.311961 -0.475484  0.843947
3.95414400	324	-0.318426 -0.473089  0.850172
3.95923595	323	-0.314116 -0.473089  0.853524
3.96434001	324	-0.313637 -0.476202  0.859749
3.96943588	321	-0.317229 -0.477878  0.846821
3.97454814	323	-0.318904 -0.475723  0.856876
3.97965192	323	-0.313637 -0.475244  0.852327
3.98476791	323	-0.316510 -0.478836  0.852567
3.98987598	322	-0.315074 -0.471414  0.854482
3.99498004	323	-0.312440 -0.470216  0.857115
4.00008010	322	-0.312919 -0.475244  0.850412
4.00517177	324	-0.316510 -0.471653  0.849694
4.01027202	321	-0.313877 -0.474765  0.848497
4.01537990	323	-0.313158 -0.471174  0.850172
4.02048015	323	-0.317707 -0.470456  0.844187
4.02557611	322	-0.316031 -0.472850  0.860946
4.03068017	320	-0.314595 -0.475723  0.854961
4.03579998	324	-0.316989 -0.469259  0.858073
4.04090404	324	-0.318904 -0.469498  0.856637
4.04601192	325	-0.320820 -0.469977  0.857834
4.05110788	323	-0.309567 -0.478117  0.854003
4.05622005	322	-0.312919 -0.473329  0.847778
4.06133985	322	-0.314116 -0.474526  0.854961
4.06645584	322	-0.312919 -0.468780  0.851848
4.07155990	324	-0.319144 -0.470695  0.851130
4.07664823	323	-0.315792 -0.473329  0.849694
4.08175611	322	-0.312440 -0.476681  0.843947
4.08686780	322	-0.313158 -0.473808  0.865735
4.09197187	322	-0.306455 -0.471892  0.854482
4.09708023	322	-0.310046 -0.472611  0.848497
4.10219192	322	-0.314595 -0.475963  0.848257
4.10731220	322	-0.320341 -0.476202  0.855679
4.11242818	322	-0.310764 -0.477878  0.853285
4.11753177	323	-0.312680 -0.471653  0.861186
4.12264013	323	-0.311243 -0.475244  0.853285
4.12774801	324	-0.316750 -0.472371  0.855918
4.13286399	324	-0.315313 -0.467822  0.857355
4.13797187	323	-0.317707 -0.473568  0.846102
4.14306783	324	-0.313637 -0.474047  0.860228
##inga 
#ido(sec)  szog(ADC)     ax(g)    ay(g)   az(g)
4.14870786	324	-0.313158 -0.475723  0.852567
4.15396785	321	-0.315313 -0.475244  0.847778
4.15922784	322	-0.307891 -0.480033  0.848975
4.16445589	323	-0.314595 -0.472132  0.855440
4.16957998	324	-0.310525 -0.474765  0.850891
4.17469215	324	-0.317707 -0.476681  0.858552
4.17981195	323	-0.312440 -0.469738  0.845145
4.18491983	324	-0.316989 -0.467343  0.854003
4.19003582	323	-0.313158 -0.475005  0.847299
4.19515180	323	-0.320341 -0.473089  0.860228
4.20025205	322	-0.318186 -0.465668  0.854003
4.20537185	323	-0.314595 -0.474526  0.854242
4.21049213	322	-0.315074 -0.471653  0.854003
4.21559619	324	-0.314116 -0.474287  0.847539
4.22071981	323	-0.313637 -0.476441  0.856637
4.22583580	322	-0.318904 -0.471174  0.849215
4.23094797	322	-0.321059 -0.472850  0.846581
4.23606014	324	-0.314595 -0.471892  0.858313
4.24117612	322	-0.312201 -0.470456  0.859989
4.24629211	324	-0.311961 -0.471653  0.862622
4.25141191	322	-0.310525 -0.472611  0.854242
4.25653982	323	-0.314595 -0.471892  0.847060
4.26165199	324	-0.321299 -0.478117  0.854003
4.26676416	322	-0.309088 -0.473329  0.853045
4.27186822	323	-0.313398 -0.467343  0.859031
4.27698802	322	-0.319144 -0.472850  0.854003
4.28210783	323	-0.313158 -0.469738  0.855440
4.28722000	321	-0.315792 -0.470935  0.858073
4.29232406	322	-0.313637 -0.477399  0.856637
4.29744386	321	-0.314355 -0.475244  0.855918
4.30255603	323	-0.316750 -0.471414  0.854482
4.30766010	323	-0.316750 -0.468541  0.851609
4.31275606	324	-0.311961 -0.467104  0.862143
4.31786012	324	-0.316510 -0.476920  0.855918
4.32295608	322	-0.319862 -0.476681  0.849694
4.32806396	323	-0.318426 -0.475723  0.850651
4.33316421	323	-0.313637 -0.473089  0.850891
4.33826017	321	-0.316271 -0.472611  0.854961
4.34337186	322	-0.316510 -0.473808  0.850891
4.34846782	324	-0.313877 -0.465668  0.842511
4.35357999	323	-0.310764 -0.466625  0.860467
4.35869216	321	-0.317229 -0.471892  0.854482
4.36378812	323	-0.313877 -0.479793  0.853524
4.36888408	321	-0.312440 -0.473568  0.839638
4.37398386	324	-0.318665 -0.470456  0.851130
4.37907600	323	-0.311961 -0.476202  0.855200
4.38415622	322	-0.315553 -0.470695  0.855200
4.38924407	322	-0.312919 -0.472611  0.842990
4.39434814	322	-0.314355 -0.471414  0.856397
4.39945602	322	-0.314834 -0.475244  0.858552
4.40455579	322	-0.317947 -0.471892  0.857115
4.40965986	322	-0.314595 -0.470935  0.857355
4.41475582	322	-0.311243 -0.471892  0.852567
4.41985988	322	-0.314595 -0.472611  0.859031
4.42498016	323	-0.319144 -0.478836  0.849933
4.43008422	324	-0.316510 -0.474047  0.854961
4.43517208	323	-0.318426 -0.472132  0.858313
4.44029188	324	-0.314834 -0.468541  0.855200
4.44539594	322	-0.318426 -0.469977  0.856637
4.45051622	324	-0.313398 -0.470695  0.849454
4.45561981	324	-0.317468 -0.477878  0.853524
4.46072387	323	-0.314355 -0.465907  0.848736
4.46582794	323	-0.313637 -0.468780  0.852088
4.47093200	324	-0.313158 -0.469977  0.849215
4.47603607	324	-0.315553 -0.477638  0.850412
4.48114395	324	-0.312440 -0.478596  0.854721
4.48623991	320	-0.319862 -0.477160  0.851848
4.49134778	324	-0.314355 -0.470456  0.850412
4.49645996	323	-0.314834 -0.473808  0.856637
4.50157594	323	-0.310525 -0.477638  0.848257
4.50668382	323	-0.315074 -0.473329  0.846581
4.51180410	323	-0.316750 -0.469019  0.855918
4.51690816	322	-0.315074 -0.479554  0.846581
4.52201223	322	-0.314355 -0.475005  0.852567
4.52712392	324	-0.315792 -0.472371  0.854482
4.53223609	323	-0.312440 -0.475484  0.848257
4.53734779	321	-0.314595 -0.466625  0.848497
4.54245996	322	-0.316750 -0.477399  0.851130
4.54756402	324	-0.314355 -0.470695  0.845145
4.55268001	324	-0.309088 -0.469259  0.860467
4.55776405	324	-0.316989 -0.473329  0.838920
4.56286811	321	-0.315074 -0.478596  0.848497
4.56797218	323	-0.318904 -0.471174  0.853524
4.57308387	324	-0.315313 -0.475005  0.846821
4.57819986	324	-0.312440 -0.474765  0.852806
4.58330392	324	-0.312919 -0.473568  0.853764
4.58841991	324	-0.312680 -0.477160  0.849694
4.59353208	323	-0.316989 -0.469977  0.848975
4.59864377	323	-0.313398 -0.466625  0.845145
4.60375976	320	-0.307173 -0.471174  0.846581
4.60888385	324	-0.316510 -0.469019  0.859989
4.61398792	324	-0.317229 -0.468541  0.849933
4.61910820	323	-0.312680 -0.472611  0.857834
4.62422800	323	-0.313398 -0.468541  0.852088
4.62933588	322	-0.310525 -0.475723  0.848018
4.63445615	323	-0.312201 -0.469019  0.848736
4.63956785	324	-0.317468 -0.474287  0.851130
4.64468383	324	-0.317229 -0.473329  0.853045
4.64980411	323	-0.316271 -0.472132  0.859031
4.65493583	321	-0.315553 -0.471414  0.855918
4.66006422	321	-0.317468 -0.475484  0.856876
##inga 
#ido(sec)  szog(ADC)     ax(g)    ay(g)   az(g)
4.66572380	322	-0.317468 -0.472850  0.858313
4.67097616	324	-0.313877 -0.471174  0.854242
4.67622423	324	-0.313398 -0.469259  0.860228
4.68147182	324	-0.316271 -0.477399  0.858073
4.68658781	324	-0.310764 -0.473089  0.856637
4.69170379	322	-0.314595 -0.468541  0.855918
4.69682788	324	-0.315074 -0.474287  0.851369
4.70194005	322	-0.322256 -0.474047  0.846102
4.70705604	322	-0.319383 -0.475963  0.847539
4.71218013	323	-0.316031 -0.471892  0.847778
4.71729183	323	-0.313398 -0.472611  0.848736
4.72240781	323	-0.311243 -0.475244  0.846581
4.72752809	322	-0.315553 -0.473568  0.852806
4.73263597	324	-0.311722 -0.470935  0.857115
4.73774003	324	-0.316750 -0.473329  0.848497
4.74283599	323	-0.308849 -0.468541  0.864538
4.74794006	324	-0.319144 -0.469498  0.853285
4.75304412	322	-0.313158 -0.470695  0.856876
4.75814390	323	-0.315074 -0.469498  0.852088
4.76324415	324	-0.310046 -0.473568  0.852806
4.76834011	322	-0.315553 -0.471174  0.843469
4.77345180	323	-0.314834 -0.472611  0.859510
4.77855587	324	-0.312919 -0.475244  0.852806
4.78365993	322	-0.315792 -0.473089  0.855440
4.78875589	323	-0.315792 -0.469738  0.848257
4.79385995	323	-0.313877 -0.476920  0.855200
4.79894781	321	-0.315553 -0.474047  0.857594
4.80405187	322	-0.312201 -0.473808  0.855679
4.80915594	323	-0.313637 -0.474765  0.845145
4.81426000	324	-0.312680 -0.474765  0.857115
4.81935596	323	-0.313398 -0.476441  0.851369
4.82446813	322	-0.320102 -0.476681  0.850651
4.82956409	323	-0.312919 -0.468780  0.857594
4.83465576	323	-0.309807 -0.474287  0.856397
4.83973979	322	-0.311004 -0.473089  0.847539
4.84482812	324	-0.315792 -0.472371  0.842990
4.84993219	323	-0.316031 -0.469259  0.854003
4.85504007	322	-0.314595 -0.473089  0.857834
4.86013984	323	-0.315553 -0.473329  0.853045
4.86525201	324	-0.319862 -0.470216  0.859989
4.87035608	322	-0.314116 -0.475244  0.846102
4.87547588	321	-0.315074 -0.471174  0.843469
4.88058805	324	-0.310764 -0.470456  0.856637
4.88570022	324	-0.319383 -0.474047  0.853764
4.89081192	322	-0.313637 -0.480033  0.853524
4.89592790	323	-0.316989 -0.469498  0.850651
4.90102386	324	-0.313158 -0.470695  0.859270
4.90612411	323	-0.317468 -0.473808  0.858073
4.91123199	323	-0.323932 -0.471174  0.856158
4.91634798	323	-0.317229 -0.477878  0.850172
4.92145586	320	-0.316989 -0.469977  0.852567
4.92655611	324	-0.316750 -0.469977  0.856397
4.93166017	322	-0.313637 -0.472132  0.851848
4.93677997	324	-0.320341 -0.478836  0.855200
4.94188404	323	-0.314595 -0.466625  0.853285
4.94700002	323	-0.311004 -0.470695  0.862862
4.95211219	324	-0.316510 -0.472611  0.851609
4.95722818	324	-0.316750 -0.474047  0.852567
4.96232795	320	-0.321059 -0.467822  0.852806
4.96743583	324	-0.315792 -0.473808  0.849215
4.97254800	322	-0.311961 -0.471653  0.856637
4.97768020	322	-0.317229 -0.472611  0.856158
4.98280382	324	-0.314834 -0.471892  0.855679
4.98791599	321	-0.316031 -0.473568  0.848018
4.99303197	322	-0.314116 -0.473089  0.850651
4.99813985	322	-0.318904 -0.468780  0.853285
5.00324392	324	-0.314116 -0.467343  0.854003
5.00834798	321	-0.318904 -0.476202  0.847778
5.01345205	321	-0.313158 -0.470695  0.849215
5.01855182	324	-0.312440 -0.472611  0.850891
5.02366018	323	-0.316750 -0.476202  0.848497
5.02876377	323	-0.316271 -0.472850  0.865735
5.03387594	321	-0.316510 -0.471414  0.854961
5.03900384	324	-0.316510 -0.477160  0.846821
5.04411602	323	-0.319144 -0.474287  0.843229
5.04924392	322	-0.314355 -0.481469  0.851609
5.05434799	320	-0.313398 -0.477399  0.849933
5.05946779	321	-0.312680 -0.471653  0.854003
5.06457996	322	-0.314116 -0.473329  0.842032
5.06969976	322	-0.319144 -0.470216  0.854961
5.07482004	320	-0.319144 -0.471414  0.855918
5.07994794	323	-0.314595 -0.475244  0.852567
5.08506822	323	-0.317468 -0.472371  0.853524
5.09019184	322	-0.315553 -0.473089  0.854961
5.09530019	323	-0.323932 -0.465907  0.845145
5.10041618	323	-0.315553 -0.470935  0.858552
5.10553216	322	-0.316750 -0.470935  0.851130
5.11062812	322	-0.316031 -0.472850  0.856397
5.11573600	323	-0.314116 -0.471892  0.858073
5.12085199	324	-0.316510 -0.470695  0.857115
5.12595987	323	-0.315553 -0.471653  0.852088
5.13108396	320	-0.318186 -0.475963  0.849454
5.13620376	324	-0.316750 -0.478117  0.855440
5.14132022	323	-0.311243 -0.469977  0.853524
5.14643621	324	-0.314355 -0.469019  0.844426
5.15154790	323	-0.316989 -0.475484  0.846342
5.15666007	323	-0.312680 -0.471414  0.849933
5.16178798	324	-0.311961 -0.475244  0.852327
5.16690778	321	-0.320820 -0.469738  0.850651
5.17201185	322	-0.314834 -0.473329  0.858073
5.17712402	323	-0.314116 -0.467343  0.862862
##inga 
#ido(sec)  szog(ADC)     ax(g)    ay(g)   az(g)
5.18278408	323	-0.318426 -0.475244  0.845863
5.18803977	324	-0.316031 -0.471892  0.854721
5.19329595	323	-0.312201 -0.470695  0.853524
5.19854021	322	-0.313398 -0.475005  0.854482
5.20363616	323	-0.313877 -0.471892  0.853045
5.20874786	322	-0.309088 -0.472611  0.850651
5.21384000	323	-0.315313 -0.473329  0.849215
5.21894407	323	-0.311243 -0.472371  0.853764
5.22405195	323	-0.314595 -0.472611  0.854721
5.22916412	324	-0.314834 -0.470216  0.857594
5.23426008	322	-0.315792 -0.470216  0.852327
5.23935604	323	-0.315553 -0.472132  0.860467
5.24447584	322	-0.317707 -0.467583  0.859270
5.24957180	323	-0.315553 -0.471653  0.852567
5.25467586	323	-0.316271 -0.472611  0.852088
5.25979995	323	-0.319862 -0.475244  0.854242
5.26490402	324	-0.311004 -0.470216  0.847778
5.26998805	324	-0.315074 -0.476202  0.850651
5.27507591	323	-0.318904 -0.473089  0.858552
5.28016376	322	-0.313398 -0.478596  0.846102
5.28526020	324	-0.308370 -0.477399  0.857594
5.29034805	324	-0.316271 -0.469738  0.850651
5.29545593	324	-0.311722 -0.473089  0.854721
5.30056381	322	-0.314595 -0.474287  0.855679
5.30565977	324	-0.316750 -0.471414  0.851130
5.31076383	323	-0.312680 -0.467822  0.853764
5.31586790	321	-0.319383 -0.479793  0.858313
5.32096815	324	-0.312440 -0.473329  0.857115
5.32607221	324	-0.314355 -0.480751  0.844905
5.33118009	323	-0.319623 -0.472850  0.855200
5.33627986	322	-0.313398 -0.472850  0.860946
5.34138822	322	-0.314355 -0.471174  0.856637
5.34649181	324	-0.310525 -0.471414  0.853764
5.35160398	324	-0.315313 -0.471653  0.849215
5.35672378	324	-0.313877 -0.477399  0.855200
5.36181592	324	-0.310525 -0.473329  0.861904
5.36691999	324	-0.313637 -0.472611  0.856158
5.37203979	322	-0.315792 -0.468301  0.853285
5.37715578	320	-0.313398 -0.470216  0.852088
5.38225984	325	-0.312919 -0.469019  0.841553
5.38735580	323	-0.312201 -0.470695  0.848018
5.39245986	323	-0.315792 -0.468780  0.859510
5.39756393	323	-0.316031 -0.472132  0.851130
5.40266799	323	-0.314355 -0.473808  0.850891
5.40777587	323	-0.314116 -0.470216  0.849454
5.41288805	323	-0.317468 -0.473089  0.855440
5.41799211	323	-0.312440 -0.470935  0.851130
5.42307615	324	-0.320102 -0.469498  0.843229
5.42818021	323	-0.312440 -0.476920  0.851369
5.43328380	321	-0.318186 -0.470695  0.851609
5.43838787	324	-0.315313 -0.467343  0.853045
5.44349193	324	-0.318186 -0.469977  0.846581
5.44859600	320	-0.310046 -0.476681  0.853045
5.45370006	321	-0.309328 -0.474526  0.851369
5.45880413	321	-0.310046 -0.467104  0.839877
5.46390819	322	-0.317468 -0.479793  0.846102
5.46902799	324	-0.317947 -0.473329  0.855918
5.47414779	324	-0.317468 -0.478357  0.858073
5.47926807	320	-0.310046 -0.473808  0.849933
5.48438787	322	-0.318904 -0.471892  0.857594
5.48949623	324	-0.317468 -0.466865  0.852327
5.49461221	323	-0.318186 -0.473808  0.849215
5.49972009	323	-0.315792 -0.471892  0.860467
5.50482797	325	-0.314595 -0.470935  0.846342
5.50994777	324	-0.315313 -0.472611  0.855200
5.51506805	321	-0.316271 -0.466865  0.859510
5.52018785	322	-0.310285 -0.473808  0.855440
5.52530813	323	-0.312440 -0.472611  0.852327
5.53041219	322	-0.315074 -0.479075  0.851848
5.53551578	322	-0.310764 -0.464949  0.849933
5.54062795	324	-0.316271 -0.469498  0.855679
5.54574823	322	-0.312440 -0.477399  0.860946
5.55085182	323	-0.312919 -0.475244  0.852088
5.55597209	323	-0.320580 -0.471414  0.856637
5.56108379	322	-0.314355 -0.468780  0.852806
5.56619977	322	-0.314834 -0.474765  0.860467
5.57130813	324	-0.316750 -0.472611  0.847778
5.57642412	322	-0.317707 -0.476441  0.848736
5.58151578	324	-0.314355 -0.476441  0.853285
5.58661603	323	-0.319383 -0.469259  0.857594
5.59172010	322	-0.316750 -0.469498  0.841793
5.59681177	323	-0.318426 -0.476202  0.851369
5.60190820	324	-0.318186 -0.475244  0.854003
5.60701179	322	-0.318426 -0.472611  0.851848
5.61211585	322	-0.315313 -0.469259  0.849694
5.61721181	323	-0.312201 -0.477638  0.846821
5.62231588	324	-0.315792 -0.468301  0.851609
5.62741184	322	-0.313877 -0.473568  0.847299
5.63251209	323	-0.311483 -0.471892  0.861904
5.63761997	324	-0.318904 -0.480990  0.855918
5.64270401	323	-0.316271 -0.477160  0.849694
5.64780807	323	-0.317468 -0.475723  0.853045
5.65290784	321	-0.312201 -0.467343  0.860467
5.65801191	322	-0.311961 -0.477638  0.847778
5.66311597	320	-0.314355 -0.470456  0.853524
5.66821193	323	-0.312680 -0.478836  0.850412
5.67331218	324	-0.313877 -0.469259  0.862143
5.67841196	320	-0.316989 -0.467822  0.854721
5.68350791	324	-0.310046 -0.475244  0.850172
5.68860387	321	-0.321777 -0.472132  0.853524
5.69370794	324	-0.313158 -0.468541  0.855200
##inga 
#ido(sec)  szog(ADC)     ax(g)    ay(g)   az(g)
5.69934415	321	-0.317468 -0.473568  0.862383
5.70460414	322	-0.316031 -0.473808  0.848975
5.70985221	320	-0.315074 -0.468301  0.848975
5.71507596	322	-0.317229 -0.470456  0.839399
5.72018384	324	-0.315792 -0.478117  0.861904
5.72529983	322	-0.316989 -0.470935  0.849215
5.73040819	321	-0.317229 -0.476681  0.862622
5.73550796	323	-0.314595 -0.472850  0.852327
5.74060392	324	-0.316031 -0.472611  0.861904
5.74571990	321	-0.312201 -0.471414  0.859989
5.75084018	324	-0.314116 -0.471414  0.845863
5.75596380	322	-0.311004 -0.467104  0.857355
5.76106405	324	-0.313877 -0.469019  0.854003
5.76617622	324	-0.322256 -0.475963  0.852567
5.77129602	323	-0.309088 -0.472611  0.849454
5.77640819	324	-0.312919 -0.470695  0.854003
5.78151607	323	-0.315074 -0.470695  0.842272
5.78661584	324	-0.313637 -0.471174  0.856158
5.79173994	323	-0.311483 -0.474765  0.860228
5.79685211	323	-0.312201 -0.480272  0.844187
5.80195617	321	-0.311961 -0.474526  0.856397
5.80707597	323	-0.314355 -0.469259  0.849933
5.81219196	321	-0.314834 -0.474047  0.851130
5.81728410	324	-0.313398 -0.471653  0.857834
5.82240390	323	-0.311483 -0.474287  0.843947
5.82752418	322	-0.314595 -0.476441  0.850651
5.83262777	322	-0.320341 -0.470216  0.856397
5.83772420	323	-0.316271 -0.470695  0.853285
5.84283590	323	-0.315553 -0.472371  0.848497
5.84794807	320	-0.311004 -0.474287  0.859510
5.85306406	323	-0.317468 -0.477878  0.860946
5.85817193	324	-0.327523 -0.470456  0.856158
5.86328411	324	-0.312440 -0.477399  0.855918
5.86840391	320	-0.320341 -0.473808  0.858073
5.87351989	322	-0.316271 -0.473089  0.853045
5.87862777	324	-0.315792 -0.473089  0.849454
5.88373613	321	-0.318186 -0.469259  0.846821
5.88886404	320	-0.311243 -0.470216  0.851609
5.89398384	321	-0.311243 -0.476441  0.847060
5.89909982	324	-0.307173 -0.471653  0.859749
5.90421581	321	-0.314595 -0.474287  0.861664
5.90933179	323	-0.319623 -0.474765  0.854482
5.91446399	322	-0.312919 -0.471653  0.845863
5.91958808	324	-0.310525 -0.473329  0.851609
5.92470788	323	-0.323453 -0.467583  0.850412
5.92982816	324	-0.314355 -0.467343  0.855679
5.93494796	324	-0.311722 -0.474765  0.855440
5.94006776	320	-0.322017 -0.474765  0.854961
5.94517612	324	-0.310525 -0.474287  0.847060
5.95029211	322	-0.312440 -0.471653  0.849454
5.95540809	323	-0.314834 -0.473568  0.851848
5.96052789	324	-0.314355 -0.474765  0.845623
5.96564388	324	-0.316989 -0.467822  0.850651
5.97074794	321	-0.316510 -0.473089  0.856637
5.97586822	323	-0.315313 -0.473329  0.844426
5.98099613	323	-0.316271 -0.474765  0.839877
5.98612785	324	-0.307173 -0.477399  0.858313
5.99124383	324	-0.319862 -0.470456  0.854003
5.99634790	322	-0.318186 -0.482906  0.853524
6.00145196	322	-0.313877 -0.472850  0.851130
6.00655603	320	-0.320820 -0.474765  0.851130
6.01166009	323	-0.314116 -0.474526  0.855918
6.01677989	323	-0.312919 -0.472611  0.849694
6.02190399	324	-0.305258 -0.470695  0.850891
6.02700805	323	-0.320341 -0.471414  0.853045
6.03212404	322	-0.322735 -0.469019  0.855200
6.03722810	322	-0.310764 -0.473329  0.851848
6.04233217	324	-0.312201 -0.468541  0.850891
6.04745197	323	-0.314116 -0.464231  0.855200
6.05257177	322	-0.318186 -0.468062  0.850651
6.05766820	323	-0.318426 -0.469019  0.851609
6.06275606	323	-0.314834 -0.471892  0.848018
6.06786012	322	-0.312680 -0.471892  0.857115
6.07295989	321	-0.311722 -0.471414  0.849694
6.07806777	323	-0.310046 -0.475723  0.848975
6.08316421	323	-0.315313 -0.471414  0.848018
6.08828401	324	-0.311961 -0.475723  0.854961
6.09339618	324	-0.313877 -0.473808  0.849694
6.09849214	321	-0.318426 -0.479314  0.851369
6.10359621	323	-0.306215 -0.470216  0.856876
6.10869216	323	-0.319383 -0.468541  0.859989
6.11379623	323	-0.312919 -0.469498  0.860228
6.11889219	323	-0.314595 -0.474765  0.855918
6.12398815	320	-0.320341 -0.474526  0.853045
6.12908792	323	-0.314116 -0.477878  0.847778
6.13418817	323	-0.316271 -0.482666  0.845384
6.13928413	323	-0.313398 -0.477160  0.857594
6.14438009	323	-0.314595 -0.473089  0.853764
6.14947223	322	-0.313877 -0.472132  0.856637
6.15458011	323	-0.312919 -0.473808  0.848736
6.15968418	322	-0.316750 -0.479314  0.851369
6.16478013	324	-0.318904 -0.471414  0.850891
6.16988420	322	-0.309567 -0.476202  0.860228
6.17498016	323	-0.317947 -0.475244  0.852327
6.18008422	324	-0.317468 -0.471892  0.853045
6.18519210	323	-0.310046 -0.471653  0.858313
6.19028377	323	-0.315074 -0.474047  0.845384
6.19538784	321	-0.309328 -0.469977  0.859270
6.20047998	323	-0.311722 -0.467583  0.851130
6.20558404	323	-0.313398 -0.474047  0.848736
6.21070003	324	-0.314355 -0.476681  0.858552
##inga 
#ido(sec)  szog(ADC)     ax(g)    ay(g)   az(g)
6.21634006	324	-0.319383 -0.468541  0.850172
6.22159194	324	-0.317468 -0.473089  0.859510
6.22684001	322	-0.311961 -0.468780  0.854721
6.23207187	323	-0.310285 -0.471892  0.854242
6.23718786	323	-0.318186 -0.476202  0.855200
6.24228811	324	-0.314355 -0.474765  0.848257
6.24739599	324	-0.316510 -0.480990  0.854482
6.25249195	322	-0.319623 -0.475723  0.854242
6.25760412	321	-0.318186 -0.472611  0.844426
6.26272392	322	-0.312919 -0.471892  0.857355
6.26784420	324	-0.313158 -0.468301  0.852088
6.27294778	322	-0.316750 -0.464949  0.854961
6.27805995	323	-0.315074 -0.474047  0.859031
6.28315591	322	-0.321538 -0.471174  0.847299
6.28828001	323	-0.319383 -0.474047  0.855679
6.29339599	322	-0.316510 -0.473808  0.850172
6.29850006	324	-0.314355 -0.472850  0.848018
6.30361223	323	-0.317707 -0.476441  0.855200
6.30871582	320	-0.321059 -0.468301  0.848736
6.31382417	323	-0.316510 -0.472850  0.858073
6.31893587	323	-0.323214 -0.471414  0.854482
6.32406806	323	-0.315553 -0.471414  0.856637
6.32919597	323	-0.310764 -0.474047  0.858552
6.33430385	323	-0.319383 -0.475963  0.852806
6.33942413	321	-0.314355 -0.472611  0.854482
6.34454822	323	-0.315553 -0.474047  0.857115
6.34966802	323	-0.310046 -0.469977  0.853285
6.35478782	324	-0.313877 -0.470216  0.853285
6.35990810	323	-0.313877 -0.471414  0.847060
6.36502790	322	-0.318426 -0.475005  0.850651
6.37013578	323	-0.311961 -0.472371  0.854003
6.37525177	322	-0.315313 -0.469977  0.848736
6.38036823	322	-0.319623 -0.475484  0.855200
6.38548803	322	-0.316750 -0.466625  0.852327
6.39060401	323	-0.311483 -0.469977  0.849933
6.39573621	320	-0.313158 -0.473808  0.854961
6.40085601	323	-0.314595 -0.478117  0.852567
6.40598392	323	-0.310764 -0.474047  0.863819
6.41110420	324	-0.313398 -0.473568  0.843947
6.41621589	324	-0.318665 -0.473808  0.855440
6.42133188	321	-0.317947 -0.473568  0.855440
6.42645978	324	-0.313877 -0.468301  0.849933
6.43158006	323	-0.313637 -0.470456  0.856158
6.43670797	323	-0.311243 -0.470695  0.857115
6.44182777	323	-0.316510 -0.472850  0.861186
6.44693613	320	-0.318665 -0.474765  0.855440
6.45205593	323	-0.319383 -0.470456  0.850412
6.45716810	323	-0.312440 -0.471414  0.852088
6.46228408	321	-0.315553 -0.472132  0.851848
6.46741580	322	-0.316989 -0.473808  0.852806
6.47251987	323	-0.314355 -0.470935  0.845145
6.47764015	322	-0.317707 -0.477638  0.858791
6.48274803	323	-0.311961 -0.470695  0.850651
6.48786783	323	-0.309807 -0.480990  0.854242
6.49296379	320	-0.318904 -0.475005  0.853285
6.49806022	321	-0.311961 -0.473808  0.855918
6.50318002	321	-0.307891 -0.475963  0.856158
6.50829601	321	-0.318904 -0.479314  0.853285
6.51340389	323	-0.318186 -0.474287  0.855918
6.51853179	321	-0.319862 -0.471174  0.851369
6.52365207	322	-0.313637 -0.474526  0.850172
6.52876377	323	-0.313158 -0.474047  0.848257
6.53388023	322	-0.309807 -0.476681  0.858313
6.53898811	324	-0.323453 -0.469259  0.845863
6.54409217	324	-0.314834 -0.466865  0.852567
6.54919576	323	-0.311243 -0.471174  0.857594
6.55431222	324	-0.321777 -0.467822  0.852088
6.55942010	324	-0.314834 -0.478357  0.848497
6.56451988	322	-0.316989 -0.471653  0.853285
6.56962776	323	-0.315553 -0.478357  0.850891
6.57473182	324	-0.309328 -0.472371  0.859270
6.57982015	322	-0.316031 -0.476202  0.851609
6.58491611	321	-0.319383 -0.471174  0.855679
6.59001207	322	-0.319862 -0.471653  0.846342
6.59512805	323	-0.317947 -0.471414  0.850412
6.60022783	321	-0.316031 -0.475244  0.843229
6.60532379	323	-0.315553 -0.468301  0.848257
6.61042785	324	-0.318186 -0.479314  0.854721
6.61553192	324	-0.318904 -0.468062  0.859031
6.62061977	323	-0.312919 -0.471174  0.847299
6.62572813	323	-0.316989 -0.473568  0.853045
6.63082408	322	-0.312919 -0.472371  0.859510
6.63593196	321	-0.315313 -0.469977  0.850172
6.64102792	324	-0.316510 -0.469738  0.849215
6.64613199	321	-0.314834 -0.469498  0.855200
6.65121984	322	-0.321059 -0.471174  0.854482
6.65631580	323	-0.314834 -0.477160  0.849933
6.66140413	324	-0.311004 -0.475244  0.846342
6.66650819	324	-0.312201 -0.473808  0.849933
6.67160415	320	-0.310764 -0.474526  0.854721
6.67670822	324	-0.316989 -0.479793  0.858791
6.68181991	324	-0.313158 -0.470695  0.857355
6.68692398	322	-0.318426 -0.474047  0.854961
6.69203996	324	-0.315074 -0.477160  0.855200
6.69713211	322	-0.316271 -0.473568  0.849694
6.70225191	323	-0.314355 -0.474047  0.849933
6.70735979	323	-0.315792 -0.473089  0.851130
6.71246004	323	-0.315074 -0.473089  0.854003
6.71756410	323	-0.319144 -0.472371  0.850651
6.72268390	322	-0.313877 -0.472850  0.856637
6.72779178	323	-0.318426 -0.474526  0.852806
##inga 
#ido(sec)  szog(ADC)     ax(g)    ay(g)   az(g)
6.73342418	321	-0.305258 -0.475963  0.854961
6.73868417	323	-0.316031 -0.476681  0.859749
6.74394416	323	-0.321538 -0.470216  0.857115
6.74918794	323	-0.311004 -0.478836  0.851848
6.75430393	321	-0.316510 -0.474287  0.859031
6.75941181	323	-0.313877 -0.469259  0.852806
6.76451587	323	-0.313398 -0.463992  0.845623
6.76963615	322	-0.314834 -0.474047  0.846821
6.77474021	322	-0.309807 -0.472371  0.855440
6.77984380	323	-0.307173 -0.480033  0.855918
6.78494405	322	-0.317468 -0.473329  0.849933
6.79005193	323	-0.312440 -0.467343  0.853285
6.79516410	323	-0.316989 -0.470456  0.847539
6.80027580	323	-0.307652 -0.471892  0.852806
6.80537223	323	-0.313398 -0.474526  0.849215
6.81050014	322	-0.318426 -0.479314  0.859510
6.81561183	322	-0.316031 -0.475723  0.856637
6.82073593	323	-0.315553 -0.475484  0.853764
6.82586002	321	-0.314595 -0.474526  0.848736
6.83098411	324	-0.321538 -0.470216  0.852327
6.83609199	322	-0.317468 -0.477160  0.853285
6.84121179	323	-0.313398 -0.477160  0.847299
6.84632396	323	-0.314834 -0.472371  0.862383
6.85144376	324	-0.316031 -0.477399  0.839877
6.85655593	324	-0.320341 -0.473329  0.844426
6.86166810	324	-0.315792 -0.468301  0.858073
6.86677598	323	-0.315553 -0.468301  0.846102
6.87189197	322	-0.312680 -0.472132  0.851609
6.87700796	323	-0.316989 -0.475963  0.846342
6.88212776	324	-0.316510 -0.468062  0.851609
6.88724422	322	-0.321059 -0.474287  0.853764
6.89236021	320	-0.311483 -0.475484  0.858313
6.89748001	324	-0.318186 -0.472850  0.854482
6.90259981	323	-0.315313 -0.472850  0.863340
6.90772390	320	-0.311722 -0.470695  0.853764
6.91284418	323	-0.319862 -0.475963  0.844666
6.91797208	322	-0.318904 -0.475963  0.852806
6.92308807	323	-0.314595 -0.472850  0.852327
6.92818784	323	-0.311004 -0.475723  0.844666
6.93330812	322	-0.316510 -0.469977  0.850172
6.93841218	324	-0.317229 -0.474287  0.851609
6.94353199	322	-0.312201 -0.469738  0.855918
6.94865179	324	-0.318904 -0.469977  0.844905
6.95375585	323	-0.316031 -0.472850  0.852088
6.95885992	324	-0.314834 -0.475963  0.857355
6.96398019	322	-0.313398 -0.469977  0.851369
6.96909999	322	-0.320820 -0.471414  0.851369
6.97421598	323	-0.313877 -0.470695  0.853285
6.97932386	323	-0.316750 -0.474526  0.857834
6.98443603	324	-0.317468 -0.468780  0.849215
6.98955583	322	-0.315313 -0.470935  0.845863
6.99467182	323	-0.317229 -0.478357  0.856397
6.99978780	323	-0.316750 -0.470695  0.851609
7.00486803	322	-0.312919 -0.472132  0.848497
7.00997209	324	-0.311961 -0.473808  0.858313
7.01507186	321	-0.315792 -0.473568  0.842990
7.02016401	322	-0.316031 -0.479075  0.851609
7.02526378	323	-0.309807 -0.473089  0.856637
7.03034782	323	-0.313877 -0.475484  0.852567
7.03545188	323	-0.317947 -0.471892  0.855440
7.04055213	324	-0.322017 -0.470935  0.852327
7.04564380	324	-0.315313 -0.473568  0.860946
7.05074787	323	-0.316031 -0.476441  0.859989
7.05585193	324	-0.315792 -0.472611  0.851369
7.06096410	323	-0.315792 -0.468541  0.854961
7.06607580	323	-0.316031 -0.464470  0.856397
7.07117605	322	-0.313637 -0.473808  0.857115
7.07627582	324	-0.318186 -0.473089  0.853285
7.08137178	321	-0.309807 -0.475723  0.847539
7.08647203	324	-0.311004 -0.473089  0.850172
7.09155178	322	-0.315553 -0.473568  0.850891
7.09667205	323	-0.313398 -0.471414  0.856397
7.10179185	324	-0.314595 -0.477878  0.853524
7.10689210	321	-0.315553 -0.473089  0.860467
7.11198806	321	-0.319383 -0.473329  0.847539
7.11709213	323	-0.309807 -0.476202  0.852088
7.12219619	322	-0.310285 -0.479075  0.854003
7.12729597	322	-0.312919 -0.470695  0.852567
7.13239622	321	-0.315553 -0.471653  0.854482
7.13749980	322	-0.314116 -0.472611  0.855440
7.14261198	324	-0.311722 -0.472850  0.852088
7.14771604	324	-0.308370 -0.470695  0.843229
7.15282011	322	-0.319862 -0.471653  0.856637
7.15793609	324	-0.311961 -0.465428  0.855200
7.16304016	324	-0.316510 -0.469498  0.846102
7.16814422	321	-0.315792 -0.471653  0.850891
7.17326021	323	-0.316271 -0.477878  0.857115
7.17836380	324	-0.313877 -0.471653  0.857834
7.18349218	324	-0.318426 -0.471653  0.860467
7.18860006	322	-0.307412 -0.468301  0.853285
7.19370412	324	-0.311961 -0.472132  0.861904
7.19882822	324	-0.314355 -0.469977  0.845863
7.20393180	324	-0.316271 -0.472132  0.847778
7.20904779	324	-0.316271 -0.471174  0.856158
7.21417617	323	-0.313877 -0.473089  0.848736
7.21928405	321	-0.313158 -0.479554  0.849215
7.22439622	322	-0.320580 -0.470935  0.857115
7.22949218	324	-0.313877 -0.469977  0.854721
7.23460006	323	-0.315313 -0.471414  0.857594
7.23972797	320	-0.317229 -0.472371  0.854003
7.24485206	322	-0.313158 -0.470456  0.858073
##inga 
#ido(sec)  szog(ADC)     ax(g)    ay(g)   az(g)
7.25050020	323	-0.313877 -0.467583  0.851369
7.25574398	323	-0.317707 -0.474526  0.852327
7.26100397	323	-0.317468 -0.470695  0.856876
7.26623201	324	-0.312680 -0.474526  0.852327
7.27134418	322	-0.312440 -0.477160  0.848736
7.27644395	323	-0.317947 -0.468780  0.848018
7.28155612	323	-0.314595 -0.472132  0.851130
7.28666782	324	-0.310285 -0.480990  0.854961
7.29177188	323	-0.314595 -0.477638  0.854961
7.29688405	323	-0.312440 -0.467822  0.850891
7.30199623	321	-0.316031 -0.478357  0.852567
7.30711984	322	-0.316750 -0.469498  0.852088
7.31222820	322	-0.311243 -0.475963  0.853764
7.31734800	322	-0.313877 -0.477878  0.864777
7.32246780	322	-0.320820 -0.475723  0.853764
7.32757616	323	-0.316750 -0.475723  0.847299
7.33269596	323	-0.314834 -0.469498  0.847778
7.33782005	323	-0.312919 -0.473329  0.849454
7.34294414	324	-0.313398 -0.470695  0.845863
7.34806823	323	-0.311722 -0.477878  0.848257
7.35318803	324	-0.314595 -0.473808  0.853045
7.35829591	323	-0.321299 -0.472850  0.849694
7.36341619	323	-0.319144 -0.472850  0.856158
7.36853981	323	-0.314595 -0.474765  0.850172
7.37366390	323	-0.316271 -0.473089  0.855440
7.37877607	322	-0.316510 -0.471892  0.854721
7.38389587	324	-0.316271 -0.473089  0.854242
7.38901615	323	-0.311004 -0.475723  0.849933
7.39412784	323	-0.317229 -0.469498  0.856637
7.39926004	323	-0.315553 -0.469977  0.849215
7.40438795	322	-0.315792 -0.472850  0.863340
7.40950822	322	-0.317947 -0.471653  0.855200
7.41462802	323	-0.313158 -0.468301  0.858313
7.41973590	324	-0.314834 -0.470216  0.850651
7.42485189	321	-0.318665 -0.474765  0.851848
7.42996788	322	-0.316271 -0.472611  0.853285
7.43510007	321	-0.317947 -0.466386  0.856397
7.44021606	324	-0.317229 -0.475484  0.842032
7.44534778	323	-0.313637 -0.472850  0.844905
7.45045614	320	-0.315074 -0.471892  0.858073
7.45557212	323	-0.312440 -0.475723  0.849694
7.46068811	324	-0.316989 -0.475723  0.852088
7.46580410	323	-0.310525 -0.474765  0.853045
7.47090816	323	-0.314595 -0.476920  0.849454
7.47602796	322	-0.315553 -0.472611  0.856158
7.48116016	322	-0.316510 -0.470216  0.848975
7.48627614	324	-0.319383 -0.470935  0.850651
7.49139213	324	-0.315074 -0.473568  0.846821
7.49652385	322	-0.320102 -0.476681  0.857834
7.50163984	322	-0.321059 -0.471414  0.856876
7.50677204	323	-0.316510 -0.468541  0.852806
7.51188802	320	-0.314116 -0.470456  0.844666
7.51702022	322	-0.315074 -0.463513  0.855440
7.52214813	324	-0.317707 -0.475244  0.851369
7.52726793	324	-0.314116 -0.473089  0.857355
7.53238821	321	-0.314595 -0.477638  0.851609
7.53750801	322	-0.312201 -0.473568  0.839877
7.54262781	324	-0.310525 -0.471414  0.853285
7.54774808	323	-0.320341 -0.476681  0.849694
7.55286788	322	-0.314116 -0.475723  0.850172
7.55798816	322	-0.314116 -0.472132  0.847060
7.56310796	322	-0.314355 -0.471653  0.848497
7.56823587	324	-0.319383 -0.471653  0.853045
7.57335186	323	-0.308131 -0.468301  0.859510
7.57846784	324	-0.315313 -0.478596  0.845863
7.58358812	322	-0.308370 -0.470695  0.842272
7.58869600	322	-0.316750 -0.471653  0.851130
7.59380006	324	-0.317707 -0.472371  0.848736
7.59893178	322	-0.317468 -0.470695  0.859270
7.60404014	322	-0.317468 -0.473329  0.848975
7.60916805	323	-0.318904 -0.474526  0.846342
7.61429214	324	-0.318665 -0.465668  0.844905
7.61941623	322	-0.313637 -0.471653  0.854961
7.62453985	323	-0.319144 -0.473089  0.845145
7.62964820	322	-0.314355 -0.477638  0.861425
7.63474798	323	-0.316271 -0.467343  0.844905
7.63986778	322	-0.317229 -0.474047  0.854003
7.64497184	323	-0.312680 -0.475723  0.848497
7.65008401	322	-0.315074 -0.475963  0.851848
7.65520381	322	-0.314834 -0.470935  0.849694
7.66031980	324	-0.314595 -0.471892  0.854003
7.66543579	323	-0.315313 -0.465428  0.855440
7.67055606	322	-0.317468 -0.465907  0.845863
7.67566776	322	-0.315792 -0.476202  0.848257
7.68078804	323	-0.316510 -0.471174  0.846342
7.68590784	323	-0.313637 -0.472850  0.854961
7.69102001	323	-0.317468 -0.478596  0.858313
7.69612789	323	-0.311483 -0.472611  0.842750
7.70125579	321	-0.315074 -0.472132  0.847060
7.70635986	324	-0.318186 -0.473089  0.854721
7.71146821	324	-0.316271 -0.481230  0.854482
7.71657991	324	-0.319623 -0.472371  0.846102
7.72169208	323	-0.316750 -0.475005  0.854961
7.72677993	323	-0.313877 -0.474047  0.850651
7.73187589	323	-0.313637 -0.469977  0.858073
7.73697996	322	-0.323453 -0.478117  0.859031
7.74208402	322	-0.316271 -0.472132  0.855200
7.74718809	322	-0.314595 -0.477160  0.856158
7.75229215	323	-0.315313 -0.478357  0.850172
7.75739192	323	-0.313637 -0.474526  0.848257
7.76248407	323	-0.317229 -0.474287  0.846821
##inga 
#ido(sec)  szog(ADC)     ax(g)    ay(g)   az(g)
7.76813602	322	-0.314116 -0.475963  0.844426
7.77339982	324	-0.309088 -0.478117  0.860228
7.77864408	323	-0.314595 -0.476202  0.856158
7.78388786	322	-0.318904 -0.470216  0.854482
7.78898000	320	-0.312440 -0.467822  0.852567
7.79407596	323	-0.316510 -0.472611  0.850891
7.79918003	322	-0.317947 -0.474047  0.859270
7.80426788	321	-0.312919 -0.471414  0.850651
7.80937576	324	-0.316510 -0.474526  0.861904
7.81446790	321	-0.318904 -0.475484  0.853524
7.81956386	323	-0.314116 -0.472611  0.850651
7.82468414	324	-0.312680 -0.470456  0.854482
7.82977199	323	-0.315792 -0.469019  0.856397
7.83487176	322	-0.308370 -0.471414  0.858552
7.83996391	323	-0.314834 -0.469498  0.850412
7.84507608	323	-0.309567 -0.473808  0.850172
7.85018014	322	-0.318904 -0.471414  0.854482
7.85529184	323	-0.310764 -0.473568  0.857115
7.86039590	324	-0.314595 -0.472132  0.853764
7.86550378	323	-0.312440 -0.471414  0.843947
7.87060785	320	-0.318186 -0.473808  0.857115
7.87571191	323	-0.318665 -0.476441  0.853764
7.88082790	324	-0.311483 -0.471414  0.849933
7.88594818	322	-0.315792 -0.468301  0.860228
7.89105987	322	-0.311483 -0.471414  0.856397
7.89618015	323	-0.313877 -0.467104  0.847060
7.90127611	322	-0.313877 -0.474047  0.853045
7.90639209	323	-0.310285 -0.475723  0.862862
7.91151189	324	-0.317229 -0.470216  0.859989
7.91661977	323	-0.311483 -0.477160  0.847299
7.92173194	322	-0.311483 -0.474047  0.862622
7.92683982	324	-0.315313 -0.472371  0.856158
7.93196392	323	-0.316510 -0.475723  0.851130
7.93706417	323	-0.321299 -0.477399  0.855918
7.94218778	323	-0.313398 -0.474047  0.854961
7.94730806	321	-0.317947 -0.473089  0.849454
7.95241212	322	-0.313877 -0.473808  0.849454
7.95751619	321	-0.313158 -0.469498  0.843947
7.96261978	324	-0.311722 -0.471653  0.851609
7.96774387	323	-0.314355 -0.475723  0.852327
7.97285223	320	-0.313158 -0.475723  0.854482
7.97796392	323	-0.317468 -0.472132  0.850651
7.98308420	321	-0.317229 -0.474526  0.853764
7.98820400	322	-0.313877 -0.470695  0.849454
7.99330806	322	-0.318426 -0.469259  0.853764
7.99842786	324	-0.316989 -0.470695  0.851609
8.00353240	324	-0.311722 -0.473808  0.854242
8.00864410	321	-0.311722 -0.466625  0.851848
8.01376438	321	-0.314834 -0.474526  0.851130
8.01886844	323	-0.318426 -0.473089  0.850891
8.02397155	322	-0.314595 -0.475723  0.859749
8.02908420	323	-0.319623 -0.472850  0.843469
8.03419971	323	-0.315553 -0.481709  0.849694
8.03931999	323	-0.321777 -0.471414  0.851130
8.04443645	323	-0.317229 -0.472132  0.859270
8.04956436	323	-0.320580 -0.474047  0.852327
8.05465602	323	-0.315792 -0.472371  0.854482
8.05978012	322	-0.315792 -0.473329  0.849933
8.06490421	323	-0.314834 -0.473329  0.852806
8.07001972	323	-0.313637 -0.469977  0.852806
8.07513236	322	-0.313877 -0.478117  0.850651
8.08024406	324	-0.315792 -0.475963  0.844666
8.08537197	324	-0.315792 -0.471892  0.846581
8.09047985	324	-0.311243 -0.475963  0.855200
8.09558773	324	-0.317707 -0.470935  0.851369
8.10070800	322	-0.309807 -0.472850  0.859989
8.10581207	323	-0.318665 -0.473329  0.848736
8.11093616	323	-0.315313 -0.476441  0.849694
8.11606407	324	-0.313398 -0.474287  0.846102
8.12118816	324	-0.319383 -0.472611  0.855440
8.12630844	322	-0.315074 -0.473808  0.849933
8.13141632	323	-0.314834 -0.475723  0.845384
8.13653564	324	-0.318426 -0.476202  0.866692
8.14165973	323	-0.315313 -0.474047  0.852567
8.14678382	322	-0.310764 -0.469019  0.849215
8.15189647	323	-0.314116 -0.478117  0.856876
8.15702819	323	-0.312201 -0.471414  0.850651
8.16214370	323	-0.314595 -0.476441  0.850891
8.16726398	323	-0.318904 -0.477878  0.854003
8.17238426	321	-0.322496 -0.474526  0.854721
8.17749595	324	-0.316271 -0.475723  0.857594
8.18262767	323	-0.314595 -0.472371  0.852567
8.18774795	324	-0.311004 -0.472132  0.847539
8.19286441	324	-0.312919 -0.471414  0.856397
8.19798755	322	-0.317229 -0.470216  0.849215
8.20309638	322	-0.316031 -0.476681  0.856158
8.20822429	322	-0.311722 -0.475244  0.848018
8.21334838	323	-0.313398 -0.472611  0.852327
8.21846771	322	-0.314834 -0.473089  0.859031
8.22358798	323	-0.311243 -0.470695  0.847060
8.22869586	324	-0.311722 -0.468301  0.852327
8.23381233	324	-0.306215 -0.468301  0.852567
8.23894023	323	-0.312201 -0.470935  0.845145
8.24406433	323	-0.313637 -0.470456  0.854482
8.24918842	323	-0.313398 -0.473568  0.858552
8.25430774	320	-0.318426 -0.468780  0.850651
8.25941562	323	-0.313877 -0.471892  0.858313
8.26453590	322	-0.312680 -0.468541  0.848018
8.26964759	323	-0.312680 -0.472850  0.854242
8.27476406	323	-0.314355 -0.469019  0.842990
8.27986812	322	-0.311004 -0.472371  0.850651
##inga 
#ido(sec)  szog(ADC)     ax(g)    ay(g)   az(g)
8.28551959	321	-0.312440 -0.470935  0.849694
8.29077243	323	-0.312919 -0.469738  0.853045
8.29601955	323	-0.315313 -0.481469  0.862383
8.30126762	320	-0.316031 -0.475244  0.848975
8.30637168	324	-0.316989 -0.475244  0.848736
8.31147575	323	-0.319144 -0.475005  0.856637
8.31657218	323	-0.316510 -0.469498  0.859270
8.32166385	323	-0.318426 -0.472850  0.853285
8.32675552	323	-0.316989 -0.467583  0.849933
8.33185195	322	-0.318904 -0.474526  0.848975
8.33693981	323	-0.313158 -0.470456  0.854242
8.34203624	322	-0.315792 -0.475723  0.854721
8.34714794	324	-0.308609 -0.476202  0.860946
8.35223579	324	-0.311483 -0.469977  0.859031
8.35733604	323	-0.315313 -0.469259  0.842032
8.36244392	322	-0.309328 -0.473089  0.859031
8.36752414	323	-0.315074 -0.479554  0.848975
8.37261199	322	-0.313158 -0.478117  0.855200
8.37771606	323	-0.309567 -0.475484  0.857115
8.38282012	322	-0.319862 -0.470695  0.848736
8.38792037	322	-0.317947 -0.471414  0.859270
8.39302444	321	-0.309807 -0.472132  0.858313
8.39812374	322	-0.315792 -0.469019  0.849454
8.40322017	322	-0.317468 -0.468062  0.854003
8.40832042	323	-0.313637 -0.480511  0.846581
8.41341590	324	-0.312680 -0.474047  0.853285
8.41850757	322	-0.316510 -0.472611  0.859031
8.42362022	321	-0.305258 -0.472850  0.843469
8.42872428	323	-0.311722 -0.472850  0.860946
8.43383598	323	-0.314355 -0.476202  0.856876
8.43894767	323	-0.316031 -0.478117  0.842511
8.44406032	322	-0.317229 -0.473329  0.849215
8.44917201	322	-0.317468 -0.475723  0.857834
8.45429229	323	-0.316989 -0.472132  0.850412
8.45941162	324	-0.316031 -0.474047  0.857355
8.46451568	323	-0.312680 -0.473568  0.848736
8.46962833	324	-0.311961 -0.475244  0.853524
8.47473239	321	-0.315313 -0.470456  0.850172
8.47983169	323	-0.313637 -0.475005  0.858073
8.48493194	323	-0.317229 -0.474526  0.851130
8.49004364	323	-0.314834 -0.469019  0.855918
8.49515628	324	-0.318426 -0.472611  0.846342
8.50027561	324	-0.315792 -0.471653  0.857594
8.50539588	323	-0.308131 -0.471414  0.850172
8.51051235	323	-0.311483 -0.471414  0.852088
8.51564407	323	-0.313158 -0.474526  0.851369
8.52076435	324	-0.314116 -0.467343  0.855200
8.52587604	324	-0.311004 -0.476202  0.841553
8.53097629	323	-0.316271 -0.470456  0.861186
8.53608798	323	-0.312680 -0.475005  0.847299
8.54117965	322	-0.318426 -0.471414  0.847778
8.54629611	324	-0.313398 -0.475963  0.849694
8.55140399	323	-0.309567 -0.477160  0.853045
8.55650424	324	-0.308609 -0.473568  0.855440
8.56159591	324	-0.315792 -0.472611  0.853045
8.56671237	323	-0.311961 -0.476920  0.848018
8.57181644	323	-0.314595 -0.469498  0.854003
8.57692432	322	-0.316510 -0.474526  0.851369
8.58202838	323	-0.319144 -0.476681  0.848018
8.58714771	321	-0.318426 -0.470216  0.857115
8.59225177	323	-0.319862 -0.476202  0.859749
8.59736442	322	-0.314834 -0.472132  0.858791
8.60248374	322	-0.317229 -0.477399  0.855918
8.60760784	323	-0.311004 -0.473329  0.849215
8.61272430	322	-0.315553 -0.471653  0.858552
8.61784362	320	-0.312680 -0.470456  0.848257
8.62296009	323	-0.316989 -0.474765  0.850412
8.62806797	322	-0.310764 -0.474526  0.854721
8.63317203	321	-0.318186 -0.469259  0.854242
8.63829612	322	-0.320820 -0.467583  0.847778
8.64340782	324	-0.310525 -0.468301  0.854003
8.64852428	324	-0.315792 -0.475723  0.848975
8.65364837	323	-0.316510 -0.474526  0.850651
8.65876007	323	-0.313877 -0.474047  0.852088
8.66387557	323	-0.320102 -0.475244  0.858552
8.66898822	321	-0.316031 -0.473329  0.856397
8.67409992	322	-0.314595 -0.474526  0.857115
8.67921161	324	-0.317229 -0.474047  0.850172
8.68433189	324	-0.316989 -0.474526  0.844905
8.68944358	321	-0.316031 -0.467583  0.854961
8.69455623	321	-0.313158 -0.479075  0.845863
8.69966793	324	-0.316271 -0.478596  0.850651
8.70477962	323	-0.315313 -0.471174  0.855679
8.70991230	322	-0.311483 -0.468062  0.855440
8.71502017	324	-0.317947 -0.471653  0.858073
8.72014045	322	-0.316989 -0.473808  0.849933
8.72525215	324	-0.315074 -0.473808  0.845863
8.73036766	323	-0.312201 -0.466146  0.860707
8.73548412	322	-0.314595 -0.473568  0.848736
8.74060440	322	-0.310285 -0.467822  0.845623
8.74571990	323	-0.308370 -0.478357  0.848018
8.75081157	323	-0.314116 -0.476202  0.852567
8.75591564	322	-0.314355 -0.473568  0.850172
8.76101207	324	-0.315313 -0.469977  0.857355
8.76611614	322	-0.314355 -0.476441  0.856158
8.77122020	322	-0.316989 -0.471653  0.854003
8.77631568	324	-0.312919 -0.473329  0.855200
8.78140354	323	-0.317468 -0.470456  0.842990
8.78649234	323	-0.319144 -0.469738  0.859989
8.79159641	323	-0.312919 -0.478357  0.851130
8.79669189	324	-0.315313 -0.473089  0.848018
##inga 
#ido(sec)  szog(ADC)     ax(g)    ay(g)   az(g)
8.80232810	322	-0.311243 -0.477638  0.847299
8.80758380	324	-0.317229 -0.478836  0.857594
8.81283569	324	-0.315553 -0.470456  0.853285
8.81808757	323	-0.310525 -0.471174  0.854242
8.82319164	323	-0.315792 -0.470456  0.854961
8.82829570	322	-0.313637 -0.471892  0.859749
8.83339977	323	-0.314595 -0.472132  0.856637
8.83850765	323	-0.315074 -0.471174  0.855918
8.84360790	324	-0.316031 -0.470695  0.855679
8.84869194	324	-0.322017 -0.472850  0.851609
8.85377597	322	-0.315553 -0.469977  0.856397
8.85888004	323	-0.314355 -0.479554  0.859749
8.86398029	323	-0.309567 -0.473329  0.853764
8.86907958	323	-0.309807 -0.476441  0.852327
8.87417221	323	-0.314834 -0.476920  0.856876
8.87927627	324	-0.314834 -0.470695  0.850651
8.88438415	321	-0.312919 -0.477638  0.851369
8.88950443	324	-0.312440 -0.469019  0.848497
8.89460372	322	-0.311722 -0.468780  0.852088
8.89970779	324	-0.316271 -0.473089  0.857115
8.90481185	323	-0.310764 -0.475963  0.846821
8.90993213	323	-0.313637 -0.474047  0.843708
8.91502761	322	-0.315074 -0.478117  0.855918
8.92014026	324	-0.317707 -0.471414  0.858073
8.92524814	323	-0.319383 -0.465189  0.864059
8.93035602	323	-0.311004 -0.475484  0.846821
8.93545627	322	-0.312201 -0.477160  0.845384
8.94055557	322	-0.313398 -0.474765  0.853764
8.94567203	323	-0.312919 -0.473089  0.850172
8.95077610	323	-0.318904 -0.470216  0.846342
8.95588016	323	-0.316750 -0.477399  0.851848
8.96098804	320	-0.316989 -0.478836  0.852088
8.96609210	323	-0.317229 -0.475005  0.850651
8.97119617	322	-0.311483 -0.472611  0.855200
8.97630786	322	-0.317947 -0.474765  0.846102
8.98141956	323	-0.311243 -0.476202  0.851369
8.98652362	323	-0.316031 -0.475963  0.852327
8.99162769	324	-0.313877 -0.468301  0.848736
8.99674034	323	-0.320341 -0.469259  0.845384
9.00185966	324	-0.311722 -0.474765  0.844426
9.00698375	324	-0.316031 -0.467822  0.846821
9.01210021	321	-0.313877 -0.468541  0.861664
9.01723194	323	-0.320580 -0.469498  0.854242
9.02233600	323	-0.315074 -0.470935  0.852806
9.02744007	324	-0.316510 -0.475723  0.859510
9.03254795	322	-0.310285 -0.465189  0.851130
9.03765201	324	-0.312680 -0.472132  0.843469
9.04277610	322	-0.317468 -0.477160  0.851130
9.04788780	322	-0.316750 -0.475484  0.859510
9.05300426	324	-0.316510 -0.480033  0.854961
9.05810832	322	-0.316031 -0.469498  0.851369
9.06322765	322	-0.311961 -0.473568  0.855918
9.06834793	323	-0.318665 -0.474047  0.850651
9.07346820	324	-0.311961 -0.471653  0.854482
9.07858753	322	-0.312680 -0.479314  0.855918
9.08370780	323	-0.317947 -0.472132  0.862622
9.08881187	323	-0.313877 -0.472371  0.859989
9.09393215	321	-0.314355 -0.474047  0.854003
9.09904384	323	-0.315074 -0.471653  0.858552
9.10415554	321	-0.311722 -0.467343  0.851130
9.10926818	323	-0.319144 -0.469738  0.845384
9.11439228	324	-0.313398 -0.470695  0.851848
9.11950778	322	-0.317707 -0.473089  0.854003
9.12461185	324	-0.309328 -0.470935  0.853045
9.12972354	322	-0.311961 -0.472611  0.858073
9.13484764	323	-0.310046 -0.468301  0.840117
9.13995170	320	-0.321777 -0.471414  0.852088
9.14505958	322	-0.312919 -0.475005  0.847778
9.15014839	323	-0.314834 -0.470456  0.858313
9.15525245	321	-0.316271 -0.471174  0.858791
9.16035556	324	-0.314595 -0.470456  0.852806
9.16545963	320	-0.310525 -0.473808  0.842511
9.17055988	323	-0.315792 -0.473568  0.853045
9.17566776	323	-0.316750 -0.475244  0.856397
9.18076419	323	-0.313877 -0.474526  0.853285
9.18586826	324	-0.313158 -0.474287  0.850412
9.19097995	324	-0.311483 -0.476441  0.851369
9.19608402	324	-0.312201 -0.475484  0.854003
9.20118427	322	-0.311961 -0.474287  0.860467
9.20630359	321	-0.318904 -0.468301  0.841075
9.21138763	322	-0.317468 -0.472132  0.854003
9.21649169	324	-0.319144 -0.471892  0.844666
9.22158813	322	-0.318904 -0.475484  0.851609
9.22669219	322	-0.312440 -0.477160  0.850651
9.23178386	324	-0.315553 -0.477878  0.851848
9.23688793	322	-0.314834 -0.471414  0.854721
9.24199199	324	-0.317707 -0.471174  0.852327
9.24709987	324	-0.315313 -0.474526  0.860707
9.25220394	323	-0.316031 -0.479075  0.858313
9.25730419	323	-0.313637 -0.477878  0.853524
9.26241207	324	-0.316750 -0.476681  0.856158
9.26751613	324	-0.317707 -0.473808  0.844905
9.27261161	323	-0.314355 -0.471892  0.858552
9.27771568	322	-0.319862 -0.473808  0.850412
9.28280830	322	-0.316989 -0.474526  0.851848
9.28789997	322	-0.321059 -0.472611  0.854482
9.29301643	323	-0.313158 -0.466865  0.855200
9.29812431	324	-0.312201 -0.468780  0.853524
9.30322837	322	-0.314355 -0.469498  0.852327
9.30833244	324	-0.316031 -0.472371  0.839159
9.31344795	322	-0.317229 -0.472132  0.854242
##inga 
#ido(sec)  szog(ADC)     ax(g)    ay(g)   az(g)
9.31909561	324	-0.309328 -0.468301  0.859989
9.32434368	321	-0.318904 -0.471174  0.855440
9.32959175	322	-0.316271 -0.473808  0.853285
9.33484840	323	-0.312680 -0.466865  0.852806
9.33996009	323	-0.313637 -0.471414  0.845145
9.34508800	321	-0.312919 -0.476681  0.857594
9.35019969	324	-0.317229 -0.472850  0.846821
9.35531997	322	-0.314355 -0.476920  0.848736
9.36042785	322	-0.317707 -0.474526  0.852327
9.36552810	324	-0.318904 -0.474047  0.856158
9.37063217	322	-0.311483 -0.473089  0.848497
9.37574768	323	-0.309567 -0.471653  0.858073
9.38085174	324	-0.314595 -0.473089  0.848257
9.38595581	323	-0.313877 -0.474526  0.848018
9.39105987	320	-0.318426 -0.477638  0.852088
9.39616394	323	-0.314834 -0.476920  0.845384
9.40126800	323	-0.317468 -0.469259  0.847060
9.40637588	323	-0.311961 -0.474287  0.848975
9.41148376	324	-0.312680 -0.466865  0.845384
9.41658782	322	-0.314355 -0.471414  0.851369
9.42170810	323	-0.316031 -0.468301  0.854482
9.42682838	324	-0.314116 -0.479075  0.847539
9.43194007	323	-0.315792 -0.471653  0.854242
9.43705177	324	-0.315313 -0.472850  0.848736
9.44216442	323	-0.313398 -0.468062  0.848497
9.44728374	324	-0.317229 -0.470456  0.856397
9.45240402	323	-0.309328 -0.475005  0.850651
9.45750808	322	-0.318426 -0.466146  0.858073
9.46262836	322	-0.315792 -0.476202  0.850891
9.46774768	323	-0.311004 -0.475005  0.857594
9.47285175	323	-0.310764 -0.469498  0.852088
9.47795963	322	-0.313158 -0.471414  0.856397
9.48308753	323	-0.312919 -0.474047  0.854482
9.48820781	323	-0.315553 -0.478117  0.855440
9.49333572	323	-0.312201 -0.474526  0.857834
9.49846839	324	-0.312440 -0.475484  0.850891
9.50357627	323	-0.318665 -0.471174  0.855679
9.50869560	322	-0.313637 -0.472132  0.848736
9.51382446	323	-0.310525 -0.477638  0.852806
9.51893997	322	-0.311961 -0.468541  0.847539
9.52406787	321	-0.318426 -0.473568  0.850172
9.52918815	321	-0.317468 -0.481709  0.844426
9.53430843	323	-0.316510 -0.473568  0.849215
9.53942775	324	-0.314116 -0.469738  0.849933
9.54454803	323	-0.311722 -0.473329  0.844426
9.54967594	323	-0.316031 -0.466146  0.860228
9.55479240	322	-0.315313 -0.466146  0.851130
9.55990028	324	-0.316989 -0.470935  0.858552
9.56501960	323	-0.310764 -0.470935  0.855918
9.57013607	322	-0.315553 -0.468780  0.847778
9.57525634	321	-0.317468 -0.469498  0.861664
9.58037567	324	-0.309567 -0.474526  0.855918
9.58549976	323	-0.311483 -0.471174  0.855200
9.59062004	324	-0.313877 -0.474526  0.852567
9.59574794	323	-0.322017 -0.475723  0.847778
9.60086822	322	-0.317229 -0.473089  0.849215
9.60598754	321	-0.315074 -0.474047  0.862383
9.61109638	324	-0.314595 -0.471414  0.853285
9.61621570	323	-0.311483 -0.476441  0.855918
9.62134361	323	-0.316031 -0.469738  0.850172
9.62646389	323	-0.308131 -0.476681  0.849215
9.63158798	322	-0.314834 -0.475723  0.854721
9.63670825	323	-0.310285 -0.475244  0.859270
9.64182758	324	-0.317468 -0.467343  0.854242
9.64694786	322	-0.316510 -0.475005  0.855918
9.65205574	324	-0.316271 -0.473089  0.856397
9.65717220	321	-0.313398 -0.467583  0.853285
9.66228771	322	-0.312440 -0.476441  0.859270
9.66740798	323	-0.311961 -0.467343  0.850651
9.67253589	322	-0.312919 -0.472132  0.850891
9.67765617	323	-0.311961 -0.474287  0.847778
9.68278408	323	-0.309328 -0.476920  0.851130
9.68788814	324	-0.314595 -0.473089  0.848736
9.69300365	322	-0.314355 -0.470695  0.854482
9.69812393	324	-0.313158 -0.470456  0.854721
9.70322799	321	-0.315313 -0.471653  0.860707
9.70835971	321	-0.314834 -0.469738  0.852567
9.71348762	323	-0.310285 -0.475723  0.859989
9.71860790	321	-0.317947 -0.469977  0.845863
9.72372817	322	-0.311722 -0.467583  0.855918
9.72885608	323	-0.314355 -0.470695  0.862143
9.73397159	321	-0.309328 -0.472850  0.845863
9.73908042	323	-0.320580 -0.470695  0.852327
9.74417209	322	-0.317468 -0.474287  0.852806
9.74929237	320	-0.314116 -0.474287  0.858791
9.75441169	322	-0.313877 -0.467104  0.854482
9.75952434	322	-0.306215 -0.474526  0.840835
9.76463603	322	-0.315792 -0.471653  0.847778
9.76976394	324	-0.322735 -0.472850  0.854003
9.77488040	324	-0.319623 -0.472850  0.860707
9.77998828	322	-0.310764 -0.480033  0.849694
9.78509998	324	-0.314834 -0.475244  0.847299
9.79022026	323	-0.309807 -0.474765  0.852567
9.79533195	322	-0.309328 -0.473089  0.850172
9.80043601	320	-0.316750 -0.469259  0.852327
9.80554008	322	-0.318426 -0.473089  0.858791
9.81063556	324	-0.317707 -0.471414  0.853045
9.81573200	320	-0.308849 -0.472132  0.859749
9.82082843	324	-0.314595 -0.476202  0.846821
9.82593154	324	-0.314116 -0.472611  0.851848
9.83104038	323	-0.318426 -0.473329  0.856397
##inga 
#ido(sec)  szog(ADC)     ax(g)    ay(g)   az(g)
9.83668041	324	-0.318904 -0.466146  0.841553
9.84192752	322	-0.316750 -0.471892  0.850172
9.84718418	322	-0.316271 -0.472850  0.853285
9.85243225	323	-0.313398 -0.471892  0.852806
9.85754013	324	-0.313398 -0.470935  0.847778
9.86264801	323	-0.316031 -0.472132  0.850891
9.86775588	323	-0.320580 -0.467104  0.850412
9.87283992	323	-0.314116 -0.473089  0.848018
9.87795162	324	-0.311961 -0.477638  0.851130
9.88305187	320	-0.320820 -0.473568  0.847778
9.88813972	324	-0.312201 -0.471892  0.857594
9.89324378	324	-0.317468 -0.470216  0.852567
9.89834785	323	-0.320341 -0.473329  0.847778
9.90345573	321	-0.317468 -0.473329  0.857115
9.90856361	323	-0.319144 -0.479075  0.848736
9.91366004	323	-0.313398 -0.471892  0.859989
9.91875553	323	-0.313877 -0.466146  0.856637
9.92385959	324	-0.313398 -0.472371  0.857355
9.92897224	322	-0.313158 -0.472611  0.851609
9.93408012	323	-0.312440 -0.471174  0.841075
9.93917179	320	-0.312680 -0.475723  0.843947
9.94427585	322	-0.322256 -0.469259  0.851848
9.94939613	322	-0.314116 -0.470456  0.852567
9.95450782	323	-0.309567 -0.469259  0.848975
9.95961189	323	-0.313877 -0.473089  0.840835
9.96471595	323	-0.315792 -0.471892  0.849215
9.96982383	323	-0.312440 -0.472611  0.851369
9.97494029	322	-0.312919 -0.472371  0.860946
9.98004817	323	-0.323693 -0.466146  0.854961
9.98517227	321	-0.315553 -0.469259  0.854242
9.99028015	320	-0.315792 -0.475723  0.850891
9.99538421	320	-0.308609 -0.473568  0.856637
10.00048828	324	-0.315792 -0.470216  0.852806
10.00569152	321	-0.313398 -0.473329  0.853285
10.01089191	323	-0.316510 -0.474287  0.856397
10.01608371	324	-0.313398 -0.471653  0.844426
10.02129173	323	-0.313877 -0.478836  0.850651
10.02649211	323	-0.317468 -0.473329  0.855200
10.03169155	323	-0.316989 -0.471653  0.853285
10.03689193	323	-0.319383 -0.477878  0.852088
10.04208374	324	-0.318186 -0.477638  0.854721
10.04728412	323	-0.310525 -0.473329  0.846821
10.05249214	323	-0.311243 -0.470456  0.857115
10.05770015	324	-0.310764 -0.476441  0.850891
10.06291198	323	-0.313637 -0.479314  0.852327
10.06812000	323	-0.315074 -0.474765  0.842750
10.07331562	323	-0.320820 -0.474526  0.860946
10.07852363	323	-0.311722 -0.469738  0.852088
10.08372402	324	-0.316750 -0.474765  0.850412
10.08893585	324	-0.310525 -0.466146  0.850412
10.09413623	323	-0.315313 -0.476681  0.854242
10.09933185	324	-0.315792 -0.473329  0.848497
10.10453987	323	-0.312919 -0.473329  0.843469
10.10975646	320	-0.316271 -0.476202  0.854721
10.11496353	324	-0.313158 -0.473568  0.852088
10.12017154	323	-0.318186 -0.478836  0.861425
10.12538433	324	-0.314116 -0.473808  0.857355
10.13060379	323	-0.312919 -0.469977  0.867410
10.13580799	322	-0.308131 -0.472132  0.852806
10.14101219	322	-0.317468 -0.469019  0.856397
10.14621162	322	-0.316031 -0.468301  0.852088
10.15141201	323	-0.314595 -0.470216  0.849933
10.15661239	323	-0.312440 -0.474287  0.848736
10.16181182	322	-0.319862 -0.481709  0.857834
10.16702842	323	-0.316989 -0.475005  0.858073
10.17224025	324	-0.317229 -0.473568  0.854482
10.17745590	321	-0.314834 -0.479314  0.853045
10.18265628	323	-0.315074 -0.475484  0.860946
10.18786811	323	-0.314595 -0.479075  0.854961
10.19307613	320	-0.311961 -0.475244  0.859749
10.19827556	322	-0.316271 -0.473089  0.840356
10.20347595	323	-0.314834 -0.474047  0.846821
10.20868015	324	-0.315792 -0.468541  0.850172
10.21387577	321	-0.313398 -0.474526  0.846821
10.21908760	323	-0.315792 -0.469498  0.855200
10.22427558	324	-0.314834 -0.475244  0.854721
10.22947597	323	-0.315792 -0.469738  0.854242
10.23468399	323	-0.315553 -0.468541  0.856637
10.23989963	324	-0.311722 -0.471174  0.860707
10.24511623	320	-0.318426 -0.479314  0.853524
10.25032424	323	-0.317468 -0.475244  0.854482
10.25553226	323	-0.319623 -0.472371  0.857115
10.26074790	323	-0.314834 -0.472611  0.843947
10.26595211	323	-0.313877 -0.473808  0.846102
10.27115154	322	-0.313637 -0.471653  0.859989
10.27635574	320	-0.314834 -0.473329  0.855918
10.28155994	322	-0.311722 -0.472132  0.848257
10.28676414	324	-0.311483 -0.476681  0.852806
10.29197978	324	-0.315553 -0.471174  0.853524
10.29719638	323	-0.319862 -0.474287  0.850891
10.30240440	322	-0.316510 -0.475244  0.852327
10.30760383	324	-0.315313 -0.472611  0.854003
10.31281566	323	-0.315792 -0.469019  0.848257
10.31801986	321	-0.315792 -0.475244  0.853764
10.32322025	323	-0.319144 -0.474047  0.848975
10.32841968	323	-0.317468 -0.471892  0.847539
10.33362388	322	-0.315313 -0.473089  0.851609
10.33882808	324	-0.318665 -0.475005  0.847299
10.34403228	322	-0.318904 -0.474765  0.854721
10.34922790	323	-0.315553 -0.465907  0.855679
10.35442829	324	-0.315553 -0.475484  0.844187
##inga 
#ido(sec)  szog(ADC)     ax(g)    ay(g)   az(g)
10.36017608	323	-0.322975 -0.471174  0.859989
10.36548423	322	-0.310764 -0.474526  0.854721
10.37078380	323	-0.317468 -0.465907  0.847299
10.37606430	323	-0.315553 -0.473089  0.857834
10.38127994	321	-0.318426 -0.471174  0.857834
10.38649177	323	-0.322017 -0.474047  0.851130
10.39169597	323	-0.314595 -0.467822  0.843229
10.39689159	322	-0.318186 -0.476441  0.853045
10.40208435	320	-0.317468 -0.467104  0.853524
10.40728378	323	-0.311004 -0.477399  0.854721
10.41248416	322	-0.317947 -0.475723  0.849215
10.41768360	323	-0.317707 -0.467343  0.857355
10.42289638	323	-0.314595 -0.473808  0.853045
10.42809200	321	-0.315553 -0.471414  0.843469
10.43329238	323	-0.321538 -0.475963  0.849454
10.43850803	321	-0.314595 -0.472611  0.847778
10.44371604	324	-0.316510 -0.469977  0.859270
10.44891643	323	-0.311961 -0.471653  0.850891
10.45412826	321	-0.313398 -0.475723  0.854003
10.45933246	323	-0.315553 -0.476202  0.859510
10.46452808	321	-0.310525 -0.477160  0.854721
10.46972846	322	-0.322975 -0.471892  0.856397
10.47492790	323	-0.313398 -0.476441  0.852088
10.48012828	320	-0.313637 -0.468062  0.860707
10.48533630	323	-0.318904 -0.473089  0.858552
10.49053955	322	-0.311004 -0.474287  0.852088
10.49574375	321	-0.305018 -0.474526  0.842990
10.50095176	323	-0.315074 -0.477160  0.850891
10.50615596	322	-0.312680 -0.468780  0.854482
10.51135635	323	-0.313398 -0.472132  0.855679
10.51657581	323	-0.316271 -0.478836  0.852806
10.52180004	323	-0.311961 -0.478357  0.856637
10.52699565	323	-0.309328 -0.471414  0.859989
10.53220367	324	-0.314355 -0.474047  0.850651
10.53740787	324	-0.314355 -0.468301  0.859989
10.54260826	324	-0.311243 -0.473329  0.847539
10.54780769	322	-0.315553 -0.472132  0.854961
10.55300426	321	-0.320341 -0.476441  0.852327
10.55820369	323	-0.316989 -0.472850  0.858073
10.56341552	323	-0.319144 -0.478596  0.849215
10.56862831	324	-0.317468 -0.475723  0.851369
10.57383632	323	-0.314834 -0.478357  0.846821
10.57905960	324	-0.315074 -0.477638  0.839638
10.58426380	320	-0.313637 -0.472850  0.845863
10.58946037	324	-0.307891 -0.469259  0.855440
10.59465599	323	-0.323693 -0.474765  0.846102
10.59985637	322	-0.322975 -0.471414  0.846102
10.60505199	324	-0.314116 -0.472132  0.857594
10.61025238	322	-0.316510 -0.474287  0.843947
10.61544799	322	-0.319862 -0.473808  0.852327
10.62064361	323	-0.316031 -0.468541  0.847299
10.62586021	325	-0.313398 -0.471892  0.855918
10.63106822	323	-0.320580 -0.474526  0.853764
10.63627624	322	-0.314595 -0.476920  0.858073
10.64147567	322	-0.311483 -0.472371  0.853764
10.64670753	323	-0.315313 -0.477160  0.846581
10.65191555	324	-0.320102 -0.469019  0.851848
10.65711975	323	-0.318665 -0.467104  0.853764
10.66232013	324	-0.318665 -0.467343  0.848736
10.66751956	323	-0.310046 -0.475244  0.857834
10.67271614	322	-0.320341 -0.471174  0.850651
10.67791557	322	-0.322496 -0.471174  0.860228
10.68312358	322	-0.317707 -0.473329  0.845145
10.68834018	322	-0.316989 -0.480033  0.861904
10.69354820	322	-0.318904 -0.472371  0.854482
10.69875621	324	-0.314116 -0.475005  0.843229
10.70396423	322	-0.311004 -0.476920  0.856397
10.70917606	321	-0.314116 -0.478596  0.853524
10.71437168	322	-0.305258 -0.478117  0.852806
10.71958446	324	-0.314116 -0.469977  0.851369
10.72478771	322	-0.323214 -0.479314  0.852327
10.72999572	324	-0.317468 -0.476441  0.849933
10.73519611	322	-0.319383 -0.475484  0.845623
10.74040412	324	-0.314595 -0.475723  0.857115
10.74559974	322	-0.314116 -0.477638  0.853045
10.75080776	323	-0.312680 -0.469977  0.850412
10.75601959	322	-0.316031 -0.475244  0.852806
10.76123237	323	-0.310285 -0.475723  0.849454
10.76643562	323	-0.315792 -0.471892  0.849454
10.77165222	323	-0.312919 -0.474765  0.850651
10.77686786	322	-0.311961 -0.469259  0.847299
10.78206825	323	-0.318426 -0.473808  0.849694
10.78726768	324	-0.309088 -0.470695  0.862383
10.79246807	324	-0.313637 -0.470695  0.849933
10.79766845	321	-0.315553 -0.473568  0.854003
10.80286788	323	-0.314355 -0.473568  0.858313
10.80807209	323	-0.312440 -0.472132  0.844905
10.81328010	323	-0.315553 -0.472371  0.852327
10.81848430	322	-0.317468 -0.472371  0.860228
10.82369232	323	-0.315553 -0.478117  0.856637
10.82890796	323	-0.313637 -0.470935  0.856637
10.83411598	322	-0.311483 -0.475963  0.853045
10.83933162	323	-0.315313 -0.469977  0.854003
10.84453964	323	-0.318426 -0.474526  0.848975
10.84974002	323	-0.312201 -0.471174  0.859749
10.85493183	323	-0.316031 -0.474287  0.850651
10.86012363	323	-0.311243 -0.475484  0.853045
10.86532020	323	-0.316989 -0.475723  0.848975
10.87051963	324	-0.315313 -0.474765  0.854482
10.87573242	322	-0.313877 -0.472371  0.855679
10.88095188	324	-0.315553 -0.473808  0.856876
##inga 
#ido(sec)  szog(ADC)     ax(g)    ay(g)   az(g)
10.88669586	324	-0.316750 -0.471414  0.850172
10.89201164	324	-0.310525 -0.479075  0.845863
10.89730358	323	-0.312440 -0.474287  0.854482
10.90260028	323	-0.309088 -0.476920  0.854961
10.90781211	324	-0.312201 -0.477638  0.849454
10.91301155	324	-0.314116 -0.473329  0.848257
10.91821193	323	-0.317229 -0.475484  0.856158
10.92341995	323	-0.316271 -0.472850  0.854482
10.92862033	323	-0.315074 -0.473089  0.846342
10.93381214	324	-0.317229 -0.476441  0.849933
10.93902015	324	-0.313637 -0.475723  0.845863
10.94421958	322	-0.314595 -0.475723  0.849933
10.94943618	321	-0.323932 -0.467583  0.854961
10.95464420	321	-0.317468 -0.476681  0.848736
10.95985221	321	-0.311483 -0.473808  0.859989
10.96506023	322	-0.311961 -0.477878  0.845145
10.97026824	322	-0.317229 -0.472850  0.852088
10.97547626	323	-0.317947 -0.471892  0.846342
10.98068046	323	-0.315553 -0.471414  0.853045
10.98587608	323	-0.314595 -0.476202  0.847778
10.99107646	323	-0.309088 -0.475723  0.853045
10.99627590	321	-0.313877 -0.472611  0.858552
11.00147628	321	-0.314116 -0.472611  0.856397
11.00668430	322	-0.318904 -0.471892  0.850891
11.01189994	320	-0.317229 -0.471892  0.854961
11.01710796	323	-0.318665 -0.475244  0.855200
11.02230834	324	-0.313158 -0.473329  0.858791
11.02751159	323	-0.311483 -0.468541  0.844905
