##inga 
#ido(sec)  szog(ADC)     ax(g)    ay(g)   az(g)
0.00170400	589	0.163762 0.383787  0.954080
0.00689600	590	0.156340 0.384026  0.949291
##inga 
#ido(sec)  szog(ADC)     ax(g)    ay(g)   az(g)
0.01316800	588	0.157297 0.381392  0.940433
0.01838400	589	0.159452 0.384026  0.955995
0.02357600	590	0.153227 0.382111  0.943545
0.02880000	588	0.156579 0.382590  0.951446
0.03383600	587	0.156100 0.377801  0.954080
0.03885600	590	0.159452 0.377562  0.944982
0.04389600	589	0.158255 0.378041  0.951686
0.04894400	590	0.151791 0.376844  0.945221
0.05399200	590	0.158255 0.379956  0.947376
0.05902800	590	0.154664 0.378519  0.945221
0.06405601	588	0.158973 0.383547  0.944024
0.06908000	590	0.159692 0.383547  0.950249
0.07410401	590	0.158495 0.388336  0.950728
0.07913600	590	0.157537 0.380195  0.947615
0.08416400	590	0.163283 0.384984  0.947615
0.08919600	590	0.162086 0.387378  0.946658
0.09422400	589	0.162325 0.387857  0.941151
0.09926401	589	0.167353 0.383787  0.941869
0.10431201	589	0.168071 0.388336  0.946658
0.10936800	589	0.164719 0.394321  0.948334
0.11441601	590	0.163762 0.387378  0.941630
0.11946401	590	0.164241 0.388096  0.948573
0.12449200	587	0.160649 0.391209  0.947137
0.12950398	590	0.162325 0.390251  0.940433
0.13451999	589	0.157058 0.389533  0.946418
0.13954399	588	0.164719 0.382590  0.953122
0.14457600	590	0.160649 0.388096  0.940912
0.14959199	590	0.158734 0.382350  0.947137
0.15463199	589	0.159452 0.378998  0.944264
0.15967999	590	0.163762 0.383308  0.950010
0.16470800	589	0.157776 0.380435  0.952643
0.16973199	587	0.158973 0.378759  0.942348
0.17476799	587	0.158495 0.373013  0.945461
0.17980800	588	0.152270 0.380914  0.944024
0.18482399	590	0.156340 0.378041  0.953840
0.18984001	587	0.154903 0.378759  0.942827
0.19486400	588	0.155382 0.379477  0.942588
0.19988800	590	0.155861 0.374689  0.950488
0.20492000	587	0.157776 0.385702  0.947855
0.20996000	590	0.160649 0.379477  0.947615
0.21500000	589	0.162565 0.383787  0.948813
0.22004799	590	0.160410 0.381871  0.956474
0.22509198	588	0.162804 0.384505  0.953840
0.23012399	590	0.158734 0.383787  0.940672
0.23517200	589	0.159931 0.384984  0.947855
0.24018399	587	0.164241 0.390251  0.945940
0.24519600	587	0.159931 0.383068  0.952164
0.25021600	590	0.163283 0.390490  0.933969
0.25524399	589	0.165198 0.387617  0.952643
0.26028800	590	0.162565 0.395758  0.943785
0.26532399	588	0.166395 0.387378  0.944503
0.27036399	587	0.165677 0.387857  0.939954
0.27540800	587	0.163043 0.386181  0.944264
0.28043601	588	0.162325 0.385702  0.945700
0.28547201	590	0.158973 0.382590  0.953122
0.29052000	589	0.156340 0.383787  0.940672
0.29554798	589	0.161846 0.381871  0.951207
0.30057201	589	0.156340 0.378759  0.949291
0.30559599	589	0.159931 0.381392  0.944503
0.31062400	587	0.162086 0.376844  0.945461
0.31564798	590	0.152270 0.378519  0.952643
0.32068800	589	0.153467 0.381153  0.936363
0.32571198	590	0.159213 0.378759  0.950249
0.33076000	590	0.155143 0.379238  0.945461
0.33580801	589	0.152030 0.381632  0.949770
0.34083199	590	0.152509 0.380435  0.946418
0.34587202	590	0.155143 0.376604  0.949291
0.35091199	589	0.164719 0.380195  0.949770
0.35592799	590	0.163043 0.387138  0.947137
0.36096000	588	0.163522 0.381153  0.946897
0.36597599	590	0.161846 0.389533  0.950010
0.37100000	588	0.163522 0.388336  0.944503
0.37601599	588	0.154903 0.389772  0.947615
0.38104000	590	0.158734 0.390012  0.946179
0.38606400	590	0.168311 0.393603  0.941869
0.39110401	590	0.160649 0.387378  0.941869
0.39613599	590	0.159931 0.389533  0.948573
0.40118398	588	0.165677 0.391687  0.944982
0.40623998	590	0.164241 0.383068  0.945221
0.41128001	589	0.162325 0.399828  0.957431
0.41630401	588	0.161846 0.390730  0.945221
0.42132802	590	0.159931 0.385223  0.950967
0.42636003	588	0.161128 0.381871  0.944264
0.43140001	590	0.163762 0.384744  0.957671
0.43643198	588	0.155382 0.380674  0.954559
0.44148797	590	0.164001 0.376365  0.947855
0.44651598	590	0.156340 0.382829  0.956474
0.45155997	590	0.150115 0.379477  0.947855
0.45660800	590	0.160410 0.377083  0.949531
0.46162400	589	0.158495 0.380435  0.950967
0.46665997	589	0.157537 0.375407  0.944503
0.47169198	588	0.154903 0.380674  0.944503
0.47670402	588	0.168311 0.384744  0.941391
0.48174400	589	0.158973 0.381153  0.947855
0.48676400	588	0.158973 0.384026  0.949291
0.49177198	588	0.158016 0.380674  0.943306
0.49679603	587	0.156340 0.382590  0.948334
0.50184001	588	0.159213 0.383547  0.946418
0.50688796	589	0.158016 0.388096  0.954080
0.51191196	587	0.162086 0.380435  0.944503
0.51694798	590	0.158495 0.391687  0.954798
##inga 
#ido(sec)  szog(ADC)     ax(g)    ay(g)   az(g)
0.52253999	587	0.162086 0.385223  0.944503
0.52776803	587	0.161846 0.390490  0.945940
0.53297595	590	0.163522 0.394560  0.950249
0.53809599	587	0.164480 0.391209  0.943785
0.54312000	590	0.160889 0.388096  0.947137
0.54813599	588	0.166874 0.392645  0.946897
0.55316801	589	0.153946 0.388814  0.949531
0.55820398	590	0.160649 0.387138  0.952404
0.56323599	590	0.158016 0.390012  0.939715
0.56827201	588	0.156819 0.386899  0.958868
0.57331600	590	0.159452 0.387617  0.953361
0.57836003	590	0.153946 0.381392  0.948573
0.58339600	588	0.158016 0.380435  0.954559
0.58841600	590	0.156100 0.380195  0.938278
0.59341597	587	0.156340 0.380674  0.943785
0.59844799	588	0.153227 0.372295  0.947855
0.60348396	590	0.159452 0.378519  0.937081
0.60851197	587	0.145327 0.377801  0.938278
0.61354799	587	0.154664 0.380914  0.950728
0.61857199	589	0.158255 0.383068  0.951207
0.62360801	589	0.154903 0.378998  0.946658
0.62864799	590	0.161607 0.381871  0.944024
0.63368797	590	0.164241 0.386660  0.942348
0.63873600	588	0.162804 0.383547  0.948334
0.64376802	588	0.158495 0.389772  0.942348
0.64879999	590	0.163762 0.386181  0.956713
0.65383200	590	0.162325 0.386660  0.944264
0.65884799	589	0.165917 0.391448  0.948573
0.66387200	588	0.165677 0.393603  0.951925
0.66888799	590	0.162325 0.392406  0.961023
0.67391996	590	0.160170 0.397433  0.952643
0.67895197	588	0.164719 0.388814  0.948573
0.68400001	588	0.160170 0.391209  0.956953
0.68903999	590	0.159452 0.389054  0.945461
0.69409604	588	0.157776 0.387138  0.946897
0.69914398	590	0.158016 0.388575  0.944742
0.70417599	590	0.166635 0.386181  0.957431
0.70920400	590	0.157537 0.379477  0.948573
0.71421599	588	0.157058 0.382111  0.941869
0.71923999	589	0.159692 0.380435  0.949531
0.72426404	590	0.159692 0.375886  0.949770
0.72928800	589	0.155622 0.378041  0.955756
0.73433203	590	0.156819 0.377801  0.949291
0.73937602	590	0.151791 0.375407  0.946179
0.74442396	590	0.153706 0.372534  0.947615
0.74946398	587	0.160410 0.378759  0.939715
0.75448799	589	0.157537 0.373013  0.934926
0.75954399	588	0.151791 0.378759  0.942348
0.76459598	590	0.159213 0.382350  0.947137
0.76963195	589	0.158734 0.379717  0.952164
0.77466397	589	0.158973 0.386899  0.954559
0.77968797	587	0.161846 0.384984  0.949531
0.78471202	587	0.157058 0.387378  0.952643
0.78972797	587	0.157058 0.385941  0.943785
0.79475998	590	0.159213 0.390251  0.945700
0.79979200	590	0.166635 0.390490  0.954559
0.80483198	590	0.161846 0.391927  0.956713
0.80985603	588	0.162804 0.389533  0.956713
0.81490402	590	0.157297 0.393124  0.951686
0.81995201	588	0.163283 0.386899  0.948813
0.82500000	590	0.162325 0.392406  0.954798
0.83000001	589	0.163762 0.390969  0.948094
0.83503599	590	0.160649 0.387138  0.942827
0.84004802	589	0.163283 0.393363  0.948813
0.84508800	587	0.158255 0.382350  0.938518
0.85011205	590	0.163043 0.383308  0.955277
0.85515604	590	0.160649 0.382829  0.948334
0.86020002	590	0.152030 0.386660  0.944742
0.86523199	589	0.156100 0.383547  0.937799
0.87027196	590	0.159452 0.374210  0.947137
0.87530794	589	0.156819 0.378041  0.949291
0.88035202	590	0.156100 0.378519  0.954319
0.88538398	589	0.155861 0.375886  0.952164
0.89040794	589	0.156340 0.373013  0.938039
0.89543199	587	0.161846 0.381632  0.944264
0.90046396	590	0.154185 0.371816  0.952643
0.90549602	588	0.158973 0.387138  0.944024
0.91052799	590	0.157537 0.384265  0.952643
0.91556797	589	0.163043 0.380435  0.955516
0.92061595	590	0.164480 0.385941  0.950967
0.92565202	590	0.163283 0.388096  0.945940
0.93068799	588	0.163283 0.384026  0.947855
0.93574399	588	0.161128 0.389293  0.943545
0.94080400	588	0.158734 0.392166  0.951686
0.94583206	590	0.163283 0.384984  0.946897
0.95086402	590	0.164001 0.390969  0.950728
0.95589599	590	0.173817 0.386181  0.951207
0.96091995	590	0.164480 0.383787  0.950249
0.96593599	588	0.160649 0.384744  0.949052
0.97096004	590	0.158734 0.391209  0.952164
0.97597999	589	0.161368 0.390251  0.953601
0.98101596	590	0.159931 0.389772  0.944024
0.98606004	590	0.159931 0.387617  0.946658
0.99108800	587	0.165677 0.380195  0.953840
0.99612407	589	0.161846 0.380195  0.942827
1.00117599	588	0.149636 0.380435  0.945700
1.00619196	590	0.157537 0.375886  0.948334
1.01121199	587	0.152988 0.378280  0.946658
1.01623201	589	0.149876 0.373013  0.948094
1.02127599	588	0.152509 0.375646  0.945461
1.02630400	587	0.156819 0.380195  0.945700
##inga 
#ido(sec)  szog(ADC)     ax(g)    ay(g)   az(g)
1.03184795	589	0.156340 0.379477  0.945461
1.03708803	589	0.155143 0.377322  0.949052
1.04230403	589	0.158734 0.379477  0.948334
1.04744005	590	0.158016 0.381153  0.947376
1.05249202	590	0.163283 0.386181  0.944024
1.05753600	590	0.161846 0.381632  0.947376
1.06256794	588	0.161846 0.381153  0.950967
1.06760799	590	0.159931 0.388575  0.943785
1.07263600	590	0.163043 0.390730  0.957671
1.07765603	590	0.164480 0.391927  0.948094
1.08267998	589	0.170465 0.390490  0.946418
1.08770394	590	0.163043 0.386660  0.953122
1.09273600	589	0.159452 0.390490  0.944264
1.09777200	589	0.168311 0.387617  0.951925
1.10280799	589	0.162804 0.386660  0.947855
1.10785198	590	0.165677 0.384744  0.947137
1.11290001	589	0.156819 0.395997  0.953601
1.11795198	589	0.160649 0.388814  0.944982
1.12299203	588	0.154424 0.381632  0.944024
1.12803196	589	0.160170 0.383787  0.953361
1.13305604	589	0.164480 0.378998  0.944264
1.13807201	590	0.161128 0.378759  0.936602
1.14310395	587	0.147242 0.379477  0.942348
1.14813601	590	0.159452 0.372295  0.947855
1.15318000	590	0.156579 0.374689  0.949052
1.15820801	588	0.154424 0.375168  0.948813
1.16325998	590	0.158255 0.378041  0.951925
1.16829597	590	0.157297 0.376844  0.944982
1.17335200	588	0.155382 0.383068  0.946418
1.17838799	587	0.153946 0.382350  0.951207
1.18342399	590	0.161607 0.381153  0.954080
1.18844795	590	0.155382 0.376604  0.939954
1.19347202	589	0.160889 0.382111  0.955756
1.19850397	590	0.164001 0.382111  0.951207
1.20352804	588	0.151551 0.386181  0.946179
1.20855998	589	0.160649 0.384265  0.944024
1.21358394	587	0.167353 0.392406  0.952404
1.21861600	590	0.157058 0.393842  0.954319
1.22365605	590	0.160170 0.391687  0.948334
1.22869598	590	0.163522 0.393363  0.950728
1.23374402	589	0.165198 0.385223  0.947855
1.23878002	590	0.165198 0.391687  0.949770
1.24382805	589	0.158016 0.392885  0.953361
1.24886405	589	0.161128 0.389293  0.955037
1.25389194	590	0.160649 0.385941  0.943785
1.25891196	588	0.156819 0.383308  0.954080
1.26393997	588	0.160170 0.380435  0.947855
1.26895999	587	0.160889 0.378041  0.956234
1.27400803	590	0.153227 0.378519  0.948813
1.27905201	588	0.157537 0.379956  0.944503
1.28409600	589	0.157537 0.375407  0.948334
1.28915203	590	0.153227 0.379477  0.950249
1.29419994	590	0.152030 0.380195  0.944024
1.29923605	587	0.152509 0.376844  0.944264
1.30429601	588	0.155861 0.378759  0.950488
1.30935204	590	0.157058 0.373492  0.952643
1.31437599	589	0.154424 0.386181  0.948813
1.31940805	589	0.157058 0.377801  0.949291
1.32442402	590	0.153467 0.383068  0.948573
1.32945597	588	0.162565 0.376844  0.952164
1.33448803	590	0.160889 0.381871  0.948094
1.33951199	589	0.156579 0.392166  0.943306
1.34454798	590	0.162086 0.383308  0.943306
1.34959197	590	0.162565 0.385223  0.944742
1.35463201	590	0.165438 0.386420  0.945461
1.35968804	589	0.164480 0.389533  0.949531
1.36472797	590	0.166874 0.387138  0.941391
1.36976802	590	0.165677 0.390251  0.945940
1.37479603	588	0.158016 0.382350  0.945940
1.37981605	590	0.159213 0.389293  0.946418
1.38484394	590	0.160170 0.388096  0.952164
1.38986396	589	0.165438 0.385223  0.945221
1.39490402	589	0.158495 0.388575  0.932293
1.39993202	588	0.164241 0.382590  0.944264
1.40498805	587	0.157537 0.381153  0.943785
1.41003999	590	0.158255 0.382111  0.950488
1.41507997	590	0.154424 0.381153  0.943306
1.42012405	590	0.155382 0.382350  0.947376
1.42517995	589	0.159452 0.383547  0.942109
1.43020401	590	0.155861 0.380435  0.946179
1.43524003	589	0.157058 0.378759  0.951925
1.44026398	589	0.156100 0.379238  0.948573
1.44527602	590	0.162325 0.379477  0.943066
1.45029997	590	0.160889 0.377801  0.947376
1.45531997	590	0.155382 0.384265  0.951207
1.46035599	589	0.156340 0.381392  0.951446
1.46538400	590	0.152988 0.388575  0.942827
1.47044396	589	0.156819 0.385463  0.948334
1.47549605	588	0.159452 0.384744  0.952164
1.48054003	590	0.156819 0.382350  0.947376
1.48559999	590	0.162804 0.387857  0.947855
1.49065995	588	0.161128 0.388096  0.949770
1.49568796	590	0.164001 0.391448  0.945700
1.50070800	588	0.162804 0.391448  0.940912
1.50572800	588	0.159931 0.388336  0.954319
1.51075992	589	0.161607 0.388575  0.946897
1.51578402	590	0.168790 0.387617  0.951446
1.52081594	589	0.161368 0.388575  0.937560
1.52585196	590	0.166156 0.385463  0.944742
1.53090801	590	0.162086 0.385702  0.945461
1.53595199	587	0.159213 0.385941  0.944982
##inga 
#ido(sec)  szog(ADC)     ax(g)    ay(g)   az(g)
1.54153594	590	0.158973 0.385463  0.951925
1.54678797	589	0.154185 0.385941  0.942588
1.55203604	590	0.154424 0.375886  0.943306
1.55715999	589	0.153946 0.381392  0.949052
1.56219997	587	0.152509 0.380674  0.954080
1.56723594	590	0.156819 0.380674  0.954559
1.57226395	590	0.161846 0.377562  0.942588
1.57728805	588	0.159452 0.383787  0.950010
1.58231201	590	0.155861 0.373013  0.949770
1.58735203	590	0.158016 0.377083  0.951686
1.59239602	589	0.158016 0.380914  0.945940
1.59743204	590	0.148918 0.382590  0.942588
1.60248398	590	0.155382 0.379477  0.950249
1.60752401	590	0.157058 0.382590  0.947137
1.61256003	589	0.156340 0.384984  0.949291
1.61759996	589	0.158016 0.387138  0.946418
1.62263593	587	0.159213 0.380195  0.943545
1.62765598	588	0.166156 0.387857  0.943785
1.63269996	589	0.163283 0.393363  0.953601
1.63772797	589	0.162804 0.387857  0.944503
1.64274797	589	0.165198 0.395758  0.938518
1.64777994	590	0.162325 0.386420  0.946897
1.65281605	589	0.165677 0.389054  0.951686
1.65786399	590	0.163043 0.390730  0.945461
1.66290402	589	0.163283 0.389533  0.950967
1.66794395	590	0.163522 0.387857  0.944742
1.67299995	590	0.159931 0.388336  0.946897
1.67805600	589	0.160410 0.381871  0.951446
1.68307995	588	0.160889 0.388575  0.949291
1.68809995	590	0.156579 0.382590  0.954559
1.69312405	589	0.160889 0.376604  0.949770
1.69814004	589	0.156579 0.379717  0.945221
1.70317993	590	0.157297 0.374210  0.942827
1.70821595	590	0.160170 0.375407  0.946418
1.71324005	590	0.157058 0.383068  0.951207
1.71826801	590	0.155382 0.377562  0.948334
1.72332000	589	0.154903 0.383787  0.946897
1.72836804	588	0.163043 0.382590  0.949052
1.73341598	590	0.152509 0.382590  0.949291
1.73846807	590	0.158734 0.382350  0.946418
1.74350404	590	0.151073 0.384505  0.949291
1.74853205	588	0.159213 0.384026  0.944742
1.75355601	590	0.159213 0.383308  0.949770
1.75859203	588	0.158734 0.384265  0.943306
1.76361598	587	0.162565 0.386420  0.944024
1.76864805	588	0.162086 0.387617  0.940912
1.77367997	588	0.163043 0.391687  0.944264
1.77873191	590	0.163762 0.393842  0.947615
1.78377604	590	0.162325 0.396236  0.963178
1.78882398	589	0.164719 0.388096  0.943066
1.79386796	589	0.166395 0.385941  0.952643
1.79891204	590	0.160649 0.383068  0.948334
1.80395202	590	0.157537 0.387378  0.943066
1.80898799	590	0.162325 0.389293  0.949531
1.81402397	588	0.161846 0.385463  0.947376
1.81906795	589	0.162325 0.386181  0.948094
1.82410392	589	0.156100 0.384744  0.950728
1.82913599	590	0.155861 0.380195  0.950249
1.83415994	589	0.160170 0.382590  0.942588
1.83918399	590	0.159452 0.383068  0.948334
1.84423198	587	0.157537 0.379238  0.939475
1.84929199	589	0.151551 0.371337  0.941869
1.85434398	588	0.155143 0.381392  0.949531
1.85938396	588	0.154424 0.375646  0.950728
1.86443195	587	0.154424 0.381153  0.945461
1.86947202	590	0.162325 0.378041  0.950967
1.87451190	587	0.159452 0.381392  0.941630
1.87954406	589	0.166874 0.379956  0.942827
1.88456802	589	0.155861 0.379477  0.943785
1.88960399	589	0.162804 0.388336  0.947615
1.89462804	589	0.163522 0.379956  0.945700
1.89965610	590	0.167832 0.385941  0.953122
1.90469207	589	0.163043 0.387617  0.943306
1.90973997	590	0.161607 0.394560  0.944024
1.91477594	590	0.163043 0.389772  0.942827
1.91981992	590	0.167592 0.399349  0.944982
1.92486801	588	0.157537 0.392645  0.949052
1.92992792	590	0.163283 0.388814  0.949291
1.93497600	589	0.159452 0.390490  0.953601
1.93999595	590	0.159692 0.388336  0.946179
1.94502401	589	0.160410 0.387857  0.949291
1.95004405	588	0.162565 0.385702  0.948813
1.95507202	590	0.160889 0.388096  0.948813
1.96010799	590	0.157058 0.380674  0.946418
1.96514406	587	0.160889 0.380435  0.950010
1.97017593	590	0.157537 0.385941  0.949531
1.97521991	588	0.157058 0.375168  0.952164
1.98025207	587	0.162086 0.378759  0.952643
1.98530807	588	0.154424 0.379477  0.944264
1.99036006	590	0.160170 0.380195  0.942588
1.99538402	590	0.159213 0.377801  0.941869
2.00041198	589	0.151551 0.377801  0.942827
2.00543999	590	0.159213 0.377801  0.950967
2.01047205	589	0.154903 0.378280  0.947376
2.01549601	590	0.154664 0.382111  0.943785
2.02053594	590	0.159452 0.377322  0.943066
2.02555990	589	0.158495 0.383547  0.942588
2.03059601	589	0.158016 0.385941  0.951446
2.03563189	588	0.162565 0.382829  0.950967
2.04068398	590	0.158016 0.392406  0.946418
2.04572391	588	0.164001 0.381871  0.948573
##inga 
#ido(sec)  szog(ADC)     ax(g)    ay(g)   az(g)
2.05129194	590	0.160889 0.385463  0.955037
2.05651998	590	0.160889 0.391448  0.941869
2.06174397	590	0.161368 0.391448  0.947615
2.06687998	587	0.160410 0.392885  0.944024
2.07190394	588	0.161846 0.383787  0.939236
2.07692790	587	0.166395 0.388096  0.950249
2.08196401	590	0.165438 0.390251  0.945221
2.08698391	589	0.163762 0.391927  0.952404
2.09202408	589	0.162804 0.386420  0.947855
2.09706401	587	0.158734 0.384744  0.953361
2.10210800	587	0.162086 0.384026  0.952164
2.10713601	590	0.158973 0.381871  0.952404
2.11217594	589	0.155861 0.383068  0.945461
2.11720800	587	0.158973 0.379477  0.948334
2.12223196	590	0.151551 0.376844  0.948573
2.12727189	590	0.153227 0.381871  0.944503
2.13230800	588	0.158016 0.380435  0.946658
2.13732004	589	0.154903 0.384265  0.949291
2.14235997	590	0.156579 0.378998  0.942588
2.14739203	587	0.159452 0.382590  0.950010
2.15243196	588	0.160649 0.377801  0.950967
2.15746808	590	0.153706 0.378041  0.948813
2.16251611	587	0.158973 0.379717  0.957431
2.16756010	589	0.158495 0.382111  0.940433
2.17258405	590	0.156579 0.387857  0.949770
2.17761588	590	0.156340 0.390251  0.947615
2.18264007	589	0.166395 0.386660  0.948813
2.18766403	587	0.161368 0.390490  0.946658
2.19269204	590	0.158973 0.392406  0.949531
2.19772410	590	0.165198 0.388814  0.951686
2.20275998	588	0.165917 0.386899  0.945940
2.20779991	590	0.164241 0.391448  0.939715
2.21285605	588	0.164241 0.393842  0.947615
2.21790409	590	0.161368 0.390251  0.947855
2.22295188	590	0.155861 0.390730  0.947615
2.22799992	590	0.158734 0.390969  0.939236
2.23305201	589	0.162804 0.390012  0.942827
2.23808002	590	0.158973 0.386899  0.935166
2.24311208	590	0.155382 0.390490  0.941391
2.24815201	588	0.159931 0.379956  0.936842
2.25318789	587	0.156819 0.378041  0.944982
2.25821208	587	0.153946 0.384265  0.938757
2.26325201	590	0.160410 0.380435  0.947615
2.26829600	589	0.153706 0.377083  0.947615
2.27332806	590	0.159692 0.373731  0.940672
2.27836394	590	0.154664 0.375407  0.953122
2.28340005	588	0.155861 0.378280  0.950249
2.28843998	589	0.157297 0.383547  0.944024
2.29348802	588	0.158973 0.381153  0.948094
2.29852795	590	0.157297 0.378519  0.943306
2.30356407	590	0.158255 0.383308  0.947615
2.30858802	588	0.155861 0.383068  0.950010
2.31362390	590	0.160649 0.381392  0.948094
2.31863594	590	0.159931 0.382111  0.938518
2.32367205	590	0.160170 0.388575  0.944982
2.32870411	589	0.163522 0.382350  0.947855
2.33375597	589	0.163762 0.383308  0.949052
2.33879995	590	0.162565 0.384265  0.946897
2.34385609	589	0.160889 0.381392  0.948334
2.34889602	590	0.166156 0.390490  0.946418
2.35394406	590	0.162325 0.389293  0.949770
2.35899996	587	0.155382 0.387617  0.945940
2.36403989	590	0.161368 0.387857  0.951207
2.36906409	590	0.162325 0.388096  0.946897
2.37409996	590	0.161846 0.390251  0.944024
2.37913608	588	0.156100 0.385223  0.949052
2.38416790	590	0.162565 0.381871  0.947615
2.38919997	587	0.153227 0.384505  0.946897
2.39424395	587	0.154424 0.380674  0.949052
2.39928007	590	0.161128 0.379956  0.949052
2.40432000	590	0.150115 0.381632  0.949531
2.40934395	590	0.156100 0.379956  0.947855
2.41440010	590	0.154424 0.377562  0.947137
2.41944408	588	0.159452 0.379956  0.944742
2.42448806	589	0.154424 0.387378  0.950488
2.42953205	590	0.161607 0.380435  0.945461
2.43456006	589	0.158973 0.379477  0.950728
2.43959188	590	0.161846 0.381632  0.941151
2.44463610	589	0.157537 0.386420  0.950249
2.44967603	590	0.156819 0.380674  0.951207
2.45472002	589	0.157297 0.383787  0.946897
2.45975995	590	0.160410 0.389772  0.944503
2.46479606	587	0.161607 0.384744  0.942109
2.46984004	589	0.163043 0.391927  0.949291
2.47487998	590	0.166635 0.387138  0.944982
2.47993993	590	0.156340 0.389293  0.943066
2.48498392	589	0.162565 0.394560  0.945221
2.49002408	590	0.161368 0.384984  0.942109
2.49505591	588	0.164241 0.388336  0.946658
2.50009202	590	0.161607 0.393124  0.958629
2.50511598	589	0.163283 0.383308  0.938757
2.51014399	588	0.154424 0.386899  0.953122
2.51517605	589	0.154903 0.382829  0.938996
2.52021193	588	0.163043 0.382350  0.941869
2.52525591	588	0.160410 0.384505  0.940672
2.53028011	588	0.151551 0.379956  0.956953
2.53532791	590	0.160889 0.381153  0.958150
2.54036808	589	0.158495 0.383547  0.946897
2.54542398	590	0.161368 0.379477  0.952643
2.55046796	590	0.155382 0.377083  0.946658
2.55550408	588	0.153227 0.380914  0.942109
##inga 
#ido(sec)  szog(ADC)     ax(g)    ay(g)   az(g)
2.56105995	587	0.157537 0.378519  0.948094
2.56628394	590	0.160410 0.378519  0.944024
2.57151198	590	0.161368 0.379238  0.948094
2.57665205	587	0.154903 0.382829  0.942827
2.58167600	589	0.155622 0.383308  0.955037
2.58669996	589	0.156579 0.388575  0.949531
2.59174394	589	0.158734 0.384265  0.944024
2.59678411	589	0.156340 0.385941  0.942588
2.60182404	587	0.165917 0.389772  0.958150
2.60688400	589	0.164001 0.390251  0.957671
2.61191201	590	0.166156 0.390251  0.949770
2.61694407	590	0.152988 0.389054  0.948813
2.62198400	590	0.161846 0.391927  0.948334
2.62701988	587	0.164241 0.388336  0.943785
2.63205599	590	0.163762 0.390969  0.945700
2.63708806	590	0.162325 0.390730  0.947855
2.64210796	590	0.161846 0.387378  0.942109
2.64715194	590	0.157537 0.385463  0.946179
2.65219998	589	0.162565 0.385941  0.944982
2.65725588	587	0.163522 0.385702  0.938518
2.66231203	590	0.161368 0.384026  0.946179
2.66735601	590	0.160649 0.383308  0.946179
2.67239189	590	0.151073 0.387378  0.947376
2.67744398	589	0.156819 0.384026  0.946658
2.68247199	590	0.157297 0.378759  0.944264
2.68749594	589	0.162565 0.379238  0.950488
2.69253993	591	0.152749 0.375407  0.961741
2.69756388	587	0.148678 0.373731  0.944024
2.70260405	589	0.160889 0.378041  0.944024
2.70763206	590	0.158495 0.378759  0.953122
2.71265602	590	0.158734 0.379238  0.945940
2.71770405	589	0.156340 0.382350  0.940193
2.72273993	590	0.157776 0.380435  0.948334
2.72778010	590	0.161368 0.387378  0.949052
2.73284006	589	0.167592 0.388575  0.945940
2.73789596	590	0.162804 0.389293  0.943785
2.74292802	588	0.162565 0.382829  0.950728
2.74796795	590	0.165677 0.383068  0.948334
2.75300002	587	0.164480 0.388336  0.951446
2.75802397	589	0.168071 0.384265  0.947376
2.76304793	590	0.164241 0.392166  0.960065
2.76807999	590	0.164480 0.391687  0.947855
2.77310800	590	0.162325 0.388575  0.951686
2.77816796	590	0.165198 0.390251  0.939475
2.78321599	589	0.156340 0.387138  0.944982
2.78825592	590	0.160889 0.388096  0.944982
2.79329204	589	0.160649 0.387378  0.950728
2.79834389	590	0.155861 0.383787  0.945940
2.80338811	587	0.162804 0.383068  0.953601
2.80841588	590	0.161846 0.383787  0.945461
2.81344795	587	0.157537 0.387617  0.944742
2.81848001	590	0.157058 0.379717  0.951686
2.82350397	589	0.160410 0.380674  0.948334
2.82854003	590	0.154424 0.375407  0.942588
2.83356809	589	0.155382 0.374449  0.940912
2.83859615	589	0.159692 0.376365  0.951925
2.84364013	588	0.152749 0.382350  0.945461
2.84869594	590	0.155622 0.371816  0.944024
2.85373592	590	0.159692 0.384984  0.950728
2.85878391	589	0.158734 0.380195  0.942827
2.86383199	590	0.159452 0.387378  0.948813
2.86888008	590	0.162086 0.384026  0.943785
2.87390403	589	0.156579 0.385223  0.960065
2.87892799	589	0.159931 0.388575  0.956953
2.88395996	590	0.162086 0.392885  0.950249
2.88899211	588	0.157537 0.389533  0.954559
2.89404010	589	0.163522 0.388096  0.951207
2.89908790	587	0.164959 0.385463  0.949770
2.90412807	590	0.164480 0.393603  0.942109
2.90915603	590	0.165917 0.390969  0.948334
2.91420383	589	0.162325 0.390969  0.953840
2.91924810	589	0.155382 0.388575  0.948813
2.92430400	589	0.165198 0.388096  0.950488
2.92934398	588	0.161846 0.386181  0.938757
2.93438415	590	0.161368 0.379477  0.945461
2.93941993	590	0.154903 0.382829  0.947855
2.94444799	589	0.158495 0.382111  0.936602
2.94948005	589	0.157537 0.383068  0.944503
2.95451183	590	0.153946 0.377083  0.952643
2.95953607	589	0.159692 0.380914  0.938278
2.96455593	588	0.153946 0.374449  0.945461
2.96959209	590	0.159452 0.378759  0.944024
2.97463207	589	0.157297 0.376604  0.955037
2.97967605	589	0.159452 0.379238  0.945940
2.98472805	590	0.160170 0.379477  0.957192
2.98976802	590	0.154185 0.380674  0.946658
2.99480009	589	0.158016 0.382111  0.944024
2.99983596	589	0.163522 0.382590  0.945700
3.00485992	589	0.159213 0.384265  0.945461
3.00990009	589	0.160889 0.382590  0.956474
3.01491189	590	0.159931 0.388814  0.952164
3.01993608	590	0.162086 0.387138  0.953122
3.02494788	590	0.168071 0.388575  0.946418
3.02999210	590	0.166156 0.389054  0.953601
3.03503203	588	0.158016 0.388096  0.942827
3.04008793	590	0.163283 0.391927  0.948334
3.04514408	589	0.161368 0.386660  0.951686
3.05020809	587	0.158973 0.390969  0.951446
3.05523991	589	0.164719 0.385463  0.954080
3.06027197	590	0.159931 0.383068  0.950728
3.06531190	589	0.164480 0.384265  0.947855
##inga 
#ido(sec)  szog(ADC)     ax(g)    ay(g)   az(g)
3.07086396	590	0.160649 0.385702  0.945221
3.07607197	590	0.159692 0.380435  0.940912
3.08129596	588	0.153227 0.384984  0.947615
3.08644008	589	0.164480 0.381632  0.945700
3.09145593	589	0.156579 0.379238  0.950010
3.09649610	590	0.147003 0.384505  0.945461
3.10154390	590	0.160889 0.376844  0.949291
3.10660004	588	0.157776 0.377322  0.939954
3.11164808	590	0.158016 0.380674  0.957671
3.11668801	588	0.154185 0.374928  0.950249
3.12173199	589	0.157297 0.379477  0.941630
3.12674808	590	0.155622 0.379956  0.945940
3.13177204	590	0.158016 0.382111  0.952404
3.13679194	590	0.157537 0.389054  0.951686
3.14183998	589	0.160889 0.378280  0.948813
3.14685988	590	0.158016 0.382350  0.954080
3.15188789	589	0.164480 0.385223  0.946658
3.15691995	590	0.160649 0.384505  0.947855
3.16195201	589	0.157537 0.387138  0.943785
3.16700792	589	0.167353 0.386899  0.940912
3.17205595	590	0.167592 0.387378  0.955037
3.17709589	590	0.159452 0.392885  0.941630
3.18212795	587	0.164001 0.392645  0.945700
3.18713998	590	0.160649 0.393363  0.948094
3.19216799	590	0.161607 0.384505  0.951446
3.19720005	587	0.159692 0.386899  0.944742
3.20223999	588	0.164480 0.388336  0.939954
3.20727992	590	0.161368 0.386181  0.945461
3.21233201	590	0.161368 0.386899  0.945461
3.21738004	590	0.162086 0.388336  0.949770
3.22241592	590	0.162086 0.384505  0.950728
3.22745990	588	0.153227 0.384505  0.944503
3.23250389	590	0.154664 0.372534  0.957431
3.23753595	589	0.162325 0.379956  0.943306
3.24256801	589	0.149876 0.381153  0.941391
3.24761199	590	0.151791 0.376125  0.942109
3.25264000	590	0.152988 0.379956  0.948813
3.25765991	588	0.155143 0.383308  0.948334
3.26268792	588	0.156340 0.377562  0.947376
3.26771593	590	0.157058 0.379717  0.945221
3.27273988	590	0.155143 0.382590  0.944742
3.27779603	589	0.154903 0.385941  0.955037
3.28283596	589	0.156819 0.382350  0.945940
3.28788805	587	0.161368 0.372773  0.948094
3.29293608	587	0.161368 0.386660  0.940672
3.29798388	588	0.157776 0.386660  0.945221
3.30302405	590	0.164719 0.391687  0.951686
3.30806398	590	0.163043 0.391687  0.950488
3.31309604	590	0.158734 0.391209  0.954080
3.31812000	590	0.165917 0.388336  0.953122
3.32314801	590	0.167114 0.393842  0.953601
3.32818388	590	0.165198 0.389772  0.943066
3.33320808	589	0.163043 0.385702  0.949531
3.33823990	590	0.162325 0.392166  0.953122
3.34328007	590	0.158495 0.387857  0.950488
3.34832000	589	0.162086 0.384984  0.950010
3.35335206	589	0.161607 0.386899  0.947855
3.35839200	589	0.156340 0.384026  0.949291
3.36341595	588	0.158973 0.384265  0.942827
3.36843991	590	0.154424 0.382590  0.950010
3.37345194	589	0.158495 0.379477  0.952883
3.37847590	589	0.156579 0.380195  0.944024
3.38350009	589	0.154664 0.376844  0.947615
3.38854408	587	0.152509 0.381153  0.941630
3.39357590	590	0.154903 0.374210  0.953122
3.39860010	589	0.153946 0.383308  0.948334
3.40364789	590	0.158495 0.373252  0.943306
3.40869593	590	0.159213 0.377322  0.948813
3.41375207	587	0.155861 0.382350  0.948094
3.41879606	590	0.159452 0.378519  0.940672
3.42383193	590	0.159213 0.384026  0.952883
3.42885589	590	0.158495 0.382590  0.945940
3.43388009	590	0.162565 0.381632  0.946658
3.43891191	587	0.161368 0.394800  0.954559
3.44394397	590	0.164719 0.389054  0.942588
3.44898796	590	0.159692 0.385941  0.956713
3.45401597	588	0.161368 0.389293  0.947855
3.45907211	589	0.163043 0.392406  0.944982
3.46411991	587	0.160170 0.391209  0.947855
3.46915602	588	0.166635 0.389772  0.946897
3.47420811	590	0.162804 0.387378  0.945700
3.47923994	589	0.161846 0.387857  0.946658
3.48429203	590	0.159931 0.385941  0.950728
3.48932790	590	0.158016 0.380674  0.945461
3.49435210	589	0.163283 0.389772  0.943785
3.49937605	589	0.157537 0.386660  0.944982
3.50440001	589	0.158734 0.379717  0.950967
3.50943207	589	0.154185 0.379956  0.943306
3.51445198	590	0.156819 0.381871  0.956234
3.51950001	590	0.155861 0.376604  0.944503
3.52454400	589	0.161846 0.386899  0.949291
3.52958011	590	0.160170 0.378759  0.945940
3.53461599	589	0.157537 0.380435  0.948094
3.53966403	590	0.159931 0.375168  0.946897
3.54470396	590	0.157297 0.378041  0.946418
3.54972791	587	0.160889 0.384026  0.944503
3.55474805	590	0.164241 0.389772  0.948813
3.55977606	590	0.155143 0.377562  0.939715
3.56481599	590	0.159931 0.392166  0.943785
3.56985211	589	0.160889 0.382829  0.949052
3.57487201	587	0.159692 0.384984  0.948094
##inga 
#ido(sec)  szog(ADC)     ax(g)    ay(g)   az(g)
3.58045601	587	0.170944 0.387617  0.949770
3.58568811	588	0.160889 0.388096  0.948094
3.59091210	589	0.164241 0.389772  0.947855
3.59606003	589	0.159692 0.389772  0.947376
3.60112404	590	0.159213 0.390490  0.951446
3.60615205	588	0.165917 0.387138  0.946418
3.61118388	589	0.165198 0.392406  0.956713
3.61620807	588	0.160170 0.388814  0.951925
3.62122392	589	0.163762 0.385223  0.945461
3.62625598	589	0.170226 0.385463  0.943545
3.63129591	590	0.158255 0.386660  0.955037
3.63632798	590	0.157058 0.389054  0.947137
3.64134407	589	0.158973 0.383068  0.943066
3.64638400	589	0.157776 0.376844  0.945461
3.65142393	590	0.158973 0.379956  0.955995
3.65648007	590	0.153467 0.382111  0.946658
3.66153192	587	0.157537 0.378041  0.949291
3.66656804	590	0.151791 0.377801  0.946179
3.67159605	590	0.158495 0.378519  0.953122
3.67664003	589	0.152030 0.384744  0.947855
3.68165588	590	0.160649 0.380674  0.944982
3.68666791	589	0.160410 0.379956  0.940433
3.69170403	588	0.156340 0.382590  0.945940
3.69671607	588	0.154185 0.384984  0.955516
3.70176005	588	0.160410 0.385463  0.951686
3.70681595	590	0.160170 0.380914  0.952404
3.71184802	590	0.158734 0.387617  0.945461
3.71690011	590	0.158973 0.385463  0.949770
3.72195196	590	0.166395 0.387617  0.957192
3.72698807	590	0.165198 0.386420  0.944982
3.73201203	590	0.163762 0.383068  0.956474
3.73704004	590	0.164241 0.390969  0.950010
3.74207210	587	0.158016 0.389054  0.940193
3.74710011	589	0.162086 0.390730  0.937320
3.75212407	590	0.162804 0.391448  0.946179
3.75716805	590	0.164719 0.388336  0.940433
3.76221203	590	0.159931 0.389054  0.940433
3.76725602	590	0.160410 0.379477  0.939475
3.77229595	588	0.159931 0.383547  0.945461
3.77735209	587	0.164241 0.380914  0.945940
3.78240799	590	0.157776 0.383547  0.946897
3.78746008	587	0.159931 0.381632  0.951207
3.79248809	589	0.157537 0.382590  0.946418
3.79751205	590	0.159213 0.379717  0.955516
3.80255603	590	0.163283 0.379956  0.943306
3.80757999	587	0.155861 0.382350  0.949531
3.81260795	590	0.158495 0.374449  0.943306
3.81764793	588	0.155622 0.383068  0.943785
3.82267999	590	0.160649 0.383308  0.952164
3.82770805	588	0.160889 0.378519  0.951207
3.83274383	590	0.155143 0.378519  0.953122
3.83779191	590	0.155861 0.383308  0.948573
3.84284801	590	0.156340 0.381632  0.944742
3.84789609	589	0.158973 0.388575  0.941630
3.85293197	588	0.159931 0.385463  0.949531
3.85796813	588	0.164719 0.385463  0.946418
3.86300802	589	0.160649 0.389293  0.949291
3.86803197	587	0.163762 0.383547  0.935884
3.87306804	589	0.164001 0.394321  0.944503
3.87810401	589	0.165198 0.386181  0.952883
3.88314008	590	0.163522 0.390730  0.947855
3.88818407	589	0.161128 0.390490  0.953601
3.89321994	589	0.162086 0.395758  0.944024
3.89826393	589	0.156579 0.390490  0.944742
3.90331602	590	0.159452 0.385463  0.943066
3.90838003	588	0.158255 0.385223  0.953122
3.91342401	590	0.165917 0.380195  0.935645
3.91847209	590	0.159213 0.385941  0.944742
3.92350406	590	0.158495 0.384505  0.945461
3.92853593	587	0.163762 0.381632  0.935645
3.93357992	588	0.154424 0.378041  0.944503
3.93860416	588	0.154424 0.378519  0.949052
3.94363994	588	0.160889 0.376604  0.950249
3.94865989	590	0.159692 0.373971  0.950249
3.95370407	589	0.156579 0.373252  0.951686
3.95875186	590	0.155861 0.379956  0.949052
3.96380405	589	0.152270 0.381392  0.946418
3.96885204	588	0.157537 0.381632  0.954319
3.97390384	589	0.151551 0.382590  0.942109
3.97895193	589	0.154664 0.384505  0.939715
3.98399591	589	0.155861 0.385463  0.950728
3.98903608	590	0.158255 0.388336  0.953840
3.99406003	590	0.160889 0.392645  0.947615
3.99909210	588	0.164001 0.388814  0.945700
4.00410413	589	0.165677 0.393842  0.954798
4.00914382	588	0.160889 0.388096  0.944264
4.01416778	589	0.161128 0.391687  0.944742
4.01922798	587	0.166635 0.388814  0.941869
4.02428007	589	0.166635 0.385463  0.948094
4.02932786	589	0.156579 0.383308  0.947855
4.03439188	589	0.165198 0.393124  0.946418
4.03944015	588	0.162565 0.392406  0.953840
4.04447984	588	0.162086 0.385702  0.941630
4.04950380	589	0.154664 0.390490  0.944742
4.05453586	590	0.159931 0.385702  0.956474
4.05956792	587	0.155622 0.384026  0.949291
4.06458806	590	0.158255 0.381632  0.942827
4.06962776	588	0.158495 0.378998  0.959107
4.07465600	588	0.160410 0.373013  0.949291
4.07968378	588	0.150594 0.374928  0.948573
4.08472776	587	0.153467 0.378759  0.948334
##inga 
#ido(sec)  szog(ADC)     ax(g)    ay(g)   az(g)
4.09031581	588	0.152988 0.375407  0.939954
4.09554815	588	0.159931 0.377322  0.940193
4.10077190	590	0.156579 0.380674  0.941869
4.10589981	588	0.153227 0.376365  0.941630
4.11093997	587	0.158734 0.383787  0.943545
4.11596393	589	0.157297 0.388575  0.948813
4.12098789	590	0.159452 0.380195  0.941391
4.12601184	587	0.157297 0.383547  0.954080
4.13104820	590	0.163283 0.385941  0.946179
4.13608789	588	0.162086 0.384984  0.945461
4.14111995	589	0.157297 0.388814  0.955037
4.14616012	590	0.164241 0.391687  0.950010
4.15120792	587	0.168311 0.388814  0.941391
4.15625619	590	0.168550 0.384744  0.946418
4.16131210	589	0.159931 0.392885  0.948573
4.16637182	589	0.166395 0.386660  0.944503
4.17140007	589	0.165677 0.386899  0.950488
4.17642402	590	0.167832 0.389772  0.954798
4.18145608	587	0.158255 0.388336  0.943785
4.18648815	590	0.159692 0.383787  0.951686
4.19152021	587	0.162325 0.385223  0.944024
4.19655609	589	0.158016 0.382590  0.948094
4.20158386	590	0.158016 0.382111  0.944982
4.20662021	589	0.154185 0.378519  0.952643
4.21167182	589	0.157776 0.374689  0.946179
4.21672010	590	0.151791 0.376604  0.954080
4.22176408	589	0.154664 0.376365  0.945700
4.22680377	589	0.154185 0.379956  0.942109
4.23184776	590	0.154903 0.378041  0.951446
4.23687982	589	0.153946 0.378519  0.943066
4.24191617	588	0.159931 0.384026  0.944024
4.24694395	588	0.158255 0.378759  0.956234
4.25196790	588	0.157297 0.380435  0.941391
4.25699186	589	0.156819 0.384026  0.953361
4.26203203	590	0.158973 0.386899  0.951207
4.26706409	589	0.161128 0.388575  0.949770
4.27210378	589	0.165198 0.392885  0.958150
4.27715206	590	0.160649 0.387857  0.956234
4.28220415	589	0.166635 0.388575  0.948334
4.28726387	590	0.166635 0.387857  0.947855
4.29231977	588	0.164480 0.389533  0.949052
4.29735183	590	0.163522 0.396236  0.950010
4.30238819	589	0.170944 0.389772  0.952164
4.30741596	590	0.169029 0.388814  0.950249
4.31243991	590	0.162325 0.393363  0.949291
4.31746387	589	0.161607 0.389293  0.943306
4.32249593	588	0.160170 0.384984  0.949291
4.32751178	590	0.156100 0.383787  0.942588
4.33254814	590	0.163762 0.388336  0.947376
4.33760023	590	0.164241 0.379717  0.949291
4.34263610	590	0.160170 0.384026  0.951207
4.34767198	590	0.157297 0.382111  0.941869
4.35271215	590	0.167114 0.381632  0.946418
4.35774421	590	0.153467 0.385702  0.954798
4.36276817	590	0.152749 0.373971  0.943545
4.36780405	590	0.168071 0.380435  0.942588
4.37281608	589	0.154185 0.371816  0.945221
4.37785577	587	0.155382 0.377801  0.951207
4.38288784	589	0.158255 0.381871  0.948573
4.38791990	588	0.159213 0.381871  0.946897
4.39296388	587	0.164001 0.383787  0.943306
4.39800786	587	0.158495 0.383308  0.948094
4.40305185	590	0.162804 0.381392  0.945700
4.40808010	590	0.157776 0.386899  0.950010
4.41311979	590	0.159213 0.389533  0.952404
4.41817188	589	0.165917 0.387857  0.945461
4.42320013	588	0.167353 0.387857  0.946897
4.42823219	588	0.162325 0.390490  0.942109
4.43325614	590	0.170465 0.391209  0.951446
4.43828010	590	0.162325 0.390969  0.951207
4.44331979	589	0.165198 0.390251  0.940193
4.44835996	590	0.160889 0.386660  0.940433
4.45339202	590	0.169029 0.390969  0.948573
4.45843219	590	0.161607 0.390490  0.944982
4.46346378	589	0.162325 0.384984  0.955277
4.46852016	590	0.159692 0.384744  0.941869
4.47356796	587	0.155861 0.382111  0.955277
4.47860813	590	0.156579 0.381632  0.952164
4.48364019	588	0.158734 0.378998  0.948813
4.48866796	587	0.159692 0.385702  0.945221
4.49369192	588	0.158495 0.382590  0.953361
4.49871587	588	0.155382 0.376604  0.950488
4.50375223	590	0.156579 0.376125  0.948334
4.50879621	589	0.157776 0.376365  0.949531
4.51382780	589	0.159452 0.382829  0.949770
4.51887178	590	0.161128 0.382111  0.946418
4.52391195	590	0.153946 0.380195  0.944742
4.52897214	589	0.160410 0.378998  0.944742
4.53401613	589	0.154424 0.384744  0.943066
4.53905200	588	0.162325 0.375168  0.952643
4.54408788	590	0.158734 0.386660  0.943306
4.54910421	589	0.156100 0.381632  0.955037
4.55412387	590	0.168550 0.391209  0.946897
4.55913591	589	0.165198 0.387378  0.947376
4.56417179	588	0.159213 0.387857  0.944503
4.56920385	589	0.163283 0.394800  0.936363
4.57423591	589	0.168550 0.393603  0.945940
4.57927179	588	0.163522 0.389293  0.937081
4.58431196	589	0.167592 0.389772  0.946179
4.58937597	590	0.158973 0.387378  0.955995
4.59442377	590	0.169987 0.392166  0.954798
##inga 
#ido(sec)  szog(ADC)     ax(g)    ay(g)   az(g)
4.59999990	589	0.163043 0.390490  0.948573
4.60521984	589	0.158973 0.383308  0.940193
4.61044406	589	0.156819 0.382111  0.940433
4.61556005	590	0.152988 0.382829  0.945700
4.62058401	590	0.153467 0.380914  0.940912
4.62561607	589	0.159931 0.381153  0.946897
4.63066387	590	0.154903 0.376844  0.954080
4.63570022	588	0.155622 0.381632  0.944264
4.64074420	588	0.156579 0.384026  0.948334
4.64580011	589	0.151312 0.374689  0.953361
4.65084791	589	0.164480 0.376844  0.943545
4.65590810	589	0.156819 0.382829  0.952164
4.66095209	590	0.165677 0.378998  0.948813
4.66598796	589	0.158495 0.380195  0.946418
4.67101621	590	0.155622 0.383787  0.950010
4.67604017	590	0.163043 0.376604  0.945221
4.68105602	590	0.161607 0.384026  0.942827
4.68608379	589	0.163762 0.378519  0.949531
4.69111204	589	0.158973 0.380674  0.948334
4.69614791	590	0.160410 0.387857  0.945461
4.70117187	590	0.164241 0.388575  0.947376
4.70624017	590	0.161128 0.388096  0.949770
4.71127176	590	0.158495 0.389054  0.949531
4.71632003	588	0.165438 0.385941  0.949291
4.72136783	588	0.164719 0.393842  0.948094
4.72640800	590	0.160170 0.389054  0.941630
4.73143196	587	0.158495 0.390730  0.950249
4.73645591	587	0.159452 0.387378  0.945700
4.74147987	588	0.162565 0.382590  0.940672
4.74651622	589	0.154664 0.385941  0.950010
4.75154018	589	0.165917 0.385941  0.937560
4.75658416	589	0.158016 0.383787  0.949770
4.76162815	590	0.154424 0.384984  0.946418
4.76667213	588	0.159213 0.378998  0.942348
4.77172422	588	0.161128 0.380674  0.948094
4.77678012	590	0.152509 0.379717  0.950967
4.78181600	590	0.161368 0.376604  0.950728
4.78686380	588	0.154664 0.381153  0.941151
4.79190015	589	0.157537 0.376365  0.953361
4.79692792	589	0.160170 0.377562  0.954080
4.80195188	589	0.155861 0.377562  0.949531
4.80698394	590	0.158016 0.384744  0.951207
4.81200790	589	0.158495 0.384265  0.950249
4.81704807	590	0.158495 0.379956  0.942588
4.82208776	589	0.163522 0.392406  0.955516
4.82713222	588	0.154424 0.387138  0.947855
4.83217620	590	0.164959 0.391448  0.945461
4.83723211	590	0.164241 0.389772  0.953601
4.84229612	590	0.164959 0.384265  0.937081
4.84735202	589	0.157776 0.392166  0.943785
4.85238790	588	0.161607 0.394321  0.951925
4.85741186	588	0.163762 0.383547  0.944503
4.86243581	590	0.167114 0.390969  0.946418
4.86747217	589	0.158973 0.385463  0.942348
4.87249612	587	0.163762 0.392885  0.951207
4.87752008	588	0.161128 0.390969  0.952164
4.88255214	590	0.159452 0.386899  0.944503
4.88759183	589	0.154424 0.380914  0.944503
4.89264011	590	0.159452 0.384984  0.948094
4.89767980	589	0.158734 0.379238  0.955516
4.90273618	587	0.159931 0.383068  0.945221
4.90776777	590	0.155622 0.380435  0.952404
4.91281986	590	0.158495 0.384505  0.953361
4.91785621	588	0.155382 0.376125  0.943545
4.92288780	589	0.156819 0.379717  0.952883
4.92791986	590	0.158495 0.380914  0.947855
4.93295621	590	0.156340 0.381632  0.954319
4.93798017	590	0.156579 0.376125  0.939475
4.94302415	589	0.163043 0.379477  0.946179
4.94805622	589	0.153946 0.379238  0.942348
4.95311594	590	0.162804 0.382590  0.950967
4.95815181	588	0.161607 0.382590  0.944742
4.96319198	590	0.164959 0.387138  0.942588
4.96825599	588	0.157537 0.384744  0.941869
4.97330379	588	0.164959 0.387857  0.939954
4.97834014	590	0.162086 0.388336  0.941869
4.98337602	588	0.155622 0.393363  0.949770
4.98840808	589	0.161368 0.389054  0.942109
4.99344015	588	0.166874 0.399349  0.943785
4.99847221	589	0.164719 0.383308  0.940912
5.00349998	590	0.159213 0.389772  0.936842
5.00854396	589	0.159213 0.390012  0.944024
5.01358413	589	0.163043 0.386660  0.954559
5.01863193	589	0.158255 0.390969  0.949770
5.02367210	590	0.160410 0.395279  0.944982
5.02871179	588	0.161368 0.387378  0.949770
5.03376007	587	0.157297 0.376844  0.948813
5.03881216	589	0.157776 0.383068  0.947615
5.04385995	590	0.157297 0.381392  0.943545
5.04888820	589	0.158255 0.380674  0.939715
5.05391216	590	0.155143 0.382590  0.939236
5.05894422	587	0.160410 0.379477  0.945700
5.06396007	588	0.160889 0.373971  0.947137
5.06899213	589	0.162325 0.378041  0.949291
5.07403993	590	0.157297 0.376125  0.950249
5.07908010	589	0.156579 0.383308  0.948334
5.08411979	588	0.152030 0.376365  0.945940
5.08914422	589	0.162804 0.377801  0.945940
5.09420013	590	0.162804 0.383547  0.945940
5.09924411	590	0.158495 0.387138  0.940672
5.10427999	590	0.158734 0.385223  0.948813
##inga 
#ido(sec)  szog(ADC)     ax(g)    ay(g)   az(g)
5.10984420	589	0.158973 0.390251  0.951686
5.11509180	590	0.160170 0.386181  0.944503
5.12030792	588	0.164719 0.387138  0.949291
5.12543201	590	0.160170 0.383068  0.941869
5.13044786	590	0.164241 0.392645  0.953122
5.13548803	589	0.162804 0.385223  0.944503
5.14052009	590	0.167592 0.390012  0.949770
5.14555978	590	0.160170 0.389054  0.947615
5.15060377	588	0.163762 0.387138  0.943066
5.15565204	590	0.161607 0.387138  0.952404
5.16069221	589	0.160649 0.392406  0.948094
5.16572809	590	0.161368 0.385702  0.937081
5.17076778	588	0.155622 0.393363  0.943306
5.17580413	590	0.153467 0.381153  0.946897
5.18084001	590	0.152749 0.377322  0.955516
5.18588399	588	0.149636 0.379238  0.959586
5.19091176	590	0.158495 0.370858  0.941391
5.19595193	590	0.160170 0.377801  0.950488
5.20096015	589	0.160410 0.379238  0.943066
5.20599985	590	0.159931 0.377322  0.942348
5.21103620	590	0.152988 0.384505  0.953601
5.21608781	590	0.158495 0.380435  0.946658
5.22113609	590	0.162804 0.388336  0.943545
5.22617578	590	0.157058 0.386181  0.940193
5.23119211	590	0.159931 0.384744  0.944503
5.23622417	590	0.164001 0.387857  0.939236
5.24124002	589	0.158734 0.381871  0.947855
5.24627208	587	0.162325 0.385223  0.941630
5.25130414	590	0.164241 0.389293  0.955037
5.25634384	590	0.165917 0.388575  0.936363
5.26138401	590	0.160170 0.392885  0.951207
5.26641607	590	0.158973 0.388814  0.945940
5.27146387	589	0.161846 0.391687  0.951686
5.27651977	588	0.165677 0.386181  0.945461
5.28155612	590	0.157058 0.396715  0.943545
5.28659200	590	0.160889 0.391209  0.946897
5.29161596	590	0.164719 0.390012  0.947376
5.29664802	590	0.155382 0.385702  0.955037
5.30167198	587	0.158973 0.382590  0.951686
5.30670404	589	0.158016 0.382829  0.937560
5.31172800	588	0.160410 0.386899  0.949770
5.31673192	590	0.154424 0.383547  0.946897
5.32178020	589	0.157058 0.378041  0.940672
5.32681989	590	0.159692 0.376125  0.950728
5.33186388	590	0.158973 0.377083  0.954559
5.33691215	589	0.158734 0.388814  0.954559
5.34197187	590	0.164241 0.378998  0.945940
5.34701204	590	0.161368 0.380674  0.948094
5.35205984	588	0.151791 0.378759  0.947376
5.35708808	589	0.162565 0.377322  0.947855
5.36212396	589	0.158734 0.381392  0.950010
5.36714792	589	0.160170 0.381392  0.950488
5.37216806	590	0.159213 0.390012  0.947855
5.37721586	589	0.158973 0.386420  0.944024
5.38224792	590	0.163043 0.386660  0.944982
5.38727998	590	0.163283 0.390730  0.945700
5.39232015	589	0.161368 0.389772  0.950728
5.39736795	589	0.160170 0.381871  0.950249
5.40240383	588	0.159931 0.387857  0.949052
5.40745592	589	0.159931 0.390012  0.941630
5.41248798	588	0.162565 0.390730  0.940912
5.41751194	589	0.168550 0.389772  0.946179
5.42253589	590	0.158495 0.393124  0.938996
5.42755985	589	0.162325 0.391448  0.950728
5.43260002	590	0.159213 0.385223  0.942588
5.43764781	590	0.158973 0.388096  0.947615
5.44268417	589	0.158495 0.385941  0.950967
5.44771623	590	0.161846 0.387857  0.954319
5.45276784	589	0.158973 0.385463  0.948813
5.45782423	589	0.155143 0.384505  0.940912
5.46288013	590	0.157537 0.378280  0.932772
5.46791982	590	0.161846 0.380195  0.956953
5.47296380	587	0.155861 0.384744  0.946658
5.47800016	590	0.155622 0.383547  0.946897
5.48303604	590	0.153946 0.372773  0.946179
5.48806381	590	0.153946 0.378759  0.944742
5.49309587	590	0.151791 0.380674  0.952643
5.49812412	589	0.158495 0.381632  0.944503
5.50315999	587	0.155622 0.381392  0.946418
5.50820398	588	0.156340 0.380435  0.944264
5.51325178	590	0.158016 0.384744  0.946418
5.51829576	590	0.163522 0.386660  0.948813
5.52334785	590	0.160410 0.387378  0.946658
5.52839612	589	0.166156 0.387857  0.946897
5.53344821	590	0.164241 0.389054  0.952643
5.53849601	590	0.164480 0.389772  0.950728
5.54353618	589	0.155382 0.383068  0.944982
5.54857206	589	0.159931 0.390251  0.944982
5.55359983	589	0.167114 0.391927  0.949531
5.55864000	588	0.165438 0.391209  0.947615
5.56365585	590	0.159692 0.391448  0.937560
5.56868791	590	0.161128 0.389054  0.948334
5.57374000	590	0.160410 0.390730  0.941151
5.57876014	588	0.155861 0.384026  0.950249
5.58379602	590	0.158734 0.385223  0.945940
5.58883190	589	0.156340 0.387857  0.946658
5.59387207	589	0.162086 0.377562  0.948573
5.59889602	589	0.160410 0.386899  0.954319
5.60391998	589	0.162325 0.383547  0.940912
5.60894393	590	0.162325 0.379717  0.953361
5.61397600	590	0.154424 0.374210  0.948094
##inga 
#ido(sec)  szog(ADC)     ax(g)    ay(g)   az(g)
5.61953592	589	0.159931 0.378998  0.950488
5.62477207	590	0.156340 0.379238  0.951446
5.63000392	588	0.152030 0.378759  0.959826
5.63513612	590	0.156819 0.378998  0.941391
5.64017581	588	0.152749 0.378041  0.955277
5.64522409	589	0.162086 0.383547  0.950249
5.65026807	590	0.159931 0.381153  0.947137
5.65531206	588	0.152030 0.384984  0.945221
5.66033983	590	0.164959 0.383787  0.949770
5.66537618	590	0.162325 0.390251  0.947376
5.67040014	589	0.162804 0.380674  0.949291
5.67543601	588	0.159213 0.391448  0.946897
5.68046379	588	0.164241 0.394321  0.949770
5.68548822	589	0.165677 0.380914  0.939715
5.69051599	588	0.162086 0.384984  0.947376
5.69554805	590	0.167114 0.391927  0.948813
5.70059204	589	0.162804 0.391209  0.949770
5.70563220	587	0.161846 0.389054  0.942348
5.71067619	588	0.160170 0.390012  0.939475
5.71571207	589	0.164001 0.389293  0.946179
5.72074413	588	0.165438 0.388575  0.940193
5.72578382	590	0.161128 0.382829  0.949770
5.73080778	589	0.156579 0.383787  0.942348
5.73583221	587	0.159452 0.381392  0.939954
5.74086380	590	0.152270 0.385941  0.942588
5.74588823	590	0.155861 0.379956  0.952643
5.75092411	589	0.161368 0.379956  0.944503
5.75596809	587	0.154903 0.378759  0.940193
5.76100778	590	0.161607 0.374689  0.938996
5.76605176	589	0.158495 0.372055  0.941151
5.77109622	588	0.158973 0.383308  0.953601
5.77614021	588	0.155861 0.382590  0.948813
5.78117990	590	0.153946 0.384265  0.944024
5.78623580	588	0.162086 0.384505  0.950728
5.79127216	590	0.159931 0.386420  0.953361
5.79629993	587	0.160649 0.381153  0.944982
5.80132389	590	0.159931 0.387138  0.947615
5.80635976	590	0.162804 0.387138  0.949291
5.81139183	590	0.168071 0.389054  0.957431
5.81642389	590	0.162804 0.389533  0.947855
5.82145595	588	0.156819 0.386660  0.936602
5.82649612	590	0.162565 0.389054  0.953601
5.83153581	590	0.167832 0.392885  0.946179
5.83659982	590	0.167114 0.390490  0.940672
5.84163618	589	0.164959 0.390490  0.942827
5.84666013	589	0.162804 0.383787  0.953122
5.85169601	589	0.160649 0.392645  0.941391
5.85672807	590	0.152988 0.385223  0.938757
5.86176013	589	0.161368 0.381871  0.954798
5.86679220	590	0.159931 0.383787  0.949291
5.87182807	589	0.160889 0.376125  0.949770
5.87685585	588	0.155861 0.385463  0.944982
5.88190412	590	0.158016 0.380195  0.946658
5.88694381	589	0.155143 0.382350  0.949291
5.89199209	590	0.156579 0.381871  0.942588
5.89703607	590	0.159931 0.378759  0.938039
5.90209197	590	0.157297 0.380914  0.944024
5.90713214	589	0.155622 0.372055  0.946897
5.91217613	589	0.154903 0.378280  0.952883
5.91720390	587	0.157537 0.379238  0.948334
5.92223596	589	0.157537 0.383547  0.950488
5.92726421	590	0.157537 0.382350  0.943066
5.93229579	589	0.155861 0.386181  0.950728
5.93733978	589	0.159452 0.389054  0.946658
5.94238376	590	0.163283 0.385463  0.950728
5.94740819	589	0.162086 0.385941  0.950488
5.95243978	589	0.164480 0.387378  0.950249
5.95748376	590	0.164959 0.387617  0.939236
5.96253585	588	0.156340 0.387617  0.948094
5.96758413	590	0.161846 0.394082  0.944982
5.97261619	589	0.172381 0.386899  0.946179
5.97763586	589	0.167114 0.386181  0.949770
5.98266410	590	0.161607 0.390730  0.952883
5.98767995	587	0.160649 0.393363  0.943306
5.99270391	587	0.168550 0.389772  0.944503
5.99773597	590	0.162325 0.384026  0.946897
6.00277614	590	0.162804 0.381392  0.951446
6.00780391	590	0.166156 0.381392  0.947855
6.01284790	590	0.156579 0.381871  0.944982
6.01788377	590	0.155861 0.379956  0.944503
6.02292823	588	0.158495 0.381632  0.947137
6.02796792	590	0.154424 0.380674  0.946418
6.03300380	588	0.156340 0.378519  0.946179
6.03802394	589	0.154424 0.381153  0.945940
6.04304790	590	0.151312 0.377083  0.950010
6.04807186	590	0.158973 0.383787  0.939954
6.05309581	589	0.156819 0.382829  0.952883
6.05813217	589	0.161607 0.385223  0.947615
6.06317615	588	0.158973 0.385941  0.948094
6.06821584	590	0.150354 0.382590  0.943066
6.07325983	590	0.159452 0.386181  0.945940
6.07830381	589	0.160889 0.390969  0.954798
6.08334398	589	0.152509 0.388575  0.950967
6.08839178	589	0.160410 0.387378  0.945461
6.09342384	590	0.164480 0.386181  0.944742
6.09846019	589	0.163762 0.392885  0.947137
6.10349607	590	0.166874 0.392166  0.941869
6.10852003	590	0.168311 0.390251  0.953361
6.11356019	589	0.159452 0.386181  0.944264
6.11860799	588	0.160170 0.386660  0.946897
6.12362813	590	0.161368 0.390012  0.948094
##inga 
#ido(sec)  szog(ADC)     ax(g)    ay(g)   az(g)
6.12920808	589	0.158016 0.385223  0.944982
6.13443994	590	0.159692 0.389772  0.942109
6.13966417	590	0.161607 0.384026  0.945700
6.14480018	588	0.161607 0.384026  0.949291
6.14984798	590	0.157776 0.373492  0.941630
6.15488815	588	0.154424 0.382590  0.942348
6.15991210	588	0.161368 0.380674  0.945221
6.16493606	587	0.153467 0.381392  0.940912
6.16996812	590	0.158255 0.381392  0.945221
6.17499589	590	0.160889 0.386899  0.950728
6.18002796	590	0.151312 0.382829  0.949052
6.18506383	587	0.148439 0.374689  0.948573
6.19010782	590	0.164719 0.379956  0.947137
6.19515180	588	0.156579 0.382350  0.946897
6.20020389	589	0.157537 0.379477  0.942109
6.20525979	589	0.155382 0.383308  0.940193
6.21031188	588	0.159931 0.384265  0.945700
6.21534395	589	0.159692 0.380674  0.943306
6.22037982	589	0.155861 0.386181  0.948094
6.22541618	589	0.165677 0.384505  0.951686
6.23046016	589	0.164001 0.390012  0.949291
6.23548412	589	0.164001 0.386181  0.946897
6.24050807	589	0.159213 0.393124  0.955516
6.24554014	589	0.164719 0.387617  0.939715
6.25056409	590	0.166156 0.389293  0.945461
6.25559997	587	0.165198 0.391927  0.956713
6.26064777	590	0.161846 0.385702  0.938757
6.26569604	588	0.157297 0.386899  0.955516
6.27074813	590	0.155861 0.389054  0.948334
6.27578401	588	0.162565 0.385223  0.954319
6.28082418	589	0.160889 0.381871  0.946658
6.28585195	590	0.164959 0.388575  0.946179
6.29088020	589	0.157058 0.384265  0.949531
6.29590415	590	0.160889 0.380674  0.946179
6.30092382	590	0.154903 0.381632  0.942827
6.30595588	587	0.162325 0.381392  0.946418
6.31099176	589	0.156340 0.380195  0.950728
6.31603193	590	0.155382 0.374210  0.951925
6.32105588	589	0.161846 0.376125  0.940433
6.32610416	590	0.154664 0.378519  0.942348
6.33116388	588	0.154903 0.384026  0.946897
6.33620023	590	0.148918 0.383787  0.945461
6.34123992	590	0.156340 0.376604  0.944982
6.34625577	588	0.158734 0.385223  0.946179
6.35128021	589	0.158495 0.389054  0.955995
6.35630416	590	0.167114 0.385941  0.950488
6.36134386	590	0.158734 0.386899  0.943306
6.36637592	590	0.163283 0.390012  0.945940
6.37141180	590	0.160649 0.386899  0.949291
6.37644004	588	0.162804 0.388814  0.953122
6.38147211	588	0.167353 0.392406  0.946897
6.38652801	590	0.157058 0.392166  0.942827
6.39156007	588	0.168071 0.385223  0.950010
6.39659214	589	0.162325 0.387857  0.952404
6.40162420	589	0.165438 0.386660  0.939475
6.40664815	589	0.156100 0.389533  0.944264
6.41167211	590	0.163043 0.387138  0.947137
6.41670799	589	0.162565 0.380435  0.944982
6.42173576	590	0.155143 0.386181  0.948813
6.42678022	589	0.161368 0.382590  0.952164
6.43180799	590	0.157058 0.380435  0.947137
6.43684005	589	0.157297 0.384505  0.949531
6.44187211	588	0.157058 0.380674  0.954559
6.44692420	590	0.158495 0.375646  0.948334
6.45198011	590	0.151791 0.381871  0.944742
6.45701599	587	0.153946 0.379956  0.949291
6.46205615	590	0.159213 0.383308  0.943306
6.46708011	587	0.156579 0.381632  0.949291
6.47210407	590	0.153227 0.378280  0.949291
6.47712802	590	0.158973 0.378759  0.946418
6.48216390	590	0.152988 0.383068  0.942827
6.48720407	588	0.156340 0.383547  0.948334
6.49222803	589	0.158495 0.387138  0.950728
6.49728012	590	0.162804 0.382350  0.935405
6.50231599	590	0.155861 0.390012  0.949052
6.50735998	588	0.168071 0.382590  0.945221
6.51240396	588	0.161368 0.382829  0.948094
6.51745605	590	0.163283 0.387378  0.937560
6.52249193	587	0.164959 0.391209  0.943785
6.52751588	590	0.164719 0.391687  0.956234
6.53253984	589	0.162325 0.381153  0.948573
6.53757190	589	0.164959 0.383547  0.946897
6.54260015	590	0.159213 0.385702  0.940433
6.54763221	587	0.161846 0.388336  0.937560
6.55266380	590	0.158495 0.391927  0.950010
6.55769586	588	0.158495 0.381632  0.936123
6.56273603	590	0.160889 0.390251  0.955995
6.56777620	590	0.158495 0.383787  0.950488
6.57281589	589	0.160170 0.382590  0.941869
6.57783985	588	0.158016 0.378280  0.954798
6.58287191	590	0.158016 0.381632  0.952643
6.58789587	590	0.159452 0.376365  0.963417
6.59293603	589	0.153946 0.377322  0.945461
6.59796810	589	0.155622 0.375407  0.950728
6.60300397	587	0.152988 0.379477  0.951686
6.60804796	590	0.164241 0.382350  0.947855
6.61309194	588	0.162804 0.376604  0.940672
6.61812019	590	0.155622 0.380674  0.946897
6.62317609	587	0.157297 0.379956  0.948334
6.62822389	590	0.155143 0.385463  0.953840
6.63327217	590	0.160889 0.381392  0.948813
##inga 
#ido(sec)  szog(ADC)     ax(g)    ay(g)   az(g)
6.63884401	588	0.160410 0.388814  0.948094
6.64407205	589	0.152988 0.390490  0.942827
6.64928817	589	0.164480 0.386899  0.942827
6.65440797	589	0.161607 0.387138  0.951686
6.65944385	590	0.156819 0.387857  0.945940
6.66447210	590	0.168071 0.386899  0.944264
6.66951179	590	0.161846 0.383308  0.948573
6.67455196	588	0.165438 0.384265  0.944982
6.67957210	590	0.157537 0.394800  0.943785
6.68461608	587	0.158973 0.389293  0.948334
6.68966817	590	0.157297 0.384744  0.942348
6.69472408	588	0.161128 0.384505  0.952404
6.69977617	588	0.164241 0.390012  0.952883
6.70482015	590	0.159213 0.384505  0.945940
6.70984792	590	0.160889 0.386899  0.952643
6.71486806	587	0.156819 0.380435  0.947615
6.71989583	590	0.157297 0.384026  0.941391
6.72492790	589	0.153706 0.376125  0.950967
6.72995615	589	0.158495 0.376604  0.936363
6.73498392	588	0.158973 0.383308  0.946658
6.74001979	590	0.152030 0.388096  0.950249
6.74505615	588	0.154664 0.380195  0.955037
6.75010013	587	0.152988 0.382111  0.948573
6.75514793	588	0.158495 0.383547  0.944982
6.76020002	589	0.158734 0.380914  0.942827
6.76525211	589	0.160410 0.390251  0.946897
6.77027988	589	0.162565 0.379477  0.952164
6.77531194	590	0.160649 0.375886  0.947855
6.78032779	589	0.164001 0.382829  0.949531
6.78534793	589	0.167353 0.383547  0.950010
6.79037618	588	0.161607 0.385941  0.947376
6.79541587	589	0.166156 0.384505  0.943545
6.80045604	590	0.162565 0.390490  0.943545
6.80549621	590	0.159692 0.391927  0.947376
6.81053590	590	0.158973 0.393603  0.954080
6.81557607	589	0.164001 0.396236  0.940433
6.82062005	588	0.158973 0.388336  0.948813
6.82567214	590	0.164719 0.390969  0.951925
6.83070802	588	0.158016 0.385463  0.940193
6.83573198	588	0.155382 0.387857  0.945461
6.84076404	589	0.162086 0.385941  0.949052
6.84579992	590	0.158016 0.383308  0.943545
6.85083198	589	0.157297 0.384505  0.944503
6.85587596	589	0.158973 0.369422  0.949531
6.86090803	589	0.158016 0.386660  0.952164
6.86593580	588	0.157058 0.381871  0.950728
6.87096786	588	0.157537 0.383787  0.947615
6.87601613	590	0.165198 0.378041  0.943306
6.88106393	590	0.161368 0.380674  0.950728
6.88611602	589	0.163043 0.377083  0.950967
6.89115190	590	0.161368 0.386660  0.949052
6.89618778	590	0.152030 0.373013  0.938757
6.90121221	589	0.164480 0.383068  0.942588
6.90623998	588	0.159213 0.382350  0.948334
6.91126394	588	0.156340 0.385463  0.943066
6.91629600	590	0.159931 0.381392  0.946418
6.92133188	590	0.159692 0.388096  0.949770
6.92636394	590	0.160889 0.388814  0.947855
6.93139982	590	0.159452 0.386660  0.949770
6.93643188	588	0.161128 0.384744  0.952643
6.94148397	589	0.158973 0.389293  0.944264
6.94653606	589	0.161846 0.389054  0.941869
6.95157194	590	0.158016 0.388814  0.943785
6.95659589	588	0.156819 0.393363  0.951207
6.96162414	590	0.164480 0.393124  0.942348
6.96664810	588	0.167832 0.387378  0.948094
6.97168016	589	0.158734 0.390251  0.935884
6.97671985	588	0.156579 0.387138  0.945940
6.98176002	588	0.159931 0.381632  0.945940
6.98680019	589	0.158495 0.378998  0.952643
6.99184417	590	0.158495 0.377801  0.949531
6.99689579	587	0.161368 0.384505  0.944982
7.00195217	587	0.154185 0.378998  0.942109
7.00699996	589	0.155861 0.374210  0.938039
7.01203203	590	0.151073 0.381392  0.943785
7.01705598	589	0.152509 0.385463  0.946418
7.02208423	590	0.157297 0.382111  0.949291
7.02710819	589	0.153946 0.381632  0.955756
7.03214406	588	0.153467 0.377322  0.944742
7.03717994	589	0.152270 0.384265  0.953601
7.04221200	589	0.157297 0.384026  0.946897
7.04723596	590	0.161607 0.381871  0.948334
7.05227994	587	0.156100 0.379238  0.947376
7.05732011	588	0.162325 0.386660  0.948334
7.06236791	590	0.162804 0.395997  0.947615
7.06742000	589	0.161128 0.384505  0.949531
7.07245588	589	0.165438 0.390969  0.943066
7.07748413	589	0.165438 0.391209  0.944264
7.08252382	590	0.161607 0.395758  0.951686
7.08756017	589	0.162086 0.393603  0.941630
7.09257602	590	0.161846 0.386660  0.947137
7.09759998	590	0.165438 0.384505  0.945940
7.10264015	587	0.157058 0.389054  0.943306
7.10765981	588	0.159452 0.387378  0.952643
7.11271190	590	0.160170 0.384984  0.948573
7.11774396	590	0.154903 0.384984  0.948813
7.12278413	588	0.154424 0.388096  0.951207
7.12783193	590	0.158255 0.383547  0.941151
7.13288402	590	0.157297 0.379238  0.943785
7.13791990	589	0.158255 0.384026  0.956474
7.14296007	590	0.156340 0.382350  0.951686
##inga 
#ido(sec)  szog(ADC)     ax(g)    ay(g)   az(g)
7.14851999	590	0.158973 0.378519  0.959347
7.15376377	590	0.152509 0.376365  0.948813
7.15901994	589	0.153706 0.380914  0.948813
7.16413593	589	0.152270 0.377083  0.944742
7.16917610	589	0.160410 0.381632  0.952643
7.17419195	587	0.157058 0.379238  0.951925
7.17922782	589	0.158016 0.387378  0.942109
7.18426418	589	0.154664 0.383308  0.950967
7.18932008	587	0.161607 0.382111  0.949531
7.19435596	590	0.159213 0.384505  0.946179
7.19939994	587	0.164719 0.388814  0.951207
7.20444011	589	0.162325 0.389772  0.952643
7.20947599	590	0.161368 0.389772  0.947855
7.21450376	590	0.165198 0.390490  0.951446
7.21953582	589	0.160889 0.389533  0.953361
7.22455978	590	0.161368 0.389533  0.946658
7.22961187	588	0.162565 0.393124  0.945940
7.23464012	588	0.163762 0.386420  0.944264
7.23969984	588	0.164241 0.389054  0.955756
7.24475193	588	0.156819 0.387617  0.944503
7.24979209	590	0.159452 0.388575  0.942348
7.25485610	588	0.156819 0.389533  0.947376
7.25991582	590	0.158495 0.380674  0.942348
7.26495218	587	0.158495 0.385941  0.944742
7.26997613	588	0.159452 0.388096  0.944024
7.27500391	590	0.157297 0.377322  0.948573
7.28003978	590	0.156340 0.380674  0.944024
7.28507184	590	0.154424 0.378041  0.946418
7.29010820	589	0.158973 0.376125  0.958629
7.29515218	587	0.154903 0.370619  0.956713
7.30016422	587	0.157058 0.383787  0.960544
7.30520820	589	0.157058 0.382590  0.948813
7.31025981	588	0.158016 0.384984  0.950967
7.31530380	589	0.158973 0.384026  0.952164
7.32033586	590	0.161368 0.386660  0.950728
7.32538414	590	0.159931 0.383547  0.947855
7.33042383	590	0.162086 0.387617  0.950488
7.33545589	587	0.157058 0.385223  0.951207
7.34047603	589	0.163283 0.385941  0.952643
7.34550380	590	0.164480 0.389533  0.942348
7.35052394	589	0.162565 0.386660  0.940433
7.35555601	589	0.164719 0.387617  0.941391
7.36059188	590	0.162325 0.389772  0.950010
7.36563205	589	0.164719 0.390969  0.947855
7.37067604	588	0.161846 0.387857  0.945461
7.37572813	589	0.164480 0.386420  0.952643
7.38077592	589	0.158973 0.390012  0.947615
7.38583183	588	0.159213 0.382111  0.944024
7.39086389	589	0.163283 0.389772  0.949531
7.39589595	590	0.162086 0.391448  0.954319
7.40091991	590	0.162325 0.393842  0.954798
7.40594005	590	0.156579 0.386181  0.938039
7.41097593	590	0.159452 0.383068  0.944503
7.41601610	589	0.158734 0.384744  0.941391
7.42104387	589	0.154664 0.382111  0.954319
7.42609214	587	0.152749 0.381632  0.945461
7.43112802	590	0.156579 0.380435  0.941630
7.43617582	588	0.159452 0.385941  0.947855
7.44123220	588	0.158495 0.379238  0.944982
7.44628000	589	0.159692 0.381153  0.941391
7.45131206	590	0.156100 0.383547  0.940672
7.45634794	588	0.162804 0.379238  0.951925
7.46137189	589	0.161607 0.386899  0.946658
7.46639585	590	0.162804 0.385223  0.944982
7.47142410	589	0.157537 0.381871  0.947615
7.47644805	589	0.159931 0.381632  0.944024
7.48148822	590	0.161846 0.384505  0.945700
7.48651599	589	0.160410 0.387138  0.946897
7.49155998	590	0.161846 0.390490  0.934447
7.49660778	588	0.164959 0.386420  0.952404
7.50165176	590	0.158734 0.388575  0.941391
7.50669622	590	0.158973 0.387857  0.934208
7.51174783	590	0.161607 0.384026  0.944264
7.51678419	590	0.159692 0.387378  0.944024
7.52182006	589	0.160649 0.387617  0.943066
7.52683210	588	0.161368 0.384744  0.943066
7.53185606	588	0.161128 0.386181  0.943306
7.53689193	590	0.158734 0.390012  0.943545
7.54192399	588	0.163522 0.378041  0.939475
7.54697990	590	0.157058 0.376844  0.948334
7.55201196	589	0.157776 0.377322  0.940193
7.55705595	588	0.162804 0.376125  0.949052
7.56208801	590	0.157537 0.386660  0.948813
7.56714391	590	0.152749 0.379717  0.938518
7.57219982	587	0.154185 0.377801  0.945700
7.57722377	590	0.155861 0.381153  0.951686
7.58225584	590	0.154903 0.374689  0.944742
7.58727979	589	0.164480 0.382590  0.944982
7.59230422	589	0.158495 0.378280  0.944024
7.59733581	587	0.160410 0.383787  0.945461
7.60235214	590	0.158255 0.382590  0.946179
7.60737991	590	0.158734 0.384505  0.944024
7.61242818	589	0.158973 0.382350  0.940193
7.61747217	590	0.158973 0.384265  0.953601
7.62251996	587	0.161128 0.388096  0.941151
7.62757587	589	0.160889 0.386899  0.944503
7.63261985	590	0.165917 0.386660  0.942588
7.63766384	587	0.167114 0.391687  0.943066
7.64269590	588	0.160410 0.384984  0.945940
7.64771223	588	0.162325 0.386420  0.944503
7.65273618	590	0.161846 0.389772  0.950967
##inga 
#ido(sec)  szog(ADC)     ax(g)    ay(g)   az(g)
7.65830802	589	0.156579 0.382829  0.939475
7.66353178	589	0.161128 0.387138  0.948813
7.66879177	588	0.167353 0.390012  0.955756
7.67394399	589	0.160410 0.388096  0.940672
7.67897605	588	0.160410 0.382590  0.946418
7.68401622	587	0.163043 0.384505  0.943545
7.68905591	590	0.160889 0.387138  0.942109
7.69409608	590	0.163522 0.381392  0.949770
7.69912815	588	0.153467 0.384744  0.937320
7.70416402	589	0.152509 0.382829  0.947855
7.70918798	589	0.156340 0.381632  0.952883
7.71421623	589	0.160410 0.376125  0.950488
7.71924018	588	0.157776 0.377562  0.946897
7.72427177	589	0.157537 0.385223  0.946897
7.72931194	589	0.153467 0.381392  0.948573
7.73434400	589	0.160410 0.383068  0.947137
7.73936796	589	0.160410 0.379477  0.940433
7.74440002	587	0.154185 0.383787  0.947855
7.74945211	587	0.157537 0.381153  0.950249
7.75450801	589	0.158495 0.384505  0.944503
7.75954389	588	0.165677 0.386660  0.939475
7.76458406	589	0.162086 0.391927  0.947376
7.76960802	590	0.169747 0.382590  0.948573
7.77462387	589	0.165198 0.393124  0.944503
7.77964401	588	0.163283 0.389772  0.955037
7.78466796	590	0.162565 0.392406  0.944024
7.78970003	588	0.163043 0.395279  0.944742
7.79474401	590	0.153467 0.391209  0.946418
7.79979181	590	0.163043 0.391687  0.948094
7.80484008	587	0.158734 0.386899  0.944982
7.80988407	588	0.164241 0.383787  0.938996
7.81493186	589	0.153946 0.385702  0.942348
7.81997585	590	0.162325 0.385223  0.946418
7.82501602	587	0.158973 0.385463  0.943306
7.83004379	590	0.154664 0.379477  0.943066
7.83506822	590	0.156579 0.378759  0.952164
7.84009599	587	0.155382 0.380195  0.949770
7.84511995	590	0.157297 0.376365  0.938757
7.85016012	589	0.153706 0.377083  0.942588
7.85519218	589	0.158255 0.375646  0.939475
7.86023998	590	0.155861 0.376604  0.942827
7.86529207	589	0.152030 0.377562  0.954080
7.87031602	589	0.156819 0.374689  0.945940
7.87536811	590	0.160889 0.382111  0.953361
7.88040781	589	0.155382 0.384265  0.947137
7.88544797	590	0.161846 0.382590  0.942348
7.89048004	590	0.162804 0.382111  0.945940
7.89550399	590	0.159452 0.386181  0.944264
7.90053176	590	0.159931 0.386181  0.951446
7.90555620	587	0.157537 0.386660  0.946179
7.91059207	590	0.164241 0.391448  0.945940
7.91563177	587	0.160889 0.390969  0.947855
7.92066812	588	0.164719 0.389054  0.950967
7.92571210	588	0.160889 0.388336  0.943785
7.93076419	590	0.163522 0.390012  0.951446
7.93583202	589	0.159692 0.389533  0.950249
7.94087982	590	0.161846 0.397194  0.948813
7.94592809	589	0.156819 0.385941  0.954319
7.95096778	590	0.163522 0.387617  0.956234
7.95599985	589	0.156100 0.388336  0.952883
7.96102380	589	0.157058 0.382590  0.940433
7.96603202	590	0.166156 0.383068  0.948813
7.97105598	589	0.159452 0.379717  0.941151
7.97609186	589	0.160410 0.381392  0.941391
7.98111200	588	0.156100 0.383547  0.952404
7.98614406	589	0.161607 0.376604  0.948573
7.99118423	589	0.155143 0.375407  0.951207
7.99624395	590	0.158973 0.380914  0.939715
8.00129604	589	0.158016 0.378519  0.937799
8.00633621	590	0.159452 0.379956  0.948573
8.01137638	589	0.154664 0.377083  0.949052
8.01640033	590	0.161368 0.383787  0.939236
8.02143573	587	0.156340 0.386660  0.951925
8.02645969	588	0.156579 0.381392  0.938278
8.03149223	590	0.161368 0.387378  0.957431
8.03652763	590	0.158973 0.388575  0.943306
8.04156017	587	0.159452 0.390490  0.949531
8.04658412	590	0.158255 0.386899  0.944264
8.05163192	589	0.162086 0.388575  0.939236
8.05667972	590	0.160170 0.391927  0.945700
8.06171607	590	0.160410 0.382590  0.948813
8.06675243	589	0.162804 0.392406  0.943545
8.07178401	589	0.160649 0.390012  0.942827
8.07680416	589	0.163762 0.388096  0.950249
8.08183956	589	0.164241 0.389054  0.942827
8.08687973	590	0.160410 0.389293  0.950249
8.09190368	590	0.162086 0.388575  0.948813
8.09693622	588	0.158016 0.389054  0.941151
8.10196399	589	0.160649 0.379477  0.947376
8.10700798	589	0.160649 0.381392  0.948334
8.11204814	588	0.158016 0.375886  0.937799
8.11709594	589	0.154664 0.383308  0.946897
8.12215232	587	0.159692 0.385463  0.951686
8.12721157	590	0.159692 0.385223  0.944503
8.13224029	590	0.153467 0.377801  0.949291
8.13727188	590	0.158016 0.378998  0.946418
8.14229583	590	0.154903 0.380674  0.946179
8.14731216	589	0.165198 0.384265  0.948813
8.15234375	589	0.159213 0.376844  0.938039
8.15737628	590	0.158973 0.379717  0.944503
8.16239643	590	0.164480 0.385223  0.949770
##inga 
#ido(sec)  szog(ADC)     ax(g)    ay(g)   az(g)
8.16796016	589	0.161607 0.383308  0.936602
8.17319965	588	0.158973 0.388096  0.943306
8.17842388	591	0.163522 0.385223  0.947137
8.18357181	589	0.163283 0.386181  0.948334
8.18861579	588	0.161368 0.388336  0.955037
8.19364833	590	0.164241 0.384026  0.945940
8.19865989	590	0.166635 0.386899  0.945221
8.20369625	587	0.157537 0.383547  0.955756
8.20873165	588	0.160410 0.390490  0.948813
8.21376037	587	0.159692 0.396955  0.950728
8.21879959	590	0.161846 0.388575  0.934687
8.22383213	590	0.158973 0.390969  0.952164
8.22885990	589	0.158255 0.384744  0.953122
8.23390769	589	0.158255 0.381153  0.945940
8.23894405	587	0.167592 0.384265  0.942348
8.24400806	589	0.164959 0.383547  0.943545
8.24905967	588	0.159692 0.386181  0.947855
8.25408840	589	0.160170 0.380435  0.942827
8.25909996	589	0.154424 0.380435  0.942827
8.26412391	590	0.153467 0.373492  0.952164
8.26916027	590	0.156819 0.377801  0.945461
8.27419185	590	0.157776 0.378041  0.943545
8.27922439	587	0.162086 0.384026  0.951446
8.28424835	590	0.154664 0.381871  0.943306
8.28927612	589	0.154185 0.380195  0.945461
8.29431152	589	0.153227 0.381392  0.934447
8.29936027	587	0.154664 0.382829  0.945461
8.30442428	590	0.154185 0.385223  0.953840
8.30946445	589	0.167353 0.384984  0.954798
8.31450366	589	0.159692 0.389533  0.953601
8.31953620	590	0.163522 0.388575  0.951686
8.32456779	590	0.161368 0.386181  0.942827
8.32960033	587	0.164959 0.388814  0.951207
8.33462429	590	0.162325 0.392166  0.950249
8.33965969	590	0.167832 0.387857  0.946418
8.34469223	588	0.162804 0.394321  0.942348
8.34972381	590	0.154424 0.384505  0.945940
8.35476016	590	0.161607 0.386660  0.941391
8.35979557	588	0.164001 0.386660  0.949531
8.36483192	590	0.161128 0.389293  0.948813
8.36989593	590	0.154424 0.384265  0.945940
8.37493228	590	0.157537 0.388575  0.951446
8.37996006	589	0.158973 0.379717  0.945461
8.38499164	590	0.164719 0.380435  0.945700
8.39001560	587	0.157058 0.378759  0.949770
8.39502811	590	0.154424 0.374928  0.953122
8.40006446	590	0.157058 0.383308  0.947137
8.40507984	590	0.158973 0.382111  0.948094
8.41011619	590	0.160170 0.380435  0.954080
8.41513633	590	0.161368 0.385223  0.947137
8.42018032	590	0.161128 0.380195  0.942109
8.42523574	589	0.159931 0.382111  0.947615
8.43027973	588	0.154424 0.380435  0.945700
8.43530368	588	0.159213 0.376844  0.940433
8.44032764	590	0.159692 0.381871  0.940193
8.44535160	590	0.162565 0.382829  0.943306
8.45036792	587	0.155143 0.385223  0.945940
8.45540046	588	0.163283 0.380914  0.945700
8.46042823	590	0.163522 0.386420  0.946658
8.46547222	589	0.161846 0.386660  0.949770
8.47050380	588	0.166156 0.393603  0.947137
8.47555637	590	0.169029 0.389054  0.944982
8.48058795	590	0.164241 0.391448  0.941869
8.48564815	587	0.162804 0.393363  0.954080
8.49067974	590	0.159931 0.386181  0.949770
8.49570846	590	0.162565 0.385941  0.952643
8.50074386	588	0.163522 0.387378  0.948573
8.50577640	590	0.160410 0.385702  0.947137
8.51079177	589	0.161846 0.382350  0.939954
8.51581573	587	0.154424 0.384265  0.941630
8.52083587	589	0.161846 0.382111  0.950249
8.52586841	589	0.159213 0.378759  0.948094
8.53092384	587	0.159213 0.376844  0.950488
8.53596782	588	0.160889 0.383068  0.951686
8.54102039	590	0.154903 0.379956  0.946418
8.54607582	589	0.155861 0.378759  0.936842
8.55112838	587	0.155622 0.386181  0.947855
8.55616378	588	0.154664 0.379717  0.954798
8.56118774	587	0.158973 0.377562  0.955516
8.56621646	590	0.157058 0.377322  0.948813
8.57124042	589	0.159213 0.377562  0.954319
8.57627201	590	0.158973 0.378280  0.945461
8.58131217	589	0.160170 0.389293  0.946658
8.58634376	589	0.164001 0.379956  0.945221
8.59136009	588	0.160410 0.387857  0.955277
8.59640026	590	0.160889 0.385941  0.941391
8.60142803	588	0.163043 0.384505  0.945461
8.60647964	590	0.158016 0.385941  0.937560
8.61151981	590	0.161368 0.385223  0.950728
8.61655998	588	0.161128 0.389533  0.953361
8.62159633	588	0.161368 0.389293  0.958629
8.62662410	588	0.162565 0.388096  0.939954
8.63164806	589	0.164241 0.382350  0.951446
8.63667964	590	0.162565 0.389772  0.949291
8.64173221	590	0.165198 0.385702  0.945221
8.64675998	590	0.161128 0.384026  0.945461
8.65179157	590	0.158016 0.387138  0.939236
8.65684032	588	0.163283 0.385463  0.945461
8.66187953	589	0.157058 0.381392  0.956713
8.66690826	587	0.159692 0.382111  0.949291
8.67195987	588	0.154424 0.377322  0.953361
##inga 
#ido(sec)  szog(ADC)     ax(g)    ay(g)   az(g)
8.67753219	589	0.161128 0.376125  0.947615
8.68278789	587	0.158255 0.386899  0.948094
8.68800830	589	0.157058 0.382350  0.946179
8.69311237	590	0.161128 0.377562  0.948573
8.69814395	588	0.157297 0.374449  0.944982
8.70318412	589	0.155861 0.385702  0.954080
8.70821189	589	0.158016 0.385702  0.944503
8.71325588	590	0.162086 0.382350  0.944503
8.71829223	590	0.165677 0.380195  0.955037
8.72332763	589	0.152988 0.381871  0.942109
8.72838401	589	0.156340 0.385223  0.943306
8.73341560	589	0.167114 0.385941  0.942588
8.73843955	590	0.163762 0.385941  0.952643
8.74347972	589	0.158734 0.390730  0.950728
8.74851226	588	0.158973 0.390730  0.947137
8.75353622	589	0.160889 0.388575  0.951207
8.75855159	590	0.162565 0.390730  0.939236
8.76359176	589	0.161607 0.391209  0.945700
8.76860046	589	0.167832 0.388336  0.951686
8.77365970	590	0.158495 0.395758  0.947376
8.77871227	588	0.156579 0.395279  0.933011
8.78376007	591	0.163043 0.384505  0.943066
8.78881168	590	0.163043 0.388814  0.951686
8.79387187	587	0.161128 0.386420  0.940912
8.79891204	590	0.163762 0.378998  0.942348
8.80394363	587	0.159213 0.384026  0.955277
8.80897235	588	0.152509 0.380914  0.948094
8.81399154	589	0.154664 0.374210  0.955995
8.81901645	590	0.157058 0.381392  0.948573
8.82404041	589	0.159692 0.378759  0.941391
8.82907199	589	0.156819 0.377322  0.943545
8.83410358	588	0.162804 0.376125  0.948813
8.83914375	589	0.154185 0.376125  0.948573
8.84417629	589	0.152509 0.378759  0.944742
8.84923171	587	0.151791 0.387857  0.953361
8.85428047	588	0.160649 0.375407  0.949052
8.85931968	589	0.156579 0.382829  0.950010
8.86436367	587	0.160170 0.388336  0.943306
8.86937618	587	0.158255 0.390251  0.941151
8.87440013	588	0.156340 0.388575  0.945940
8.87941646	590	0.166635 0.385941  0.951446
8.88444042	588	0.161128 0.383547  0.943545
8.88947963	590	0.160170 0.385941  0.948094
8.89451599	590	0.163283 0.388814  0.946179
8.89957237	589	0.164241 0.396955  0.938039
8.90462398	590	0.159692 0.385463  0.941391
8.90966415	588	0.167114 0.385223  0.943785
8.91472434	588	0.165198 0.386899  0.938039
8.91976833	590	0.157537 0.383308  0.957431
8.92480373	589	0.154903 0.390012  0.953361
8.92984008	589	0.159931 0.384505  0.943306
8.93488025	589	0.157537 0.385223  0.945700
8.93989181	590	0.162086 0.379717  0.943785
8.94492816	590	0.162325 0.382111  0.945461
8.94996833	588	0.153227 0.378998  0.941869
8.95500755	589	0.152509 0.381392  0.945461
8.96004009	589	0.157297 0.378759  0.946418
8.96509170	590	0.155143 0.383068  0.946179
8.97014427	589	0.155382 0.383308  0.947376
8.97519588	588	0.152509 0.381632  0.945221
8.98022365	589	0.158495 0.380195  0.945461
8.98527622	588	0.154903 0.381153  0.941630
8.99030017	589	0.157297 0.377322  0.949291
8.99532794	589	0.159213 0.378041  0.954319
9.00035953	589	0.164001 0.385941  0.946658
9.00538444	588	0.156819 0.386899  0.941869
9.01041603	587	0.162565 0.387138  0.948813
9.01546382	590	0.163283 0.384505  0.944503
9.02050399	587	0.166156 0.385223  0.945940
9.02554798	589	0.162804 0.390969  0.948094
9.03057575	588	0.163522 0.383547  0.946179
9.03562355	589	0.161128 0.389533  0.947376
9.04067611	589	0.160649 0.393842  0.949531
9.04572391	590	0.162325 0.394560  0.941391
9.05076408	589	0.162086 0.387617  0.952164
9.05578804	588	0.153946 0.387857  0.951207
9.06080818	590	0.157776 0.391927  0.946897
9.06583595	590	0.159931 0.385223  0.946897
9.07086753	590	0.160889 0.391209  0.947137
9.07588005	590	0.164959 0.389533  0.948813
9.08092021	589	0.152030 0.381632  0.952164
9.08594417	589	0.157776 0.386660  0.952404
9.09098434	589	0.159931 0.381392  0.949770
9.09603214	588	0.159931 0.384505  0.946179
9.10109233	588	0.161846 0.378519  0.945700
9.10613632	590	0.163283 0.378759  0.951446
9.11117553	589	0.154903 0.374689  0.947376
9.11620044	588	0.152749 0.380914  0.950967
9.12123203	588	0.161368 0.382350  0.944982
9.12625598	589	0.154185 0.380435  0.949770
9.13127231	588	0.152749 0.377322  0.947615
9.13630390	589	0.149876 0.385463  0.946897
9.14135169	590	0.162565 0.384265  0.950967
9.14639568	588	0.162804 0.384744  0.942827
9.15143966	587	0.158255 0.388336  0.946179
9.15649223	589	0.158734 0.385223  0.945461
9.16152763	588	0.159931 0.388814  0.936602
9.16658401	590	0.154903 0.387857  0.947615
9.17162036	587	0.162565 0.391927  0.946418
9.17665576	587	0.170465 0.389533  0.943545
9.18166828	588	0.166395 0.386660  0.937799
##inga 
#ido(sec)  szog(ADC)     ax(g)    ay(g)   az(g)
9.18721961	590	0.162565 0.384505  0.949052
9.19246006	587	0.163043 0.385223  0.947137
9.19769191	588	0.160889 0.385223  0.954080
9.20282363	589	0.159452 0.388336  0.945700
9.20785999	590	0.160889 0.391448  0.946418
9.21290397	590	0.159931 0.385941  0.950249
9.21795177	587	0.161128 0.386660  0.949770
9.22299575	590	0.157776 0.383068  0.949291
9.22804355	590	0.155622 0.390490  0.945700
9.23306846	589	0.157058 0.380195  0.951686
9.23810386	589	0.161128 0.381153  0.946658
9.24314403	590	0.152749 0.382350  0.948813
9.24817562	590	0.157537 0.380674  0.952164
9.25319957	590	0.157537 0.374210  0.942348
9.25822353	590	0.152988 0.378041  0.949291
9.26326370	588	0.156340 0.382350  0.946897
9.26828765	589	0.154424 0.385702  0.950249
9.27332019	589	0.157297 0.385223  0.944264
9.27837181	588	0.160889 0.383787  0.944503
9.28341579	587	0.160170 0.381153  0.945700
9.28843975	587	0.162804 0.383308  0.944742
9.29347229	587	0.165677 0.386899  0.945940
9.29850769	587	0.171423 0.384026  0.945700
9.30352020	588	0.163762 0.385941  0.948573
9.30854415	588	0.166635 0.385702  0.943785
9.31357955	588	0.154185 0.388336  0.945461
9.31860828	587	0.161368 0.393603  0.943545
9.32364845	590	0.161368 0.391927  0.949531
9.32868385	590	0.165198 0.388336  0.953122
9.33372783	588	0.162325 0.387857  0.947376
9.33877563	587	0.159452 0.389293  0.942109
9.34382438	589	0.162325 0.384744  0.945940
9.34887218	588	0.158973 0.388336  0.950967
9.35391998	590	0.161607 0.378998  0.954559
9.35896015	590	0.156340 0.387138  0.950010
9.36398410	589	0.157058 0.382111  0.948094
9.36902046	588	0.154903 0.379477  0.955756
9.37404441	590	0.153706 0.381392  0.951446
9.37907218	587	0.157058 0.381392  0.949052
9.38410758	589	0.159213 0.377801  0.938996
9.38913631	590	0.160410 0.384026  0.959586
9.39416790	590	0.163283 0.380435  0.952643
9.39922428	590	0.156819 0.380914  0.943545
9.40425968	587	0.156340 0.373731  0.944024
9.40930366	589	0.151312 0.384505  0.952643
9.41436004	590	0.162804 0.385941  0.951686
9.41940021	588	0.167832 0.387378  0.947615
9.42443180	588	0.165198 0.382829  0.944742
9.42945575	589	0.162804 0.389772  0.944982
9.43447971	590	0.153706 0.387378  0.938039
9.43950366	590	0.163522 0.392166  0.949052
9.44454383	590	0.164001 0.385463  0.947615
9.44955635	589	0.163762 0.393124  0.948813
9.45460033	590	0.165198 0.389772  0.944503
9.45964813	590	0.164001 0.395758  0.942348
9.46468353	590	0.161607 0.390490  0.946418
9.46972846	589	0.159452 0.389533  0.940672
9.47477626	588	0.162325 0.393603  0.943545
9.47981166	589	0.160649 0.386181  0.945700
9.48482799	590	0.158734 0.388814  0.953122
9.48986434	588	0.159692 0.387617  0.950488
9.49490356	587	0.165198 0.384984  0.950010
9.49992847	590	0.155861 0.378998  0.952164
9.50496387	589	0.157537 0.378519  0.947855
9.50999641	590	0.155382 0.380674  0.951207
9.51502799	590	0.154664 0.384744  0.945461
9.52007198	590	0.154903 0.383068  0.945940
9.52510356	590	0.152509 0.375646  0.940433
9.53013992	588	0.154185 0.379477  0.955995
9.53519153	589	0.157537 0.379956  0.942827
9.54023170	590	0.159931 0.381392  0.952643
9.54526424	589	0.157058 0.378998  0.945461
9.55027961	590	0.154424 0.387378  0.944024
9.55530357	588	0.161368 0.385223  0.953122
9.56033992	590	0.156819 0.384744  0.941151
9.56537628	590	0.152988 0.379477  0.952404
9.57040786	588	0.157537 0.381153  0.940912
9.57545185	587	0.165917 0.382350  0.952164
9.58048820	587	0.160410 0.389054  0.943066
9.58551979	588	0.162804 0.391209  0.942827
9.59057235	590	0.167592 0.388096  0.951925
9.59560775	587	0.158016 0.393124  0.942588
9.60063552	590	0.163043 0.386660  0.950967
9.60566043	590	0.165677 0.388814  0.948813
9.61068439	589	0.159452 0.387617  0.940912
9.61571216	588	0.161607 0.383068  0.953840
9.62073612	589	0.166635 0.382350  0.946658
9.62577629	589	0.166635 0.387617  0.955037
9.63080024	590	0.163283 0.383308  0.943306
9.63583564	589	0.163043 0.382590  0.953122
9.64087200	587	0.163762 0.385463  0.948813
9.64592361	589	0.161846 0.383068  0.945940
9.65097618	590	0.160889 0.377083  0.952404
9.65600013	590	0.156819 0.381632  0.949052
9.66104412	588	0.159213 0.379477  0.951686
9.66608047	588	0.160410 0.379717  0.951686
9.67111206	587	0.158255 0.375168  0.942588
9.67613601	590	0.155382 0.380674  0.944742
9.68118000	589	0.157537 0.378759  0.947615
9.68621635	589	0.156100 0.382350  0.950728
9.69123554	590	0.157058 0.382829  0.955516
##inga 
#ido(sec)  szog(ADC)     ax(g)    ay(g)   az(g)
9.69680404	588	0.158495 0.379956  0.949052
9.70202827	588	0.162804 0.383308  0.950010
9.70723247	590	0.161368 0.384744  0.943545
9.71238040	587	0.158495 0.385941  0.946897
9.71741580	590	0.159931 0.388575  0.944024
9.72246837	589	0.159452 0.386181  0.950249
9.72749614	589	0.167832 0.385463  0.945700
9.73251628	590	0.166156 0.386420  0.944982
9.73754024	588	0.158973 0.388336  0.951207
9.74256801	590	0.160889 0.388814  0.943066
9.74759578	590	0.161607 0.387138  0.954798
9.75262832	590	0.158495 0.386899  0.945940
9.75767612	587	0.159931 0.389054  0.954559
9.76271629	590	0.164001 0.386660  0.949531
9.76774787	588	0.159931 0.382350  0.954559
9.77280044	588	0.159931 0.380435  0.938518
9.77784824	589	0.159452 0.381392  0.954319
9.78288841	588	0.158734 0.387617  0.946179
9.78792381	590	0.162804 0.378041  0.948334
9.79293632	590	0.161128 0.378519  0.948334
9.79797172	590	0.154424 0.383787  0.944264
9.80300426	590	0.160170 0.380435  0.939954
9.80802822	589	0.159931 0.376604  0.950249
9.81305599	590	0.154903 0.380674  0.950728
9.81809616	589	0.158734 0.385463  0.953122
9.82313632	589	0.155382 0.379477  0.948094
9.82818031	590	0.158016 0.384026  0.943785
9.83322429	587	0.158734 0.384026  0.946897
9.83825969	587	0.155143 0.386660  0.952404
9.84329605	589	0.162325 0.386660  0.944503
9.84832000	588	0.159931 0.385702  0.947855
9.85333156	588	0.155143 0.384026  0.939954
9.85836791	589	0.162565 0.389293  0.953361
9.86340808	588	0.161607 0.395997  0.958389
9.86844444	590	0.161607 0.386899  0.944503
9.87347602	590	0.165677 0.388814  0.947376
9.87852764	590	0.155861 0.388336  0.942827
9.88357639	589	0.168550 0.387857  0.944982
9.88862419	590	0.160410 0.386660  0.950967
9.89366436	587	0.164241 0.387378  0.942348
9.89872837	589	0.163043 0.393124  0.953601
9.90375995	590	0.159452 0.388336  0.943785
9.90879154	590	0.159692 0.385223  0.953840
9.91381645	590	0.161368 0.383308  0.956234
9.91884040	590	0.155861 0.384026  0.952883
9.92385578	589	0.157537 0.385941  0.945461
9.92887973	588	0.155382 0.382111  0.937320
9.93392753	591	0.153946 0.378519  0.946658
9.93897247	587	0.155622 0.385223  0.954559
9.94402408	589	0.153946 0.380195  0.945940
9.94907188	587	0.157297 0.377083  0.954080
9.95411586	590	0.152749 0.383308  0.951686
9.95917224	590	0.158973 0.378280  0.937560
9.96420764	590	0.152509 0.384265  0.950010
9.96924400	590	0.151312 0.379238  0.944024
9.97427177	589	0.163043 0.386181  0.952883
9.97929573	587	0.157297 0.388336  0.952643
9.98431968	590	0.162565 0.390012  0.947855
9.98935604	588	0.159931 0.388336  0.944264
9.99440002	587	0.160410 0.389772  0.945940
9.99943161	590	0.155382 0.388096  0.952883
10.00446796	587	0.162086 0.388096  0.948334
10.00960826	589	0.162804 0.384026  0.953601
10.01473617	590	0.165917 0.391448  0.946179
10.01989555	591	0.158734 0.385702  0.950249
10.02502441	589	0.154185 0.387138  0.947376
10.03016757	590	0.166395 0.386660  0.941630
10.03530788	589	0.167353 0.393603  0.947615
10.04043960	590	0.157776 0.386660  0.950967
10.04555606	589	0.164480 0.387857  0.951446
10.05068778	590	0.168311 0.386899  0.957671
10.05581569	588	0.156819 0.384744  0.947376
10.06095600	590	0.155861 0.385702  0.949531
10.06607246	590	0.156579 0.379956  0.957431
10.07119560	590	0.152030 0.381632  0.949531
10.07633209	590	0.158016 0.378519  0.944742
10.08146381	590	0.158255 0.380195  0.939954
10.08659553	590	0.161368 0.379477  0.950249
10.09173583	590	0.161368 0.379477  0.944503
10.09687232	587	0.152030 0.381153  0.948094
10.10200023	590	0.155382 0.381153  0.943545
10.10711956	590	0.161368 0.377562  0.948813
10.11225986	590	0.160649 0.381392  0.948573
10.11738014	588	0.161846 0.384984  0.952643
10.12250423	590	0.155382 0.382111  0.945221
10.12763977	588	0.159931 0.385941  0.943306
10.13276767	590	0.156340 0.383308  0.945940
10.13788795	588	0.162804 0.387617  0.945221
10.14300823	590	0.162804 0.387857  0.946418
10.14813232	587	0.165438 0.387857  0.950488
10.15326404	590	0.165198 0.390969  0.944982
10.15839958	590	0.167592 0.392885  0.944264
10.16352844	588	0.159692 0.389054  0.946179
10.16865634	589	0.157537 0.386660  0.954798
10.17377567	589	0.160889 0.387857  0.941869
10.17889595	590	0.162565 0.388575  0.946658
10.18402767	589	0.164241 0.383787  0.937081
10.18916034	590	0.150833 0.383308  0.944503
10.19427967	589	0.158734 0.379477  0.946418
10.19940757	590	0.157058 0.383547  0.944742
10.20454025	589	0.161128 0.384265  0.940433
##inga 
#ido(sec)  szog(ADC)     ax(g)    ay(g)   az(g)
10.21019172	590	0.152749 0.376844  0.945221
10.21549606	589	0.161128 0.378519  0.941151
10.22080421	590	0.155382 0.376125  0.948813
10.22602844	590	0.155861 0.382829  0.946658
10.23116016	589	0.160889 0.384265  0.949531
10.23628044	587	0.152030 0.381632  0.945221
10.24140834	589	0.161607 0.377322  0.948094
10.24654006	588	0.155861 0.385702  0.948573
10.25166797	590	0.158495 0.379956  0.947137
10.25679969	588	0.153946 0.384505  0.940672
10.26193237	590	0.157537 0.390012  0.951207
10.26706790	588	0.160649 0.380435  0.942588
10.27218818	589	0.159213 0.386660  0.945940
10.27730846	590	0.162804 0.388096  0.950967
10.28244018	588	0.163043 0.391687  0.953840
10.28756046	587	0.161846 0.386181  0.950010
10.29269981	588	0.166635 0.387617  0.950728
10.29783153	590	0.163043 0.390730  0.951925
10.30295181	590	0.163043 0.390251  0.945940
10.30806446	588	0.165438 0.386660  0.949291
10.31319618	590	0.161128 0.390490  0.938518
10.31834030	588	0.162325 0.380674  0.943785
10.32345581	587	0.161368 0.392406  0.943306
10.32858753	588	0.164241 0.386420  0.949531
10.33371162	589	0.155861 0.382590  0.940193
10.33884429	588	0.160170 0.385463  0.938039
10.34396839	590	0.158495 0.378280  0.952643
10.34909152	589	0.157297 0.382111  0.953601
10.35421562	590	0.152270 0.376365  0.950249
10.35935211	588	0.157297 0.379717  0.955037
10.36448001	589	0.155861 0.377801  0.945700
10.36960411	589	0.155143 0.375646  0.948813
10.37474441	590	0.153946 0.371816  0.947376
10.37987995	587	0.162804 0.380674  0.947376
10.38499641	589	0.152749 0.381632  0.947855
10.39012813	590	0.164241 0.380435  0.947137
10.39526367	590	0.157776 0.384984  0.947376
10.40040016	590	0.157537 0.386660  0.944264
10.40552806	590	0.158973 0.376365  0.956713
10.41065597	589	0.160889 0.385223  0.955037
10.41576766	590	0.159692 0.388096  0.948813
10.42089557	590	0.156340 0.388336  0.951207
10.42602443	588	0.159692 0.387617  0.944742
10.43115234	590	0.160410 0.379717  0.949052
10.43628787	589	0.160170 0.388336  0.945461
10.44141578	590	0.160410 0.384984  0.943066
10.44655227	589	0.154903 0.387138  0.950010
10.45168018	590	0.163522 0.387857  0.952164
10.45683193	588	0.160170 0.389533  0.942827
10.46197223	590	0.167114 0.387378  0.954798
10.46712779	588	0.154424 0.385463  0.947615
10.47227573	590	0.158734 0.379477  0.949291
10.47742366	590	0.157058 0.378998  0.945221
10.48254776	589	0.165438 0.379717  0.944264
10.48770046	590	0.154903 0.377562  0.941869
10.49283218	589	0.160170 0.373013  0.939954
10.49796772	590	0.155382 0.378519  0.945221
10.50311183	590	0.158495 0.380914  0.946897
10.50824832	589	0.152988 0.381153  0.934687
10.51339244	590	0.159452 0.380674  0.952643
10.51852798	590	0.154424 0.379956  0.946418
10.52367210	589	0.156100 0.380435  0.949052
10.52880382	588	0.154185 0.379956  0.939715
10.53396034	589	0.153467 0.387138  0.951207
10.53910827	588	0.162325 0.384505  0.949770
10.54425239	590	0.161607 0.389772  0.944503
10.54938411	589	0.161368 0.385463  0.942588
10.55452442	589	0.157537 0.395518  0.941151
10.55965995	588	0.159692 0.390730  0.952643
10.56479167	587	0.163043 0.384505  0.945700
10.56991958	590	0.167114 0.386660  0.944503
10.57506370	587	0.161846 0.385941  0.953601
10.58019638	588	0.162086 0.384505  0.947137
10.58533954	590	0.161368 0.387857  0.942348
10.59047222	591	0.157058 0.387617  0.948094
10.59560775	589	0.165677 0.389533  0.942348
10.60073566	590	0.159692 0.384744  0.947376
10.60586357	588	0.159213 0.383547  0.947376
10.61100006	589	0.158495 0.385223  0.944024
10.61612796	589	0.153467 0.385223  0.946897
10.62125587	590	0.156819 0.386420  0.944503
10.62637615	590	0.160889 0.382590  0.944742
10.63149642	589	0.150115 0.376365  0.948813
10.63662433	589	0.156819 0.379956  0.945700
10.64175605	589	0.159213 0.383308  0.945461
10.64688777	590	0.158255 0.379717  0.950010
10.65202426	590	0.154664 0.379717  0.939236
10.65716361	590	0.158973 0.380674  0.944982
10.66229629	589	0.158255 0.375886  0.946897
10.66741561	590	0.163043 0.376604  0.946418
10.67253208	589	0.156819 0.378759  0.943306
10.67766380	590	0.163283 0.382829  0.947376
10.68280029	589	0.155861 0.385463  0.942827
10.68793582	590	0.160410 0.390251  0.944742
10.69305229	589	0.156819 0.392166  0.945221
10.69818401	590	0.156100 0.384984  0.938996
10.70330429	588	0.155622 0.387857  0.945461
10.70843601	590	0.158016 0.390490  0.938278
10.71355247	589	0.163043 0.389054  0.946658
10.71868038	587	0.162565 0.389772  0.946179
10.72380828	590	0.162565 0.384265  0.955756
##inga 
#ido(sec)  szog(ADC)     ax(g)    ay(g)   az(g)
10.72947597	588	0.158734 0.383308  0.940433
10.73475170	590	0.163762 0.384505  0.938518
10.74004840	590	0.161846 0.383547  0.953840
10.74524784	590	0.156579 0.386420  0.956953
10.75037956	587	0.165198 0.390490  0.947376
10.75551605	589	0.159931 0.389293  0.943785
10.76064777	590	0.156819 0.380674  0.946179
10.76578426	588	0.156340 0.380914  0.952643
10.77089977	587	0.159931 0.373971  0.946897
10.77602386	590	0.157297 0.370858  0.954559
10.78115558	588	0.161368 0.378280  0.951207
10.78627967	590	0.158973 0.383308  0.952164
10.79140758	589	0.158495 0.380195  0.940672
10.79652023	588	0.154903 0.375646  0.941630
10.80163955	588	0.154424 0.383547  0.946179
10.80675983	590	0.160410 0.388575  0.945461
10.81187152	590	0.158016 0.382111  0.947855
10.81700801	589	0.161128 0.384984  0.946418
10.82212829	590	0.153227 0.390730  0.947137
10.82725620	589	0.157058 0.384984  0.944024
10.83237171	587	0.165198 0.386660  0.938039
10.83750438	587	0.160649 0.390490  0.945940
10.84260845	589	0.159692 0.388096  0.948573
10.84772396	590	0.157058 0.389293  0.950967
10.85284805	589	0.160889 0.391927  0.941391
10.85796833	588	0.166156 0.385941  0.954080
10.86309623	589	0.159452 0.386899  0.946418
10.86821556	588	0.158973 0.389772  0.954319
10.87334442	590	0.156819 0.393603  0.948334
10.87847614	589	0.163762 0.389772  0.951207
10.88360023	588	0.161846 0.386660  0.944742
10.88872432	590	0.164241 0.384026  0.958868
10.89383983	587	0.161846 0.381392  0.945461
