##inga 
#ido(sec)  szog(ADC)     ax(g)    ay(g)   az(g)
0.00171600	685	0.306455 0.647864  0.722802
0.00690800	687	0.309328 0.647386  0.729266
##inga 
#ido(sec)  szog(ADC)     ax(g)    ay(g)   az(g)
0.01316800	686	0.311722 0.651216  0.729745
0.01839200	684	0.310285 0.648822  0.728069
0.02359200	686	0.307412 0.641879  0.730224
0.02880000	685	0.309088 0.641640  0.724717
0.03380400	687	0.311004 0.647146  0.733097
0.03884000	686	0.306934 0.645231  0.729985
0.04387600	687	0.305258 0.642358  0.730224
0.04892400	687	0.300709 0.636612  0.733097
0.05394000	687	0.304539 0.640203  0.715380
0.05894800	687	0.311722 0.647386  0.737885
0.06397200	687	0.311722 0.643794  0.726154
0.06899600	688	0.308370 0.647386  0.725436
0.07400801	685	0.311483 0.641879  0.717774
0.07904400	686	0.311243 0.646907  0.736449
0.08408800	685	0.309567 0.653610  0.727830
0.08910799	686	0.308131 0.643555  0.723520
0.09413200	687	0.313637 0.643315  0.727112
0.09917201	686	0.312440 0.645231  0.731900
0.10420401	684	0.312440 0.642837  0.722084
0.10924400	687	0.317947 0.652653  0.731661
0.11427600	685	0.305497 0.653850  0.729506
0.11927601	686	0.310046 0.649061  0.729266
0.12429200	688	0.309807 0.648583  0.730464
0.12929999	685	0.308370 0.654329  0.719211
0.13431599	686	0.313158 0.653610  0.728548
0.13934800	685	0.312919 0.649780  0.729266
0.14438400	686	0.312919 0.656005  0.733097
0.14941999	687	0.310525 0.649540  0.719929
0.15446400	687	0.316750 0.650019  0.729985
0.15950799	685	0.309567 0.653610  0.729745
0.16453200	687	0.311483 0.654568  0.728309
0.16956000	685	0.313158 0.647146  0.725196
0.17458400	687	0.311243 0.654089  0.723760
0.17960399	686	0.312440 0.648104  0.729027
0.18461200	687	0.309807 0.647146  0.726872
0.18962400	686	0.307412 0.647625  0.732618
0.19464799	687	0.310046 0.644752  0.725915
0.19966800	687	0.309807 0.649061  0.724478
0.20469999	688	0.308131 0.644513  0.725436
0.20973999	687	0.310764 0.646428  0.729266
0.21477200	686	0.304300 0.642837  0.722563
0.21980400	685	0.309088 0.635415  0.734294
0.22481999	687	0.303103 0.640442  0.733576
0.22983198	687	0.302624 0.644273  0.724478
0.23485598	687	0.311243 0.639964  0.724717
0.23988800	687	0.306934 0.644991  0.730703
0.24490399	685	0.309807 0.642597  0.729506
0.24992799	687	0.306215 0.642597  0.732379
0.25496399	687	0.305018 0.649061  0.722563
0.25998802	687	0.309328 0.642837  0.723999
0.26502001	687	0.312680 0.645949  0.726393
0.27007200	685	0.313158 0.654089  0.718732
0.27510800	687	0.306215 0.644513  0.723760
0.28013200	687	0.312201 0.652653  0.735252
0.28516399	686	0.308849 0.654568  0.727591
0.29018802	685	0.316031 0.650259  0.723520
0.29520401	687	0.316271 0.650019  0.730224
0.30024399	686	0.314116 0.652653  0.726633
0.30528399	687	0.313877 0.655765  0.729745
0.31031999	687	0.311961 0.650977  0.724957
0.31536400	686	0.311722 0.658638  0.734773
0.32040798	687	0.310764 0.656244  0.717056
0.32546401	687	0.316510 0.652653  0.730942
0.33050799	687	0.310764 0.654568  0.724717
0.33555600	686	0.313877 0.655526  0.723042
0.34057998	686	0.310764 0.653371  0.730942
0.34560399	687	0.307891 0.649061  0.729985
0.35062000	687	0.312440 0.644991  0.727591
0.35563600	687	0.308370 0.652413  0.728548
0.36065998	687	0.312680 0.646428  0.729506
0.36569199	687	0.309807 0.642597  0.729745
0.37072799	686	0.312440 0.644752  0.733815
0.37576401	687	0.305497 0.645949  0.725675
0.38079597	687	0.309088 0.644513  0.733337
0.38582399	687	0.307412 0.645710  0.721366
0.39085998	687	0.303103 0.636851  0.727351
0.39588401	687	0.305018 0.644034  0.720647
0.40088400	687	0.310764 0.645470  0.727830
0.40589199	687	0.305018 0.640682  0.723042
0.41090397	687	0.311722 0.640682  0.726393
0.41592798	687	0.305976 0.645949  0.729266
0.42094798	686	0.306694 0.640921  0.725196
0.42598400	687	0.311243 0.638048  0.726633
0.43101997	685	0.307891 0.641879  0.729745
0.43606400	688	0.313158 0.643794  0.714423
0.44110798	685	0.308609 0.643315  0.732139
0.44613199	686	0.314355 0.650977  0.725436
0.45117197	687	0.308370 0.652174  0.738604
0.45618000	687	0.314595 0.655047  0.730224
0.46118798	687	0.307652 0.651695  0.727112
0.46621999	687	0.310764 0.654808  0.732618
0.47125201	687	0.307173 0.652653  0.726393
0.47628397	687	0.313637 0.646428  0.728788
0.48133201	685	0.315313 0.649061  0.727591
0.48636798	688	0.314355 0.647864  0.727591
0.49141201	687	0.315074 0.654329  0.723520
0.49645600	687	0.310285 0.646907  0.728788
0.50150003	687	0.318186 0.655047  0.715620
0.50654001	686	0.313637 0.649780  0.726393
0.51157999	686	0.313637 0.650259  0.727112
0.51661200	687	0.307891 0.647386  0.725915
##inga 
#ido(sec)  szog(ADC)     ax(g)    ay(g)   az(g)
0.52216000	684	0.308370 0.652413  0.720408
0.52735195	686	0.311483 0.644513  0.727351
0.53262000	687	0.303582 0.645949  0.730703
0.53773202	686	0.307412 0.642597  0.734534
0.54276399	687	0.307412 0.644034  0.723042
0.54780397	687	0.310764 0.642118  0.728548
0.55282802	687	0.304779 0.642837  0.729745
0.55787601	686	0.307173 0.644513  0.721844
0.56292400	686	0.306694 0.643794  0.723999
0.56793999	687	0.305736 0.644991  0.733815
0.57295603	687	0.308609 0.645231  0.728069
0.57797198	687	0.304539 0.640203  0.728309
0.58299598	688	0.309328 0.645949  0.732858
0.58801198	687	0.306694 0.642837  0.728309
0.59303598	686	0.304539 0.642837  0.726393
0.59807200	687	0.307891 0.648104  0.725915
0.60310001	686	0.315553 0.647386  0.730224
0.60814399	687	0.313158 0.646428  0.727112
0.61319999	686	0.307173 0.644273  0.727351
0.61824398	687	0.309328 0.651695  0.736928
0.62326803	685	0.310525 0.643076  0.732618
0.62829999	687	0.316031 0.649540  0.718014
0.63331599	685	0.313877 0.657441  0.724478
0.63834800	687	0.310525 0.649301  0.729506
0.64335198	686	0.310285 0.649780  0.724239
0.64838800	687	0.310046 0.647864  0.719690
0.65339999	687	0.319144 0.649301  0.724717
0.65843601	685	0.309328 0.658399  0.724239
0.66346797	687	0.312201 0.655526  0.730224
0.66851196	687	0.314834 0.660793  0.724957
0.67355604	686	0.315313 0.657441  0.726154
0.67860798	687	0.311722 0.648583  0.724239
0.68365197	688	0.316031 0.655047  0.724239
0.68867201	687	0.311483 0.648343  0.729745
0.69370799	688	0.314355 0.648104  0.728069
0.69873199	687	0.312440 0.645231  0.720887
0.70376400	688	0.310764 0.644991  0.727830
0.70878796	687	0.310046 0.644752  0.729745
0.71381998	687	0.311722 0.646907  0.738364
0.71885595	685	0.306215 0.648343  0.725915
0.72388000	687	0.310285 0.644273  0.729745
0.72891197	687	0.307891 0.641879  0.721126
0.73394799	687	0.308609 0.640442  0.727830
0.73897199	686	0.310764 0.645710  0.729985
0.74399604	687	0.310764 0.640203  0.723281
0.74902801	687	0.310285 0.640682  0.721844
0.75404400	687	0.306455 0.642118  0.725675
0.75906801	686	0.307891 0.642597  0.728069
0.76409201	687	0.306215 0.645949  0.720169
0.76911597	685	0.305258 0.642358  0.733337
0.77415599	687	0.312680 0.648822  0.731900
0.77918796	687	0.309567 0.640203  0.727830
0.78422398	686	0.310525 0.646428  0.723760
0.78926801	687	0.310525 0.646428  0.722802
0.79430799	687	0.309807 0.650737  0.725436
0.79934000	684	0.312201 0.644273  0.735252
0.80436401	687	0.318665 0.650259  0.720647
0.80939998	687	0.312201 0.651216  0.715380
0.81443204	687	0.316271 0.654329  0.718732
0.81946802	686	0.307891 0.645470  0.728069
0.82448396	686	0.314595 0.651695  0.723520
0.82949600	685	0.311243 0.650977  0.730703
0.83453197	684	0.310764 0.656244  0.717296
0.83957204	688	0.310285 0.647386  0.732379
0.84461603	684	0.317707 0.655286  0.727830
0.84966001	687	0.313158 0.652413  0.726393
0.85469598	687	0.312201 0.649301  0.731182
0.85973196	687	0.310525 0.654568  0.734773
0.86476402	689	0.308131 0.647625  0.724957
0.86978797	684	0.311004 0.651456  0.734773
0.87481203	687	0.312201 0.650498  0.729745
0.87984399	686	0.308370 0.644034  0.722802
0.88485603	687	0.312201 0.646188  0.733815
0.88990001	685	0.308849 0.643794  0.726393
0.89493598	687	0.314116 0.643315  0.719211
0.89997205	685	0.312201 0.643315  0.721605
0.90501203	687	0.314834 0.642597  0.733576
0.91006002	687	0.308849 0.641879  0.723999
0.91509199	687	0.308849 0.646907  0.730464
0.92010002	686	0.305736 0.633739  0.713465
0.92511997	687	0.307652 0.643076  0.726393
0.93014402	687	0.307412 0.640682  0.718253
0.93517198	686	0.308131 0.644991  0.726154
0.94020404	685	0.308609 0.643794  0.725915
0.94521999	688	0.310046 0.646667  0.720887
0.95024404	686	0.305976 0.644513  0.723281
0.95527601	687	0.310046 0.645949  0.722323
0.96031599	687	0.313877 0.642837  0.726154
0.96537199	686	0.313158 0.650498  0.726633
0.97040805	687	0.305497 0.648104  0.732139
0.97544403	686	0.314355 0.651695  0.725915
0.98047599	688	0.311004 0.644273  0.718253
0.98550806	686	0.313158 0.651456  0.726633
0.99054002	686	0.311722 0.649780  0.720887
0.99557199	687	0.311243 0.650977  0.727112
1.00060403	685	0.312201 0.648822  0.723760
1.00563597	687	0.312680 0.651216  0.725436
1.01067602	685	0.313877 0.656244  0.721844
1.01572394	687	0.311004 0.652174  0.731421
1.02076005	686	0.315792 0.653850  0.736688
1.02581202	685	0.312440 0.650259  0.726872
##inga 
#ido(sec)  szog(ADC)     ax(g)    ay(g)   az(g)
1.03139197	687	0.314355 0.656483  0.729745
1.03663194	686	0.316271 0.647864  0.723042
1.04186403	685	0.310046 0.645231  0.725196
1.04699194	687	0.310764 0.649301  0.721126
1.05202400	685	0.316271 0.645949  0.727351
1.05705201	687	0.303582 0.646667  0.736210
1.06208395	686	0.309807 0.646188  0.729266
1.06711995	684	0.307652 0.642597  0.732618
1.07216000	687	0.302863 0.642837  0.733576
1.07718801	687	0.307412 0.644513  0.723520
1.08221602	684	0.306934 0.645231  0.735970
1.08726000	687	0.308131 0.644034  0.729745
1.09228396	688	0.305736 0.640203  0.729266
1.09730398	685	0.308849 0.641640  0.731661
1.10232794	687	0.307891 0.643315  0.720647
1.10735595	685	0.307652 0.640442  0.734294
1.11237597	685	0.304300 0.644513  0.723760
1.11738801	685	0.302624 0.641161  0.725196
1.12241601	687	0.315792 0.641400  0.727591
1.12744796	687	0.307652 0.645710  0.734055
1.13247203	686	0.310046 0.644752  0.727591
1.13750398	687	0.308370 0.647386  0.733576
1.14253997	687	0.308849 0.646188  0.728548
1.14757204	685	0.313398 0.654808  0.720408
1.15261602	687	0.312201 0.656244  0.720408
1.15765202	687	0.311243 0.651695  0.732618
1.16269195	685	0.307652 0.638527  0.724478
1.16771602	685	0.310764 0.648343  0.720408
1.17274796	687	0.313158 0.650977  0.729745
1.17779600	687	0.311722 0.650498  0.723281
1.18281995	688	0.315553 0.654329  0.725196
1.18787204	688	0.316031 0.652413  0.725436
1.19290804	687	0.309328 0.655765  0.721605
1.19795597	687	0.315074 0.649301  0.718253
1.20299601	686	0.313637 0.655526  0.734055
1.20804405	687	0.309088 0.652892  0.736449
1.21306800	687	0.319862 0.649061  0.736210
1.21808397	687	0.307891 0.641400  0.729985
1.22310400	687	0.311483 0.645949  0.725675
1.22813200	686	0.312440 0.640203  0.728309
1.23315596	687	0.308609 0.647864  0.739561
1.23816800	687	0.308131 0.638288  0.727591
1.24320399	687	0.308370 0.639245  0.724717
1.24823594	688	0.305976 0.646907  0.724957
1.25327599	687	0.307652 0.639964  0.727112
1.25831997	687	0.307652 0.643315  0.723520
1.26334798	687	0.302624 0.641161  0.728309
1.26837599	686	0.312201 0.646907  0.725436
1.27341997	686	0.304539 0.644513  0.733097
1.27844405	685	0.308370 0.637809  0.726872
1.28346800	688	0.305497 0.641400  0.723281
1.28847206	687	0.307412 0.638288  0.731900
1.29350399	687	0.309328 0.639964  0.734773
1.29851997	685	0.307891 0.643555  0.728309
1.30356395	687	0.308609 0.650259  0.717296
1.30859601	687	0.311722 0.646667  0.725196
1.31363594	687	0.310764 0.647864  0.728069
1.31868004	687	0.316031 0.646667  0.728069
1.32373201	685	0.316750 0.650498  0.721844
1.32876396	685	0.311243 0.653610  0.722563
1.33379602	686	0.312201 0.654089  0.726393
1.33883202	687	0.317229 0.650498  0.732858
1.34387600	685	0.318665 0.655526  0.729745
1.34889996	685	0.315074 0.654329  0.722084
1.35394001	685	0.312680 0.651456  0.735252
1.35897994	687	0.318186 0.654808  0.722802
1.36402404	684	0.315074 0.652413  0.727591
1.36905205	687	0.310764 0.651216  0.710831
1.37408804	687	0.309807 0.652892  0.734294
1.37913203	687	0.314834 0.650977  0.730224
1.38417995	687	0.314116 0.650498  0.727351
1.38922798	688	0.310285 0.650019  0.720647
1.39426803	687	0.308370 0.646428  0.722802
1.39928806	687	0.307173 0.641161  0.724957
1.40431594	686	0.307891 0.646907  0.723281
1.40934801	686	0.310525 0.648343  0.724478
1.41437196	687	0.305018 0.646428  0.728069
1.41939201	685	0.307652 0.640921  0.727112
1.42443599	687	0.312680 0.646188  0.716098
1.42948398	686	0.306934 0.642597  0.727830
1.43453207	687	0.303103 0.643315  0.727591
1.43957605	688	0.311483 0.640682  0.724717
1.44463596	686	0.308609 0.642837  0.727591
1.44965991	686	0.302145 0.639485  0.723520
1.45469999	687	0.308131 0.638767  0.728548
1.45973205	686	0.312680 0.647864  0.719450
1.46475601	685	0.310285 0.646428  0.724478
1.46979198	687	0.303342 0.640682  0.738364
1.47482004	686	0.306934 0.642358  0.723042
1.47985196	686	0.307412 0.639964  0.731182
1.48488402	688	0.304539 0.645470  0.730224
1.48991594	687	0.313637 0.650019  0.724239
1.49496402	687	0.317947 0.654089  0.735491
1.50000000	685	0.307891 0.653371  0.727112
1.50501203	686	0.313877 0.649780  0.730224
1.51005196	687	0.307412 0.646188  0.725915
1.51507606	686	0.315313 0.658159  0.731661
1.52011203	686	0.307173 0.656244  0.725915
1.52514004	686	0.313398 0.650259  0.728548
1.53016400	687	0.309088 0.651216  0.728069
1.53518400	687	0.316510 0.653371  0.724478
##inga 
#ido(sec)  szog(ADC)     ax(g)    ay(g)   az(g)
1.54074802	687	0.314595 0.639724  0.728788
1.54597997	687	0.317707 0.651456  0.723042
1.55120801	688	0.307173 0.645231  0.732618
1.55633997	686	0.307173 0.644991  0.727112
1.56138801	686	0.311961 0.651695  0.722802
1.56642794	687	0.313158 0.647146  0.731661
1.57146797	687	0.311243 0.642358  0.730942
1.57649192	686	0.310285 0.644991  0.732139
1.58152399	687	0.309088 0.642597  0.720887
1.58653998	688	0.311004 0.646428  0.728788
1.59156408	687	0.309088 0.640442  0.728069
1.59657597	687	0.309088 0.639006  0.728309
1.60159597	686	0.307891 0.641400  0.711789
1.60661993	688	0.309088 0.642597  0.725436
1.61165199	687	0.307652 0.644513  0.726154
1.61669197	687	0.309807 0.642597  0.722563
1.62173199	686	0.300948 0.644034  0.715859
1.62674798	687	0.302145 0.644752  0.727830
1.63178005	687	0.309807 0.650737  0.725196
1.63680005	687	0.310525 0.648104  0.731900
1.64181194	684	0.307891 0.641879  0.733097
1.64683604	686	0.301666 0.647386  0.730942
1.65186405	687	0.315074 0.650977  0.731900
1.65689601	686	0.309328 0.650977  0.735252
1.66192398	686	0.311243 0.645949  0.720408
1.66697206	685	0.315313 0.651695  0.724957
1.67202401	688	0.310285 0.650019  0.727830
1.67707204	687	0.312440 0.650977  0.729027
1.68210005	687	0.311722 0.646907  0.722563
1.68713998	685	0.314355 0.651456  0.730942
1.69217205	685	0.310764 0.650259  0.734055
1.69720802	688	0.315792 0.653132  0.722323
1.70224800	686	0.314116 0.653132  0.730464
1.70729598	687	0.320102 0.651216  0.730224
1.71233201	687	0.316271 0.656962  0.732618
1.71736803	687	0.319862 0.649780  0.729266
1.72241201	686	0.314116 0.649061  0.717296
1.72746000	687	0.313398 0.652413  0.727112
1.73249998	686	0.310285 0.651695  0.725436
1.73753204	685	0.306934 0.647864  0.739561
1.74257192	685	0.310285 0.651456  0.728788
1.74759602	686	0.311961 0.647386  0.729745
1.75262794	686	0.309088 0.648822  0.724239
1.75764408	687	0.310525 0.641640  0.720169
1.76266803	685	0.310046 0.644991  0.721126
1.76769199	687	0.310764 0.644991  0.726393
1.77272405	687	0.300469 0.643555  0.726633
1.77774000	685	0.312201 0.646667  0.725436
1.78278007	688	0.305018 0.643555  0.726393
1.78781199	687	0.301906 0.644513  0.727591
1.79285202	687	0.301188 0.643076  0.726393
1.79788804	687	0.306215 0.647864  0.732858
1.80293197	687	0.306934 0.639245  0.724478
1.80796394	687	0.310764 0.644034  0.728069
1.81298809	688	0.308609 0.647864  0.726872
1.81800403	687	0.307173 0.647864  0.728069
1.82303600	687	0.308131 0.648583  0.721126
1.82806005	685	0.306215 0.642358  0.732139
1.83308801	685	0.309088 0.644034  0.721605
1.83811998	688	0.305018 0.650498  0.729506
1.84315595	687	0.310285 0.649540  0.719929
1.84820404	687	0.308131 0.647864  0.730942
1.85325603	686	0.314116 0.652892  0.739561
1.85830793	687	0.314834 0.641879  0.733576
1.86336803	685	0.314595 0.656723  0.723999
1.86839599	687	0.305976 0.651935  0.727351
1.87342796	686	0.312201 0.649780  0.720169
1.87846393	685	0.312680 0.662948  0.723042
1.88349199	687	0.312201 0.653132  0.734294
1.88853206	686	0.310525 0.650498  0.720169
1.89357604	687	0.313158 0.646188  0.734055
1.89860801	684	0.313158 0.654808  0.731182
1.90365600	686	0.311004 0.650977  0.729027
1.90869197	685	0.309328 0.650019  0.719211
1.91371593	686	0.311243 0.651935  0.733815
1.91876401	687	0.307412 0.646188  0.717774
1.92380409	685	0.312680 0.647864  0.725675
1.92884397	687	0.309088 0.643315  0.725915
1.93386802	684	0.312440 0.648343  0.724957
1.93889198	686	0.313158 0.646188  0.734055
1.94392395	687	0.310525 0.645949  0.725675
1.94894800	684	0.309328 0.639485  0.723760
1.95396404	686	0.308370 0.645231  0.732618
1.95897998	686	0.307652 0.645231  0.725675
1.96401205	686	0.306694 0.647146  0.728309
1.96903600	686	0.310764 0.644034  0.723042
1.97408399	687	0.301427 0.644513  0.733576
1.97912397	686	0.306934 0.647864  0.724478
1.98416805	685	0.306455 0.646907  0.727830
1.98919591	687	0.305258 0.638048  0.725915
1.99422798	687	0.311243 0.648104  0.733097
1.99925603	687	0.311483 0.644752  0.734294
2.00430393	686	0.305497 0.645949  0.723520
2.00932788	686	0.307173 0.648104  0.735491
2.01435589	684	0.315074 0.648822  0.718971
2.01938796	687	0.308131 0.650498  0.729266
2.02442789	687	0.313398 0.652413  0.725196
2.02946805	685	0.312201 0.643555  0.722084
2.03451991	687	0.313637 0.652413  0.734294
2.03956794	687	0.306934 0.650977  0.725915
2.04461193	688	0.316271 0.652653  0.731182
##inga 
#ido(sec)  szog(ADC)     ax(g)    ay(g)   az(g)
2.05019998	685	0.312680 0.650498  0.723281
2.05542397	687	0.312440 0.654329  0.731900
2.06064796	687	0.308131 0.653132  0.724239
2.06577610	687	0.317229 0.656483  0.723281
2.07080411	686	0.310525 0.646667  0.724239
2.07583594	686	0.315074 0.650019  0.728788
2.08086800	688	0.311722 0.645710  0.723999
2.08590006	685	0.310285 0.647146  0.725915
2.09093999	687	0.309088 0.650737  0.724717
2.09596800	687	0.311722 0.647146  0.725675
2.10100388	686	0.308609 0.643315  0.725196
2.10603594	685	0.315074 0.645710  0.723999
2.11104798	686	0.303103 0.645949  0.733337
2.11607193	686	0.303342 0.644752  0.726633
2.12110805	685	0.308370 0.639006  0.723042
2.12612009	687	0.314116 0.642358  0.731182
2.13116407	688	0.303103 0.649061  0.726154
2.13618397	685	0.303103 0.638048  0.725675
2.14121603	686	0.303103 0.646188  0.725675
2.14625191	688	0.310525 0.644991  0.720408
2.15129208	686	0.314834 0.640682  0.725915
2.15633201	687	0.313637 0.642358  0.728548
2.16138792	687	0.304539 0.645710  0.724957
2.16641211	685	0.302624 0.641161  0.724239
2.17144799	685	0.309088 0.646667  0.726872
2.17646002	687	0.311961 0.651456  0.725915
2.18149590	685	0.310525 0.645231  0.732618
2.18653202	686	0.311243 0.647625  0.727112
2.19158005	687	0.311004 0.652653  0.732618
2.19659996	687	0.310525 0.649061  0.733576
2.20164394	687	0.316031 0.647625  0.731421
2.20668411	687	0.311243 0.653132  0.721605
2.21173191	686	0.315313 0.651695  0.728069
2.21677589	686	0.309328 0.656962  0.727591
2.22181200	685	0.312919 0.653850  0.726872
2.22684407	686	0.312440 0.650019  0.723281
2.23187994	685	0.313637 0.650498  0.729027
2.23691606	684	0.310285 0.655765  0.725915
2.24194788	687	0.305976 0.647386  0.723760
2.24697208	688	0.314834 0.657920  0.735012
2.25199604	684	0.311243 0.652413  0.728309
2.25704407	686	0.311004 0.645231  0.737646
2.26206398	686	0.310285 0.649061  0.721844
2.26710009	687	0.315074 0.645949  0.713704
2.27214002	687	0.311243 0.648343  0.724239
2.27719211	687	0.309567 0.647625  0.726393
2.28222799	688	0.302863 0.646907  0.723042
2.28726005	686	0.309807 0.647146  0.738364
2.29227590	685	0.303821 0.645231  0.735731
2.29730796	687	0.303342 0.646188  0.730703
2.30234003	686	0.308131 0.644513  0.727830
2.30737209	684	0.306215 0.644752  0.729266
2.31239604	684	0.308849 0.638527  0.724478
2.31743597	688	0.318904 0.639724  0.727591
2.32245206	687	0.310046 0.645470  0.728788
2.32749199	688	0.310285 0.640442  0.715620
2.33253192	686	0.311483 0.648583  0.727351
2.33758401	687	0.310285 0.645470  0.733337
2.34262800	686	0.309567 0.641879  0.721605
2.34766006	687	0.309807 0.647386  0.718732
2.35267591	687	0.306215 0.646667  0.737167
2.35770010	687	0.309328 0.643794  0.724717
2.36273193	687	0.310046 0.648343  0.739083
2.36775588	686	0.314116 0.643076  0.725675
2.37280011	686	0.316750 0.653610  0.726872
2.37782788	687	0.315313 0.648583  0.730942
2.38288807	686	0.312680 0.650019  0.727112
2.38792395	686	0.316031 0.650019  0.727830
2.39296388	688	0.314834 0.662948  0.720887
2.39801597	684	0.314116 0.651695  0.738843
2.40307593	687	0.313877 0.650259  0.730942
2.40811610	687	0.314116 0.657920  0.735731
2.41315603	687	0.311483 0.651935  0.723999
2.41820406	687	0.307412 0.655047  0.730224
2.42321991	687	0.310046 0.657202  0.724239
2.42823195	686	0.312919 0.649780  0.724717
2.43325996	686	0.312919 0.650259  0.728788
2.43830394	688	0.305258 0.646667  0.724717
2.44333195	686	0.314355 0.650259  0.728309
2.44837188	686	0.311722 0.648104  0.722084
2.45341992	687	0.309088 0.649301  0.729027
2.45844793	686	0.305736 0.645231  0.722323
2.46348404	686	0.308370 0.648822  0.724717
2.46852397	687	0.310285 0.645231  0.732379
2.47355604	684	0.310525 0.642597  0.723999
2.47857999	687	0.307891 0.637569  0.732618
2.48360800	685	0.305976 0.636133  0.729506
2.48863196	686	0.304539 0.648822  0.725915
2.49366807	688	0.306455 0.644273  0.727112
2.49869608	687	0.310285 0.645949  0.731661
2.50373601	688	0.312680 0.647625  0.728309
2.50876808	685	0.305497 0.651695  0.727830
2.51380395	687	0.307173 0.645231  0.727830
2.51885604	687	0.310046 0.647146  0.728309
2.52390003	686	0.312680 0.649780  0.720647
2.52893209	686	0.308849 0.649061  0.730703
2.53394794	686	0.311243 0.648583  0.724957
2.53898811	686	0.308849 0.648104  0.730224
2.54401206	686	0.315313 0.646667  0.729985
2.54904389	687	0.308131 0.650498  0.730224
2.55407595	687	0.309807 0.653371  0.723281
##inga 
#ido(sec)  szog(ADC)     ax(g)    ay(g)   az(g)
2.55962800	686	0.312680 0.647146  0.732618
2.56486797	686	0.316510 0.652413  0.727591
2.57009196	688	0.312440 0.654329  0.730224
2.57522797	686	0.314834 0.660075  0.718971
2.58028006	686	0.311722 0.653850  0.720887
2.58533191	687	0.310764 0.654568  0.720887
2.59037995	687	0.315792 0.655526  0.722802
2.59540390	685	0.313398 0.652892  0.729745
2.60042810	687	0.312440 0.645949  0.725436
2.60543990	686	0.311483 0.651695  0.728069
2.61047601	687	0.312440 0.650019  0.730224
2.61551189	688	0.304779 0.647864  0.729745
2.62053990	686	0.314595 0.645710  0.723042
2.62556409	685	0.316750 0.645949  0.718014
2.63059997	684	0.307412 0.642597  0.724957
2.63564395	686	0.311483 0.647864  0.730464
2.64071202	687	0.306934 0.640442  0.725436
2.64575195	685	0.302145 0.640921  0.723042
2.65078806	686	0.306694 0.641400  0.728309
2.65581989	686	0.308131 0.638767  0.732139
2.66086006	685	0.316510 0.644513  0.725196
2.66589593	686	0.306455 0.639485  0.728069
2.67092394	687	0.307412 0.639485  0.727591
2.67594790	685	0.308131 0.647864  0.730464
2.68097591	687	0.307891 0.648104  0.733576
2.68600797	684	0.311243 0.646667  0.723760
2.69105195	687	0.305258 0.645710  0.722802
2.69608402	687	0.313877 0.644752  0.726633
2.70112800	687	0.314355 0.646667  0.721844
2.70617198	686	0.316989 0.643076  0.728788
2.71120810	687	0.304539 0.647864  0.727112
2.71624398	687	0.314834 0.654568  0.731661
2.72127604	687	0.311483 0.646428  0.732858
2.72631597	685	0.312919 0.657441  0.719690
2.73133993	687	0.311243 0.651935  0.724478
2.73638391	685	0.312680 0.652413  0.716817
2.74141192	687	0.313398 0.647146  0.728788
2.74645209	687	0.315792 0.655286  0.717296
2.75149989	685	0.317468 0.654808  0.723520
2.75654006	687	0.311483 0.649540  0.717296
2.76157999	686	0.314834 0.643794  0.719690
2.76662802	687	0.305976 0.651935  0.734773
2.77166795	686	0.311243 0.645470  0.728548
2.77670001	686	0.313637 0.649301  0.730224
2.78173208	686	0.312680 0.650737  0.723520
2.78675603	684	0.309807 0.646667  0.728788
2.79177594	684	0.308609 0.644513  0.725196
2.79679989	685	0.307652 0.643794  0.720647
2.80182790	687	0.312440 0.642597  0.726393
2.80685214	687	0.311961 0.644273  0.717774
2.81189203	687	0.302624 0.645949  0.724717
2.81693191	687	0.304300 0.644273  0.724957
2.82195997	685	0.309328 0.647864  0.727351
2.82700395	687	0.311004 0.637809  0.719929
2.83203601	687	0.311243 0.639006  0.728069
2.83708400	685	0.313877 0.641400  0.729027
2.84209995	686	0.307891 0.638767  0.724717
2.84712409	687	0.309807 0.644273  0.734055
2.85213994	686	0.303582 0.641400  0.722563
2.85716390	688	0.311961 0.647386  0.731900
2.86219997	687	0.307891 0.644991  0.731661
2.86723995	688	0.305736 0.645470  0.730464
2.87228393	687	0.311483 0.645710  0.730703
2.87732410	688	0.310285 0.647146  0.724717
2.88236408	687	0.312680 0.647864  0.727830
2.88741207	687	0.311961 0.652892  0.732139
2.89246006	686	0.307412 0.656723  0.730224
2.89748401	687	0.311483 0.651935  0.729266
2.90252399	686	0.313158 0.655286  0.727351
2.90755605	687	0.307412 0.647864  0.728069
2.91258792	687	0.310525 0.649780  0.728788
2.91760396	685	0.313398 0.656723  0.734534
2.92264003	685	0.313158 0.656244  0.728309
2.92768001	686	0.314355 0.652174  0.728069
2.93271589	686	0.315313 0.650737  0.733576
2.93775606	687	0.313158 0.649540  0.737407
2.94280796	687	0.312201 0.648822  0.732139
2.94785995	686	0.313637 0.649061  0.728069
2.95289611	687	0.309567 0.646188  0.728309
2.95793199	687	0.310046 0.650019  0.726393
2.96296405	688	0.312680 0.649780  0.719690
2.96797990	686	0.315313 0.644513  0.735012
2.97301197	686	0.308131 0.645231  0.725436
2.97805194	686	0.307412 0.643794  0.729745
2.98307991	687	0.314834 0.640682  0.724239
2.98812389	687	0.308370 0.638527  0.724717
2.99316406	685	0.304779 0.648104  0.718014
2.99820404	688	0.305258 0.641879  0.726872
3.00324392	687	0.314595 0.647625  0.722323
3.00829195	687	0.309088 0.646188  0.717296
3.01332402	685	0.312919 0.642118  0.723520
3.01835608	687	0.307652 0.637809  0.732858
3.02338004	687	0.312680 0.646907  0.723042
3.02841591	685	0.312919 0.644034  0.724239
3.03344392	688	0.309088 0.649540  0.726633
3.03846406	685	0.308131 0.642837  0.731421
3.04349589	687	0.308131 0.647386  0.726633
3.04852008	687	0.311483 0.639964  0.740040
3.05357193	687	0.309328 0.654329  0.726154
3.05860400	687	0.310285 0.646428  0.721366
3.06363606	685	0.311722 0.650977  0.725915
##inga 
#ido(sec)  szog(ADC)     ax(g)    ay(g)   az(g)
3.06922006	684	0.305497 0.647386  0.726154
3.07444000	688	0.305736 0.645710  0.732618
3.07966804	687	0.309807 0.658638  0.720647
3.08478808	688	0.311722 0.652413  0.722802
3.08981990	686	0.316750 0.653850  0.732139
3.09485197	687	0.308849 0.655765  0.724957
3.09987592	687	0.322496 0.650977  0.715620
3.10490393	688	0.315074 0.652413  0.724478
3.10993599	686	0.307412 0.645710  0.723999
3.11496400	688	0.309088 0.646188  0.726633
3.11999201	686	0.312919 0.647386  0.725436
3.12503600	685	0.311483 0.645949  0.727830
3.13009190	687	0.311004 0.651456  0.719929
3.13512396	686	0.306215 0.644991  0.727351
3.14014792	686	0.310764 0.652413  0.729266
3.14517998	687	0.307652 0.652653  0.729266
3.15021610	687	0.308370 0.645949  0.721605
3.15522789	687	0.315074 0.641879  0.727591
3.16025209	685	0.309088 0.643076  0.720887
3.16526007	687	0.305976 0.638767  0.728069
3.17030000	686	0.307412 0.643315  0.723042
3.17532396	687	0.307412 0.640682  0.720408
3.18036794	686	0.312201 0.641640  0.723760
3.18540000	684	0.311004 0.641640  0.723999
3.19041204	687	0.306455 0.636612  0.740519
3.19543600	685	0.311004 0.642358  0.727351
3.20045995	687	0.305976 0.642597  0.718971
3.20548391	686	0.312440 0.651695  0.726154
3.21051597	685	0.306455 0.642597  0.727591
3.21555209	685	0.308131 0.643555  0.738125
3.22058010	687	0.306455 0.644034  0.729266
3.22563195	687	0.309807 0.654329  0.729027
3.23065996	685	0.308849 0.643794  0.729027
3.23569989	687	0.307891 0.646188  0.726393
3.24074006	688	0.308370 0.645231  0.722563
3.24576401	684	0.311961 0.646188  0.728548
3.25080394	685	0.314116 0.654089  0.738364
3.25584411	684	0.312680 0.656723  0.727112
3.26087594	687	0.313158 0.654329  0.730703
3.26591610	685	0.314116 0.653371  0.717296
3.27094793	687	0.315074 0.646188  0.730942
3.27597594	688	0.316750 0.653132  0.730464
3.28102803	686	0.314834 0.650977  0.724957
3.28607201	685	0.311722 0.648104  0.726393
3.29110789	688	0.310764 0.650019  0.730703
3.29613995	685	0.313877 0.649061  0.723999
3.30119204	687	0.310285 0.651695  0.731900
3.30622792	687	0.309807 0.651695  0.721605
3.31125998	687	0.311722 0.651695  0.726633
3.31629610	687	0.311483 0.646907  0.724239
3.32133197	687	0.308370 0.639245  0.730224
3.32634806	687	0.311483 0.646428  0.725436
3.33138394	687	0.311004 0.637091  0.725196
3.33640408	684	0.309088 0.642118  0.733097
3.34143590	685	0.304779 0.643555  0.732379
3.34645605	687	0.304300 0.647625  0.729745
3.35149192	687	0.303821 0.650498  0.724239
3.35653209	688	0.304779 0.640921  0.730703
3.36156797	688	0.304539 0.638527  0.726872
3.36661195	687	0.305497 0.641161  0.723999
3.37163591	687	0.312201 0.647625  0.727351
3.37666797	685	0.309088 0.638048  0.733576
3.38170003	686	0.307173 0.642358  0.719211
3.38673210	684	0.309088 0.646428  0.730224
3.39174389	688	0.310285 0.649061  0.729027
3.39677190	686	0.305018 0.648104  0.728788
3.40179991	686	0.310764 0.646188  0.724717
3.40683603	687	0.307412 0.649780  0.721126
3.41186809	687	0.314834 0.649301  0.725915
3.41691207	687	0.313877 0.654329  0.729745
3.42197203	686	0.310525 0.654329  0.723281
3.42702007	687	0.309328 0.650977  0.729745
3.43205189	687	0.313158 0.648343  0.720887
3.43709206	686	0.313637 0.644991  0.721366
3.44212388	687	0.318426 0.655047  0.728309
3.44714403	687	0.315074 0.648343  0.722084
3.45217204	686	0.311004 0.650737  0.718493
3.45720791	687	0.311243 0.655047  0.732139
3.46224808	686	0.311722 0.651216  0.722802
3.46728396	687	0.314834 0.648104  0.734773
3.47232389	687	0.308370 0.647864  0.729745
3.47735595	687	0.311004 0.649780  0.728309
3.48239588	688	0.305258 0.644991  0.720647
3.48742794	687	0.313637 0.648104  0.726393
3.49247598	686	0.312201 0.646188  0.727351
3.49750399	687	0.315313 0.648822  0.723999
3.50253200	688	0.308131 0.649780  0.721366
3.50755190	687	0.309088 0.639964  0.727112
3.51256394	686	0.309088 0.643315  0.726154
3.51758408	687	0.302863 0.640682  0.720169
3.52261590	688	0.307891 0.644752  0.725915
3.52764010	688	0.303342 0.648104  0.727830
3.53267598	685	0.314116 0.643076  0.723520
3.53771591	687	0.303582 0.641400  0.727830
3.54275202	687	0.304539 0.643555  0.730703
3.54778409	687	0.305976 0.641879  0.725675
3.55281209	687	0.313637 0.644513  0.727830
3.55784392	687	0.308370 0.644034  0.729027
3.56286001	687	0.305497 0.648104  0.723760
3.56787204	687	0.307412 0.646907  0.726154
3.57290410	685	0.309088 0.641161  0.731421
##inga 
#ido(sec)  szog(ADC)     ax(g)    ay(g)   az(g)
3.57845997	687	0.307412 0.647386  0.716817
3.58369994	686	0.315553 0.654329  0.726872
3.58895993	687	0.311243 0.647625  0.731421
3.59410810	687	0.307652 0.652413  0.723281
3.59915208	685	0.306215 0.654808  0.724478
3.60420393	685	0.311243 0.656962  0.722084
3.60922789	687	0.315313 0.644991  0.729027
3.61425209	688	0.315313 0.646188  0.726154
3.61929202	687	0.305018 0.647625  0.719690
3.62431192	688	0.311483 0.649301  0.729266
3.62934803	685	0.307891 0.646907  0.724957
3.63438796	687	0.312680 0.643555  0.727351
3.63942790	688	0.310046 0.645949  0.719450
3.64446401	685	0.306215 0.653132  0.731182
3.64949989	686	0.307412 0.652413  0.728788
3.65454006	685	0.311961 0.645710  0.724478
3.65959191	686	0.304061 0.644752  0.720647
3.66462802	687	0.318665 0.650498  0.728548
3.66967201	685	0.311722 0.645710  0.724957
3.67470788	684	0.308609 0.641879  0.729506
3.67971611	688	0.307412 0.641400  0.728309
3.68473196	687	0.302624 0.647625  0.726154
3.68975591	686	0.305976 0.648104  0.725915
3.69478011	685	0.310764 0.643794  0.726633
3.69980406	684	0.310764 0.642597  0.721605
3.70485210	687	0.311961 0.641879  0.723281
3.70989990	687	0.311243 0.642837  0.721126
3.71495604	686	0.312440 0.640921  0.732618
3.72000789	687	0.310285 0.645231  0.727112
3.72505211	685	0.301906 0.645231  0.722802
3.73007607	688	0.306934 0.643555  0.732379
3.73510789	687	0.311722 0.649540  0.724957
3.74013209	687	0.305497 0.646907  0.726872
3.74515604	685	0.311004 0.651216  0.731900
3.75017189	687	0.310764 0.647625  0.736210
3.75519990	687	0.308849 0.650259  0.726154
3.76021194	685	0.314116 0.645949  0.723042
3.76525998	688	0.308131 0.650259  0.726633
3.77029991	687	0.318426 0.650737  0.723520
3.77533197	687	0.317947 0.652413  0.728788
3.78038001	685	0.313398 0.653610  0.718971
3.78541207	685	0.308849 0.652892  0.735491
3.79044389	687	0.313877 0.650977  0.722323
3.79546809	684	0.315313 0.652892  0.718493
3.80049991	687	0.315074 0.654568  0.720169
3.80553607	685	0.317229 0.653371  0.726154
3.81058006	686	0.310525 0.643315  0.732379
3.81561203	685	0.317707 0.647864  0.735012
3.82063598	687	0.314834 0.643076  0.728069
3.82567596	685	0.307652 0.651695  0.726872
3.83071594	686	0.309567 0.646667  0.723042
3.83576393	686	0.310285 0.654089  0.732139
3.84080410	687	0.303582 0.648583  0.718971
3.84583997	688	0.307652 0.647146  0.726633
3.85087604	685	0.306215 0.645231  0.726393
3.85591602	687	0.307173 0.641400  0.730224
3.86093215	686	0.309807 0.641879  0.726872
3.86595611	684	0.309328 0.640921  0.722323
3.87097597	687	0.305258 0.641400  0.727830
3.87599611	688	0.310285 0.647146  0.729985
3.88102006	685	0.307891 0.643315  0.723042
3.88605194	687	0.308609 0.641640  0.723520
3.89106798	688	0.303103 0.639006  0.719211
3.89610004	687	0.306934 0.642597  0.730703
3.90114803	688	0.309328 0.647386  0.723999
3.90617990	687	0.306455 0.643794  0.718014
3.91120004	686	0.312680 0.642837  0.729745
3.91622810	687	0.308370 0.645949  0.726633
3.92123603	685	0.308609 0.646428  0.720647
3.92624807	688	0.308609 0.645470  0.734773
3.93126392	687	0.307173 0.654089  0.732618
3.93629598	687	0.305018 0.647864  0.731421
3.94133205	685	0.312440 0.644034  0.728309
3.94637203	688	0.308609 0.649301  0.724239
3.95140790	688	0.314595 0.651695  0.728309
3.95645189	686	0.312680 0.654329  0.731421
3.96147994	687	0.308609 0.653371  0.722802
3.96650009	688	0.314116 0.652174  0.730703
3.97153997	687	0.315074 0.651216  0.726633
3.97657985	687	0.312201 0.651935  0.726154
3.98161602	687	0.312919 0.655047  0.725436
3.98665189	687	0.309567 0.648343  0.726633
3.99167995	687	0.315792 0.647146  0.731900
3.99672393	687	0.313398 0.653371  0.724717
4.00176382	685	0.304539 0.649780  0.729027
4.00679588	684	0.305497 0.644273  0.732379
4.01182794	687	0.308849 0.645710  0.717774
4.01684379	686	0.312680 0.649061  0.723281
4.02188396	687	0.312680 0.643794  0.735491
4.02691602	687	0.306215 0.644513  0.728309
4.03194808	688	0.307891 0.643555  0.733337
4.03698778	687	0.314834 0.648104  0.734773
4.04201221	687	0.309328 0.636133  0.732618
4.04704380	686	0.303582 0.648822  0.723281
4.05207586	686	0.306455 0.640442  0.730464
4.05711984	687	0.305736 0.647386  0.722563
4.06216382	685	0.308609 0.643555  0.720169
4.06720399	687	0.309328 0.648343  0.734773
4.07223987	685	0.306934 0.653132  0.725675
4.07728004	686	0.309328 0.647146  0.728788
4.08230400	685	0.313158 0.649301  0.728309
##inga 
#ido(sec)  szog(ADC)     ax(g)    ay(g)   az(g)
4.08786010	685	0.306215 0.646907  0.731661
4.09309577	687	0.307173 0.646667  0.725915
4.09832382	685	0.308131 0.648343  0.728548
4.10345220	684	0.315313 0.655286  0.734294
4.10849189	687	0.306694 0.644513  0.720647
4.11352014	687	0.309807 0.654089  0.725915
4.11853981	686	0.309328 0.650498  0.726393
4.12357187	687	0.311961 0.655765  0.728788
4.12862777	688	0.314116 0.654808  0.724957
4.13368797	687	0.312201 0.653132  0.731661
4.13874006	684	0.306215 0.650019  0.716817
4.14377212	684	0.315313 0.656962  0.728548
4.14880418	687	0.316271 0.649780  0.732379
4.15383577	687	0.312201 0.648343  0.736449
4.15886020	687	0.314834 0.653610  0.726393
4.16388416	688	0.308849 0.647625  0.723281
4.16890811	686	0.309807 0.649301  0.726633
4.17392015	685	0.311243 0.647146  0.725915
4.17896795	684	0.306934 0.645231  0.730224
4.18400812	687	0.309807 0.650498  0.730224
4.18903207	687	0.313158 0.644273  0.717296
4.19407606	686	0.307891 0.644273  0.730464
4.19910812	687	0.302863 0.644752  0.726872
4.20414400	685	0.305976 0.645470  0.726633
4.20915603	688	0.305976 0.641400  0.732139
4.21416378	687	0.306455 0.650019  0.722323
4.21919584	687	0.307652 0.641400  0.721126
4.22421216	686	0.315792 0.643315  0.729027
4.22925186	686	0.306215 0.643315  0.726154
4.23428392	686	0.311722 0.642358  0.732858
4.23933982	685	0.312201 0.641640  0.728069
4.24437189	686	0.301666 0.650498  0.725915
4.24941587	687	0.307891 0.640442  0.726872
4.25445222	687	0.306934 0.646188  0.724957
4.25949192	687	0.311722 0.643315  0.724717
4.26453208	686	0.305736 0.648343  0.728309
4.26955604	688	0.309567 0.648583  0.729266
4.27458000	686	0.316989 0.644991  0.727112
4.27959203	685	0.311961 0.646907  0.720408
4.28462791	686	0.311961 0.654808  0.727830
4.28966379	686	0.312201 0.652653  0.720887
4.29470396	685	0.308609 0.651216  0.725675
4.29973220	688	0.310764 0.649780  0.721605
4.30476808	686	0.315792 0.648104  0.723760
4.30980396	687	0.313637 0.653371  0.729506
4.31485223	687	0.318186 0.654808  0.723042
4.31988811	686	0.316750 0.648343  0.727830
4.32491207	687	0.311961 0.652892  0.724239
4.32994794	687	0.312440 0.644752  0.723520
4.33498001	687	0.319862 0.649061  0.722084
4.34000015	687	0.314355 0.645231  0.725196
4.34503602	686	0.317707 0.652413  0.728309
4.35006380	684	0.309567 0.648343  0.723760
4.35509204	687	0.310285 0.649061  0.725915
4.36012411	686	0.306215 0.647864  0.722323
4.36515617	688	0.310046 0.649780  0.722802
4.37019586	688	0.309088 0.649301  0.729745
4.37522792	688	0.311004 0.642597  0.731182
4.38025617	687	0.311722 0.641400  0.737646
4.38528394	687	0.307412 0.639964  0.736688
4.39030408	685	0.307173 0.641879  0.720887
4.39533996	686	0.307412 0.647146  0.734294
4.40037202	688	0.310764 0.640203  0.727112
4.40540790	687	0.313158 0.640682  0.723042
4.41043996	688	0.306455 0.641161  0.732618
4.41547584	687	0.308609 0.646667  0.720887
4.42051601	688	0.307652 0.638527  0.726393
4.42554378	684	0.310046 0.647146  0.730942
4.43057584	685	0.303582 0.647386  0.727830
4.43561983	687	0.307652 0.645949  0.731182
4.44064378	686	0.312201 0.646667  0.726393
4.44567584	685	0.311722 0.651695  0.731182
4.45071983	685	0.313637 0.647864  0.726393
4.45574808	686	0.311004 0.655047  0.725196
4.46078014	687	0.309807 0.650019  0.733097
4.46579980	686	0.305497 0.653610  0.724478
4.47082376	685	0.311004 0.653371  0.730942
4.47585582	688	0.316510 0.656244  0.730224
4.48090410	686	0.309088 0.652892  0.719929
4.48594379	686	0.309807 0.650737  0.724478
4.49098396	687	0.309807 0.652892  0.726872
4.49601602	685	0.312440 0.646428  0.725675
4.50103998	686	0.314595 0.651216  0.732139
4.50606822	687	0.310046 0.654568  0.730464
4.51108789	685	0.317229 0.645949  0.723520
4.51611614	687	0.307891 0.649780  0.726154
4.52114009	687	0.311722 0.647386  0.726872
4.52617216	688	0.308131 0.647386  0.731661
4.53122377	688	0.305497 0.641879  0.730942
4.53626012	687	0.304061 0.645949  0.731182
4.54129981	687	0.308609 0.645470  0.725675
4.54632377	687	0.309328 0.644034  0.733097
4.55135583	687	0.309567 0.646428  0.734294
4.55638408	688	0.312680 0.645710  0.732139
4.56141185	686	0.313398 0.642837  0.724957
4.56644392	686	0.312680 0.644273  0.729985
4.57146787	686	0.307891 0.645949  0.725915
4.57648420	688	0.303821 0.637091  0.728788
4.58153200	687	0.302863 0.646188  0.729027
4.58656406	686	0.306934 0.638767  0.730942
4.59161186	686	0.311483 0.641400  0.726154
##inga 
#ido(sec)  szog(ADC)     ax(g)    ay(g)   az(g)
4.59719610	687	0.310285 0.646428  0.714662
4.60243988	686	0.312201 0.652174  0.725196
4.60767602	687	0.312919 0.642837  0.727830
4.61281585	685	0.310046 0.653371  0.734294
4.61783599	686	0.308849 0.644752  0.727351
4.62287187	686	0.304779 0.649061  0.729506
4.62787580	684	0.313398 0.649540  0.731182
4.63290023	687	0.311243 0.648104  0.733097
4.63793182	687	0.311722 0.655047  0.726633
4.64297199	687	0.313158 0.652174  0.723999
4.64801216	686	0.314834 0.646428  0.729506
4.65305995	687	0.309328 0.652653  0.726154
4.65808391	688	0.314116 0.646428  0.726393
4.66312789	686	0.307891 0.653610  0.720647
4.66815614	685	0.319623 0.650737  0.723520
4.67319583	687	0.312440 0.652413  0.723999
4.67821216	687	0.315313 0.642597  0.726633
4.68324422	685	0.305497 0.648343  0.717535
4.68826818	685	0.311483 0.644752  0.726393
4.69330406	687	0.311004 0.650259  0.723760
4.69831609	686	0.308609 0.645710  0.723281
4.70332384	687	0.311722 0.647864  0.735491
4.70837211	687	0.309328 0.647386  0.731182
4.71341991	687	0.311483 0.649780  0.727112
4.71847200	686	0.311243 0.645949  0.733097
4.72351598	685	0.302624 0.644273  0.726872
4.72855186	687	0.311961 0.640442  0.737407
4.73358821	687	0.306694 0.646667  0.734773
4.73860406	687	0.307891 0.640682  0.725675
4.74363183	688	0.311961 0.644991  0.725196
4.74865579	685	0.308131 0.644034  0.718732
4.75369215	687	0.314595 0.645470  0.732139
4.75872421	685	0.301188 0.642597  0.722563
4.76374006	685	0.300230 0.647864  0.729266
4.76876401	687	0.309088 0.643315  0.724239
4.77378797	685	0.311243 0.643315  0.735491
4.77883195	688	0.308370 0.642837  0.725436
4.78386783	686	0.307652 0.645231  0.724957
4.78889989	688	0.312201 0.649780  0.729027
4.79392814	685	0.316031 0.650977  0.729985
4.79895210	687	0.308849 0.648822  0.734055
4.80397176	688	0.308849 0.649301  0.732139
4.80899620	686	0.315792 0.649061  0.731661
4.81402015	687	0.315313 0.652413  0.725915
4.81905984	685	0.310764 0.659835  0.720169
4.82410812	686	0.315074 0.651695  0.727830
4.82914781	685	0.306694 0.649540  0.729027
4.83417177	686	0.314116 0.649540  0.726393
4.83922004	686	0.307891 0.651216  0.728788
4.84426021	687	0.316271 0.648343  0.729266
4.84929180	687	0.311722 0.650498  0.725915
4.85433197	687	0.310525 0.653610  0.728069
4.85935592	687	0.311004 0.650498  0.725436
4.86438798	688	0.310285 0.650498  0.731661
4.86942815	688	0.305976 0.651695  0.728069
4.87445592	686	0.307173 0.649540  0.730464
4.87948799	686	0.311483 0.643315  0.724239
4.88453578	688	0.309567 0.647146  0.731182
4.88956785	687	0.310764 0.642597  0.720169
4.89461183	687	0.310285 0.639245  0.734055
4.89966821	686	0.308849 0.648583  0.728069
4.90469980	685	0.311004 0.640442  0.741477
4.90973186	687	0.314355 0.641161  0.722084
4.91476392	687	0.305736 0.638527  0.727830
4.91977977	685	0.305497 0.645949  0.730703
4.92479991	685	0.307412 0.644752  0.720887
4.92983579	687	0.311483 0.645470  0.724717
4.93487596	687	0.308609 0.647625  0.731661
4.93989992	687	0.305258 0.643076  0.726154
4.94493579	687	0.310285 0.646428  0.729266
4.94998788	687	0.313158 0.645470  0.715141
4.95502376	687	0.310525 0.649780  0.722084
4.96008014	687	0.311004 0.647386  0.734294
4.96513986	687	0.305258 0.650259  0.732858
4.97017192	687	0.310285 0.642597  0.723760
4.97520780	686	0.311243 0.652653  0.721126
4.98023605	685	0.308131 0.653132  0.725675
4.98527622	688	0.308609 0.649780  0.726393
4.99029207	685	0.311243 0.649061  0.730464
4.99532794	686	0.310525 0.651695  0.728788
5.00037193	686	0.307173 0.654329  0.734294
5.00540399	688	0.310285 0.655526  0.727830
5.01043605	688	0.312680 0.648104  0.727351
5.01547193	686	0.316510 0.653132  0.723281
5.02051591	685	0.308370 0.651216  0.731661
5.02554798	687	0.312680 0.647625  0.724957
5.03059577	686	0.311961 0.644991  0.722323
5.03564405	687	0.311961 0.651216  0.729985
5.04067611	685	0.317707 0.647386  0.726154
5.04570007	687	0.309088 0.648583  0.725915
5.05072021	687	0.308370 0.646907  0.728788
5.05574798	685	0.304779 0.649780  0.717774
5.06076383	688	0.315792 0.646428  0.726154
5.06579589	686	0.315074 0.646188  0.724717
5.07083177	687	0.306215 0.641640  0.718014
5.07586002	687	0.309088 0.647625  0.719450
5.08089208	687	0.304539 0.646428  0.729745
5.08594799	687	0.307412 0.640921  0.736449
5.09098386	685	0.304300 0.645231  0.727351
5.09600782	687	0.309567 0.645710  0.728309
5.10102796	687	0.307891 0.643076  0.730224
##inga 
#ido(sec)  szog(ADC)     ax(g)    ay(g)   az(g)
5.10657596	686	0.313877 0.645231  0.729266
5.11181592	686	0.308370 0.638767  0.731421
5.11705207	687	0.309567 0.644273  0.733337
5.12218809	685	0.313158 0.649301  0.726872
5.12722396	687	0.312440 0.646428  0.725196
5.13225984	687	0.310046 0.650737  0.732139
5.13728380	688	0.314595 0.644034  0.731182
5.14232397	687	0.308370 0.652892  0.731182
5.14736795	687	0.311722 0.647146  0.727591
5.15240383	688	0.305497 0.642597  0.727351
5.15743589	686	0.313637 0.652174  0.729266
5.16246795	687	0.313637 0.650977  0.726154
5.16749191	687	0.313637 0.652892  0.730224
5.17251586	687	0.311483 0.647386  0.725915
5.17755603	687	0.311722 0.652413  0.727112
5.18260002	686	0.314834 0.647625  0.724957
5.18765211	685	0.312440 0.652413  0.727351
5.19267988	688	0.310764 0.647864  0.731661
5.19772386	686	0.318426 0.647146  0.728788
5.20276784	687	0.314595 0.651456  0.724717
5.20781183	687	0.310285 0.644513  0.736688
5.21284389	687	0.312919 0.645710  0.738125
5.21786785	687	0.305018 0.647386  0.719929
5.22288417	687	0.307173 0.647386  0.725436
5.22790813	688	0.312680 0.645710  0.722323
5.23294019	688	0.316750 0.644991  0.729506
5.23797178	687	0.312201 0.648343  0.717296
5.24300003	687	0.310764 0.645231  0.727591
5.24803209	688	0.307412 0.642837  0.727830
5.25306797	685	0.310285 0.644513  0.722084
5.25810813	686	0.302145 0.645470  0.733576
5.26314020	687	0.311004 0.644273  0.730224
5.26816415	687	0.305976 0.640442  0.720169
5.27318811	687	0.304300 0.645231  0.735012
5.27820396	685	0.310525 0.642118  0.731900
5.28322410	688	0.307891 0.644513  0.720887
5.28825187	686	0.308849 0.649780  0.735252
5.29326820	687	0.305736 0.646428  0.729745
5.29830408	684	0.306455 0.637809  0.730703
5.30331993	688	0.312440 0.647864  0.718971
5.30836820	686	0.313398 0.651695  0.735252
5.31339597	687	0.312680 0.654568  0.732139
5.31844377	687	0.311722 0.646428  0.723999
5.32349586	687	0.311722 0.649540  0.732618
5.32853221	687	0.312201 0.653610  0.722802
5.33355188	688	0.312201 0.656244  0.728309
5.33857583	686	0.312440 0.646428  0.736928
5.34359216	688	0.314834 0.654329  0.731182
5.34862804	686	0.306215 0.647864  0.726633
5.35365200	688	0.315313 0.655047  0.717056
5.35869216	686	0.311243 0.654808  0.722084
5.36373615	685	0.313398 0.654089  0.727351
5.36877202	687	0.310525 0.650977  0.728788
5.37382411	687	0.310285 0.650977  0.736210
5.37885999	687	0.314355 0.646428  0.728309
5.38392400	686	0.318186 0.650498  0.723760
5.38896417	684	0.313637 0.647386  0.729266
5.39401197	686	0.310285 0.651216  0.729985
5.39904022	688	0.308370 0.644273  0.721126
5.40405988	687	0.309088 0.647864  0.731661
5.40908384	686	0.311483 0.644513  0.719211
5.41413211	686	0.312201 0.649301  0.720647
5.41916799	686	0.310285 0.643555  0.721605
5.42420005	686	0.309088 0.645231  0.729027
5.42922401	687	0.305258 0.647146  0.726633
5.43425989	687	0.311961 0.645949  0.725675
5.43931198	687	0.305018 0.639006  0.725915
5.44435977	688	0.312201 0.642118  0.723520
5.44938802	685	0.301666 0.640442  0.731661
5.45442008	687	0.312201 0.644991  0.729266
5.45944786	687	0.309088 0.649301  0.727351
5.46446800	687	0.309807 0.646188  0.727351
5.46948385	686	0.311483 0.645710  0.733815
5.47452020	686	0.308131 0.646428  0.724957
5.47955608	687	0.314834 0.646907  0.719690
5.48459196	687	0.309328 0.650019  0.727591
5.48962783	686	0.309088 0.652892  0.730464
5.49466800	687	0.312919 0.652174  0.719211
5.49970817	687	0.315792 0.652892  0.723520
5.50475597	687	0.310525 0.647625  0.728788
5.50980377	687	0.315792 0.647146  0.717056
5.51482820	687	0.311243 0.651456  0.730464
5.51986408	687	0.309328 0.650498  0.731900
5.52488803	687	0.313637 0.657202  0.730224
5.52991580	687	0.315553 0.653132  0.729027
5.53495597	684	0.316989 0.653610  0.724478
5.53999185	687	0.311961 0.651456  0.724957
5.54503583	685	0.313877 0.652653  0.731661
5.55007600	687	0.315074 0.651695  0.732379
5.55509996	687	0.314116 0.651456  0.735252
5.56014394	685	0.304300 0.649540  0.733337
5.56517601	687	0.308609 0.648343  0.726154
5.57019996	686	0.309328 0.647864  0.726393
5.57522392	684	0.309088 0.652174  0.728309
5.58023595	687	0.309807 0.645231  0.724239
5.58525991	687	0.305497 0.642118  0.724957
5.59029197	686	0.307173 0.645710  0.734773
5.59531593	686	0.304300 0.647146  0.716577
5.60032415	687	0.303103 0.641879  0.730703
5.60535621	686	0.310046 0.646188  0.731421
5.61040019	687	0.308131 0.642118  0.725915
##inga 
#ido(sec)  szog(ADC)     ax(g)    ay(g)   az(g)
5.61597585	687	0.307173 0.643794  0.733576
5.62122011	686	0.303103 0.642837  0.726633
5.62644815	686	0.302863 0.641161  0.718493
5.63159608	686	0.306934 0.639724  0.730464
5.63662004	687	0.307652 0.645231  0.733576
5.64165210	688	0.310764 0.643315  0.728309
5.64667606	684	0.306694 0.637809  0.727112
5.65171194	688	0.308849 0.648343  0.733576
5.65673589	687	0.313398 0.649780  0.727351
5.66176414	685	0.311483 0.649540  0.733097
5.66681623	687	0.312201 0.653132  0.717296
5.67185211	687	0.302863 0.647864  0.728309
5.67689609	687	0.311243 0.647864  0.725436
5.68194389	687	0.308609 0.654089  0.730942
5.68696403	686	0.316989 0.648583  0.732858
5.69200420	688	0.313877 0.649540  0.723042
5.69702816	686	0.315553 0.656483  0.722084
5.70206022	687	0.311961 0.652413  0.727351
5.70710420	688	0.306215 0.652413  0.727830
5.71213197	687	0.312201 0.652413  0.729985
5.71717214	685	0.312201 0.649540  0.729745
5.72219610	686	0.314355 0.652413  0.726633
5.72722005	687	0.307891 0.651935  0.731900
5.73224401	688	0.313877 0.643315  0.722323
5.73728418	687	0.315074 0.643555  0.725196
5.74233198	687	0.311961 0.649780  0.725915
5.74737977	687	0.311722 0.644513  0.725915
5.75242805	685	0.305258 0.645949  0.726154
5.75745201	685	0.311483 0.641879  0.715141
5.76249217	685	0.308370 0.646428  0.726154
5.76750802	686	0.303582 0.641161  0.726154
5.77254819	684	0.305497 0.644273  0.729027
5.77757978	685	0.310285 0.644513  0.728309
5.78261995	687	0.308370 0.642358  0.723281
5.78766012	686	0.308609 0.648104  0.728309
5.79269218	686	0.307891 0.643315  0.733097
5.79773187	687	0.309088 0.643555  0.727351
5.80276393	688	0.311243 0.644513  0.731182
5.80781984	687	0.305976 0.644752  0.734055
5.81283187	684	0.311243 0.644034  0.727591
5.81785583	687	0.309807 0.643555  0.729027
5.82287597	685	0.311004 0.646667  0.735252
5.82790422	686	0.304300 0.646907  0.732139
5.83291578	687	0.313398 0.650737  0.720647
5.83794403	687	0.307412 0.651695  0.731182
5.84297609	686	0.312440 0.647146  0.724717
5.84800815	686	0.313637 0.646188  0.733337
5.85305976	687	0.309328 0.654089  0.726633
5.85809993	685	0.317947 0.653610  0.719929
5.86313581	684	0.314116 0.648822  0.731661
5.86817979	688	0.308131 0.650737  0.736210
5.87321186	684	0.318665 0.652892  0.723999
5.87823581	687	0.312919 0.648343  0.724957
5.88327217	687	0.304300 0.650977  0.728548
5.88829183	684	0.303342 0.658878  0.727830
5.89332008	686	0.314116 0.643315  0.731182
5.89837217	685	0.305976 0.647625  0.739561
5.90341615	687	0.311004 0.652413  0.728788
5.90845203	687	0.310525 0.651935  0.720647
5.91348409	686	0.312201 0.651456  0.724957
5.91853618	688	0.311961 0.652413  0.720647
5.92358016	687	0.312201 0.647864  0.722084
5.92862796	685	0.308609 0.647146  0.732379
5.93365192	686	0.306694 0.648343  0.731661
5.93867588	686	0.307891 0.642597  0.721605
5.94369983	688	0.311243 0.646428  0.734055
5.94872808	687	0.307412 0.644752  0.732379
5.95375204	687	0.311722 0.643076  0.727830
5.95878410	686	0.305976 0.643555  0.729027
5.96380805	685	0.310764 0.643555  0.727830
5.96885204	687	0.303821 0.643555  0.732379
5.97387981	686	0.308849 0.639724  0.719450
5.97892808	687	0.305736 0.639964  0.731421
5.98396778	687	0.310764 0.644752  0.727830
5.98899221	687	0.306455 0.636851  0.731182
5.99402809	687	0.312919 0.642837  0.729027
5.99906015	687	0.303582 0.644273  0.724239
6.00409984	685	0.312201 0.654568  0.717535
6.00912809	685	0.308131 0.641640  0.735731
6.01416397	686	0.314116 0.647146  0.733097
6.01920795	687	0.315313 0.649061  0.729027
6.02424812	685	0.306455 0.654329  0.724957
6.02930021	684	0.306694 0.653850  0.727830
6.03433990	687	0.309807 0.655047  0.729266
6.03937578	687	0.315792 0.653371  0.725436
6.04442787	684	0.310525 0.661032  0.727591
6.04947614	688	0.314116 0.653610  0.720647
6.05450010	687	0.314834 0.653132  0.720647
6.05952405	686	0.314595 0.657441  0.735252
6.06456422	687	0.316510 0.651456  0.729027
6.06958818	688	0.307652 0.651695  0.726154
6.07461214	688	0.307412 0.651935  0.727112
6.07965183	684	0.307173 0.648822  0.722084
6.08468389	685	0.314116 0.644034  0.738364
6.08972406	687	0.310525 0.651216  0.726872
6.09475612	688	0.309328 0.641879  0.732858
6.09981203	686	0.309807 0.646188  0.726633
6.10485219	686	0.307412 0.644273  0.724957
6.10988378	684	0.308370 0.645231  0.724478
6.11489582	686	0.308370 0.647146  0.729745
6.11991596	685	0.309567 0.641400  0.720169
##inga 
#ido(sec)  szog(ADC)     ax(g)    ay(g)   az(g)
6.12546014	688	0.303103 0.646428  0.731182
6.13070011	686	0.311722 0.650737  0.730942
6.13592815	687	0.309567 0.644273  0.729506
6.14106416	686	0.306934 0.645470  0.729745
6.14610815	686	0.307652 0.647146  0.733097
6.15114784	685	0.309567 0.644513  0.726154
6.15617990	686	0.303103 0.644273  0.722802
6.16121196	686	0.311243 0.645949  0.721844
6.16625976	687	0.315074 0.647864  0.721366
6.17130804	687	0.309328 0.642597  0.730703
6.17634820	687	0.306934 0.650259  0.731900
6.18134784	687	0.310285 0.649061  0.724957
6.18636417	687	0.314355 0.644991  0.722084
6.19139623	687	0.311243 0.653850  0.730703
6.19642019	686	0.313398 0.643555  0.728788
6.20145606	687	0.316031 0.652892  0.734534
6.20649194	688	0.309567 0.646428  0.726154
6.21153211	686	0.314834 0.651695  0.729506
6.21657609	688	0.308849 0.649780  0.729745
6.22161579	687	0.315553 0.650498  0.725436
6.22666788	687	0.316510 0.653132  0.729985
6.23169183	687	0.317468 0.643315  0.725915
6.23672389	685	0.307891 0.652174  0.729027
6.24175214	686	0.318665 0.646907  0.733097
6.24677610	687	0.308849 0.648343  0.728788
6.25178813	687	0.306215 0.651695  0.713225
6.25681209	688	0.309807 0.644034  0.723281
6.26183605	686	0.312680 0.648104  0.721605
6.26687622	687	0.304539 0.650498  0.722563
6.27190780	688	0.307891 0.647146  0.720169
6.27694416	687	0.311483 0.642118  0.729745
6.28200387	685	0.312680 0.649061  0.734294
6.28704404	688	0.307412 0.648343  0.728788
6.29207611	687	0.304539 0.646428  0.730464
6.29710817	687	0.309088 0.648343  0.731900
6.30211591	686	0.306934 0.645231  0.732618
6.30715608	686	0.302385 0.647386  0.731421
6.31218004	688	0.310046 0.640442  0.729506
6.31720781	685	0.311004 0.640921  0.727112
6.32223987	687	0.306934 0.645710  0.720408
6.32727193	686	0.308131 0.640203  0.729985
6.33230781	686	0.309567 0.651695  0.732379
6.33735179	686	0.307891 0.645949  0.722084
6.34240388	687	0.316510 0.646188  0.732139
6.34745216	686	0.311483 0.646907  0.722802
6.35248422	687	0.309807 0.640921  0.725915
6.35750007	687	0.308609 0.647146  0.735731
6.36252403	685	0.305497 0.653610  0.728788
6.36754798	686	0.308131 0.657202  0.729266
6.37258005	687	0.309807 0.647146  0.725915
6.37760019	686	0.316750 0.654808  0.733815
6.38263177	686	0.309807 0.654808  0.729027
6.38766384	684	0.307891 0.649061  0.720169
6.39269208	686	0.309088 0.655047  0.726633
6.39772415	685	0.316750 0.649780  0.729266
6.40276384	686	0.311483 0.652413  0.731182
6.40781211	685	0.317229 0.651456  0.734534
6.41285181	687	0.317468 0.650259  0.732618
6.41789197	687	0.314595 0.647625  0.727591
6.42292785	687	0.314116 0.648343  0.723999
6.42796421	685	0.304061 0.648104  0.732618
6.43297576	687	0.303103 0.647625  0.725915
6.43800783	686	0.308609 0.645710  0.727351
6.44301223	687	0.311722 0.644752  0.723999
6.44806003	687	0.310046 0.651935  0.726393
6.45308780	685	0.307412 0.647386  0.725436
6.45813179	687	0.311004 0.646667  0.728788
6.46317195	688	0.313877 0.641879  0.727351
6.46821212	687	0.311004 0.640203  0.727591
6.47323608	687	0.313637 0.645710  0.732139
6.47826814	685	0.312680 0.642118  0.730464
6.48330783	687	0.311483 0.648583  0.719690
6.48833990	684	0.311961 0.639724  0.724957
6.49337577	687	0.309807 0.647146  0.720169
6.49840021	688	0.309807 0.642358  0.737646
6.50344419	687	0.307891 0.646667  0.728788
6.50849580	687	0.311961 0.645949  0.721126
6.51353979	687	0.313637 0.644273  0.735252
6.51858806	687	0.310764 0.643794  0.726872
6.52362394	687	0.317229 0.642358  0.736928
6.52866792	684	0.314834 0.645710  0.730703
6.53370809	687	0.303821 0.650977  0.732858
6.53874778	685	0.308370 0.651695  0.720647
6.54377222	685	0.314834 0.649780  0.727351
6.54879617	687	0.305736 0.649061  0.729027
6.55381584	685	0.311483 0.649540  0.722563
6.55883979	687	0.314834 0.656244  0.725196
6.56387996	687	0.309567 0.656005  0.723520
6.56890821	687	0.313637 0.649301  0.722563
6.57394790	686	0.315792 0.654808  0.728548
6.57899188	687	0.301666 0.652892  0.725196
6.58402776	687	0.310285 0.653850  0.729745
6.58906412	687	0.306215 0.645470  0.733097
6.59407997	687	0.308609 0.644034  0.734055
6.59908390	684	0.309088 0.651216  0.724478
6.60409212	688	0.305736 0.647146  0.732618
6.60911607	687	0.309807 0.645231  0.720408
6.61414384	685	0.309088 0.647625  0.724478
6.61916399	687	0.308849 0.641879  0.727830
6.62419986	687	0.308131 0.644034  0.724478
6.62925195	687	0.309807 0.641640  0.725196
##inga 
#ido(sec)  szog(ADC)     ax(g)    ay(g)   az(g)
6.63481998	687	0.309088 0.645710  0.724957
6.64005184	687	0.306694 0.638527  0.718732
6.64527606	686	0.305497 0.641640  0.728548
6.65040016	686	0.305976 0.641640  0.726154
6.65542793	686	0.309088 0.643315  0.728788
6.66043615	687	0.303582 0.641161  0.717535
6.66547584	687	0.309567 0.645470  0.724717
6.67049598	685	0.307891 0.645231  0.730703
6.67551612	686	0.311722 0.639245  0.740280
6.68054819	685	0.312919 0.644034  0.724957
6.68559980	687	0.312919 0.643794  0.730464
6.69064807	688	0.306455 0.642597  0.724957
6.69569206	687	0.312680 0.648104  0.732139
6.70073986	688	0.306215 0.645470  0.724478
6.70576381	685	0.314355 0.649061  0.730224
6.71078777	687	0.314595 0.653371  0.729745
6.71581983	684	0.306694 0.646428  0.722563
6.72084379	687	0.312919 0.648343  0.728548
6.72587585	685	0.308609 0.651456  0.731182
6.73090410	685	0.312680 0.649540  0.736210
6.73593187	686	0.310285 0.650737  0.726633
6.74096822	688	0.311004 0.645949  0.722802
6.74600410	687	0.310285 0.649301  0.720887
6.75104808	687	0.318186 0.651935  0.725436
6.75609207	685	0.308849 0.651935  0.720887
6.76113176	687	0.307412 0.651935  0.727591
6.76616382	688	0.310525 0.647864  0.723520
6.77118015	687	0.315792 0.650737  0.723999
6.77621221	685	0.313637 0.651456  0.723042
6.78124380	684	0.312201 0.650977  0.729745
6.78626823	687	0.311243 0.650259  0.725436
6.79129219	686	0.310525 0.646907  0.736688
6.79632806	687	0.317229 0.649061  0.714423
6.80137205	687	0.313158 0.650977  0.722084
6.80641222	686	0.309567 0.639724  0.722563
6.81146383	684	0.309088 0.641400  0.725675
6.81650018	684	0.304061 0.645949  0.735731
6.82153987	687	0.310764 0.647386  0.724478
6.82657623	687	0.305018 0.640682  0.731661
6.83158779	684	0.310525 0.638767  0.734055
6.83660793	687	0.303582 0.643315  0.727112
6.84163618	687	0.311004 0.640921  0.718493
6.84666776	688	0.310046 0.643076  0.731421
6.85169982	687	0.310525 0.644752  0.737167
6.85672807	687	0.310285 0.640921  0.726393
6.86175584	687	0.309807 0.643794  0.725915
6.86679601	686	0.306694 0.644273  0.727591
6.87184000	688	0.311243 0.650259  0.728788
6.87689208	687	0.307891 0.650737  0.720887
6.88192796	686	0.309088 0.646188  0.728548
6.88694381	685	0.312440 0.648104  0.729506
6.89196777	687	0.315553 0.653610  0.724717
6.89700412	688	0.311243 0.648104  0.721605
6.90202808	685	0.315074 0.659117  0.729266
6.90706014	686	0.313877 0.645470  0.723999
6.91208410	687	0.311243 0.651216  0.725436
6.91711616	685	0.313877 0.648343  0.724957
6.92217206	688	0.317229 0.654568  0.725915
6.92721986	686	0.312680 0.647625  0.722323
6.93226814	687	0.317707 0.650019  0.730224
6.93730783	687	0.311004 0.649301  0.727351
6.94234800	685	0.311004 0.648104  0.726154
6.94736814	686	0.311004 0.645710  0.722563
6.95239591	688	0.311483 0.646428  0.729027
6.95742797	687	0.311722 0.651695  0.731661
6.96247577	687	0.315074 0.646667  0.719211
6.96751594	686	0.310764 0.644034  0.731661
6.97254419	686	0.309807 0.650259  0.726633
6.97756814	688	0.308849 0.645470  0.724478
6.98261213	687	0.308370 0.645710  0.731421
6.98763608	687	0.306934 0.641640  0.727112
6.99267578	686	0.307412 0.643794  0.728309
6.99772405	685	0.305018 0.643794  0.726154
7.00275182	688	0.306455 0.641640  0.730224
7.00777578	686	0.304061 0.642358  0.733576
7.01280403	687	0.305497 0.645231  0.733576
7.01783609	686	0.303821 0.646428  0.722563
7.02286005	685	0.300948 0.644752  0.724957
7.02788782	687	0.308131 0.643076  0.726154
7.03290796	684	0.311243 0.647625  0.733097
7.03796386	687	0.309807 0.644991  0.723520
7.04298782	688	0.308849 0.643794  0.735731
7.04802417	684	0.309088 0.645949  0.731661
7.05306005	687	0.312680 0.645949  0.725436
7.05810785	687	0.303821 0.647864  0.730224
7.06313610	685	0.312201 0.653610  0.730703
7.06816005	687	0.310525 0.652174  0.721366
7.07319593	685	0.310285 0.650977  0.731900
7.07821607	688	0.314116 0.648104  0.720408
7.08324003	687	0.310764 0.647146  0.730224
7.08828401	685	0.315313 0.651456  0.731900
7.09332418	685	0.314834 0.653850  0.728069
7.09836387	685	0.317707 0.652174  0.727112
7.10339212	687	0.314834 0.653371  0.723281
7.10843992	685	0.307652 0.650977  0.724478
7.11349201	687	0.307173 0.649540  0.718014
7.11852407	686	0.309328 0.651695  0.728548
7.12355184	687	0.315792 0.647864  0.727591
7.12858819	688	0.308609 0.649780  0.725436
7.13360404	688	0.313158 0.644991  0.733815
7.13863611	687	0.309088 0.642118  0.733815
##inga 
#ido(sec)  szog(ADC)     ax(g)    ay(g)   az(g)
7.14419603	685	0.310046 0.646667  0.729745
7.14943599	688	0.310285 0.651456  0.724957
7.15466403	685	0.304061 0.647386  0.728069
7.15981197	686	0.306455 0.640442  0.726393
7.16484403	685	0.306934 0.647625  0.733815
7.16988801	687	0.310764 0.640682  0.730224
7.17494010	686	0.309088 0.638767  0.723999
7.17996788	686	0.307412 0.639724  0.726633
7.18498802	685	0.307891 0.645470  0.727351
7.19001197	688	0.311483 0.649540  0.732618
7.19504022	687	0.308849 0.643076  0.728788
7.20005178	687	0.305018 0.644034  0.721844
7.20507621	685	0.310764 0.639964  0.729266
7.21010398	687	0.305258 0.647386  0.733576
7.21513605	687	0.305497 0.643555  0.732139
7.22015619	686	0.307891 0.646907  0.733097
7.22519588	684	0.308370 0.644991  0.730224
7.23023605	687	0.311483 0.655047  0.729266
7.23528385	685	0.311722 0.656483  0.724957
7.24032020	688	0.311243 0.652653  0.723999
7.24533987	687	0.305976 0.651695  0.729506
7.25036382	686	0.314834 0.649540  0.733576
7.25539588	688	0.314355 0.648822  0.725436
7.26042795	688	0.313637 0.649780  0.723760
7.26545190	686	0.316271 0.652413  0.730942
7.27049207	688	0.315313 0.649301  0.721126
7.27553176	688	0.312919 0.648343  0.728788
7.28057193	687	0.313398 0.650977  0.725675
7.28561592	686	0.309807 0.649780  0.725436
7.29065179	687	0.315313 0.654568  0.723281
7.29570817	688	0.311243 0.648343  0.729266
7.30073976	686	0.313637 0.650498  0.728788
7.30578422	686	0.310285 0.653610  0.726393
7.31080818	684	0.312919 0.647146  0.728309
7.31583213	685	0.307173 0.642837  0.728788
7.32085609	686	0.308370 0.646667  0.727591
7.32587623	685	0.306934 0.641640  0.726633
7.33089208	687	0.307652 0.647625  0.726393
7.33593606	688	0.308849 0.647625  0.724717
7.34096384	687	0.307412 0.638527  0.729027
7.34600782	686	0.314834 0.640442  0.736210
7.35105180	686	0.307891 0.644273  0.725196
7.35608386	686	0.304779 0.642358  0.728548
7.36111593	686	0.306934 0.645231  0.723520
7.36613607	685	0.306215 0.640921  0.725915
7.37116003	687	0.310285 0.649301  0.731900
7.37618017	686	0.302385 0.642118  0.719690
7.38120794	687	0.313398 0.647146  0.720169
7.38624811	686	0.317229 0.643794  0.730942
7.39129209	685	0.306934 0.649780  0.736210
7.39631986	687	0.309567 0.648343  0.723760
7.40134811	688	0.309807 0.651695  0.724239
7.40638017	688	0.308370 0.656244  0.736449
7.41140413	687	0.314834 0.645231  0.728309
7.41645193	687	0.312680 0.653132  0.721605
7.42148399	687	0.312201 0.657681  0.725436
7.42652416	687	0.309328 0.654568  0.723999
7.43154811	687	0.308609 0.649301  0.723520
7.43656015	687	0.311483 0.652174  0.721844
7.44161176	685	0.320580 0.653610  0.730224
7.44662380	687	0.314116 0.646428  0.727112
7.45167207	684	0.309567 0.652892  0.731661
7.45671176	687	0.306694 0.651695  0.731661
7.46173620	687	0.310764 0.652174  0.734534
7.46677207	686	0.313398 0.646188  0.720169
7.47183609	684	0.305018 0.653610  0.726872
7.47686004	685	0.310764 0.643794  0.729266
7.48189210	687	0.308849 0.648343  0.737407
7.48691177	686	0.306455 0.645710  0.721366
7.49193620	688	0.308849 0.643794  0.740519
7.49696016	687	0.313877 0.651935  0.731661
7.50200414	686	0.306934 0.638767  0.730224
7.50703620	688	0.309807 0.640682  0.719690
7.51206779	684	0.311961 0.648822  0.724957
7.51712417	688	0.304539 0.638527  0.721126
7.52216386	687	0.310046 0.644034  0.719690
7.52720403	685	0.305497 0.644513  0.731661
7.53224420	688	0.306934 0.648822  0.726393
7.53726387	687	0.307173 0.644991  0.716098
7.54228401	688	0.307412 0.639964  0.724239
7.54731178	686	0.308370 0.644991  0.725915
7.55233192	687	0.308370 0.643315  0.724239
7.55735588	688	0.312201 0.644273  0.726393
7.56238412	685	0.304539 0.650498  0.722323
7.56741619	688	0.308370 0.647864  0.727351
7.57244396	687	0.311243 0.648822  0.733576
7.57747983	687	0.313158 0.649780  0.720887
7.58253192	684	0.313877 0.643794  0.727591
7.58758020	687	0.307652 0.650737  0.733576
7.59261989	687	0.307652 0.650737  0.726633
7.59765577	687	0.312201 0.653850  0.725915
7.60269212	686	0.310046 0.648343  0.736449
7.60771608	686	0.312680 0.649540  0.729506
7.61272811	686	0.315313 0.654329  0.724957
7.61776399	687	0.311961 0.649540  0.730464
7.62280416	685	0.307891 0.648822  0.726154
7.62783622	686	0.313398 0.656244  0.725915
7.63287591	686	0.311243 0.651216  0.733337
7.63791608	688	0.313398 0.644034  0.723042
7.64296817	687	0.311722 0.648104  0.725915
7.64801979	686	0.308370 0.651935  0.738125
##inga 
#ido(sec)  szog(ADC)     ax(g)    ay(g)   az(g)
7.65359592	685	0.305736 0.643076  0.732379
7.65884017	688	0.306934 0.645231  0.717296
7.66406822	687	0.313877 0.644991  0.732139
7.66921186	687	0.309567 0.646907  0.721366
7.67424392	686	0.304061 0.648343  0.722084
7.67925977	688	0.309807 0.643076  0.728309
7.68428421	686	0.309567 0.643315  0.730224
7.68932390	688	0.306934 0.645231  0.724717
7.69434785	687	0.306934 0.648583  0.727830
7.69938421	688	0.311961 0.643315  0.727830
7.70442008	687	0.302145 0.637809  0.722084
7.70946788	685	0.312440 0.644513  0.721126
7.71449613	687	0.306934 0.653850  0.718493
7.71952009	686	0.311004 0.644513  0.721844
7.72454404	687	0.311004 0.651935  0.722084
7.72957611	688	0.310046 0.646188  0.733576
7.73460006	688	0.312919 0.643076  0.723999
7.73962402	685	0.314595 0.643315  0.732858
7.74466419	687	0.312680 0.652892  0.721605
7.74970006	688	0.317229 0.642597  0.721366
7.75474786	687	0.313398 0.646188  0.727591
7.75979614	686	0.316510 0.649540  0.731421
7.76483201	687	0.309328 0.653132  0.723281
7.76986408	688	0.316271 0.644034  0.729266
7.77491617	687	0.308849 0.656962  0.734294
7.77994012	687	0.314595 0.646428  0.719690
7.78496408	685	0.309088 0.648822  0.727591
7.78997993	688	0.316271 0.655765  0.738364
7.79502010	685	0.312201 0.645949  0.725196
7.80004787	687	0.315553 0.651456  0.721605
7.80508804	688	0.307891 0.644513  0.732858
7.81011581	687	0.311004 0.653371  0.727112
7.81515598	687	0.313158 0.656723  0.725436
7.82018804	685	0.312919 0.647146  0.730464
7.82523584	687	0.308849 0.650737  0.726154
7.83027601	684	0.313877 0.641400  0.724717
7.83531618	687	0.309567 0.648343  0.729745
7.84034013	684	0.307173 0.644034  0.726633
7.84536409	687	0.305497 0.643555  0.718253
7.85038805	687	0.310764 0.644991  0.736688
7.85541200	686	0.303342 0.644273  0.722563
7.86043596	686	0.303342 0.643315  0.721605
7.86547613	688	0.306215 0.642597  0.720169
7.87051200	685	0.311483 0.643076  0.727830
7.87556409	687	0.303342 0.641161  0.718493
7.88059616	687	0.310764 0.645231  0.720408
7.88565587	687	0.308131 0.639724  0.724478
7.89070796	686	0.302145 0.639245  0.733337
7.89575195	687	0.308849 0.645231  0.716338
7.90078783	687	0.309567 0.646428  0.725915
7.90581178	688	0.305497 0.640682  0.723999
7.91083192	687	0.311004 0.651695  0.724478
7.91586017	688	0.307652 0.649301  0.734294
7.92087984	687	0.311722 0.645231  0.722563
7.92592000	684	0.313398 0.652653  0.724957
7.93095588	687	0.315313 0.647146  0.724717
7.93598794	688	0.307412 0.650977  0.726872
7.94102382	684	0.307412 0.654089  0.723042
7.94606399	687	0.311722 0.648583  0.729745
7.95112419	688	0.311722 0.650977  0.725675
7.95617198	684	0.312680 0.651695  0.724478
7.96121215	688	0.312680 0.652892  0.729266
7.96624422	687	0.309807 0.655526  0.728548
7.97126388	685	0.311243 0.649061  0.724478
7.97629213	687	0.312680 0.648104  0.722084
7.98131179	688	0.311722 0.652413  0.723999
7.98635578	687	0.311243 0.644991  0.724717
7.99138784	688	0.312680 0.650498  0.731900
7.99642801	685	0.312201 0.645949  0.725675
8.00146770	687	0.312919 0.649061  0.735491
8.00650787	685	0.308370 0.653850  0.724957
8.01155185	685	0.311722 0.648104  0.720647
8.01659584	687	0.310525 0.646188  0.731900
8.02162837	687	0.307173 0.641640  0.733337
8.02666759	687	0.310046 0.649540  0.723520
8.03167629	688	0.301188 0.651935  0.727112
8.03672027	687	0.311004 0.644513  0.724478
8.04174804	687	0.306934 0.642358  0.724717
8.04677200	687	0.308370 0.643076  0.722563
8.05177974	686	0.312201 0.636851  0.725436
8.05681228	688	0.306934 0.643555  0.722084
8.06186008	687	0.310764 0.641640  0.732858
8.06690406	688	0.309567 0.646428  0.725675
8.07196426	686	0.308131 0.650737  0.724957
8.07700443	687	0.310046 0.643794  0.737167
8.08204364	686	0.309328 0.647386  0.728069
8.08708381	687	0.306934 0.648822  0.725436
8.09212017	688	0.316271 0.644513  0.731421
8.09716415	688	0.310764 0.646188  0.720887
8.10219573	687	0.310764 0.654568  0.724957
8.10722827	685	0.309567 0.650259  0.726393
8.11225986	687	0.315553 0.648343  0.730224
8.11729621	686	0.317468 0.647386  0.728309
8.12234783	688	0.310285 0.654329  0.726154
8.12737178	687	0.311961 0.653132  0.723520
8.13241195	687	0.317707 0.656005  0.732858
8.13745975	687	0.314595 0.647625  0.732618
8.14249992	687	0.309088 0.648822  0.727112
8.14751625	687	0.306694 0.656962  0.725436
8.15254020	687	0.313158 0.647146  0.731421
8.15756416	686	0.312919 0.657202  0.730942
##inga 
#ido(sec)  szog(ADC)     ax(g)    ay(g)   az(g)
8.16312408	684	0.310764 0.649780  0.730703
8.16834354	685	0.308370 0.653132  0.724478
8.17358779	688	0.313158 0.650977  0.729027
8.17873573	686	0.309088 0.648343  0.728548
8.18377208	687	0.311722 0.644273  0.731900
8.18880844	688	0.305976 0.644034  0.727830
8.19386386	687	0.311961 0.647386  0.723520
8.19890785	687	0.305497 0.647386  0.726154
8.20395565	687	0.305497 0.644273  0.730464
8.20897960	687	0.309328 0.644034  0.724957
8.21399593	686	0.310046 0.646907  0.722084
8.21900367	687	0.309807 0.636851  0.728788
8.22402000	687	0.308370 0.648822  0.726154
8.22903633	686	0.310285 0.642597  0.734294
8.23407554	687	0.309088 0.640203  0.727351
8.23910045	686	0.305976 0.640682  0.721844
8.24412441	687	0.305736 0.641879  0.730942
8.24916839	686	0.305497 0.643794  0.726633
8.25419998	687	0.316031 0.651935  0.723760
8.25923633	686	0.306455 0.639485  0.736688
8.26426029	687	0.309567 0.648343  0.729506
8.26928424	687	0.311243 0.649061  0.721126
8.27430820	685	0.315074 0.648104  0.727591
8.27933216	687	0.318186 0.654808  0.729027
8.28437232	685	0.316271 0.655047  0.723520
8.28940010	687	0.310764 0.649301  0.725915
8.29444026	686	0.309567 0.651695  0.727591
8.29947566	688	0.316989 0.648343  0.722563
8.30452442	687	0.306934 0.657202  0.722563
8.30956363	688	0.306215 0.652413  0.727112
8.31460380	688	0.313637 0.650977  0.724957
8.31963634	688	0.311483 0.650737  0.734534
8.32466793	688	0.309328 0.650259  0.729745
8.32968425	688	0.308849 0.653610  0.725915
8.33469963	687	0.314595 0.646188  0.720647
8.33972358	686	0.316271 0.650977  0.725915
8.34474754	688	0.306215 0.650498  0.722323
8.34977245	687	0.314834 0.646428  0.722563
8.35481166	685	0.309807 0.650259  0.728069
8.35983562	686	0.313158 0.646907  0.726393
8.36488819	687	0.305258 0.639964  0.718253
8.36993217	687	0.308131 0.644273  0.734773
8.37497234	687	0.303103 0.635894  0.725675
8.38000392	687	0.307891 0.650498  0.720647
8.38502788	686	0.310285 0.644991  0.727830
8.39004421	687	0.303342 0.643076  0.727830
8.39505958	687	0.310046 0.643076  0.726154
8.40007591	688	0.309567 0.639724  0.727351
8.40510368	685	0.307412 0.646907  0.726633
8.41012382	686	0.315313 0.646667  0.721844
8.41517162	687	0.308131 0.640921  0.734294
8.42022037	685	0.309807 0.649780  0.728548
8.42525959	687	0.301666 0.644034  0.729266
8.43030834	686	0.306934 0.639964  0.725675
8.43533611	684	0.307412 0.644991  0.731900
8.44035625	686	0.310046 0.649061  0.716098
8.44537162	686	0.306934 0.648104  0.725915
8.45040035	685	0.314355 0.651935  0.729745
8.45543956	687	0.315553 0.648104  0.729506
8.46047592	687	0.311243 0.655526  0.725915
8.46550369	688	0.311243 0.650977  0.730942
8.47054767	687	0.313877 0.658159  0.727591
8.47559165	686	0.308131 0.646188  0.718493
8.48063564	687	0.312440 0.654568  0.727351
8.48567962	687	0.310285 0.648104  0.728069
8.49072360	687	0.313877 0.647864  0.718971
8.49575614	686	0.306455 0.647146  0.721844
8.50078010	688	0.313398 0.652413  0.734294
8.50580406	687	0.313158 0.648822  0.722802
8.51082420	685	0.311722 0.648343  0.722084
8.51585197	686	0.312440 0.646907  0.725436
8.52087211	686	0.311004 0.647146  0.736688
8.52590847	687	0.312440 0.646188  0.731661
8.53094768	688	0.300948 0.640682  0.731182
8.53596782	687	0.316510 0.647864  0.734534
8.54102039	686	0.308131 0.647864  0.733097
8.54606819	686	0.306694 0.640682  0.728548
8.55110836	686	0.310046 0.646428  0.729985
8.55614757	687	0.303103 0.641161  0.727830
8.56115627	688	0.305976 0.640682  0.728788
8.56618785	686	0.303821 0.644513  0.724957
8.57123184	687	0.310764 0.639964  0.730224
8.57625579	686	0.305976 0.641161  0.722802
8.58127975	685	0.308849 0.644752  0.730703
8.58629608	686	0.305497 0.637330  0.718253
8.59132003	685	0.315313 0.646428  0.728309
8.59636020	685	0.312201 0.645231  0.735731
8.60140800	685	0.309807 0.650019  0.727351
8.60642814	685	0.316271 0.647625  0.729027
8.61146831	687	0.308370 0.645231  0.727830
8.61648368	686	0.307652 0.642597  0.722802
8.62150382	686	0.311483 0.654329  0.726154
8.62654399	687	0.310285 0.650977  0.724478
8.63157176	686	0.312201 0.654329  0.729027
8.63660430	687	0.313158 0.652413  0.719929
8.64164352	687	0.309807 0.650977  0.730703
8.64666366	685	0.308131 0.650737  0.722084
8.65170001	688	0.317707 0.655526  0.722084
8.65674018	685	0.311722 0.648104  0.723760
8.66178798	687	0.313877 0.655765  0.720169
8.66684436	687	0.310046 0.648104  0.726872
##inga 
#ido(sec)  szog(ADC)     ax(g)    ay(g)   az(g)
8.67241191	685	0.313637 0.651695  0.730942
8.67765617	685	0.306694 0.651456  0.720408
8.68286800	687	0.313637 0.644513  0.725196
8.68799591	686	0.311722 0.649780  0.718253
8.69302845	687	0.307412 0.650737  0.713225
8.69806003	687	0.312680 0.646907  0.721844
8.70308399	685	0.303582 0.649061  0.725436
8.70811557	684	0.309088 0.642597  0.727351
8.71314430	685	0.310285 0.644034  0.727830
8.71817970	687	0.315553 0.647625  0.724957
8.72322845	686	0.304300 0.644034  0.732618
8.72826385	686	0.303582 0.643076  0.724957
8.73329162	686	0.307652 0.645231  0.729745
8.73831558	687	0.309328 0.645949  0.724239
8.74333572	688	0.311243 0.638767  0.725915
8.74837207	685	0.310285 0.643794  0.722802
8.75339603	688	0.308609 0.641400  0.730464
8.75842761	686	0.311722 0.642597  0.726154
8.76346015	688	0.309088 0.642358  0.728548
8.76850032	685	0.313877 0.645949  0.724717
8.77353572	687	0.311722 0.646188  0.730942
8.77858829	687	0.310525 0.644273  0.725436
8.78361988	686	0.309807 0.645710  0.726154
8.78864383	687	0.308849 0.648343  0.735491
8.79366779	687	0.313398 0.646907  0.726633
8.79871559	687	0.311004 0.656244  0.733337
8.80373954	685	0.306934 0.647146  0.729027
8.80876445	686	0.311961 0.647146  0.731661
8.81380367	686	0.313637 0.656244  0.729506
8.81884384	687	0.313158 0.650977  0.732379
8.82388401	687	0.313158 0.651456  0.723281
8.82892417	687	0.308609 0.656244  0.728069
8.83394813	686	0.312201 0.650259  0.732618
8.83898353	687	0.308370 0.650019  0.730224
8.84402847	688	0.306455 0.652653  0.734773
8.84906768	686	0.309088 0.648583  0.726633
8.85407638	687	0.316989 0.655047  0.732858
8.85910034	686	0.311004 0.651456  0.731421
8.86411952	684	0.312201 0.644513  0.738125
8.86914825	687	0.312201 0.652413  0.722563
8.87417984	687	0.311243 0.649540  0.734055
8.87921237	687	0.305497 0.645949  0.727830
8.88423156	684	0.311483 0.644513  0.724239
8.88928031	687	0.310764 0.645949  0.729985
8.89431953	686	0.315313 0.644273  0.735970
8.89936447	687	0.312440 0.640203  0.730464
8.90439605	685	0.306934 0.641879  0.734055
8.90942764	686	0.301666 0.649061  0.732139
8.91445159	686	0.309807 0.648822  0.730224
8.91946029	685	0.308131 0.645470  0.734055
8.92447566	687	0.308849 0.640682  0.726872
8.92949199	687	0.306455 0.645710  0.719211
8.93452358	688	0.308849 0.649540  0.725436
8.93954372	687	0.305497 0.648104  0.735491
8.94456386	687	0.312201 0.649540  0.730224
8.94960784	685	0.310525 0.643315  0.730464
8.95465564	686	0.309088 0.643794  0.726633
8.95968437	687	0.307412 0.651216  0.726393
8.96471595	685	0.312201 0.643555  0.725196
8.96975612	685	0.309088 0.644991  0.723281
8.97478389	688	0.315792 0.641640  0.728548
8.97981166	688	0.310046 0.649780  0.723042
8.98483180	685	0.307652 0.648343  0.725675
8.98985576	687	0.313637 0.650259  0.725915
8.99488830	687	0.310285 0.653371  0.730224
8.99992370	687	0.312919 0.649540  0.731182
9.00496387	688	0.307173 0.654089  0.723520
9.01000022	687	0.311961 0.647864  0.729266
9.01504421	686	0.311961 0.650977  0.728548
9.02008819	684	0.311961 0.650977  0.726393
9.02513217	687	0.310046 0.644991  0.721366
9.03015995	687	0.315792 0.651695  0.730464
9.03518390	687	0.310285 0.646667  0.731661
9.04021167	687	0.310285 0.646188  0.724478
9.04523563	686	0.311722 0.652892  0.725915
9.05027198	686	0.313158 0.642837  0.732858
9.05531597	687	0.310046 0.648104  0.722802
9.06034755	687	0.311243 0.650259  0.723760
9.06538009	687	0.310285 0.644273  0.728069
9.07041645	687	0.306694 0.652653  0.726872
9.07546043	686	0.301666 0.650498  0.724957
9.08049964	686	0.305976 0.647386  0.735252
9.08553981	687	0.309567 0.643555  0.721366
9.09057235	686	0.308849 0.645470  0.732139
9.09558773	688	0.305018 0.644752  0.728788
9.10061168	687	0.309807 0.645470  0.723042
9.10562038	686	0.309328 0.647864  0.725196
9.11063957	687	0.310285 0.643794  0.729266
9.11568832	685	0.306934 0.643794  0.722323
9.12071990	687	0.316031 0.644513  0.734055
9.12575626	687	0.308370 0.642118  0.730224
9.13079643	686	0.313398 0.650259  0.727830
9.13584423	684	0.310046 0.649780  0.727591
9.14087581	687	0.310764 0.652413  0.729985
9.14590835	687	0.315074 0.652892  0.726872
9.15093231	687	0.310764 0.648583  0.716577
9.15596389	685	0.309328 0.647625  0.727351
9.16099166	686	0.311722 0.652892  0.730703
9.16602802	686	0.314834 0.646907  0.729745
9.17105579	687	0.312440 0.651935  0.720887
9.17608833	687	0.311961 0.650977  0.725675
##inga 
#ido(sec)  szog(ADC)     ax(g)    ay(g)   az(g)
9.18166446	686	0.316750 0.651695  0.729745
9.18690395	686	0.313398 0.648343  0.727830
9.19213199	688	0.314355 0.655765  0.736210
9.19727611	688	0.314834 0.655765  0.732618
9.20231628	684	0.308609 0.648583  0.735491
9.20734024	687	0.314834 0.642837  0.718971
9.21237182	686	0.310285 0.647864  0.730464
9.21739578	685	0.311722 0.650498  0.731900
9.22241973	687	0.305018 0.646907  0.726154
9.22744369	686	0.309328 0.653132  0.722563
9.23246765	687	0.311961 0.644034  0.732618
9.23750782	687	0.307891 0.644513  0.727591
9.24254798	688	0.306215 0.643794  0.725915
9.24758815	687	0.310764 0.644513  0.728788
9.25263595	685	0.306215 0.643794  0.720647
9.25766754	687	0.310525 0.641161  0.727112
9.26270389	688	0.307652 0.646667  0.732618
9.26773166	687	0.305976 0.645949  0.722084
9.27275180	687	0.305976 0.646428  0.727351
9.27776432	686	0.305018 0.643555  0.736210
9.28277587	687	0.308370 0.648583  0.729985
9.28780841	686	0.313398 0.643555  0.723999
9.29285621	688	0.302385 0.649540  0.724478
9.29788780	684	0.310046 0.641879  0.726872
9.30291175	688	0.314355 0.648104  0.724478
9.30796432	684	0.313158 0.647864  0.730464
9.31301212	685	0.306455 0.648343  0.730703
9.31804370	687	0.312919 0.649780  0.722323
9.32306766	687	0.311243 0.656005  0.724478
9.32810783	685	0.305976 0.645231  0.731182
9.33314418	687	0.313158 0.655047  0.726393
9.33817195	686	0.310046 0.655047  0.737646
9.34318828	686	0.306455 0.654089  0.729506
9.34821987	686	0.309088 0.652174  0.720887
9.35323619	687	0.315553 0.649061  0.734055
9.35828399	686	0.315792 0.653371  0.726393
9.36332416	687	0.304779 0.652174  0.729027
9.36836433	687	0.316510 0.653132  0.731182
9.37341213	688	0.308849 0.645231  0.715620
9.37844371	687	0.306215 0.652413  0.725915
9.38346767	685	0.311961 0.647146  0.720408
9.38850021	686	0.308609 0.646188  0.724239
9.39351558	687	0.305018 0.646428  0.728069
9.39853191	685	0.310525 0.648583  0.724478
9.40356445	686	0.310764 0.644752  0.719690
9.40858840	688	0.307173 0.642837  0.718493
9.41362380	687	0.303821 0.644513  0.726633
9.41866016	686	0.314355 0.641400  0.729506
9.42370414	687	0.309088 0.645949  0.727351
9.42873191	687	0.307652 0.642597  0.726872
9.43377208	687	0.312919 0.642837  0.734055
9.43881225	687	0.307412 0.649780  0.727830
9.44381999	686	0.311722 0.641879  0.731661
9.44886016	688	0.310764 0.643794  0.732858
9.45388412	688	0.311004 0.644513  0.733097
9.45890045	686	0.304061 0.643555  0.716098
9.46393585	688	0.312680 0.639245  0.724717
9.46895217	684	0.317229 0.641640  0.726393
9.47397994	687	0.312680 0.643794  0.725436
9.47902393	687	0.311961 0.651216  0.723520
9.48406791	687	0.309807 0.646667  0.731900
9.48911571	687	0.311243 0.648343  0.719690
9.49413967	684	0.310764 0.650737  0.726393
9.49916362	684	0.309807 0.649540  0.729985
9.50417232	688	0.310046 0.648343  0.729745
9.50919628	688	0.312440 0.648104  0.723042
9.51421165	687	0.312201 0.644513  0.731661
9.51924800	687	0.312440 0.656483  0.731661
9.52427959	687	0.312201 0.647625  0.731421
9.52932357	686	0.314116 0.651935  0.724717
9.53436374	684	0.313158 0.648343  0.722563
9.53940391	688	0.313637 0.646667  0.726393
9.54445171	687	0.308849 0.650498  0.731182
9.54949188	686	0.309328 0.652174  0.736210
9.55452442	686	0.311722 0.651216  0.722563
9.55956363	687	0.307652 0.649061  0.729506
9.56457233	687	0.304539 0.646907  0.729027
9.56958007	687	0.307652 0.641640  0.725675
9.57461166	687	0.313158 0.645710  0.727830
9.57964038	687	0.309567 0.648343  0.719211
9.58465957	686	0.311243 0.641400  0.723999
9.58970355	687	0.313637 0.638048  0.726393
9.59473991	686	0.307173 0.646188  0.722563
9.59979152	684	0.309328 0.641400  0.725915
9.60482025	687	0.300469 0.646907  0.727830
9.60984039	687	0.307173 0.647146  0.731182
9.61487960	686	0.304539 0.640203  0.727351
9.61990833	685	0.308370 0.644034  0.722802
9.62491607	688	0.305497 0.639964  0.726872
9.62994003	685	0.311483 0.644752  0.725436
9.63498783	684	0.306215 0.645949  0.728788
9.64001560	687	0.306694 0.641879  0.732858
9.64506435	687	0.309088 0.644034  0.730703
9.65008354	684	0.311243 0.646907  0.722084
9.65512752	685	0.306455 0.646667  0.733337
9.66018009	688	0.314355 0.647864  0.728069
9.66521644	688	0.308609 0.652174  0.737407
9.67022800	687	0.308370 0.642597  0.736210
9.67523574	685	0.308370 0.650737  0.729745
9.68024444	687	0.318665 0.643555  0.733815
9.68527221	684	0.314834 0.652653  0.727830
##inga 
#ido(sec)  szog(ADC)     ax(g)    ay(g)   az(g)
9.69083976	684	0.311004 0.646188  0.722563
9.69608402	687	0.313637 0.652653  0.722084
9.70131206	687	0.311483 0.653371  0.733815
9.70645999	687	0.307173 0.646907  0.728309
9.71150016	686	0.313398 0.650259  0.731182
9.71656036	687	0.311004 0.652892  0.725675
9.72159957	686	0.316031 0.646428  0.726633
9.72663974	688	0.308370 0.641640  0.737407
9.73165988	686	0.310285 0.653132  0.729985
9.73670005	687	0.310764 0.649061  0.728548
9.74172401	685	0.314355 0.644034  0.727112
9.74674797	686	0.309567 0.646667  0.729027
9.75175952	688	0.307891 0.653371  0.727591
9.75678825	685	0.310525 0.646428  0.726872
9.76183223	687	0.305497 0.649061  0.718493
9.76686000	687	0.303821 0.641879  0.722563
9.77190399	685	0.308370 0.646907  0.728069
9.77694034	685	0.309567 0.640203  0.728309
9.78197956	687	0.301666 0.645231  0.729506
9.78701591	684	0.310764 0.643555  0.720887
9.79204368	686	0.312201 0.642358  0.729027
9.79706764	688	0.305258 0.644034  0.732858
9.80209159	685	0.310046 0.645949  0.723042
9.80711555	687	0.305736 0.645710  0.736928
9.81214809	687	0.314116 0.650737  0.734773
9.81717205	688	0.309328 0.642118  0.724957
9.82221221	687	0.309328 0.643315  0.728548
9.82724380	687	0.307652 0.645710  0.731661
9.83228015	688	0.313158 0.646667  0.727591
9.83732414	687	0.309567 0.649780  0.722084
9.84235572	686	0.313637 0.649061  0.726872
9.84738826	687	0.311722 0.648104  0.723281
9.85241985	687	0.312919 0.648583  0.734294
9.85746002	688	0.316989 0.648343  0.727112
9.86249637	687	0.311243 0.651935  0.725196
9.86754035	686	0.310525 0.651216  0.719690
9.87257194	687	0.316031 0.656244  0.728309
9.87759590	687	0.307412 0.655047  0.718253
9.88262844	684	0.309088 0.652174  0.728309
9.88764381	687	0.306455 0.652413  0.728309
9.89268779	686	0.320341 0.650737  0.727351
9.89773178	685	0.316271 0.646428  0.721366
9.90278816	687	0.306455 0.645949  0.725915
9.90782356	687	0.310285 0.643794  0.730703
9.91284847	687	0.304779 0.647864  0.730942
9.91788005	687	0.314595 0.646907  0.720887
9.92291641	687	0.308849 0.645949  0.732618
9.92794036	688	0.306934 0.642358  0.720647
9.93297195	686	0.309088 0.634936  0.728788
9.93799591	688	0.307412 0.652174  0.716817
9.94302845	685	0.312201 0.642358  0.727830
9.94807624	687	0.313398 0.637569  0.730224
9.95312404	685	0.311961 0.642118  0.729027
9.95818042	687	0.305976 0.646907  0.726872
9.96321964	687	0.307652 0.645470  0.727351
9.96824359	688	0.310764 0.644991  0.718493
9.97327995	687	0.316989 0.645710  0.732139
9.97830772	684	0.307891 0.643555  0.729745
9.98333168	687	0.309807 0.646907  0.726872
9.98835563	685	0.309328 0.650498  0.727591
9.99338817	686	0.309328 0.646428  0.717535
9.99841213	685	0.304061 0.647864  0.730942
10.00345230	686	0.315074 0.645231  0.723999
10.00858020	686	0.309567 0.648104  0.730703
10.01368808	686	0.314116 0.648583  0.727830
10.01883220	686	0.310764 0.648104  0.740280
10.02396392	685	0.315792 0.652653  0.723760
10.02909564	687	0.310285 0.653850  0.731900
10.03423213	685	0.312919 0.651456  0.728069
10.03936386	687	0.311722 0.647625  0.719211
10.04450798	687	0.319623 0.652413  0.722802
10.04964828	687	0.305736 0.648583  0.728309
10.05477619	686	0.309807 0.644273  0.716098
10.05990409	686	0.306455 0.652653  0.736210
10.06501960	685	0.314834 0.649540  0.725675
10.07014369	684	0.314595 0.646907  0.723520
10.07526779	687	0.310046 0.643076  0.710113
10.08040046	685	0.299751 0.644273  0.731900
10.08551597	686	0.311243 0.647146  0.738843
10.09066009	687	0.310285 0.644513  0.734773
10.09576797	686	0.309567 0.647625  0.729027
10.10089588	687	0.313158 0.648583  0.729027
10.10603237	687	0.300948 0.642358  0.727591
10.11115169	688	0.304061 0.648104  0.725915
10.11627578	686	0.310285 0.646428  0.721844
10.12141227	686	0.308370 0.642358  0.734294
10.12654399	686	0.310525 0.639485  0.724957
10.13166809	687	0.311004 0.643555  0.727351
10.13679218	686	0.305018 0.644034  0.730464
10.14190769	686	0.311004 0.639485  0.721605
10.14702796	687	0.307652 0.649061  0.726633
10.15215206	687	0.308370 0.645710  0.733097
10.15726757	687	0.306934 0.643076  0.723760
10.16238784	685	0.304539 0.644752  0.725915
10.16751575	687	0.318186 0.644991  0.719211
10.17265224	686	0.314595 0.647625  0.723042
10.17778015	684	0.313398 0.650977  0.723281
10.18292427	687	0.316989 0.646667  0.723999
10.18805217	687	0.308849 0.651216  0.734294
10.19318008	684	0.311722 0.650259  0.721126
10.19832420	688	0.314116 0.654329  0.729506
##inga 
#ido(sec)  szog(ADC)     ax(g)    ay(g)   az(g)
10.20398807	686	0.314834 0.652892  0.735012
10.20926761	685	0.310764 0.650737  0.719929
10.21455192	687	0.312440 0.644273  0.723281
10.21978759	687	0.312201 0.651456  0.724478
10.22491645	687	0.309567 0.647625  0.727351
10.23004436	688	0.311722 0.650259  0.725436
10.23518753	688	0.319383 0.652653  0.728548
10.24032402	687	0.318904 0.650019  0.723999
10.24544429	687	0.316271 0.651216  0.726154
10.25057983	686	0.310764 0.649540  0.725196
10.25570011	684	0.305497 0.647146  0.726393
10.26083183	687	0.312680 0.645949  0.726154
10.26596355	686	0.310046 0.646428  0.732618
10.27108383	687	0.313877 0.645231  0.734773
10.27622795	688	0.307652 0.642358  0.735731
10.28135585	686	0.309807 0.646667  0.725196
10.28647613	687	0.309328 0.638767  0.729985
10.29160404	688	0.305258 0.640203  0.720169
10.29673194	686	0.315074 0.640921  0.727351
10.30185604	684	0.305258 0.646667  0.730464
10.30698013	687	0.307891 0.644991  0.726393
10.31210422	687	0.315313 0.645710  0.725436
10.31723594	685	0.310764 0.642358  0.723520
10.32235240	687	0.310525 0.648343  0.737167
10.32747554	685	0.303342 0.645470  0.735252
10.33260822	685	0.307891 0.639724  0.730464
10.33773231	686	0.315553 0.644273  0.721605
10.34286785	685	0.309807 0.652892  0.733815
10.34798812	687	0.311961 0.644513  0.726633
10.35312366	687	0.307891 0.652174  0.722563
10.35825157	686	0.309567 0.649540  0.728788
10.36337184	686	0.307173 0.649061  0.726154
10.36848831	688	0.314834 0.655047  0.729266
10.37361240	687	0.311004 0.649540  0.729266
10.37872409	685	0.309807 0.649540  0.731661
10.38382816	687	0.313158 0.654808  0.733576
10.38896369	687	0.313398 0.648343  0.731182
10.39410018	687	0.310285 0.649780  0.727112
10.39922809	687	0.313877 0.650259  0.715620
10.40434837	687	0.311722 0.645710  0.728548
10.40946769	687	0.312919 0.648822  0.729266
10.41459178	687	0.315553 0.647386  0.731661
10.41972446	687	0.314834 0.654329  0.737167
10.42486000	686	0.306694 0.646428  0.727830
10.42997169	685	0.305258 0.647146  0.728309
10.43509197	686	0.310285 0.644273  0.734055
10.44020366	686	0.309807 0.654329  0.720887
10.44531631	687	0.310525 0.647146  0.718014
10.45044422	686	0.312680 0.646188  0.726633
10.45556831	685	0.305976 0.639724  0.723760
10.46068382	685	0.306694 0.644991  0.728069
10.46580410	688	0.305497 0.641879  0.727830
10.47091960	687	0.309328 0.645949  0.719690
10.47603607	685	0.310764 0.643315  0.725915
10.48117160	688	0.310046 0.644752  0.723999
10.48628425	688	0.303582 0.646428  0.732858
10.49141216	687	0.305018 0.646428  0.720169
10.49653244	687	0.307891 0.645710  0.730464
10.50165176	686	0.305736 0.649301  0.732139
10.50677204	686	0.309567 0.644991  0.733815
10.51188373	687	0.312201 0.643794  0.729985
10.51701164	687	0.311004 0.647146  0.727351
10.52213954	687	0.316989 0.644513  0.732618
10.52727603	688	0.311961 0.654808  0.729745
10.53240776	686	0.315553 0.651695  0.730942
10.53753185	688	0.314834 0.646428  0.720169
10.54267978	685	0.309328 0.647864  0.721126
10.54780006	687	0.314595 0.652892  0.737646
10.55293178	688	0.313637 0.650498  0.725675
10.55806827	685	0.313637 0.648583  0.717535
10.56320381	687	0.310046 0.646667  0.730464
10.56832408	688	0.314355 0.654089  0.721126
10.57345199	687	0.313637 0.645231  0.722084
10.57857990	685	0.308131 0.645231  0.724717
10.58370018	684	0.312440 0.648343  0.728788
10.58882045	687	0.307173 0.650977  0.730224
10.59393596	687	0.313637 0.648343  0.731900
10.59906768	687	0.313877 0.648822  0.731900
10.60419559	685	0.314355 0.644513  0.728548
10.60932445	687	0.306455 0.652413  0.721126
10.61445236	687	0.306455 0.655047  0.730224
10.61958026	688	0.312680 0.652892  0.735731
10.62471580	687	0.309088 0.644752  0.733815
10.62985229	688	0.306455 0.647146  0.735970
10.63498020	686	0.303342 0.638288  0.729027
10.64012432	684	0.308131 0.639245  0.727112
10.64525985	684	0.310285 0.641400  0.725915
10.65038776	686	0.306455 0.649780  0.720408
10.65553188	688	0.313158 0.638527  0.723520
10.66066837	684	0.306455 0.644513  0.723281
10.66580772	685	0.307652 0.649301  0.726154
10.67094802	687	0.310046 0.644752  0.726633
10.67607975	688	0.303821 0.648583  0.727351
10.68122386	685	0.310285 0.648343  0.731661
10.68635559	684	0.308849 0.645949  0.727830
10.69149208	686	0.314116 0.652892  0.733337
10.69664382	688	0.311243 0.648104  0.729266
10.70178794	687	0.310285 0.644273  0.726393
10.70691585	687	0.311004 0.649780  0.723999
10.71205997	687	0.307173 0.646667  0.728069
10.71720409	687	0.313158 0.647146  0.728309
##inga 
#ido(sec)  szog(ADC)     ax(g)    ay(g)   az(g)
10.72288417	687	0.317947 0.650498  0.729745
10.72815608	685	0.316750 0.650259  0.724478
10.73342418	687	0.310525 0.657202  0.728069
10.73866367	684	0.309328 0.651456  0.736210
10.74379158	686	0.311004 0.645949  0.726872
10.74892425	687	0.309328 0.648822  0.726872
10.75405597	686	0.312680 0.650977  0.729027
10.75920009	685	0.315792 0.649061  0.726393
10.76434040	685	0.311243 0.648104  0.728548
10.76948356	685	0.314595 0.650977  0.725675
10.77461242	687	0.312919 0.647625  0.727112
10.77974796	688	0.311004 0.649540  0.722323
10.78485965	687	0.309088 0.647386  0.725196
10.78999614	686	0.308849 0.642597  0.726872
10.79512023	685	0.311961 0.644752  0.723999
10.80026435	686	0.316510 0.645470  0.735970
10.80538845	687	0.309807 0.644034  0.719450
10.81052017	687	0.308609 0.644991  0.731661
10.81564044	686	0.310046 0.640921  0.732858
10.82076835	685	0.311722 0.642597  0.729745
10.82591629	687	0.303103 0.642358  0.728788
10.83105182	687	0.315313 0.651456  0.727112
10.83619594	687	0.315553 0.643794  0.711549
10.84132385	684	0.307652 0.645710  0.726393
10.84644412	685	0.310046 0.646428  0.722563
10.85155963	685	0.305736 0.644752  0.725196
10.85668373	687	0.307891 0.651456  0.723281
10.86180782	685	0.317229 0.645949  0.731182
10.86694812	686	0.309088 0.642358  0.718732
10.87206840	687	0.311483 0.644752  0.718493
10.87720775	687	0.309088 0.651695  0.728548
10.88232421	687	0.308131 0.650498  0.726393
10.88745975	687	0.304061 0.644273  0.728788
10.89258003	685	0.316031 0.653132  0.731661
10.89771556	687	0.317947 0.653610  0.717535
10.90284442	687	0.317707 0.650737  0.725915
10.90797233	685	0.316510 0.650019  0.727830
10.91309642	688	0.312440 0.650498  0.726154
10.91822814	687	0.314116 0.650498  0.729745
10.92335987	687	0.310764 0.654808  0.726154
10.92849159	688	0.309328 0.653610  0.730942
10.93360424	687	0.314595 0.647146  0.723760
10.93873977	687	0.309807 0.648583  0.736210
10.94385242	688	0.308370 0.645231  0.729985
10.94897174	685	0.310046 0.653132  0.726393
10.95409965	686	0.309328 0.644513  0.727351
10.95923614	686	0.311243 0.652174  0.726393
10.96437168	687	0.315792 0.648343  0.729266
10.96950817	687	0.305736 0.646428  0.723520
10.97463607	686	0.307173 0.641400  0.728309
10.97975635	687	0.308131 0.644273  0.728548
10.98487567	687	0.308370 0.640203  0.729745
10.98999977	685	0.299990 0.650977  0.735970
10.99510765	687	0.305497 0.645949  0.729985
11.00022411	687	0.304300 0.647864  0.724478
11.00532817	687	0.303103 0.643555  0.728309
11.01044368	687	0.305258 0.644034  0.727351
11.01556396	686	0.305497 0.644513  0.720169
11.02069187	686	0.305497 0.639964  0.727830
11.02580356	687	0.312201 0.645949  0.723520
11.03092384	687	0.311243 0.642837  0.718014
11.03605175	687	0.309807 0.648583  0.734294
11.04117202	684	0.309088 0.646667  0.725675
11.04629230	687	0.309088 0.647864  0.729266
11.05140399	687	0.313158 0.652892  0.730942
11.05653572	686	0.308849 0.643555  0.726872
11.06165599	687	0.311243 0.645470  0.718253
11.06678771	687	0.309088 0.654808  0.720647
11.07190418	687	0.313398 0.649301  0.731182
11.07703590	687	0.315074 0.652413  0.719211
11.08215236	685	0.307652 0.643794  0.730703
11.08728408	686	0.313398 0.650498  0.726633
11.09241580	685	0.311004 0.650737  0.726633
11.09753608	687	0.308849 0.648343  0.724717
11.10265159	685	0.311483 0.651216  0.722323
11.10780429	687	0.308609 0.648583  0.724239
11.11291599	685	0.306694 0.648343  0.746265
11.11804008	688	0.307173 0.647864  0.726154
11.12316417	687	0.307412 0.648343  0.726872
11.12829589	687	0.310046 0.649061  0.729985
11.13340377	686	0.315313 0.641640  0.726633
11.13853168	685	0.311961 0.644273  0.727112
11.14365959	686	0.311483 0.640921  0.727112
11.14878845	685	0.311004 0.645470  0.722563
11.15390777	687	0.307891 0.638048  0.725196
11.15904045	688	0.303342 0.648583  0.726154
11.16415596	686	0.302624 0.639964  0.732379
11.16929244	687	0.311243 0.645949  0.731182
11.17443180	685	0.307891 0.644991  0.720647
11.17955207	687	0.303342 0.641879  0.723760
11.18467235	685	0.308849 0.643794  0.723281
11.18979644	686	0.310764 0.644034  0.719929
11.19491195	687	0.303342 0.649540  0.733337
11.20003604	686	0.309328 0.645231  0.723281
11.20515155	687	0.307891 0.641640  0.728309
11.21026039	686	0.311004 0.650019  0.722084
11.21537208	686	0.310285 0.650498  0.723520
11.22049236	685	0.309088 0.651456  0.726393
11.22560787	687	0.311961 0.652653  0.726633
11.23073959	685	0.310525 0.651695  0.738604
11.23585987	686	0.306934 0.646667  0.729266
##inga 
#ido(sec)  szog(ADC)     ax(g)    ay(g)   az(g)
11.24151992	687	0.309088 0.645949  0.729745
11.24679565	686	0.311243 0.649780  0.732379
11.25209617	687	0.310285 0.647146  0.721126
11.25731563	686	0.316989 0.656723  0.729745
11.26245212	687	0.308131 0.648583  0.721844
11.26758003	687	0.313158 0.649780  0.727112
11.27270793	688	0.311961 0.646188  0.721605
11.27782821	686	0.307412 0.648583  0.724957
11.28295612	685	0.309807 0.651695  0.726633
11.28808403	688	0.309567 0.650498  0.737885
11.29320430	688	0.311483 0.644034  0.727591
11.29833984	686	0.313158 0.652413  0.726154
11.30346775	686	0.310046 0.641640  0.728788
11.30858039	684	0.306215 0.642597  0.729027
11.31369972	684	0.312201 0.644752  0.737646
11.31882762	687	0.313158 0.647864  0.716098
11.32396030	687	0.308370 0.642597  0.722084
11.32906436	687	0.311243 0.649301  0.719450
11.33417987	684	0.308131 0.642597  0.720647
11.33930015	687	0.307891 0.645470  0.734773
11.34441566	688	0.310285 0.643794  0.716098
11.34953212	687	0.310764 0.642118  0.728069
11.35466766	687	0.311004 0.643794  0.732379
11.35978794	687	0.312201 0.642597  0.719690
