##inga 
#ido(sec)  szog(ADC)     ax(g)    ay(g)   az(g)
0.00171200	273	-0.391687 -0.614346  0.708198
0.00692000	273	-0.391448 -0.624162  0.705564
##inga 
#ido(sec)  szog(ADC)     ax(g)    ay(g)   az(g)
0.01350800	273	-0.396476 -0.613149  0.704846
0.01873200	273	-0.396476 -0.616261  0.709155
0.02396000	272	-0.391209 -0.614346  0.700057
0.02916800	271	-0.398152 -0.621289  0.699579
0.03426800	273	-0.395039 -0.611952  0.700297
0.03936000	272	-0.394082 -0.618655  0.712268
0.04444399	272	-0.393603 -0.615543  0.707001
0.04953999	273	-0.396715 -0.609797  0.700776
0.05463600	273	-0.396476 -0.610515  0.711789
0.05972800	271	-0.388814 -0.611952  0.699818
0.06482000	273	-0.386899 -0.613388  0.707479
0.06991600	273	-0.389533 -0.611233  0.713704
0.07501200	272	-0.392406 -0.606924  0.713704
0.08009201	270	-0.393124 -0.610276  0.709155
0.08519600	272	-0.386899 -0.611473  0.707001
0.09030000	272	-0.391687 -0.609079  0.706043
0.09538801	273	-0.383547 -0.615782  0.706043
0.10049201	273	-0.389293 -0.614585  0.708437
0.10559600	273	-0.391927 -0.615543  0.706043
0.11068401	272	-0.391448 -0.616980  0.700057
0.11578800	270	-0.394560 -0.611473  0.713465
0.12089201	273	-0.392166 -0.612909  0.707719
0.12599999	273	-0.394800 -0.615304  0.706522
0.13109600	273	-0.397433 -0.613867  0.703888
0.13619999	273	-0.384984 -0.618177  0.707479
0.14130400	273	-0.395518 -0.625599  0.715141
0.14641200	272	-0.397912 -0.617698  0.715141
0.15151200	273	-0.397912 -0.623683  0.716338
0.15661599	273	-0.396955 -0.620331  0.703409
0.16172399	273	-0.396236 -0.616980  0.711789
0.16682801	272	-0.395758 -0.617937  0.713465
0.17193199	272	-0.392885 -0.626556  0.707001
0.17704401	273	-0.395518 -0.620571  0.710831
0.18215200	273	-0.393124 -0.627035  0.709155
0.18725599	272	-0.394321 -0.623444  0.710113
0.19237999	273	-0.395279 -0.624641  0.709155
0.19750000	271	-0.395758 -0.616980  0.708916
0.20259599	270	-0.396955 -0.618655  0.708677
0.20771601	270	-0.392166 -0.613388  0.710592
0.21283600	273	-0.390490 -0.616022  0.710113
0.21794400	272	-0.397673 -0.620092  0.704367
0.22304799	272	-0.396955 -0.613628  0.707958
0.22815599	272	-0.393124 -0.616261  0.707479
0.23327598	273	-0.390730 -0.608839  0.705325
0.23836400	272	-0.390730 -0.610994  0.712747
0.24345200	273	-0.392645 -0.609079  0.705325
0.24855999	272	-0.388575 -0.609318  0.707240
0.25365200	273	-0.390251 -0.607882  0.715380
0.25873198	272	-0.390969 -0.609079  0.704846
0.26380801	273	-0.389533 -0.615782  0.698142
0.26891198	274	-0.387857 -0.611233  0.704606
0.27402400	273	-0.383308 -0.609079  0.698381
0.27909998	273	-0.393124 -0.611233  0.700776
0.28421199	273	-0.389533 -0.615064  0.706522
0.28931200	272	-0.393842 -0.612670  0.707958
0.29440401	273	-0.391927 -0.611952  0.707001
0.29951999	273	-0.396715 -0.618655  0.709874
0.30462398	272	-0.391927 -0.617937  0.707479
0.30971598	273	-0.391209 -0.617458  0.708437
0.31482000	273	-0.387857 -0.614107  0.706282
0.31990001	273	-0.392406 -0.620571  0.710113
0.32498800	272	-0.393603 -0.621528  0.710113
0.33008000	272	-0.394800 -0.623204  0.704128
0.33515598	273	-0.401504 -0.620810  0.706761
0.34024798	273	-0.390251 -0.623683  0.697903
0.34536001	273	-0.393842 -0.615782  0.709395
0.35046801	270	-0.394321 -0.624880  0.702452
0.35557198	270	-0.398870 -0.621289  0.700536
0.36067199	272	-0.393124 -0.624401  0.711789
0.36576399	272	-0.391209 -0.618655  0.707001
0.37087199	272	-0.394082 -0.613149  0.712028
0.37597200	273	-0.395518 -0.619613  0.703409
0.38107202	270	-0.391927 -0.620810  0.706761
0.38617599	272	-0.390730 -0.615064  0.709155
0.39126000	273	-0.386660 -0.616740  0.708198
0.39636001	273	-0.394560 -0.619134  0.708198
0.40146799	273	-0.392166 -0.617698  0.703170
0.40657200	273	-0.390490 -0.616261  0.701733
0.41166801	273	-0.388814 -0.613149  0.702212
0.41677999	270	-0.394800 -0.614585  0.705803
0.42187600	270	-0.390251 -0.610515  0.699339
0.42697997	273	-0.391927 -0.605727  0.711310
0.43207602	273	-0.389772 -0.612191  0.710352
0.43718800	274	-0.390730 -0.616980  0.706761
0.44228401	273	-0.395758 -0.615782  0.703649
0.44738798	272	-0.394560 -0.610755  0.706761
0.45249199	273	-0.387857 -0.612670  0.707240
0.45759601	273	-0.389772 -0.616740  0.703409
0.46270799	273	-0.388096 -0.615064  0.706522
0.46781201	270	-0.390012 -0.617219  0.708677
0.47292799	273	-0.393603 -0.610276  0.710352
0.47804002	273	-0.398391 -0.612431  0.704128
0.48315997	271	-0.391209 -0.617458  0.707001
0.48827199	272	-0.394082 -0.616740  0.716098
0.49338798	273	-0.396476 -0.617219  0.705564
0.49851198	273	-0.395997 -0.620331  0.707958
0.50362401	273	-0.391448 -0.619374  0.712747
0.50874400	272	-0.390012 -0.623683  0.715380
0.51384401	270	-0.395279 -0.619853  0.705085
0.51896400	273	-0.396955 -0.622726  0.707001
0.52407598	272	-0.396955 -0.620331  0.715620
##inga 
#ido(sec)  szog(ADC)     ax(g)    ay(g)   az(g)
0.52970800	271	-0.394082 -0.619134  0.705085
0.53491201	273	-0.396236 -0.623204  0.707240
0.54015202	273	-0.393842 -0.619134  0.704606
0.54537200	273	-0.393124 -0.619613  0.712028
0.55046801	272	-0.395039 -0.615543  0.716577
0.55556397	273	-0.392406 -0.622486  0.715380
0.56065998	272	-0.396476 -0.618655  0.714183
0.56575603	273	-0.387378 -0.613867  0.712268
0.57086000	272	-0.395997 -0.613628  0.703649
0.57594399	273	-0.396236 -0.613867  0.698142
0.58104400	273	-0.391687 -0.611712  0.705803
0.58614802	272	-0.390251 -0.617458  0.708437
0.59123601	270	-0.389533 -0.614107  0.709874
0.59633998	272	-0.393363 -0.611712  0.709874
0.60145196	273	-0.390012 -0.610515  0.708437
0.60653595	272	-0.388814 -0.610755  0.707958
0.61162800	272	-0.384984 -0.612909  0.709874
0.61671600	273	-0.384984 -0.613628  0.703649
0.62180800	273	-0.382590 -0.614825  0.706522
0.62690000	273	-0.394082 -0.613628  0.710113
0.63199596	273	-0.391448 -0.609797  0.703888
0.63708801	273	-0.395758 -0.616740  0.703888
0.64218802	273	-0.389054 -0.609558  0.703649
0.64728398	272	-0.391687 -0.615543  0.713944
0.65237998	273	-0.396715 -0.622726  0.706282
0.65749197	272	-0.393842 -0.614346  0.700297
0.66261200	273	-0.395758 -0.613628  0.700536
0.66770796	273	-0.390730 -0.618416  0.704606
0.67281198	273	-0.396715 -0.617458  0.698860
0.67791600	270	-0.398631 -0.622007  0.705085
0.68302001	273	-0.395039 -0.623204  0.707958
0.68810801	273	-0.391448 -0.616980  0.707958
0.69321198	273	-0.392166 -0.621050  0.710592
0.69831600	272	-0.397194 -0.622486  0.702691
0.70341997	273	-0.402222 -0.624880  0.697903
0.70850801	273	-0.395518 -0.620092  0.702691
0.71361203	272	-0.391448 -0.623444  0.711310
0.71871604	273	-0.394560 -0.620092  0.699579
0.72381997	271	-0.395279 -0.613149  0.711071
0.72894001	273	-0.393842 -0.621528  0.707240
0.73404798	270	-0.394082 -0.619134  0.709395
0.73916001	272	-0.397194 -0.623204  0.707958
0.74427599	272	-0.395518 -0.616022  0.700776
0.74940004	272	-0.393603 -0.618177  0.708916
0.75451202	272	-0.392645 -0.613628  0.710831
0.75963201	273	-0.391687 -0.616501  0.714183
0.76474800	273	-0.388096 -0.614346  0.706043
0.76985197	272	-0.384744 -0.614107  0.695509
0.77495598	272	-0.387378 -0.611233  0.713704
0.78007197	273	-0.386420 -0.609318  0.707958
0.78517198	271	-0.390730 -0.611233  0.709874
0.79027600	273	-0.384744 -0.609558  0.705085
0.79537200	272	-0.387857 -0.613628  0.706043
0.80046806	273	-0.387857 -0.610515  0.706522
0.80556001	272	-0.395039 -0.610515  0.706282
0.81064395	270	-0.389054 -0.613149  0.700536
0.81573200	272	-0.387138 -0.616501  0.711071
0.82083206	273	-0.387617 -0.615304  0.706522
0.82593603	273	-0.390969 -0.617458  0.717774
0.83101997	273	-0.392645 -0.617937  0.708198
0.83612804	272	-0.390730 -0.615543  0.696227
0.84121999	273	-0.391209 -0.615543  0.707958
0.84632406	272	-0.387857 -0.620810  0.704606
0.85141201	271	-0.393603 -0.622726  0.707719
0.85651597	273	-0.401504 -0.623923  0.706043
0.86161203	271	-0.395518 -0.619374  0.710831
0.86671199	273	-0.396476 -0.622247  0.711549
0.87181997	273	-0.393124 -0.627514  0.704367
0.87691993	273	-0.392645 -0.623683  0.696945
0.88202400	272	-0.398152 -0.624641  0.707001
0.88712797	271	-0.393363 -0.619374  0.708198
0.89223594	272	-0.400067 -0.623444  0.704846
0.89732398	273	-0.392885 -0.626317  0.713225
0.90242795	272	-0.390730 -0.618416  0.704846
0.90752000	272	-0.395758 -0.614825  0.706761
0.91261997	273	-0.392406 -0.613149  0.701255
0.91772403	272	-0.395997 -0.616261  0.711549
0.92282400	272	-0.395039 -0.609797  0.709155
0.92790403	273	-0.394082 -0.618177  0.709395
0.93300800	273	-0.390730 -0.613388  0.706522
0.93810806	272	-0.396236 -0.612670  0.706043
0.94321193	273	-0.395279 -0.611712  0.696706
0.94833202	273	-0.390969 -0.607642  0.703888
0.95341596	273	-0.393603 -0.616261  0.708198
0.95852394	273	-0.396476 -0.613628  0.705564
0.96364002	273	-0.396955 -0.609318  0.701494
0.96875600	272	-0.389054 -0.606445  0.702452
0.97385597	270	-0.386899 -0.608121  0.707479
0.97895603	273	-0.394560 -0.606445  0.718971
0.98403606	273	-0.384265 -0.608839  0.701733
0.98913993	273	-0.395518 -0.612909  0.710592
0.99424400	273	-0.393363 -0.611473  0.707479
0.99934797	273	-0.392406 -0.607882  0.703888
1.00443601	273	-0.393603 -0.614107  0.707240
1.00953996	273	-0.392885 -0.613149  0.712747
1.01465201	272	-0.392645 -0.611473  0.702691
1.01977205	273	-0.393603 -0.618177  0.711310
1.02488005	272	-0.394800 -0.617698  0.699579
1.02999198	273	-0.398391 -0.618895  0.709395
1.03510797	273	-0.399588 -0.622965  0.716098
1.04022800	273	-0.394321 -0.621289  0.699818
##inga 
#ido(sec)  szog(ADC)     ax(g)    ay(g)   az(g)
1.04588794	272	-0.396476 -0.620331  0.704606
1.05112802	270	-0.390012 -0.622486  0.711071
1.05637598	272	-0.397194 -0.622007  0.715380
1.06160402	273	-0.393603 -0.623204  0.708916
1.06670796	273	-0.395518 -0.622007  0.712747
1.07181203	273	-0.392645 -0.628472  0.709874
1.07691597	272	-0.399109 -0.622965  0.704128
1.08201599	272	-0.392406 -0.620810  0.713944
1.08710002	272	-0.400306 -0.619853  0.707958
1.09218395	272	-0.391448 -0.618895  0.705085
1.09728801	273	-0.396476 -0.618895  0.708198
1.10240399	272	-0.396236 -0.618416  0.704606
1.10750794	273	-0.390012 -0.622007  0.708198
1.11259603	273	-0.395518 -0.610994  0.701255
1.11769199	273	-0.389772 -0.618895  0.712268
1.12278795	270	-0.386181 -0.614585  0.712507
1.12789201	272	-0.388575 -0.610276  0.708198
1.13300395	272	-0.392406 -0.613388  0.704846
1.13811194	273	-0.388096 -0.609558  0.714662
1.14320397	273	-0.388814 -0.612909  0.715141
1.14830005	273	-0.392406 -0.614107  0.707719
1.15339601	272	-0.391687 -0.609079  0.706282
1.15847599	273	-0.388096 -0.614825  0.702691
1.16357195	270	-0.394560 -0.607882  0.711310
1.16866004	273	-0.384265 -0.616022  0.710113
1.17376005	272	-0.392645 -0.616261  0.703888
1.17885994	273	-0.391927 -0.617698  0.702452
1.18396401	272	-0.395518 -0.614107  0.704128
1.18907594	273	-0.393603 -0.613388  0.701973
1.19418001	273	-0.394560 -0.611233  0.713225
1.19928396	271	-0.390490 -0.617698  0.707001
1.20438802	271	-0.390730 -0.616740  0.707958
1.20947599	272	-0.395518 -0.613388  0.709155
1.21457600	274	-0.390730 -0.623204  0.702930
1.21966004	272	-0.396476 -0.619853  0.707240
1.22476398	273	-0.395758 -0.619374  0.711071
1.22988402	273	-0.387378 -0.619134  0.709155
1.23500394	272	-0.391209 -0.623683  0.706761
1.24011600	272	-0.393363 -0.620810  0.714901
1.24520802	271	-0.396955 -0.624880  0.702691
1.25030803	272	-0.397194 -0.619853  0.710831
1.25541603	272	-0.396236 -0.612670  0.716577
1.26051998	272	-0.395279 -0.621289  0.710831
1.26563596	272	-0.393603 -0.619853  0.707240
1.27072799	273	-0.393842 -0.616261  0.701733
1.27584397	272	-0.394560 -0.614585  0.711549
1.28094804	273	-0.391209 -0.617458  0.706761
1.28605997	273	-0.392406 -0.615543  0.705564
1.29116403	271	-0.390251 -0.613628  0.707001
1.29628396	270	-0.387857 -0.613628  0.708677
1.30139994	273	-0.393363 -0.618655  0.699818
1.30650794	273	-0.387138 -0.617937  0.701973
1.31162798	273	-0.389054 -0.612670  0.705564
1.31673204	272	-0.395758 -0.610755  0.701973
1.32184398	273	-0.386181 -0.609318  0.713225
1.32695996	273	-0.395279 -0.603812  0.714662
1.33206796	273	-0.386420 -0.619613  0.704367
1.33718800	272	-0.392645 -0.605009  0.709395
1.34228003	270	-0.391448 -0.617458  0.710592
1.34741199	272	-0.388814 -0.607163  0.707958
1.35252797	270	-0.390012 -0.616740  0.708916
1.35764396	273	-0.393603 -0.614825  0.706522
1.36276400	272	-0.392885 -0.611233  0.707001
1.36787998	270	-0.391927 -0.616022  0.707479
1.37299597	272	-0.388814 -0.615064  0.715380
1.37810003	272	-0.393124 -0.619853  0.699100
1.38320398	272	-0.394082 -0.620092  0.700297
1.38831604	273	-0.392885 -0.616261  0.708916
1.39343595	273	-0.389293 -0.622007  0.711310
1.39852798	272	-0.397912 -0.621528  0.708198
1.40364398	271	-0.397673 -0.622965  0.708437
1.40876398	273	-0.392645 -0.620092  0.708916
1.41386795	270	-0.396476 -0.616740  0.708916
1.41897201	273	-0.395279 -0.624162  0.710113
1.42409205	272	-0.399828 -0.617698  0.711789
1.42918395	272	-0.398631 -0.618655  0.704846
1.43429994	272	-0.401264 -0.621289  0.703649
1.43939199	273	-0.396236 -0.616261  0.708916
1.44449605	273	-0.393842 -0.625120  0.700776
1.44959602	272	-0.391687 -0.617458  0.712747
1.45469999	273	-0.396236 -0.617219  0.703649
1.45980405	273	-0.391927 -0.623444  0.703888
1.46491599	273	-0.391927 -0.615782  0.707001
1.47002801	273	-0.392645 -0.616022  0.696466
1.47513198	273	-0.393124 -0.616022  0.703649
1.48023605	271	-0.386181 -0.613867  0.709874
1.48535203	273	-0.386420 -0.614825  0.715620
1.49045600	271	-0.393124 -0.616980  0.709395
1.49556398	273	-0.385941 -0.616740  0.705564
1.50066399	273	-0.393363 -0.610276  0.706761
1.50576791	272	-0.389772 -0.614585  0.700536
1.51087198	270	-0.390251 -0.618416  0.707719
1.51596794	273	-0.387857 -0.609797  0.705564
1.52105998	273	-0.387378 -0.616022  0.705085
1.52615594	273	-0.389533 -0.614107  0.701255
1.53125200	270	-0.393124 -0.611952  0.711789
1.53636398	273	-0.388575 -0.611952  0.706761
1.54146003	273	-0.395997 -0.618416  0.713465
1.54656400	272	-0.394560 -0.617698  0.714662
1.55165996	272	-0.394560 -0.619853  0.707001
1.55676403	273	-0.393124 -0.615304  0.703170
##inga 
#ido(sec)  szog(ADC)     ax(g)    ay(g)   az(g)
1.56238794	273	-0.400546 -0.619134  0.709395
1.56763992	273	-0.390969 -0.617219  0.706043
1.57286796	273	-0.390730 -0.617219  0.715141
1.57813205	272	-0.393842 -0.616740  0.705085
1.58324003	273	-0.390012 -0.618416  0.715620
1.58834004	273	-0.387857 -0.620331  0.708677
1.59344806	273	-0.396476 -0.624641  0.705803
1.59855604	273	-0.394082 -0.623204  0.706522
1.60366001	271	-0.397433 -0.618177  0.709874
1.60878000	273	-0.391687 -0.621768  0.707001
1.61388397	273	-0.394560 -0.618655  0.704606
1.61897602	272	-0.398870 -0.620092  0.711310
1.62406802	270	-0.396715 -0.623444  0.707240
1.62917194	272	-0.393603 -0.622007  0.701733
1.63426804	272	-0.392645 -0.620810  0.713465
1.63936400	270	-0.388814 -0.615782  0.714662
1.64446792	273	-0.392645 -0.612191  0.702691
1.64958000	272	-0.391209 -0.616501  0.705803
1.65469207	273	-0.394321 -0.613388  0.700776
1.65979194	273	-0.390490 -0.612670  0.709395
1.66489195	273	-0.386420 -0.609558  0.711789
1.66999998	273	-0.390730 -0.611473  0.709395
1.67510795	273	-0.386660 -0.618655  0.712028
1.68022799	272	-0.388814 -0.610994  0.705085
1.68534803	273	-0.390012 -0.610515  0.697903
1.69046792	272	-0.392645 -0.612670  0.707240
1.69558801	272	-0.389772 -0.608839  0.705564
1.70070800	273	-0.390730 -0.611233  0.708916
1.70581603	271	-0.392645 -0.606445  0.696706
1.71093201	272	-0.385702 -0.613388  0.707001
1.71606006	273	-0.397673 -0.615064  0.710831
1.72117996	271	-0.394800 -0.613867  0.709634
1.72628793	272	-0.390012 -0.610276  0.696227
1.73138799	273	-0.395518 -0.614585  0.709155
1.73650798	272	-0.391687 -0.618416  0.712986
1.74162807	272	-0.386660 -0.620092  0.704846
1.74672403	273	-0.393842 -0.620331  0.713704
1.75183591	273	-0.396715 -0.625599  0.705803
1.75696001	273	-0.396715 -0.616022  0.703888
1.76206803	273	-0.393124 -0.619134  0.703170
1.76718797	271	-0.395039 -0.623204  0.702691
1.77229204	273	-0.395279 -0.620092  0.701973
1.77739596	273	-0.398391 -0.618655  0.707719
1.78250799	273	-0.398870 -0.615543  0.706282
1.78761196	271	-0.395518 -0.621768  0.710352
1.79270401	273	-0.390251 -0.621050  0.711789
1.79780397	273	-0.392406 -0.618177  0.712747
1.80290794	270	-0.395039 -0.617937  0.708437
1.80800399	270	-0.393124 -0.616740  0.709874
1.81310796	272	-0.395279 -0.620571  0.710592
1.81820793	273	-0.391927 -0.607642  0.707479
1.82329998	273	-0.392406 -0.618177  0.710113
1.82840394	272	-0.389772 -0.610515  0.708916
1.83349208	273	-0.395518 -0.616740  0.703409
1.83858795	270	-0.387138 -0.619374  0.711789
1.84370002	273	-0.392406 -0.609797  0.701494
1.84878807	272	-0.395279 -0.616740  0.707001
1.85388803	273	-0.394560 -0.615543  0.709155
1.85897998	272	-0.391687 -0.605727  0.710113
1.86407604	272	-0.387378 -0.610755  0.706282
1.86917991	272	-0.391687 -0.610276  0.719211
1.87427606	272	-0.389293 -0.610276  0.705803
1.87938003	271	-0.393842 -0.614585  0.713225
1.88449201	272	-0.389293 -0.609079  0.703888
1.88957996	273	-0.392885 -0.613149  0.708677
1.89470005	273	-0.384505 -0.613388  0.705085
1.89979600	273	-0.393842 -0.614825  0.703649
1.90488805	270	-0.393363 -0.610515  0.706522
1.90999202	271	-0.390012 -0.617937  0.705564
1.91510000	272	-0.390969 -0.617937  0.702691
1.92019996	270	-0.388336 -0.622247  0.702691
1.92530803	273	-0.389772 -0.622007  0.712747
1.93039999	272	-0.393603 -0.620331  0.707479
1.93550395	272	-0.397912 -0.628472  0.708677
1.94061994	273	-0.395997 -0.622965  0.710113
1.94572792	272	-0.395279 -0.623444  0.705803
1.95084400	273	-0.389772 -0.620331  0.703409
1.95595598	270	-0.394800 -0.622007  0.707001
1.96104393	273	-0.392645 -0.623923  0.704846
1.96615600	273	-0.401982 -0.618416  0.715620
1.97125606	272	-0.395518 -0.625359  0.701733
1.97637605	273	-0.398631 -0.619374  0.706043
1.98148803	270	-0.390490 -0.610276  0.708916
1.98657999	270	-0.399109 -0.623444  0.709155
1.99168395	272	-0.399828 -0.611952  0.717056
1.99679603	272	-0.390012 -0.619853  0.699100
2.00188803	273	-0.395039 -0.614107  0.705564
2.00698804	272	-0.396476 -0.615304  0.707479
2.01209998	271	-0.393363 -0.611952  0.713465
2.01722002	271	-0.392406 -0.611473  0.709155
2.02232408	273	-0.388096 -0.608360  0.704367
2.02741193	273	-0.389293 -0.616501  0.710592
2.03252410	270	-0.384984 -0.610994  0.703409
2.03763604	271	-0.391209 -0.610755  0.706282
2.04274797	273	-0.388814 -0.609079  0.703170
2.04785203	270	-0.389533 -0.613149  0.708916
2.05297207	273	-0.389054 -0.617937  0.698142
2.05808401	272	-0.388814 -0.612670  0.710113
2.06320405	272	-0.389533 -0.612431  0.704128
2.06832408	272	-0.392166 -0.619613  0.717535
2.07344388	272	-0.392645 -0.612670  0.702212
##inga 
#ido(sec)  szog(ADC)     ax(g)    ay(g)   az(g)
2.07909989	272	-0.397673 -0.622007  0.710113
2.08434009	273	-0.389054 -0.615064  0.711310
2.08956003	273	-0.394321 -0.616740  0.708437
2.09478402	273	-0.394560 -0.613628  0.710592
2.09988403	273	-0.395997 -0.618416  0.707001
2.10498809	273	-0.398870 -0.623923  0.710352
2.11009192	273	-0.394560 -0.622726  0.709395
2.11520004	273	-0.399109 -0.620331  0.711310
2.12028002	272	-0.396476 -0.618177  0.705325
2.12538409	273	-0.390969 -0.624162  0.710113
2.13048410	273	-0.391687 -0.623683  0.707958
2.13558793	273	-0.398391 -0.622965  0.708437
2.14068388	272	-0.395039 -0.620810  0.705803
2.14577198	273	-0.397433 -0.616261  0.703649
2.15087199	270	-0.396476 -0.623923  0.707479
2.15598011	270	-0.393124 -0.616740  0.710831
2.16108798	272	-0.390012 -0.621768  0.704128
2.16617989	273	-0.389772 -0.615782  0.711789
2.17128801	272	-0.389772 -0.620092  0.707240
2.17638802	271	-0.392406 -0.617219  0.712268
2.18149209	273	-0.391927 -0.616261  0.704128
2.18660807	274	-0.389293 -0.615304  0.710352
2.19171190	272	-0.387857 -0.611233  0.702691
2.19680404	272	-0.390251 -0.610036  0.704367
2.20190000	273	-0.390490 -0.608360  0.701733
2.20697999	273	-0.387857 -0.609797  0.717774
2.21207594	272	-0.390969 -0.610276  0.702930
2.21717190	270	-0.390012 -0.610755  0.707479
2.22225999	273	-0.387378 -0.614107  0.699818
2.22737193	273	-0.384744 -0.610994  0.705325
2.23247599	273	-0.387138 -0.610755  0.698142
2.23758792	273	-0.388814 -0.611473  0.702212
2.24270796	273	-0.395039 -0.617937  0.703888
2.24780011	273	-0.395518 -0.618416  0.711071
2.25291609	273	-0.396715 -0.614107  0.699579
2.25802803	273	-0.401982 -0.617219  0.706043
2.26312804	273	-0.387857 -0.611233  0.701733
2.26824402	270	-0.396476 -0.621289  0.701733
2.27335190	273	-0.392406 -0.617937  0.710352
2.27846002	273	-0.392166 -0.612909  0.706761
2.28356003	272	-0.392885 -0.617458  0.705564
2.28866410	273	-0.392645 -0.623923  0.710352
2.29378008	273	-0.395279 -0.614825  0.711310
2.29889202	273	-0.392645 -0.622486  0.703170
2.30399608	273	-0.394560 -0.625838  0.706043
2.30909991	273	-0.398391 -0.618655  0.697424
2.31421995	273	-0.393124 -0.619134  0.706043
2.31933593	273	-0.392645 -0.617458  0.706761
2.32444000	273	-0.389293 -0.619853  0.703649
2.32954788	270	-0.391687 -0.621768  0.711310
2.33465194	270	-0.396955 -0.613628  0.711310
2.33975601	273	-0.395758 -0.621528  0.709874
2.34486794	272	-0.392166 -0.616740  0.701733
2.34997606	272	-0.390251 -0.613867  0.704606
2.35507988	273	-0.390730 -0.614585  0.710831
2.36018395	272	-0.391927 -0.618177  0.709874
2.36530804	272	-0.399349 -0.614825  0.707479
2.37041997	272	-0.391687 -0.613628  0.704606
2.37554788	273	-0.391209 -0.618895  0.712986
2.38066005	270	-0.389772 -0.612431  0.708437
2.38578009	273	-0.388814 -0.612670  0.707719
2.39088392	273	-0.391927 -0.608360  0.704367
2.39600396	272	-0.385941 -0.613149  0.710831
2.40112400	272	-0.390012 -0.617458  0.702930
2.40623211	273	-0.388575 -0.612670  0.705564
2.41134810	272	-0.387138 -0.612670  0.702212
2.41646409	273	-0.390251 -0.618177  0.705803
2.42158389	273	-0.392406 -0.611473  0.701255
2.42670392	272	-0.389772 -0.616261  0.706043
2.43182802	272	-0.394560 -0.614346  0.712747
2.43693590	272	-0.395997 -0.618895  0.704367
2.44204401	272	-0.391927 -0.619613  0.714901
2.44716405	272	-0.389054 -0.618416  0.706043
2.45228409	272	-0.392645 -0.612670  0.714183
2.45740389	272	-0.394800 -0.616022  0.712507
2.46250796	272	-0.390490 -0.618895  0.706282
2.46761202	273	-0.398391 -0.622007  0.705085
2.47271609	270	-0.399349 -0.618655  0.707958
2.47781991	273	-0.398391 -0.621050  0.712507
2.48293209	272	-0.392166 -0.623444  0.710831
2.48805189	273	-0.389054 -0.622965  0.715859
2.49316406	272	-0.397433 -0.621768  0.695987
2.49828410	272	-0.391927 -0.619613  0.714901
2.50340008	271	-0.390012 -0.621528  0.705325
2.50848007	271	-0.391448 -0.616980  0.707001
2.51358008	273	-0.396715 -0.616022  0.699818
2.51867604	272	-0.389772 -0.613628  0.713704
2.52378010	273	-0.392166 -0.614107  0.709395
2.52888393	270	-0.390251 -0.619853  0.703649
2.53398799	273	-0.395997 -0.615782  0.699818
2.53909206	272	-0.391209 -0.614107  0.700297
2.54419589	272	-0.390012 -0.610276  0.706282
2.54928398	273	-0.388096 -0.614107  0.707240
2.55437207	270	-0.385941 -0.607882  0.701015
2.55947589	272	-0.389293 -0.609797  0.703170
2.56456398	272	-0.386899 -0.613149  0.705564
2.56966805	273	-0.385702 -0.609318  0.709395
2.57475996	273	-0.388814 -0.611712  0.707719
2.57985210	273	-0.389533 -0.611473  0.711789
2.58496809	273	-0.392645 -0.616740  0.704846
2.59005999	270	-0.385223 -0.614107  0.714423
##inga 
#ido(sec)  szog(ADC)     ax(g)    ay(g)   az(g)
2.59570789	273	-0.391687 -0.613388  0.706043
2.60094809	272	-0.392406 -0.615782  0.703649
2.60616803	273	-0.390251 -0.616022  0.708916
2.61139607	272	-0.392885 -0.614346  0.703888
2.61650800	273	-0.397673 -0.616261  0.710592
2.62161993	272	-0.397912 -0.619613  0.712268
2.62672400	273	-0.390251 -0.619134  0.698381
2.63183593	274	-0.392645 -0.619374  0.702930
2.63694000	273	-0.391209 -0.623444  0.710352
2.64205193	273	-0.394082 -0.619613  0.714423
2.64716005	270	-0.395758 -0.619613  0.710592
2.65226411	272	-0.401264 -0.622007  0.701733
2.65736007	273	-0.394082 -0.622965  0.707958
2.66245603	273	-0.394560 -0.617219  0.706282
2.66757202	270	-0.392166 -0.617458  0.716817
2.67267990	273	-0.395518 -0.623444  0.709874
2.67779207	273	-0.397433 -0.622007  0.698381
2.68290400	273	-0.396476 -0.621768  0.710831
2.68801188	272	-0.390490 -0.619613  0.702452
2.69311594	271	-0.391687 -0.622726  0.707240
2.69822001	273	-0.389533 -0.622965  0.705085
2.70333194	273	-0.395758 -0.615543  0.710113
2.70845198	273	-0.386420 -0.615304  0.701733
2.71355605	273	-0.388336 -0.612191  0.711071
2.71867609	273	-0.390251 -0.615304  0.708916
2.72377991	273	-0.392645 -0.614585  0.703170
2.72888398	273	-0.389772 -0.610276  0.712986
2.73399591	272	-0.386420 -0.613388  0.702691
2.73909997	274	-0.390251 -0.611473  0.701494
2.74420404	273	-0.392406 -0.614107  0.701733
2.74932003	272	-0.388814 -0.606924  0.704128
2.75443601	273	-0.391448 -0.609079  0.707719
2.75953197	272	-0.395039 -0.612191  0.701255
2.76464390	272	-0.388814 -0.610036  0.710352
2.76975607	273	-0.386899 -0.612670  0.711071
2.77487206	270	-0.388814 -0.616501  0.711310
2.77998805	273	-0.393124 -0.615782  0.715620
2.78510808	272	-0.393124 -0.610755  0.713704
2.79022407	273	-0.387857 -0.611712  0.704606
2.79535603	273	-0.394560 -0.617937  0.704846
2.80047206	272	-0.392885 -0.616022  0.716098
2.80559206	273	-0.393124 -0.622965  0.704846
2.81071586	273	-0.393603 -0.619374  0.709395
2.81583595	271	-0.395997 -0.617937  0.700776
2.82095193	273	-0.398152 -0.622965  0.709874
2.82608394	273	-0.398391 -0.616740  0.700297
2.83120393	272	-0.394560 -0.625599  0.715141
2.83631210	272	-0.390730 -0.618895  0.711071
2.84142799	273	-0.393124 -0.619134  0.702930
2.84654407	272	-0.401025 -0.618416  0.710352
2.85166406	272	-0.396236 -0.616261  0.700297
2.85680389	272	-0.392645 -0.628472  0.706282
2.86192398	273	-0.384505 -0.618177  0.715859
2.86704397	273	-0.396236 -0.618416  0.710352
2.87216396	271	-0.390251 -0.615782  0.707001
2.87728404	273	-0.395758 -0.615543  0.707479
2.88240413	272	-0.386899 -0.616501  0.702452
2.88752384	272	-0.390730 -0.618416  0.704128
2.89263200	272	-0.395279 -0.619853  0.708677
2.89775199	273	-0.393124 -0.613867  0.708677
2.90287590	273	-0.383787 -0.614825  0.710113
2.90799999	272	-0.388814 -0.611712  0.703170
2.91312408	273	-0.390730 -0.611952  0.713225
2.91823196	273	-0.392645 -0.617698  0.713465
2.92334794	270	-0.394800 -0.611952  0.710592
2.92845611	272	-0.392166 -0.614585  0.700776
2.93356399	272	-0.388575 -0.609079  0.705085
2.93866806	271	-0.391209 -0.606924  0.706282
2.94378395	273	-0.384984 -0.613628  0.703649
2.94890003	273	-0.393363 -0.604290  0.706282
2.95400810	273	-0.389054 -0.614585  0.708437
2.95910816	273	-0.385941 -0.616261  0.709874
2.96421604	273	-0.394560 -0.613628  0.709155
2.96932010	272	-0.399828 -0.616501  0.712747
2.97442007	273	-0.393363 -0.622726  0.703409
2.97952384	273	-0.393363 -0.610755  0.704606
2.98462791	273	-0.393603 -0.622965  0.702691
2.98973197	272	-0.397194 -0.614346  0.708916
2.99484806	273	-0.392645 -0.618177  0.702212
2.99995212	270	-0.386899 -0.617219  0.711310
3.00505995	273	-0.393842 -0.621289  0.706522
3.01015996	272	-0.397912 -0.623204  0.701255
3.01525211	273	-0.394082 -0.615304  0.699339
3.02033996	273	-0.398391 -0.621528  0.711071
3.02545189	273	-0.392406 -0.622965  0.710831
3.03054809	272	-0.390251 -0.622247  0.699818
3.03565192	274	-0.395997 -0.617458  0.710352
3.04075598	272	-0.397673 -0.622247  0.707958
3.04586410	271	-0.390969 -0.620810  0.700057
3.05094408	272	-0.390251 -0.612670  0.705803
3.05603599	273	-0.393363 -0.616261  0.708916
3.06114006	272	-0.391209 -0.617698  0.708916
3.06624388	273	-0.392166 -0.617937  0.708916
3.07136011	273	-0.390012 -0.614585  0.708437
3.07645201	273	-0.390251 -0.610276  0.706282
3.08154010	273	-0.393603 -0.610515  0.701733
3.08663606	273	-0.392166 -0.609797  0.706282
3.09173607	270	-0.393124 -0.616740  0.707001
3.09683203	273	-0.388096 -0.613867  0.705803
3.10193204	273	-0.388575 -0.607163  0.713225
3.10702800	271	-0.394800 -0.612431  0.710592
##inga 
#ido(sec)  szog(ADC)     ax(g)    ay(g)   az(g)
3.11265206	273	-0.388814 -0.612909  0.701255
3.11789989	273	-0.394560 -0.610994  0.704128
3.12313199	272	-0.393124 -0.614107  0.711549
3.12839198	273	-0.395039 -0.614825  0.702691
3.13349604	273	-0.385702 -0.612191  0.708437
3.13860797	273	-0.387857 -0.613867  0.702691
3.14372396	273	-0.390490 -0.620092  0.708437
3.14880800	273	-0.389533 -0.615782  0.707719
3.15391588	273	-0.393842 -0.610515  0.713704
3.15901994	273	-0.388336 -0.619613  0.698142
3.16412401	273	-0.395039 -0.620092  0.713944
3.16921210	273	-0.395758 -0.623444  0.710113
3.17433190	272	-0.395518 -0.621050  0.709874
3.17943596	273	-0.392166 -0.617458  0.713225
3.18454790	273	-0.391448 -0.622247  0.710831
3.18966794	273	-0.395997 -0.618895  0.705564
3.19477200	270	-0.395997 -0.614107  0.700536
3.19987607	273	-0.398631 -0.620571  0.707001
3.20499610	274	-0.393842 -0.616261  0.711310
3.21010804	272	-0.394560 -0.627993  0.714662
3.21521210	272	-0.393842 -0.614585  0.707001
3.22033190	273	-0.401504 -0.622965  0.709634
3.22543597	270	-0.391687 -0.619374  0.708198
3.23056006	271	-0.391687 -0.620810  0.708198
3.23566389	272	-0.387857 -0.618895  0.712268
3.24077606	273	-0.391927 -0.613388  0.711310
3.24589610	273	-0.390251 -0.614346  0.715859
3.25101590	272	-0.390490 -0.613149  0.702452
3.25611591	273	-0.389772 -0.616261  0.708198
3.26124405	270	-0.391687 -0.610755  0.711071
3.26636409	272	-0.396236 -0.608360  0.705085
3.27148389	273	-0.387138 -0.616501  0.704128
3.27660393	272	-0.396955 -0.610755  0.698142
3.28170800	272	-0.386420 -0.612670  0.709874
3.28681206	273	-0.389293 -0.616740  0.705564
3.29192399	272	-0.393124 -0.608839  0.705564
3.29703998	272	-0.392406 -0.610755  0.706522
3.30214810	272	-0.384505 -0.612191  0.713465
3.30725193	270	-0.387857 -0.614585  0.699579
3.31236410	273	-0.393124 -0.613149  0.709634
3.31748390	270	-0.386660 -0.616022  0.707958
3.32257199	273	-0.392406 -0.617219  0.701973
3.32766795	271	-0.391687 -0.612909  0.709155
3.33275604	273	-0.392166 -0.622486  0.707958
3.33787202	273	-0.395518 -0.622726  0.705564
3.34297204	272	-0.396715 -0.624162  0.709395
3.34809207	273	-0.392645 -0.616022  0.710592
3.35319590	272	-0.390490 -0.618416  0.709874
3.35829997	273	-0.395279 -0.619613  0.711310
3.36341190	272	-0.392406 -0.622007  0.707719
3.36849594	273	-0.395758 -0.621050  0.703888
3.37360000	273	-0.398870 -0.620331  0.711549
3.37869191	272	-0.389293 -0.625359  0.703888
3.38379597	273	-0.396476 -0.619374  0.716817
3.38891196	273	-0.393842 -0.616980  0.708198
3.39402008	272	-0.397433 -0.617219  0.702691
3.39912390	271	-0.399588 -0.615543  0.702452
3.40422391	273	-0.391687 -0.620810  0.709634
3.40931606	270	-0.394560 -0.617458  0.707719
3.41440391	273	-0.389772 -0.619374  0.707001
3.41950798	272	-0.395758 -0.613388  0.705085
3.42461204	273	-0.395039 -0.616022  0.702930
3.42970395	273	-0.391448 -0.614585  0.706043
3.43481206	273	-0.393124 -0.612431  0.711789
3.43992400	273	-0.391448 -0.611712  0.710113
3.44502806	272	-0.392166 -0.613388  0.698860
3.45013189	272	-0.384505 -0.614825  0.708677
3.45524001	273	-0.388575 -0.612909  0.700297
3.46034002	272	-0.389293 -0.611952  0.705803
3.46545195	273	-0.391927 -0.613149  0.700297
3.47056388	272	-0.393124 -0.612909  0.710352
3.47566795	272	-0.392645 -0.610515  0.707958
3.48077201	273	-0.388814 -0.613628  0.706282
3.48587608	273	-0.391687 -0.613388  0.711549
3.49097609	273	-0.389054 -0.616980  0.705085
3.49607992	273	-0.392645 -0.613388  0.703888
3.50118398	273	-0.395518 -0.621768  0.702212
3.50629997	272	-0.389533 -0.616501  0.710592
3.51139998	273	-0.391687 -0.626317  0.709874
3.51649999	273	-0.393842 -0.620571  0.705564
3.52160406	272	-0.391687 -0.620571  0.715380
3.52671194	272	-0.397194 -0.622965  0.707479
3.53182792	273	-0.391209 -0.618655  0.710592
3.53694009	270	-0.393124 -0.624641  0.712986
3.54205989	273	-0.395279 -0.621289  0.707240
3.54715609	273	-0.391209 -0.615064  0.715380
3.55225205	273	-0.403419 -0.622247  0.703170
3.55735611	270	-0.393603 -0.621768  0.699579
3.56246805	273	-0.396236 -0.619374  0.711071
3.56758809	273	-0.394560 -0.619853  0.710352
3.57269191	272	-0.392406 -0.622726  0.711549
3.57779598	270	-0.392885 -0.618655  0.712268
3.58291602	273	-0.391687 -0.617458  0.708198
3.58802008	273	-0.391209 -0.622247  0.699818
3.59313201	272	-0.389772 -0.618655  0.709395
3.59823989	273	-0.395997 -0.609558  0.699818
3.60335206	273	-0.389054 -0.616740  0.707479
3.60845589	273	-0.397673 -0.615304  0.712028
3.61357188	273	-0.389533 -0.617219  0.714423
3.61869192	271	-0.391209 -0.611473  0.704128
3.62381196	273	-0.388096 -0.612909  0.708677
##inga 
#ido(sec)  szog(ADC)     ax(g)    ay(g)   az(g)
3.62946009	271	-0.390730 -0.617219  0.704846
3.63468790	271	-0.387138 -0.608839  0.711549
3.63991999	272	-0.385941 -0.613867  0.707001
3.64515209	273	-0.393842 -0.610515  0.709395
3.65025997	272	-0.389054 -0.609318  0.701015
3.65535593	274	-0.387857 -0.612191  0.712028
3.66045188	270	-0.390969 -0.608360  0.717296
3.66553997	274	-0.394800 -0.612909  0.700776
3.67063593	273	-0.390730 -0.611473  0.711071
3.67572808	271	-0.388096 -0.614585  0.700776
3.68082809	272	-0.392406 -0.612670  0.715620
3.68593192	270	-0.388336 -0.613628  0.706761
3.69104003	273	-0.397194 -0.614107  0.703649
3.69614410	273	-0.397673 -0.618895  0.714183
3.70124793	272	-0.395279 -0.620571  0.700057
3.70635199	271	-0.391927 -0.616022  0.704606
3.71145606	273	-0.398870 -0.620331  0.709874
3.71655988	273	-0.395039 -0.618416  0.712028
3.72166395	273	-0.390251 -0.621050  0.709395
3.72674798	272	-0.394321 -0.620810  0.709395
3.73184394	273	-0.390969 -0.622007  0.714662
3.73692798	270	-0.391687 -0.621768  0.714901
3.74203205	273	-0.391687 -0.620331  0.712986
3.74713206	273	-0.392406 -0.622965  0.703170
3.75222802	272	-0.392645 -0.617698  0.697424
3.75733208	270	-0.388336 -0.615064  0.704128
3.76243209	273	-0.403898 -0.614346  0.710113
3.76753211	272	-0.395039 -0.621050  0.711549
3.77262806	273	-0.394321 -0.618895  0.701494
3.77774000	273	-0.389772 -0.611952  0.699818
3.78284406	273	-0.396476 -0.615304  0.707240
3.78794002	272	-0.396236 -0.616022  0.706522
3.79305601	273	-0.390251 -0.620092  0.714662
3.79814791	273	-0.389054 -0.610755  0.706761
3.80325202	273	-0.389054 -0.611952  0.702691
3.80834789	272	-0.393603 -0.614825  0.711549
3.81345195	273	-0.386420 -0.614585  0.706761
3.81855602	273	-0.389772 -0.610755  0.709874
3.82366390	273	-0.390730 -0.619134  0.706043
3.82876796	273	-0.390490 -0.615782  0.699100
3.83386802	272	-0.383547 -0.615064  0.707479
3.83897209	272	-0.389293 -0.608600  0.711549
3.84405994	273	-0.387857 -0.615064  0.710352
3.84916400	273	-0.390969 -0.614107  0.719929
3.85427589	272	-0.394082 -0.616740  0.706043
3.85937194	272	-0.391687 -0.610515  0.707001
3.86449193	270	-0.388814 -0.613628  0.696945
3.86961193	273	-0.389772 -0.621768  0.700536
3.87471599	273	-0.393124 -0.615304  0.707719
3.87982797	272	-0.395758 -0.608600  0.699818
3.88492393	272	-0.395039 -0.620810  0.706282
3.89001989	272	-0.396476 -0.622726  0.704606
3.89513988	272	-0.394560 -0.620810  0.713465
3.90024394	273	-0.393363 -0.620331  0.712747
3.90536403	273	-0.395758 -0.621050  0.710592
3.91048002	273	-0.395758 -0.617698  0.701733
3.91560001	272	-0.393363 -0.618655  0.705564
3.92071609	272	-0.393603 -0.619374  0.707958
3.92583198	272	-0.394560 -0.620810  0.707719
3.93093204	273	-0.391209 -0.624880  0.701494
3.93603610	274	-0.391209 -0.619374  0.705085
3.94115591	270	-0.393124 -0.615064  0.719211
3.94626808	273	-0.398152 -0.621528  0.703170
3.95138788	271	-0.392885 -0.616740  0.693833
3.95650005	274	-0.391687 -0.621289  0.706043
3.96162014	273	-0.388814 -0.614585  0.698142
3.96673984	273	-0.390251 -0.614585  0.709634
3.97185211	272	-0.387378 -0.615782  0.711789
3.97698402	272	-0.390251 -0.617698  0.710113
3.98210000	273	-0.391927 -0.611233  0.711789
3.98720407	273	-0.392166 -0.617458  0.712268
3.99231605	272	-0.391209 -0.608121  0.706043
3.99742012	275	-0.390969 -0.612431  0.708437
4.00253200	273	-0.387378 -0.611233  0.700536
4.00763607	273	-0.387857 -0.618177  0.710352
4.01274013	273	-0.391209 -0.614107  0.705085
4.01783609	273	-0.387617 -0.619853  0.704128
4.02293205	273	-0.392645 -0.616501  0.709395
4.02802801	272	-0.396236 -0.614107  0.707001
4.03314018	272	-0.390969 -0.615304  0.706522
4.03822803	273	-0.390730 -0.615782  0.714901
4.04331588	273	-0.393124 -0.611473  0.708437
4.04843187	271	-0.392645 -0.617937  0.707240
4.05352401	272	-0.391209 -0.621528  0.712268
4.05862808	272	-0.391209 -0.619613  0.708677
4.06373214	272	-0.392645 -0.613149  0.705564
4.06884813	273	-0.398152 -0.622007  0.708677
4.07393980	270	-0.396955 -0.620092  0.709874
4.07904005	272	-0.392406 -0.622486  0.709874
4.08413600	270	-0.395039 -0.619374  0.700776
4.08922815	272	-0.394560 -0.621289  0.719690
4.09432411	270	-0.396236 -0.621289  0.696706
4.09944391	272	-0.396476 -0.619134  0.711789
4.10455179	273	-0.397194 -0.618177  0.702452
4.10966396	272	-0.390251 -0.622486  0.706522
4.11475992	272	-0.387857 -0.620810  0.714662
4.11985206	273	-0.391687 -0.612670  0.708198
4.12495613	273	-0.393124 -0.619134  0.713704
4.13006019	273	-0.385223 -0.615543  0.706043
4.13517189	272	-0.395039 -0.615064  0.696227
4.14026784	271	-0.390251 -0.617698  0.703170
##inga 
#ido(sec)  szog(ADC)     ax(g)    ay(g)   az(g)
4.14588022	273	-0.389293 -0.615543  0.712747
4.15114021	270	-0.386660 -0.614585  0.713944
4.15640020	273	-0.389293 -0.618416  0.707479
4.16162395	273	-0.389772 -0.611712  0.712507
4.16673994	272	-0.391209 -0.616980  0.706282
4.17184400	273	-0.398631 -0.610515  0.716577
4.17694807	273	-0.389293 -0.610994  0.706761
4.18205595	272	-0.392885 -0.613149  0.698381
4.18718004	270	-0.391687 -0.606206  0.708198
4.19227218	270	-0.386899 -0.610994  0.704606
4.19736385	272	-0.393363 -0.621528  0.706043
4.20246791	273	-0.387617 -0.612670  0.719450
4.20757198	273	-0.387617 -0.618416  0.705085
4.21268415	273	-0.393363 -0.616740  0.700297
4.21780014	272	-0.391209 -0.613149  0.698381
4.22290802	270	-0.392645 -0.611952  0.702691
4.22802019	270	-0.396955 -0.622486  0.708198
4.23312377	270	-0.388575 -0.625838  0.708677
4.23823595	273	-0.388336 -0.625599  0.709395
4.24334812	272	-0.392645 -0.620810  0.713704
4.24846410	273	-0.393603 -0.617937  0.710831
4.25357198	272	-0.391209 -0.624162  0.700536
4.25867605	273	-0.395279 -0.620331  0.706282
4.26379203	273	-0.394321 -0.620092  0.705564
4.26889991	272	-0.390012 -0.616740  0.700776
4.27400779	273	-0.390490 -0.620810  0.713704
4.27909994	273	-0.394800 -0.622247  0.696227
4.28422021	272	-0.394082 -0.619374  0.710592
4.28932380	273	-0.391927 -0.612909  0.711071
4.29442787	273	-0.390969 -0.618655  0.715380
4.29953193	270	-0.393842 -0.618655  0.712507
4.30464410	271	-0.391209 -0.616980  0.712268
4.30975198	272	-0.393603 -0.619134  0.700776
4.31487607	273	-0.390490 -0.614107  0.707958
4.31998014	273	-0.390012 -0.613628  0.701973
4.32509183	272	-0.386181 -0.618655  0.710352
4.33020401	273	-0.390251 -0.610994  0.708437
4.33529186	273	-0.384026 -0.609318  0.709634
4.34038400	272	-0.390251 -0.610994  0.709874
4.34548807	272	-0.389533 -0.611233  0.713944
4.35059595	272	-0.390730 -0.609079  0.715380
4.35567188	273	-0.389772 -0.613628  0.708677
4.36077213	273	-0.388336 -0.612431  0.710113
4.36588001	273	-0.388814 -0.616980  0.706522
4.37097597	273	-0.386660 -0.612670  0.699818
4.37606811	273	-0.386899 -0.617698  0.699818
4.38116407	273	-0.391927 -0.614346  0.706282
4.38626384	272	-0.393124 -0.613149  0.705085
4.39136409	272	-0.388575 -0.613149  0.708916
4.39648008	271	-0.391448 -0.617458  0.707240
4.40157222	273	-0.391927 -0.619613  0.702452
4.40668821	273	-0.391209 -0.617698  0.713225
4.41179180	273	-0.398870 -0.620092  0.708437
4.41687583	272	-0.396715 -0.621050  0.703409
4.42196416	273	-0.392166 -0.621528  0.707001
4.42706823	273	-0.395518 -0.620810  0.712747
4.43216800	273	-0.397194 -0.620092  0.707958
4.43726015	273	-0.389533 -0.620571  0.704128
4.44236803	273	-0.393842 -0.622965  0.718493
4.44747591	273	-0.392406 -0.622007  0.703888
4.45256376	272	-0.395279 -0.619134  0.712986
4.45766782	273	-0.397912 -0.623204  0.705564
4.46277999	274	-0.397433 -0.620571  0.704846
4.46788406	271	-0.386899 -0.622486  0.706043
4.47297620	272	-0.390490 -0.617219  0.707479
4.47807598	272	-0.397912 -0.617937  0.696466
4.48318386	273	-0.392166 -0.617937  0.706282
4.48828411	272	-0.390012 -0.622247  0.712747
4.49338388	270	-0.391687 -0.613149  0.708916
4.49849987	272	-0.397673 -0.613628  0.705564
4.50362014	272	-0.390490 -0.616980  0.703170
4.50871610	273	-0.389054 -0.610276  0.708916
4.51381206	272	-0.385463 -0.611712  0.713225
4.51893186	271	-0.384505 -0.616261  0.705085
4.52403593	272	-0.384265 -0.610036  0.704846
4.52913999	273	-0.386899 -0.612431  0.706761
4.53425216	270	-0.386660 -0.609079  0.710592
4.53934383	273	-0.388814 -0.614107  0.710113
4.54445219	273	-0.393603 -0.610276  0.710592
4.54955577	273	-0.386899 -0.615543  0.711310
4.55465984	272	-0.393603 -0.615064  0.704367
4.55976390	272	-0.389533 -0.613149  0.707479
4.56487607	273	-0.385941 -0.620810  0.705803
4.56998777	272	-0.393603 -0.611473  0.707958
4.57509183	273	-0.387857 -0.619374  0.711789
4.58020401	273	-0.396476 -0.608600  0.696706
4.58530378	272	-0.391687 -0.620331  0.702930
4.59041595	272	-0.395758 -0.621289  0.708437
4.59553623	273	-0.391687 -0.622726  0.707240
4.60065603	272	-0.387857 -0.620331  0.704606
4.60576820	273	-0.397912 -0.620571  0.707719
4.61088800	273	-0.401504 -0.623444  0.712268
4.61598777	270	-0.395518 -0.622247  0.699339
4.62110376	273	-0.392885 -0.626556  0.709395
4.62622022	273	-0.397912 -0.618655  0.707719
4.63133192	273	-0.395039 -0.627274  0.713465
4.63643598	273	-0.387857 -0.611712  0.704128
4.64155578	270	-0.398391 -0.626556  0.709634
4.64667177	272	-0.397433 -0.616261  0.709395
4.65178823	273	-0.394560 -0.616740  0.698860
4.65689182	273	-0.392645 -0.618655  0.700776
##inga 
#ido(sec)  szog(ADC)     ax(g)    ay(g)   az(g)
4.66254377	272	-0.389772 -0.621289  0.704846
4.66779613	272	-0.388336 -0.614585  0.699339
4.67305612	273	-0.389772 -0.618895  0.699818
4.67829990	273	-0.393124 -0.610276  0.707719
4.68339586	273	-0.387857 -0.614825  0.705803
4.68849992	272	-0.392166 -0.610276  0.706761
4.69359588	273	-0.390969 -0.610755  0.707240
4.69869184	273	-0.394082 -0.611712  0.707479
4.70379590	272	-0.390251 -0.612670  0.711071
4.70888376	271	-0.389293 -0.614346  0.711071
4.71398782	273	-0.394082 -0.613149  0.700776
4.71909189	273	-0.392645 -0.616022  0.705564
4.72419595	273	-0.397673 -0.611952  0.710352
4.72930002	273	-0.391209 -0.612909  0.700536
4.73439979	270	-0.393124 -0.612909  0.702691
4.73949623	272	-0.392166 -0.613628  0.703170
4.74459600	272	-0.391927 -0.620571  0.699818
4.74969196	273	-0.393603 -0.619134  0.702212
4.75479602	272	-0.391448 -0.618655  0.708198
4.75990390	273	-0.388814 -0.619374  0.699818
4.76499605	273	-0.394560 -0.617458  0.713704
4.77009201	273	-0.388814 -0.617937  0.712028
4.77519607	273	-0.394082 -0.620331  0.704128
4.78029584	273	-0.393842 -0.622486  0.702691
4.78539991	270	-0.401504 -0.617937  0.706522
4.79050397	273	-0.390969 -0.625359  0.707479
4.79560422	271	-0.391687 -0.622247  0.705325
4.80071592	273	-0.388575 -0.623683  0.715620
4.80581188	270	-0.395758 -0.622965  0.708677
4.81092405	272	-0.393603 -0.617698  0.706282
4.81603193	272	-0.389293 -0.619853  0.706761
4.82114791	273	-0.388814 -0.627753  0.703409
4.82625579	273	-0.394560 -0.618416  0.700057
4.83135986	273	-0.394321 -0.619374  0.702691
4.83646392	272	-0.391927 -0.615304  0.712268
4.84155607	272	-0.385702 -0.609558  0.694311
4.84665203	271	-0.392645 -0.619613  0.708677
4.85176801	273	-0.388096 -0.611952  0.706282
4.85688400	273	-0.389772 -0.618177  0.707001
4.86200809	272	-0.384984 -0.615304  0.700776
4.86711978	273	-0.396476 -0.612670  0.704606
4.87223577	270	-0.387138 -0.612191  0.700057
4.87735605	272	-0.389054 -0.609797  0.704606
4.88244390	273	-0.391209 -0.614107  0.692157
4.88754796	273	-0.388575 -0.613628  0.707719
4.89266014	272	-0.394560 -0.612909  0.700057
4.89776420	273	-0.381632 -0.613867  0.708677
4.90287590	272	-0.392166 -0.611473  0.712747
4.90798377	273	-0.386181 -0.610036  0.711789
4.91309213	273	-0.392166 -0.612431  0.707719
4.91821193	273	-0.400067 -0.616261  0.704846
4.92329978	272	-0.387378 -0.617698  0.700536
4.92842006	273	-0.392406 -0.621050  0.712268
4.93351602	270	-0.393603 -0.616740  0.709395
4.93862009	272	-0.394321 -0.616501  0.702452
4.94373989	273	-0.395039 -0.618895  0.708916
4.94884395	273	-0.396715 -0.623923  0.712507
4.95396423	273	-0.393363 -0.613388  0.699339
4.95908403	272	-0.395039 -0.622965  0.712028
4.96419191	273	-0.390490 -0.620092  0.705803
4.96929216	273	-0.390730 -0.622007  0.706282
4.97439622	273	-0.394082 -0.622965  0.716817
4.97949981	273	-0.389772 -0.621050  0.705085
4.98460388	273	-0.393124 -0.615543  0.698621
4.98971605	273	-0.390730 -0.617937  0.714662
4.99482011	273	-0.395039 -0.616261  0.706522
4.99993991	273	-0.393842 -0.615782  0.710113
5.00505208	272	-0.395518 -0.622247  0.708916
5.01016378	273	-0.397433 -0.624641  0.714423
5.01528787	271	-0.389772 -0.616261  0.712986
5.02041196	272	-0.393124 -0.612909  0.709874
5.02552413	270	-0.393603 -0.614346  0.705325
5.03064012	271	-0.389772 -0.615304  0.705564
5.03574800	271	-0.389772 -0.622247  0.710113
5.04084777	270	-0.390012 -0.616022  0.709395
5.04593992	273	-0.388336 -0.617458  0.708437
5.05103206	273	-0.392406 -0.608360  0.703170
5.05611610	272	-0.387378 -0.612191  0.712747
5.06122779	273	-0.393363 -0.613867  0.707479
5.06633996	270	-0.386899 -0.606685  0.701494
5.07142782	273	-0.391448 -0.612191  0.701733
5.07653999	272	-0.389533 -0.614585  0.700776
5.08164405	273	-0.392406 -0.618177  0.700297
5.08675193	273	-0.389293 -0.614825  0.705085
5.09185600	273	-0.389293 -0.614825  0.707479
5.09694814	271	-0.393124 -0.620571  0.707001
5.10205221	271	-0.395518 -0.619374  0.702452
5.10715579	273	-0.389054 -0.616261  0.702691
5.11225605	272	-0.392406 -0.616501  0.710592
5.11734819	270	-0.396476 -0.619374  0.700297
5.12245178	273	-0.391687 -0.619613  0.715859
5.12755584	273	-0.392645 -0.617219  0.708677
5.13266420	272	-0.392406 -0.621768  0.712507
5.13776016	270	-0.391448 -0.615543  0.708916
5.14285182	273	-0.392645 -0.618177  0.708677
5.14796400	272	-0.391927 -0.627035  0.707479
5.15305995	273	-0.397912 -0.618177  0.714423
5.15817213	273	-0.396476 -0.624401  0.701255
5.16326808	273	-0.397912 -0.621528  0.705803
5.16838407	273	-0.394082 -0.616740  0.712986
5.17348003	273	-0.390012 -0.622247  0.711071
##inga 
#ido(sec)  szog(ADC)     ax(g)    ay(g)   az(g)
5.17911577	273	-0.398631 -0.620331  0.701494
5.18437576	272	-0.390012 -0.620810  0.701255
5.18962383	273	-0.396236 -0.614825  0.707479
5.19487619	273	-0.393603 -0.615304  0.699818
5.19997596	272	-0.392166 -0.619374  0.706522
5.20508384	273	-0.393603 -0.615543  0.700776
5.21020412	272	-0.386660 -0.619374  0.704367
5.21530818	270	-0.393842 -0.618177  0.707719
5.22041988	272	-0.392885 -0.612191  0.707958
5.22552776	273	-0.387378 -0.615064  0.708437
5.23063182	270	-0.391209 -0.615543  0.719690
5.23575210	273	-0.387857 -0.616022  0.707479
5.24086380	272	-0.384744 -0.613388  0.711071
5.24598407	273	-0.391209 -0.612670  0.707479
5.25108385	272	-0.386899 -0.611233  0.713465
5.25619983	272	-0.387617 -0.609797  0.709155
5.26130819	272	-0.387857 -0.613628  0.709874
5.26641988	273	-0.393603 -0.608839  0.702691
5.27152395	273	-0.389533 -0.615782  0.708198
5.27663183	272	-0.389054 -0.616740  0.695269
5.28173208	272	-0.393842 -0.616740  0.704367
5.28684377	273	-0.389772 -0.615064  0.716338
5.29194402	272	-0.390251 -0.616980  0.714901
5.29705619	273	-0.395997 -0.620331  0.709874
5.30215978	271	-0.397673 -0.623204  0.708916
5.30727577	273	-0.395997 -0.619613  0.713465
5.31238794	272	-0.395758 -0.623683  0.707958
5.31750011	273	-0.395758 -0.616022  0.709634
5.32261991	272	-0.392885 -0.624162  0.712747
5.32774019	273	-0.400067 -0.619374  0.710592
5.33283615	273	-0.395279 -0.617219  0.705325
5.33796787	272	-0.392166 -0.618895  0.711310
5.34307622	272	-0.395997 -0.616261  0.711071
5.34819602	273	-0.393603 -0.615782  0.709395
5.35331583	273	-0.395758 -0.615304  0.706043
5.35843610	273	-0.387857 -0.617698  0.697184
5.36355590	273	-0.393842 -0.620810  0.705325
5.36865997	273	-0.390490 -0.617937  0.704128
5.37376785	273	-0.391209 -0.610994  0.707719
5.37888383	273	-0.396476 -0.615064  0.712747
5.38398790	273	-0.392885 -0.610755  0.717535
5.38908386	273	-0.387617 -0.614346  0.702930
5.39420413	272	-0.386899 -0.613867  0.709395
5.39930820	273	-0.388096 -0.610755  0.707001
5.40441179	270	-0.385463 -0.612431  0.703649
5.40953207	273	-0.390012 -0.616261  0.710113
5.41465187	272	-0.388814 -0.608839  0.714662
5.41975212	272	-0.391927 -0.614585  0.712028
5.42486810	273	-0.390251 -0.612431  0.709155
5.42997980	272	-0.396476 -0.613628  0.708198
5.43509197	272	-0.385702 -0.611473  0.704128
5.44018793	273	-0.394082 -0.616740  0.699100
5.44528007	273	-0.390969 -0.615543  0.710592
5.45038414	273	-0.397433 -0.616501  0.709155
5.45547580	273	-0.393363 -0.614825  0.705085
5.46057987	273	-0.396715 -0.614825  0.702452
5.46568393	273	-0.389293 -0.611233  0.709155
5.47078800	273	-0.392645 -0.615064  0.702930
5.47587585	273	-0.392645 -0.622007  0.707001
5.48097181	273	-0.398631 -0.619134  0.703888
5.48608398	273	-0.401504 -0.619134  0.701015
5.49118804	272	-0.392885 -0.620331  0.716577
5.49629211	272	-0.389293 -0.615543  0.712507
5.50139617	272	-0.394321 -0.621050  0.714662
5.50649976	273	-0.398391 -0.623204  0.712268
5.51160383	273	-0.393603 -0.618655  0.701973
5.51670789	273	-0.393124 -0.625838  0.703649
5.52181196	273	-0.395518 -0.621528  0.709634
5.52690792	273	-0.395518 -0.612909  0.710352
5.53200387	272	-0.395997 -0.622486  0.708916
5.53710794	272	-0.391687 -0.621768  0.704846
5.54222011	273	-0.395039 -0.615543  0.703649
5.54732418	273	-0.393842 -0.614825  0.710352
5.55242013	273	-0.392885 -0.617937  0.707479
5.55753183	273	-0.390730 -0.616980  0.702212
5.56262397	270	-0.391209 -0.612191  0.709395
5.56772422	272	-0.394560 -0.612191  0.706522
5.57282781	273	-0.390969 -0.613388  0.708916
5.57792377	272	-0.390730 -0.615782  0.708916
5.58302021	272	-0.390251 -0.607163  0.706522
5.58812379	271	-0.393842 -0.612431  0.710592
5.59324407	272	-0.383068 -0.608121  0.713225
5.59834814	273	-0.395758 -0.611233  0.709395
5.60345602	271	-0.395997 -0.615064  0.705085
5.60856008	271	-0.388336 -0.608360  0.710352
5.61365222	273	-0.389293 -0.609318  0.708198
5.61875581	270	-0.390490 -0.613388  0.706043
5.62385177	272	-0.390730 -0.616980  0.710831
5.62894821	273	-0.395997 -0.614346  0.709874
5.63405609	272	-0.392645 -0.614346  0.707958
5.63915586	273	-0.391209 -0.616022  0.702930
5.64425182	271	-0.395279 -0.616740  0.705085
5.64935588	273	-0.395039 -0.616501  0.709395
5.65445995	272	-0.396476 -0.619613  0.714662
5.65957593	273	-0.398631 -0.615782  0.710113
5.66469621	273	-0.393124 -0.619374  0.708916
5.66979980	273	-0.396955 -0.624880  0.706043
5.67489194	273	-0.391687 -0.622726  0.714423
5.68000411	273	-0.394560 -0.617937  0.710352
5.68510818	272	-0.396955 -0.624880  0.707240
5.69022417	273	-0.397912 -0.622007  0.711789
##inga 
#ido(sec)  szog(ADC)     ax(g)    ay(g)   az(g)
5.69585609	273	-0.396715 -0.622726  0.709395
5.70110797	272	-0.393842 -0.617219  0.706282
5.70634794	273	-0.392406 -0.619134  0.700776
5.71158409	272	-0.389293 -0.618895  0.705085
5.71670007	273	-0.394321 -0.619613  0.712507
5.72181987	273	-0.392645 -0.623204  0.712268
5.72691583	272	-0.390730 -0.616022  0.708437
5.73199987	272	-0.391448 -0.611473  0.708916
5.73710393	271	-0.386420 -0.607642  0.704367
5.74219608	270	-0.392166 -0.610276  0.709155
5.74728822	273	-0.390490 -0.614825  0.702212
5.75238800	270	-0.388575 -0.617219  0.708198
5.75749206	272	-0.389772 -0.614346  0.712028
5.76259613	273	-0.389054 -0.612909  0.710831
5.76768398	271	-0.395758 -0.609558  0.701733
5.77278804	272	-0.395758 -0.617458  0.705564
5.77789211	273	-0.388814 -0.616261  0.714662
5.78299617	273	-0.392166 -0.614825  0.711789
5.78810787	273	-0.393603 -0.613867  0.711789
5.79321622	270	-0.393124 -0.619134  0.698860
5.79831218	273	-0.393363 -0.617937  0.704606
5.80341196	272	-0.389293 -0.615543  0.711789
5.80852794	271	-0.389772 -0.615782  0.711071
5.81363201	273	-0.395279 -0.616501  0.705085
5.81873989	272	-0.385941 -0.611473  0.701973
5.82385206	272	-0.395279 -0.615782  0.707001
5.82895994	271	-0.398631 -0.614825  0.701973
5.83406782	273	-0.395518 -0.616261  0.702452
5.83917188	273	-0.391687 -0.619853  0.707001
5.84428787	273	-0.397912 -0.620331  0.706522
5.84939193	273	-0.393842 -0.625838  0.706043
5.85449981	273	-0.398631 -0.624641  0.715141
5.85961198	272	-0.395518 -0.623923  0.707001
5.86472415	272	-0.389533 -0.623683  0.713704
5.86982393	270	-0.397673 -0.618655  0.704606
5.87493181	273	-0.396236 -0.621289  0.700057
5.88002777	273	-0.394560 -0.616022  0.706522
5.88512420	273	-0.392645 -0.620331  0.710831
5.89023590	272	-0.395518 -0.619134  0.713944
5.89533996	273	-0.395279 -0.621768  0.713225
5.90044784	273	-0.392885 -0.620331  0.710592
5.90556383	273	-0.388575 -0.614825  0.701255
5.91067218	273	-0.390490 -0.616022  0.701255
5.91577196	270	-0.392645 -0.615304  0.705325
5.92087602	273	-0.387617 -0.609558  0.708916
5.92597579	273	-0.394321 -0.612670  0.702691
5.93109178	272	-0.395997 -0.609558  0.704606
5.93618392	273	-0.384744 -0.613867  0.712747
5.94128799	272	-0.386660 -0.609797  0.713944
5.94638013	273	-0.390251 -0.609797  0.700776
5.95147609	273	-0.392645 -0.611233  0.707719
5.95658779	273	-0.387857 -0.613388  0.704367
5.96169996	272	-0.391209 -0.615304  0.709395
5.96680402	270	-0.390969 -0.614346  0.698142
5.97192001	270	-0.393363 -0.613149  0.709155
5.97702789	273	-0.383308 -0.608839  0.701494
5.98212814	272	-0.384505 -0.610515  0.705085
5.98723220	273	-0.392645 -0.611233  0.699339
5.99234819	273	-0.393124 -0.615064  0.709634
5.99745607	273	-0.392645 -0.614107  0.709874
6.00257205	273	-0.396476 -0.619374  0.708198
6.00769186	272	-0.394082 -0.618177  0.706761
6.01280403	272	-0.396955 -0.617698  0.706282
6.01791191	271	-0.391209 -0.621768  0.709395
6.02302789	273	-0.400785 -0.621768  0.713465
6.02813196	273	-0.396955 -0.616022  0.708916
6.03325176	273	-0.396236 -0.622007  0.705803
6.03837203	273	-0.394560 -0.618895  0.700776
6.04349184	273	-0.392885 -0.621289  0.703649
6.04861211	273	-0.391209 -0.621050  0.714183
6.05371618	273	-0.390969 -0.624641  0.708677
6.05883598	273	-0.392885 -0.621768  0.700297
6.06396389	273	-0.392166 -0.618177  0.704367
6.06908416	272	-0.392645 -0.619613  0.701255
6.07421207	273	-0.395997 -0.618655  0.708916
6.07933187	273	-0.391927 -0.616261  0.707479
6.08445215	273	-0.389293 -0.615543  0.704846
6.08957195	272	-0.397194 -0.620810  0.701733
6.09469223	273	-0.390730 -0.614585  0.700297
6.09980010	273	-0.391687 -0.610515  0.704606
6.10491991	273	-0.382829 -0.610755  0.708198
6.11003208	272	-0.392166 -0.613149  0.707240
6.11515188	273	-0.393603 -0.617458  0.711071
6.12027215	272	-0.385941 -0.610515  0.699339
6.12538385	273	-0.385463 -0.615782  0.703170
6.13050413	273	-0.391927 -0.610994  0.714662
6.13561582	272	-0.390490 -0.610276  0.702452
6.14072418	272	-0.390251 -0.615543  0.707001
6.14583587	273	-0.393603 -0.612909  0.716338
6.15093994	273	-0.392885 -0.611233  0.694311
6.15606021	273	-0.390969 -0.617458  0.697424
6.16117191	273	-0.387378 -0.618177  0.705803
6.16629219	273	-0.390490 -0.615304  0.704606
6.17140388	270	-0.391927 -0.615782  0.709874
6.17651605	270	-0.391209 -0.616740  0.712507
6.18162012	273	-0.397194 -0.616740  0.703888
6.18672418	272	-0.396236 -0.620331  0.699579
6.19182014	273	-0.394560 -0.619613  0.708198
6.19692802	270	-0.397912 -0.616261  0.708677
6.20204401	273	-0.403658 -0.622726  0.705803
6.20713615	273	-0.393842 -0.618416  0.709395
##inga 
#ido(sec)  szog(ADC)     ax(g)    ay(g)   az(g)
6.21277618	272	-0.395039 -0.617937  0.701255
6.21802806	272	-0.393842 -0.626556  0.708677
6.22328805	273	-0.398391 -0.624641  0.709874
6.22851610	273	-0.396236 -0.619374  0.702691
6.23361206	272	-0.397433 -0.615064  0.706761
6.23869991	273	-0.402461 -0.616261  0.708437
6.24380397	273	-0.392406 -0.616261  0.709395
6.24889612	272	-0.394800 -0.620331  0.703170
6.25397205	273	-0.397912 -0.611233  0.690720
6.25908422	270	-0.394321 -0.613149  0.708198
6.26419591	270	-0.390490 -0.620092  0.706282
6.26926803	273	-0.387138 -0.617937  0.698142
6.27437210	272	-0.388336 -0.614585  0.701015
6.27947616	270	-0.387617 -0.620092  0.708198
6.28457212	271	-0.391687 -0.608121  0.713944
6.28966808	273	-0.391209 -0.617219  0.711549
6.29477214	273	-0.394560 -0.614107  0.704128
6.29986381	273	-0.386899 -0.615782  0.708677
6.30497980	273	-0.389054 -0.607882  0.704846
6.31007194	273	-0.384744 -0.617458  0.710831
6.31517982	273	-0.395039 -0.611233  0.709395
6.32028388	271	-0.386660 -0.609797  0.704128
6.32538795	273	-0.391927 -0.611712  0.705085
6.33049583	271	-0.391687 -0.618895  0.711549
6.33559989	272	-0.393842 -0.618895  0.702930
6.34070014	273	-0.396236 -0.618655  0.696466
6.34581184	272	-0.399828 -0.612431  0.706522
6.35092782	273	-0.390251 -0.615782  0.703649
6.35603618	273	-0.386660 -0.619134  0.714901
6.36114788	271	-0.388814 -0.616261  0.711789
6.36626005	273	-0.395279 -0.617458  0.700536
6.37135982	273	-0.388575 -0.622247  0.704367
6.37647199	272	-0.392885 -0.622486  0.707719
6.38157606	272	-0.396955 -0.622007  0.709155
6.38668012	273	-0.397194 -0.618177  0.709874
6.39178800	272	-0.392166 -0.617937  0.709395
6.39690017	271	-0.393603 -0.627753  0.707479
6.40200376	273	-0.400306 -0.617937  0.711310
6.40709590	272	-0.388814 -0.615782  0.705564
6.41219997	274	-0.391209 -0.620571  0.710113
6.41730403	272	-0.390730 -0.619134  0.705085
6.42242002	273	-0.390251 -0.616740  0.710352
6.42752790	273	-0.395758 -0.618416  0.719929
6.43264389	272	-0.384265 -0.617937  0.706761
6.43776416	273	-0.390490 -0.620810  0.695030
6.44285202	272	-0.395997 -0.615304  0.705085
6.44797182	273	-0.395997 -0.614825  0.698142
6.45309209	272	-0.392166 -0.612909  0.717774
6.45819997	271	-0.387857 -0.620092  0.710113
6.46331596	273	-0.388096 -0.614346  0.710592
6.46843194	273	-0.390969 -0.614107  0.707001
6.47354793	273	-0.390490 -0.618416  0.707958
6.47865200	272	-0.387378 -0.609079  0.707958
6.48375606	272	-0.392885 -0.604769  0.707240
6.48886013	272	-0.389533 -0.609079  0.704128
6.49396419	272	-0.390012 -0.610276  0.700536
6.49906015	272	-0.390730 -0.606206  0.707001
6.50415611	271	-0.397912 -0.611712  0.700297
6.50927591	272	-0.390969 -0.618416  0.710113
6.51437187	271	-0.388096 -0.616261  0.706282
6.51946020	273	-0.390730 -0.618416  0.707479
6.52455615	272	-0.394560 -0.620331  0.707240
6.52963590	273	-0.391687 -0.614107  0.702691
6.53473186	273	-0.395997 -0.622965  0.704606
6.53983211	270	-0.397194 -0.616261  0.703409
6.54493618	273	-0.388814 -0.618416  0.705085
6.55003976	273	-0.401982 -0.618177  0.702212
6.55513191	272	-0.395997 -0.618416  0.699818
6.56022405	273	-0.394321 -0.616501  0.710592
6.56532382	273	-0.397433 -0.623204  0.697184
6.57041978	273	-0.391209 -0.618177  0.703649
6.57551622	272	-0.394082 -0.622486  0.701015
6.58061218	270	-0.391209 -0.621768  0.717774
6.58571577	273	-0.391209 -0.623683  0.710831
6.59081602	270	-0.395518 -0.626317  0.707001
6.59591579	270	-0.389533 -0.619853  0.708437
6.60101985	273	-0.394560 -0.620571  0.702452
6.60611581	273	-0.393124 -0.617937  0.706522
6.61122417	273	-0.397433 -0.615543  0.703170
6.61632394	272	-0.395518 -0.615543  0.703649
6.62143993	273	-0.392166 -0.619853  0.707240
6.62653207	272	-0.398391 -0.619613  0.704846
6.63164377	273	-0.391448 -0.615543  0.708677
6.63675594	270	-0.397433 -0.612909  0.710592
6.64186000	270	-0.393842 -0.608839  0.706043
6.64694404	273	-0.384026 -0.613628  0.698621
6.65204381	270	-0.390012 -0.616261  0.705564
6.65715217	273	-0.385941 -0.610036  0.717296
6.66225194	272	-0.389533 -0.616261  0.708677
6.66735601	272	-0.386420 -0.615543  0.709634
6.67246007	273	-0.389772 -0.622247  0.720647
6.67756414	270	-0.396476 -0.610994  0.704367
6.68266820	273	-0.391687 -0.606924  0.706522
6.68777179	272	-0.389772 -0.615304  0.704128
6.69288396	273	-0.388575 -0.623683  0.711071
6.69800376	272	-0.390251 -0.614585  0.712747
6.70310783	273	-0.399109 -0.619374  0.704128
6.70821189	272	-0.392406 -0.619374  0.713465
6.71331596	272	-0.390012 -0.614585  0.712028
6.71842002	273	-0.394800 -0.616022  0.706522
6.72352409	273	-0.394800 -0.618655  0.715141
##inga 
#ido(sec)  szog(ADC)     ax(g)    ay(g)   az(g)
6.72915983	273	-0.390012 -0.622726  0.712747
6.73441982	273	-0.399109 -0.620810  0.703649
6.73965978	273	-0.393124 -0.619134  0.706761
6.74491596	270	-0.391209 -0.629429  0.710592
6.75003194	273	-0.391687 -0.626077  0.713225
6.75514411	273	-0.399109 -0.619374  0.700536
6.76026010	271	-0.391687 -0.619374  0.707479
6.76537179	272	-0.392645 -0.624880  0.707001
6.77048015	273	-0.395518 -0.623204  0.705564
6.77558422	272	-0.397673 -0.623444  0.713704
6.78070783	272	-0.387138 -0.621768  0.718253
6.78582000	272	-0.394321 -0.621528  0.709395
6.79093217	273	-0.389533 -0.616022  0.710831
6.79604816	273	-0.394560 -0.622965  0.702212
6.80116415	273	-0.390730 -0.615064  0.705085
6.80626821	273	-0.390969 -0.613628  0.712268
6.81137609	273	-0.391927 -0.618655  0.712028
6.81649208	272	-0.385702 -0.612909  0.695269
6.82159614	273	-0.396476 -0.615782  0.707719
6.82669210	272	-0.390730 -0.609558  0.707001
6.83177995	272	-0.395039 -0.608121  0.704606
6.83688020	273	-0.390730 -0.617458  0.714662
6.84195995	273	-0.388575 -0.616022  0.707479
6.84706401	272	-0.392645 -0.614585  0.697663
6.85216379	272	-0.389533 -0.616501  0.715859
6.85726785	273	-0.383787 -0.614825  0.705085
6.86237621	273	-0.396476 -0.613867  0.710831
6.86747598	272	-0.390012 -0.611712  0.709155
6.87257194	273	-0.386660 -0.619374  0.701733
6.87765979	272	-0.385223 -0.615782  0.705564
6.88276386	273	-0.386420 -0.618177  0.712747
6.88787603	270	-0.392166 -0.615782  0.710113
6.89298009	273	-0.393363 -0.620571  0.704606
6.89808416	273	-0.397433 -0.616261  0.699339
6.90318822	272	-0.396715 -0.611473  0.716817
6.90829992	273	-0.398152 -0.614585  0.706282
6.91339588	272	-0.392406 -0.623444  0.705085
6.91849994	270	-0.392885 -0.621050  0.706522
6.92359590	273	-0.395997 -0.616740  0.707479
6.92869615	271	-0.396476 -0.623923  0.705085
6.93380403	273	-0.401264 -0.623444  0.717296
6.93891620	270	-0.393842 -0.619374  0.711071
6.94401979	273	-0.389293 -0.618895  0.712986
6.94912385	273	-0.389293 -0.620092  0.704128
6.95421981	272	-0.389533 -0.621528  0.710831
6.95932006	272	-0.396476 -0.617458  0.707479
6.96442794	272	-0.395758 -0.616980  0.709395
6.96954011	272	-0.389054 -0.619374  0.708677
6.97464799	273	-0.393363 -0.617937  0.714662
6.97975206	273	-0.393842 -0.617937  0.712507
6.98486423	272	-0.391448 -0.616501  0.704367
6.98998022	272	-0.390969 -0.617937  0.707240
6.99507188	271	-0.392166 -0.619134  0.710352
7.00018787	272	-0.387138 -0.613867  0.706043
7.00529193	273	-0.392645 -0.614346  0.707479
7.01038789	273	-0.391927 -0.614825  0.709395
7.01549577	270	-0.388096 -0.604290  0.704606
7.02059602	271	-0.391448 -0.614585  0.714423
7.02571582	273	-0.392645 -0.613388  0.699100
7.03082418	272	-0.392406 -0.610036  0.708916
7.03592014	273	-0.389293 -0.614825  0.710592
7.04102802	273	-0.385463 -0.617698  0.710831
7.04614019	270	-0.392406 -0.613388  0.704846
7.05124378	272	-0.389054 -0.613867  0.706282
7.05634784	273	-0.396476 -0.614825  0.710352
7.06145620	271	-0.390251 -0.618177  0.708916
7.06656408	273	-0.395758 -0.622247  0.711310
7.07168388	273	-0.397194 -0.620331  0.709874
7.07678794	270	-0.398631 -0.613628  0.709155
7.08190011	272	-0.395997 -0.619374  0.701733
7.08700799	273	-0.399828 -0.617698  0.708677
7.09211206	273	-0.395279 -0.613867  0.713704
7.09723615	270	-0.394321 -0.619134  0.713225
7.10234785	272	-0.395997 -0.623204  0.710113
7.10746002	272	-0.397912 -0.618655  0.707719
7.11256790	273	-0.390969 -0.619613  0.712268
7.11767196	273	-0.394082 -0.619853  0.701255
7.12278795	273	-0.397433 -0.619853  0.701733
7.12790822	273	-0.391687 -0.621289  0.711789
7.13301610	271	-0.394321 -0.622486  0.710352
7.13813591	270	-0.393603 -0.618416  0.705803
7.14326000	273	-0.391448 -0.616980  0.707479
7.14837980	273	-0.388575 -0.612191  0.698142
7.15348815	272	-0.388814 -0.622007  0.704846
7.15858793	272	-0.394321 -0.616261  0.699339
7.16370820	273	-0.387378 -0.611952  0.709395
7.16882801	273	-0.391209 -0.618655  0.703170
7.17393207	273	-0.390730 -0.613867  0.710831
7.17903614	272	-0.397912 -0.612191  0.710352
7.18416023	272	-0.388575 -0.613149  0.706522
7.18927621	273	-0.390969 -0.609558  0.706522
7.19437980	273	-0.391927 -0.621289  0.709155
7.19949197	273	-0.392645 -0.613867  0.703170
7.20459604	273	-0.386181 -0.610755  0.713465
7.20970821	273	-0.395039 -0.613867  0.699100
7.21480417	273	-0.387378 -0.618416  0.709874
7.21991586	273	-0.389054 -0.610994  0.708916
7.22499608	271	-0.393363 -0.618655  0.707001
7.23010015	270	-0.387378 -0.612670  0.709395
7.23520421	273	-0.399588 -0.618177  0.707958
7.24031591	273	-0.391448 -0.618177  0.709634
##inga 
#ido(sec)  szog(ADC)     ax(g)    ay(g)   az(g)
7.24595594	273	-0.390730 -0.622007  0.716098
7.25119590	272	-0.391687 -0.616740  0.708198
7.25642395	273	-0.387378 -0.622486  0.699339
7.26167583	272	-0.396476 -0.618177  0.708916
7.26677989	270	-0.396236 -0.621528  0.715380
7.27188396	273	-0.396715 -0.621289  0.715141
7.27699184	271	-0.392645 -0.621528  0.715620
7.28208398	272	-0.395039 -0.615064  0.707719
7.28717184	270	-0.395758 -0.620331  0.703649
7.29226779	273	-0.396236 -0.623204  0.694551
7.29737615	272	-0.396236 -0.619613  0.709395
7.30248403	273	-0.390012 -0.619374  0.706522
7.30757999	272	-0.387857 -0.618177  0.703170
7.31267595	273	-0.391927 -0.617698  0.706282
7.31778001	272	-0.394560 -0.617698  0.707001
7.32287979	273	-0.398152 -0.618177  0.712268
7.32800006	273	-0.383547 -0.613149  0.703649
7.33309984	273	-0.394082 -0.618655  0.698381
7.33819580	273	-0.393124 -0.619134  0.706522
7.34331607	272	-0.389054 -0.610515  0.712747
7.34842014	273	-0.390012 -0.610755  0.708198
7.35352420	273	-0.392885 -0.615543  0.707479
7.35864019	273	-0.394800 -0.615782  0.709634
7.36373996	273	-0.391687 -0.612431  0.706761
7.36885213	272	-0.392885 -0.613149  0.705085
7.37396001	272	-0.389772 -0.607882  0.709155
7.37905979	272	-0.387138 -0.612191  0.712747
7.38416814	272	-0.387138 -0.612191  0.714423
7.38926792	270	-0.395518 -0.613867  0.707719
7.39437198	272	-0.391209 -0.614825  0.713465
7.39948415	273	-0.394082 -0.616022  0.696227
7.40460014	272	-0.389772 -0.616501  0.704128
7.40971183	272	-0.393124 -0.614825  0.708677
7.41483592	270	-0.390490 -0.614825  0.715620
7.41992378	273	-0.390012 -0.616740  0.712507
7.42502021	271	-0.389054 -0.620092  0.707479
7.43010807	272	-0.391687 -0.619853  0.700297
7.43522787	273	-0.393603 -0.623923  0.705564
7.44033193	270	-0.396955 -0.621050  0.712747
7.44543600	270	-0.391448 -0.620810  0.705564
7.45053577	273	-0.396955 -0.626556  0.705085
7.45564413	273	-0.396955 -0.618416  0.701255
7.46075582	273	-0.397673 -0.622486  0.714423
7.46587610	270	-0.391687 -0.623923  0.709874
7.47098779	272	-0.395758 -0.615543  0.707240
7.47609996	273	-0.392645 -0.615304  0.715859
7.48122406	272	-0.389772 -0.614825  0.705564
7.48634004	273	-0.390490 -0.619374  0.707719
7.49144411	272	-0.396715 -0.615543  0.706761
7.49656391	273	-0.388336 -0.615304  0.701973
7.50168418	273	-0.386899 -0.619134  0.699100
7.50678777	272	-0.385702 -0.620331  0.711071
7.51190805	272	-0.396715 -0.615543  0.714183
7.51702785	270	-0.390490 -0.616980  0.707001
7.52213621	270	-0.397194 -0.616022  0.709874
7.52725219	272	-0.395039 -0.615543  0.702930
7.53236007	271	-0.388814 -0.614825  0.706043
7.53746795	273	-0.391448 -0.613149  0.709395
7.54258823	273	-0.388336 -0.609797  0.713465
7.54769182	273	-0.390969 -0.613867  0.705085
7.55280399	273	-0.383308 -0.613388  0.706043
7.55791187	270	-0.389772 -0.612670  0.705085
7.56302785	273	-0.392406 -0.617937  0.700776
7.56814813	273	-0.391687 -0.617458  0.701733
7.57325983	272	-0.389533 -0.609797  0.708198
7.57837581	270	-0.390251 -0.611233  0.700776
7.58349180	273	-0.391687 -0.617698  0.705085
7.58860397	273	-0.393363 -0.619613  0.707479
7.59372806	272	-0.395758 -0.612431  0.711549
7.59884405	273	-0.396955 -0.618416  0.706761
7.60396385	272	-0.395518 -0.618655  0.704846
7.60908412	273	-0.388096 -0.619613  0.708677
7.61419582	273	-0.390730 -0.624641  0.698860
7.61929988	273	-0.391927 -0.620331  0.709874
7.62441205	270	-0.395758 -0.617219  0.712986
7.62953186	270	-0.388814 -0.619853  0.711310
7.63463592	273	-0.394560 -0.618416  0.711071
7.63972806	273	-0.395039 -0.623204  0.708198
7.64482784	273	-0.393603 -0.617698  0.705085
7.64993190	273	-0.387617 -0.620571  0.711310
7.65503978	273	-0.396715 -0.619613  0.713704
7.66014003	272	-0.396715 -0.619613  0.705564
7.66524410	273	-0.395758 -0.613149  0.710831
7.67034006	271	-0.391687 -0.616980  0.707719
7.67543220	273	-0.393124 -0.609797  0.700297
7.68053197	273	-0.390251 -0.613628  0.716338
7.68563604	270	-0.392645 -0.620810  0.702452
7.69073200	270	-0.382590 -0.615543  0.703888
7.69582796	273	-0.396955 -0.615543  0.698621
7.70093584	271	-0.389772 -0.613149  0.708677
7.70604801	273	-0.383547 -0.613628  0.714423
7.71115589	272	-0.392645 -0.612431  0.707479
7.71624803	273	-0.391209 -0.614825  0.702452
7.72134780	272	-0.392645 -0.613867  0.708677
7.72645187	273	-0.391209 -0.610276  0.710113
7.73155212	273	-0.386181 -0.610994  0.711310
7.73665189	271	-0.400785 -0.616261  0.715380
7.74174022	273	-0.395039 -0.613388  0.705085
7.74684000	272	-0.391687 -0.608600  0.706761
7.75192022	273	-0.390490 -0.617458  0.703409
7.75701189	273	-0.395039 -0.611712  0.696227
##inga 
#ido(sec)  szog(ADC)     ax(g)    ay(g)   az(g)
7.76266002	273	-0.391687 -0.611712  0.711071
7.76791620	273	-0.388814 -0.619134  0.705085
7.77315616	272	-0.390969 -0.622247  0.708437
7.77839183	272	-0.398631 -0.617698  0.706761
7.78350019	272	-0.396476 -0.618655  0.709155
7.78860378	272	-0.391448 -0.619134  0.710352
7.79371976	273	-0.392885 -0.618177  0.709395
7.79883623	272	-0.398631 -0.618655  0.708437
7.80394792	273	-0.392645 -0.624162  0.709874
7.80905199	272	-0.396236 -0.618895  0.700297
7.81417608	272	-0.396715 -0.627274  0.706043
7.81928777	272	-0.393124 -0.624401  0.702212
7.82440376	273	-0.392406 -0.623204  0.703409
7.82950782	273	-0.398870 -0.622007  0.705325
7.83460378	272	-0.397673 -0.617698  0.712028
7.83971595	273	-0.389533 -0.612191  0.712268
7.84483623	273	-0.393363 -0.617698  0.708677
7.84993982	273	-0.391209 -0.621050  0.706761
7.85504388	273	-0.393603 -0.615782  0.702452
7.86014795	271	-0.390490 -0.614107  0.716098
7.86524009	270	-0.391209 -0.618895  0.710831
7.87035608	272	-0.392406 -0.606685  0.703170
7.87546014	270	-0.391687 -0.616740  0.708198
7.88057184	273	-0.389054 -0.612191  0.710592
7.88569211	273	-0.386899 -0.606924  0.706043
7.89079618	273	-0.391448 -0.612670  0.706761
7.89591598	272	-0.393124 -0.606445  0.717535
7.90102386	272	-0.393603 -0.614346  0.706522
7.90614414	272	-0.389772 -0.610515  0.710831
7.91125583	273	-0.391687 -0.615064  0.722563
7.91637182	272	-0.393603 -0.608360  0.715620
7.92147588	270	-0.387138 -0.613149  0.710592
7.92659997	273	-0.394800 -0.616980  0.709155
7.93170022	272	-0.385463 -0.614825  0.704128
7.93682813	271	-0.387857 -0.615304  0.711789
7.94194793	273	-0.387378 -0.610276  0.705325
7.94706821	273	-0.395997 -0.619613  0.705325
7.95218801	272	-0.395279 -0.613867  0.710831
7.95730781	273	-0.390490 -0.616740  0.712268
7.96240377	273	-0.397433 -0.619134  0.712986
7.96753597	272	-0.396236 -0.619613  0.701015
7.97265195	273	-0.393124 -0.617698  0.708916
7.97777223	272	-0.393363 -0.622726  0.710831
7.98289203	273	-0.394800 -0.621528  0.709395
7.98799610	272	-0.395997 -0.621289  0.712028
7.99310016	272	-0.397673 -0.620810  0.701255
7.99821186	270	-0.393842 -0.617458  0.707958
8.00331974	273	-0.394560 -0.623923  0.711789
8.00844383	273	-0.397194 -0.618177  0.709395
8.01356410	273	-0.396955 -0.617458  0.702452
8.01866817	273	-0.398631 -0.617219  0.719450
8.02378845	273	-0.394082 -0.621289  0.703170
8.02889156	273	-0.387857 -0.612909  0.709395
8.03398418	273	-0.389772 -0.618177  0.707958
8.03908824	273	-0.392166 -0.617219  0.702930
8.04418754	273	-0.394082 -0.620810  0.708437
8.04928016	273	-0.391209 -0.608600  0.717535
8.05436038	270	-0.386420 -0.613867  0.707001
8.05945968	271	-0.390012 -0.615304  0.703170
8.06454753	273	-0.391687 -0.610755  0.708198
8.06965160	270	-0.393124 -0.612431  0.701255
8.07475566	273	-0.393842 -0.609318  0.709155
8.07985210	272	-0.385463 -0.616980  0.697184
8.08495235	273	-0.386420 -0.614346  0.705564
8.09004783	272	-0.393842 -0.611473  0.707240
8.09514045	272	-0.388575 -0.608839  0.702691
8.10022830	272	-0.384744 -0.610994  0.709395
8.10531234	273	-0.393842 -0.616501  0.708437
8.11042022	272	-0.391448 -0.613388  0.704846
8.11552429	273	-0.390730 -0.614107  0.710592
8.12061214	272	-0.389054 -0.616261  0.707479
8.12570381	273	-0.391687 -0.613149  0.707719
8.13080787	270	-0.392645 -0.615064  0.706761
8.13591194	272	-0.387857 -0.620092  0.713465
8.14100360	272	-0.389293 -0.617458  0.703170
8.14610004	273	-0.394082 -0.617698  0.711549
8.15120029	273	-0.393363 -0.617698  0.709155
8.15630435	271	-0.395518 -0.625838  0.704367
8.16141986	272	-0.395997 -0.621289  0.703170
8.16652393	273	-0.396715 -0.620571  0.703409
8.17163181	273	-0.396476 -0.624401  0.706761
8.17672824	273	-0.398631 -0.616501  0.717296
8.18183231	273	-0.397194 -0.620571  0.701973
8.18693637	273	-0.393124 -0.617698  0.705325
8.19205188	273	-0.397912 -0.622247  0.712986
8.19717597	272	-0.394321 -0.615543  0.708198
8.20228767	273	-0.389293 -0.623204  0.710831
8.20740413	273	-0.396476 -0.616261  0.714662
8.21251201	273	-0.393842 -0.615304  0.706282
8.21762371	270	-0.395518 -0.615782  0.702691
8.22273159	270	-0.393842 -0.621768  0.712986
8.22784423	273	-0.391448 -0.611712  0.708437
8.23295211	273	-0.387378 -0.609318  0.709634
8.23805999	272	-0.389533 -0.614107  0.711549
8.24316024	272	-0.390012 -0.612909  0.695987
8.24826812	273	-0.393603 -0.611952  0.702930
8.25336360	272	-0.387617 -0.612191  0.702452
8.25848388	273	-0.389772 -0.611712  0.710831
8.26360416	273	-0.395039 -0.615543  0.707001
8.26871585	273	-0.389533 -0.616022  0.711549
8.27381229	273	-0.389772 -0.613628  0.706043
##inga 
#ido(sec)  szog(ADC)     ax(g)    ay(g)   az(g)
8.27947235	272	-0.389054 -0.612191  0.707001
8.28472042	272	-0.398391 -0.611712  0.715859
8.28997993	273	-0.392166 -0.615064  0.715620
8.29522800	271	-0.394560 -0.611233  0.723999
8.30034828	272	-0.394082 -0.615782  0.710113
8.30546760	271	-0.392406 -0.614585  0.705085
8.31058788	273	-0.395279 -0.620092  0.706282
8.31570816	273	-0.394321 -0.616980  0.707958
8.32082843	273	-0.392645 -0.622247  0.710592
8.32594776	273	-0.386420 -0.620331  0.713944
8.33106803	272	-0.391448 -0.616501  0.709634
8.33618831	272	-0.393124 -0.618655  0.703888
8.34130764	272	-0.398631 -0.620092  0.702212
8.34642791	272	-0.394321 -0.623444  0.710352
8.35154819	272	-0.398152 -0.611712  0.712986
8.35666847	272	-0.395758 -0.619853  0.704606
8.36178779	272	-0.394321 -0.621768  0.707719
8.36691570	273	-0.395518 -0.620092  0.703170
8.37200832	273	-0.393363 -0.618177  0.701015
8.37713241	273	-0.386420 -0.628232  0.703649
8.38225173	273	-0.390012 -0.614346  0.705085
8.38737201	272	-0.391209 -0.614825  0.706043
8.39247608	273	-0.396476 -0.613149  0.710831
8.39760398	273	-0.395039 -0.614825  0.719690
8.40272045	273	-0.392645 -0.617219  0.709395
8.40783596	273	-0.393363 -0.610036  0.710113
8.41294384	270	-0.392645 -0.614825  0.711549
8.41806030	273	-0.391687 -0.613628  0.709634
8.42317199	272	-0.385463 -0.614107  0.711071
8.42829227	272	-0.386660 -0.614585  0.717774
8.43339633	273	-0.389772 -0.612191  0.707479
8.43851566	272	-0.388814 -0.610276  0.712028
8.44362831	270	-0.395758 -0.614585  0.708916
8.44874000	272	-0.393124 -0.607642  0.701733
8.45382404	272	-0.398152 -0.614107  0.701733
8.45892810	273	-0.391209 -0.610276  0.705564
8.46401977	270	-0.391927 -0.618895  0.704128
8.46912384	272	-0.393603 -0.617698  0.699579
8.47422027	270	-0.392645 -0.616740  0.710352
8.47931575	273	-0.392406 -0.613149  0.710831
8.48441219	272	-0.393842 -0.619134  0.704128
8.48951244	270	-0.394560 -0.617937  0.709634
8.49459171	272	-0.393363 -0.627753  0.711071
8.49969196	270	-0.397912 -0.618655  0.699579
8.50479602	273	-0.395997 -0.621289  0.700776
8.50989246	273	-0.391448 -0.615543  0.716577
8.51499557	273	-0.397912 -0.616501  0.703170
8.52008438	273	-0.396476 -0.623204  0.709395
8.52518844	273	-0.392885 -0.618655  0.700536
8.53028774	272	-0.395518 -0.623923  0.708916
8.53539562	273	-0.391927 -0.623683  0.708198
8.54049968	272	-0.393363 -0.623923  0.706043
8.54560375	273	-0.392885 -0.620092  0.709155
8.55069160	272	-0.395997 -0.619134  0.715620
8.55578804	272	-0.390969 -0.618416  0.705564
8.56089591	273	-0.400067 -0.623204  0.712747
8.56597995	273	-0.393842 -0.612670  0.700776
8.57108402	273	-0.393603 -0.617937  0.696227
8.57618808	270	-0.391687 -0.620810  0.705325
8.58128833	273	-0.390969 -0.619134  0.707001
8.58638763	273	-0.392166 -0.613149  0.702691
8.59149169	272	-0.386181 -0.611473  0.695748
8.59660816	272	-0.389054 -0.617458  0.712268
8.60170841	273	-0.392645 -0.615064  0.702691
8.60680770	270	-0.386181 -0.610994  0.706282
8.61191177	270	-0.395758 -0.618895  0.714183
8.61701202	273	-0.388814 -0.615543  0.706761
8.62212753	273	-0.388336 -0.607642  0.703888
8.62722778	273	-0.389293 -0.615304  0.716098
8.63232421	273	-0.387857 -0.612909  0.697903
8.63742828	273	-0.390730 -0.616261  0.712268
8.64252376	273	-0.392166 -0.612191  0.701733
8.64763641	273	-0.390490 -0.614107  0.706282
8.65273189	273	-0.389293 -0.615782  0.708677
8.65783596	270	-0.394321 -0.615543  0.708198
8.66294765	273	-0.394321 -0.612909  0.718732
8.66806030	273	-0.393603 -0.613628  0.707958
8.67316436	272	-0.392166 -0.620810  0.708437
8.67826843	273	-0.395039 -0.616022  0.709874
8.68337154	273	-0.393842 -0.622726  0.705564
8.68849563	273	-0.399349 -0.617219  0.713944
8.69360446	272	-0.395518 -0.615782  0.713704
8.69872379	273	-0.395758 -0.616022  0.714901
8.70384407	273	-0.393363 -0.620331  0.709634
8.70896434	273	-0.395279 -0.624401  0.700297
8.71408367	270	-0.389772 -0.621289  0.709634
8.71920394	272	-0.399588 -0.620571  0.712507
8.72431182	273	-0.394800 -0.620810  0.709395
8.72941589	273	-0.391927 -0.621768  0.704846
8.73453617	273	-0.392645 -0.617937  0.703170
8.73966026	272	-0.390730 -0.615782  0.715380
8.74477958	272	-0.393124 -0.614107  0.706761
8.74989604	272	-0.395039 -0.619374  0.717296
8.75501155	273	-0.399588 -0.618177  0.707958
8.76011562	271	-0.386420 -0.620092  0.703409
8.76521205	272	-0.393363 -0.610755  0.704606
8.77031993	273	-0.387857 -0.608839  0.710113
8.77542781	273	-0.391687 -0.612670  0.703170
8.78053188	272	-0.393842 -0.609797  0.707001
8.78564357	271	-0.386420 -0.616261  0.704606
8.79076385	271	-0.387378 -0.609797  0.714901
##inga 
#ido(sec)  szog(ADC)     ax(g)    ay(g)   az(g)
8.79640388	272	-0.390730 -0.611473  0.703170
8.80164432	273	-0.389293 -0.613867  0.697663
8.80690383	273	-0.393603 -0.611473  0.701255
8.81213569	273	-0.391448 -0.611712  0.700536
8.81724357	272	-0.394560 -0.614107  0.708916
8.82233238	273	-0.392885 -0.616261  0.709874
8.82744407	272	-0.393603 -0.617698  0.707479
8.83254814	273	-0.393603 -0.615543  0.712028
8.83764362	272	-0.389772 -0.614107  0.701733
8.84274005	273	-0.390730 -0.608360  0.719929
8.84781169	273	-0.390012 -0.618895  0.704846
8.85291576	273	-0.396715 -0.618177  0.709395
8.85802364	273	-0.391927 -0.618177  0.701494
8.86312389	272	-0.395997 -0.618655  0.713704
8.86822032	273	-0.398391 -0.616501  0.704367
8.87331581	272	-0.395039 -0.619374  0.701494
8.87841224	272	-0.387378 -0.619613  0.708916
8.88351631	273	-0.390969 -0.622486  0.698142
8.88860797	272	-0.391927 -0.626317  0.702452
8.89371204	272	-0.395758 -0.622965  0.702452
8.89882373	272	-0.394560 -0.616740  0.706043
8.90392780	273	-0.391927 -0.623444  0.707479
8.90902423	273	-0.394560 -0.619853  0.707719
8.91412353	273	-0.395039 -0.616261  0.707958
8.91922760	273	-0.388336 -0.619134  0.712268
8.92433166	273	-0.391209 -0.613149  0.702691
8.92943191	273	-0.393603 -0.610755  0.704367
8.93453216	272	-0.394560 -0.621289  0.707958
8.93962383	273	-0.391927 -0.612670  0.704128
8.94472408	272	-0.389054 -0.622965  0.715620
8.94982433	273	-0.394082 -0.611952  0.704606
8.95493602	272	-0.391209 -0.612909  0.704128
8.96004009	272	-0.392645 -0.615543  0.701255
8.96515178	270	-0.388096 -0.613388  0.710592
8.97025203	273	-0.387138 -0.612431  0.703409
8.97536754	273	-0.388336 -0.615304  0.704367
8.98047161	273	-0.387617 -0.614346  0.712986
8.98558044	273	-0.385941 -0.613628  0.716817
8.99068355	271	-0.390730 -0.614346  0.700057
8.99577999	273	-0.394082 -0.616740  0.712747
9.00088405	272	-0.397194 -0.611712  0.707719
9.00600433	273	-0.395997 -0.610994  0.708916
9.01109981	273	-0.392166 -0.617458  0.706522
9.01620388	273	-0.392406 -0.611712  0.703170
9.02131557	272	-0.395039 -0.614825  0.710113
9.02643203	273	-0.395039 -0.618655  0.705803
9.03154754	270	-0.396715 -0.620331  0.708437
9.03665161	270	-0.389293 -0.623204  0.701733
9.04176425	273	-0.396955 -0.619853  0.715380
9.04687213	273	-0.395039 -0.622007  0.712747
9.05197238	273	-0.396955 -0.614107  0.706761
9.05709552	273	-0.397433 -0.623923  0.699339
9.06222438	272	-0.392885 -0.622726  0.707240
9.06733989	273	-0.390730 -0.617458  0.712507
9.07244396	273	-0.388336 -0.616022  0.712028
9.07756423	273	-0.394082 -0.621528  0.697903
9.08266830	273	-0.391687 -0.621768  0.708916
9.08777999	270	-0.392885 -0.614585  0.704128
9.09290027	273	-0.392645 -0.624641  0.720647
9.09801959	273	-0.385463 -0.618177  0.707240
9.10313224	272	-0.391927 -0.621768  0.715859
9.10825157	271	-0.391209 -0.609079  0.706522
9.11335182	270	-0.391927 -0.614107  0.709874
9.11845970	273	-0.390251 -0.614825  0.710831
9.12357234	273	-0.392645 -0.613388  0.699579
9.12869167	273	-0.389772 -0.618177  0.708437
9.13381195	270	-0.390251 -0.610276  0.703888
9.13892364	273	-0.388575 -0.612909  0.720887
9.14402008	273	-0.389772 -0.610276  0.704606
9.14912414	272	-0.387857 -0.610515  0.711310
9.15422439	273	-0.392645 -0.610755  0.706282
9.15931606	273	-0.392885 -0.614585  0.707479
9.16442012	272	-0.386899 -0.621289  0.700536
9.16952419	272	-0.392166 -0.606206  0.710113
9.17461204	272	-0.392645 -0.611952  0.709634
9.17971611	273	-0.395997 -0.614585  0.699100
9.18481159	273	-0.391687 -0.611712  0.704367
9.18991184	273	-0.393603 -0.616740  0.707240
9.19500446	273	-0.392885 -0.621289  0.708916
9.20009613	273	-0.390730 -0.626077  0.707001
9.20518779	273	-0.392406 -0.617219  0.708437
9.21029186	273	-0.391448 -0.619853  0.712268
9.21540355	273	-0.394321 -0.617698  0.711789
9.22052001	273	-0.397433 -0.618177  0.713225
9.22563552	273	-0.388575 -0.627753  0.700776
9.23073959	273	-0.392406 -0.618895  0.709395
9.23584365	273	-0.396476 -0.615543  0.706522
9.24094009	273	-0.393842 -0.613388  0.702212
9.24604797	273	-0.395518 -0.620092  0.711310
9.25113964	273	-0.393603 -0.619853  0.715620
9.25624370	272	-0.394800 -0.620092  0.706522
9.26132392	271	-0.394082 -0.622965  0.708437
9.26643180	273	-0.392166 -0.620092  0.707719
9.27152442	270	-0.396236 -0.615543  0.708916
9.27663612	273	-0.388336 -0.618655  0.707958
9.28174018	272	-0.395518 -0.620571  0.703888
9.28684425	273	-0.395758 -0.616022  0.718253
9.29195594	273	-0.390490 -0.611952  0.709395
9.29706001	271	-0.383068 -0.615064  0.707719
9.30216026	271	-0.393124 -0.612909  0.709634
9.30726432	271	-0.390730 -0.616740  0.698142
##inga 
#ido(sec)  szog(ADC)     ax(g)    ay(g)   az(g)
9.31290435	273	-0.388096 -0.611952  0.711789
9.31816005	273	-0.385463 -0.612191  0.707240
9.32340812	272	-0.390012 -0.616740  0.706282
9.32863998	272	-0.390251 -0.608121  0.711549
9.33373641	270	-0.390730 -0.616740  0.706043
9.33882808	270	-0.394800 -0.616022  0.704128
9.34392356	273	-0.385463 -0.610276  0.703170
9.34902763	271	-0.388575 -0.617219  0.710831
9.35414028	272	-0.390251 -0.614107  0.705564
9.35924434	272	-0.394321 -0.614346  0.709395
9.36436843	273	-0.393363 -0.616261  0.705564
9.36948394	273	-0.393124 -0.616740  0.702452
9.37459564	273	-0.390969 -0.621768  0.700776
9.37970829	273	-0.394082 -0.621289  0.715380
9.38480377	270	-0.393363 -0.617219  0.704128
9.38992404	273	-0.396476 -0.622726  0.699818
9.39505195	273	-0.388336 -0.619613  0.703649
9.40017223	273	-0.392645 -0.619134  0.711310
9.40528392	272	-0.394321 -0.620810  0.708677
9.41040420	272	-0.398152 -0.618416  0.701733
9.41552352	272	-0.395997 -0.614346  0.702452
9.42064380	273	-0.396476 -0.619613  0.709874
9.42576408	273	-0.402222 -0.613867  0.707479
9.43088436	273	-0.396476 -0.621768  0.700297
9.43601226	273	-0.386181 -0.618416  0.700536
9.44112777	273	-0.389293 -0.617698  0.701494
9.44624423	273	-0.394560 -0.622486  0.701494
9.45135974	273	-0.393363 -0.618177  0.702212
9.45648384	270	-0.394800 -0.617698  0.706761
9.46159172	273	-0.389293 -0.614107  0.706043
9.46671199	273	-0.386420 -0.618655  0.702212
9.47183609	270	-0.390490 -0.615304  0.713704
9.47694396	272	-0.398391 -0.618655  0.707958
9.48206043	272	-0.394560 -0.613628  0.707001
9.48717594	272	-0.392166 -0.613628  0.710113
9.49230766	271	-0.392406 -0.610276  0.710352
9.49742412	270	-0.388096 -0.616501  0.702212
9.50253963	273	-0.389772 -0.616261  0.706282
9.50765991	270	-0.388814 -0.612431  0.704367
9.51277637	273	-0.384026 -0.620571  0.709874
9.51789188	272	-0.395518 -0.616022  0.697184
9.52300357	273	-0.388814 -0.618655  0.697184
9.52812385	272	-0.393363 -0.614107  0.705564
9.53324413	271	-0.395039 -0.612191  0.703649
9.53836441	273	-0.390012 -0.618177  0.710831
9.54348373	273	-0.399349 -0.616022  0.715141
9.54860401	271	-0.390730 -0.617458  0.697903
9.55370807	273	-0.388336 -0.620092  0.707719
9.55881214	273	-0.397433 -0.616261  0.703888
9.56392765	273	-0.395039 -0.616022  0.706282
9.56904029	272	-0.397912 -0.617937  0.706043
9.57414817	273	-0.393124 -0.617698  0.706761
9.57926845	273	-0.396955 -0.620571  0.714662
9.58437156	272	-0.394800 -0.620810  0.703649
9.58946037	272	-0.394560 -0.618895  0.710352
9.59455966	272	-0.396715 -0.618177  0.710592
9.59966373	273	-0.388814 -0.617458  0.700057
9.60475635	272	-0.397433 -0.618895  0.706282
9.60985183	273	-0.401743 -0.616980  0.707958
9.61495590	272	-0.395997 -0.619853  0.706282
9.62005996	272	-0.394321 -0.617458  0.710592
9.62516403	270	-0.396236 -0.616261  0.707001
9.63027572	272	-0.390251 -0.617937  0.696945
9.63537979	271	-0.388814 -0.617458  0.703649
9.64046764	270	-0.390730 -0.614825  0.712747
9.64556789	272	-0.391209 -0.614107  0.712747
9.65067577	272	-0.390490 -0.615782  0.706761
9.65576362	272	-0.393124 -0.615304  0.702691
9.66086387	272	-0.386899 -0.615782  0.708198
9.66596031	272	-0.390251 -0.611233  0.708916
9.67105960	273	-0.394082 -0.612909  0.707240
9.67613983	272	-0.387857 -0.607882  0.715620
9.68124008	270	-0.394082 -0.608600  0.710113
9.68631553	272	-0.389054 -0.619374  0.709634
9.69140815	270	-0.392406 -0.609318  0.705325
9.69649982	272	-0.390490 -0.606924  0.709155
9.70158767	273	-0.387857 -0.612431  0.699100
9.70670032	272	-0.392406 -0.611233  0.715141
9.71181201	272	-0.385941 -0.613867  0.709155
9.71691608	273	-0.392885 -0.613867  0.707958
9.72203159	273	-0.393603 -0.618177  0.706043
9.72713565	273	-0.394560 -0.618895  0.705564
9.73223590	272	-0.395518 -0.617458  0.707001
9.73735618	273	-0.393603 -0.619134  0.703409
9.74246406	272	-0.395997 -0.617698  0.708198
9.74756813	273	-0.395997 -0.617698  0.706282
9.75266361	273	-0.398152 -0.621050  0.699818
9.75776767	272	-0.391927 -0.623683  0.701973
9.76288414	270	-0.396715 -0.612909  0.707958
9.76799201	273	-0.391687 -0.622007  0.697903
9.77309608	273	-0.397673 -0.619374  0.709874
9.77822017	272	-0.396955 -0.620571  0.707479
9.78334045	273	-0.392885 -0.619853  0.708437
9.78845977	270	-0.400785 -0.624162  0.701973
9.79356002	270	-0.395518 -0.618655  0.702930
9.79866027	272	-0.396715 -0.615782  0.699818
9.80376815	272	-0.390012 -0.615543  0.703409
9.80887222	270	-0.394082 -0.617698  0.706522
9.81397628	273	-0.397194 -0.619374  0.701255
9.81908035	273	-0.395997 -0.617219  0.707240
9.82417964	273	-0.397912 -0.611712  0.705085
##inga 
#ido(sec)  szog(ADC)     ax(g)    ay(g)   az(g)
9.82983207	272	-0.399349 -0.615543  0.702930
9.83508014	272	-0.390490 -0.612431  0.707001
9.84029960	272	-0.387138 -0.614825  0.705803
9.84553241	273	-0.389533 -0.613628  0.710592
9.85065555	273	-0.385702 -0.613388  0.714662
9.85576438	272	-0.392645 -0.611233  0.710831
9.86087989	273	-0.393603 -0.614585  0.715620
9.86598396	270	-0.390730 -0.616022  0.711071
9.87108802	272	-0.389293 -0.617458  0.712986
9.87620353	273	-0.390012 -0.620331  0.711549
9.88130760	273	-0.394560 -0.616501  0.701255
9.88639640	273	-0.391687 -0.619853  0.710831
9.89150047	272	-0.395758 -0.610994  0.712747
9.89659595	273	-0.393842 -0.611473  0.708198
9.90170764	272	-0.391687 -0.612431  0.708437
9.90680408	272	-0.384984 -0.615064  0.706522
9.91189193	272	-0.390969 -0.618416  0.708437
9.91697978	272	-0.395758 -0.619853  0.717296
9.92208766	270	-0.391448 -0.622726  0.704128
9.92720031	273	-0.393124 -0.616740  0.706043
9.93230438	272	-0.393363 -0.616022  0.705803
9.93740844	271	-0.394560 -0.619853  0.714183
9.94251155	270	-0.395758 -0.618416  0.700776
9.94761562	272	-0.400067 -0.622965  0.712507
9.95269203	272	-0.398870 -0.615782  0.708916
9.95779609	273	-0.393603 -0.615782  0.712028
9.96289157	273	-0.393363 -0.618177  0.704128
9.96799564	272	-0.390012 -0.619853  0.715859
9.97309970	271	-0.389533 -0.614825  0.707479
9.97818756	270	-0.397673 -0.621289  0.707479
9.98329162	272	-0.395518 -0.615304  0.704606
9.98838424	272	-0.390730 -0.617458  0.711549
9.99348354	271	-0.390490 -0.616980  0.711310
9.99857997	272	-0.391927 -0.616022  0.704846
10.00368404	273	-0.389054 -0.606924  0.703170
10.00887584	271	-0.389293 -0.616980  0.706522
10.01407623	273	-0.394321 -0.620571  0.718493
10.01927566	273	-0.390730 -0.612431  0.705803
10.02447986	272	-0.394800 -0.609079  0.702212
10.02967643	273	-0.393124 -0.614107  0.704367
10.03488826	273	-0.394560 -0.612670  0.704128
10.04009246	273	-0.388096 -0.615543  0.701733
10.04529571	273	-0.390730 -0.610994  0.706043
10.05049991	273	-0.389293 -0.611712  0.705325
10.05571174	272	-0.392406 -0.616980  0.715620
10.06091213	273	-0.389533 -0.616980  0.700776
10.06611633	272	-0.389772 -0.615782  0.709634
10.07132434	273	-0.391927 -0.613388  0.709634
10.07653617	272	-0.390730 -0.612909  0.709395
10.08173179	272	-0.391927 -0.612431  0.719211
10.08693218	272	-0.395039 -0.612909  0.704128
10.09213161	271	-0.392645 -0.623204  0.704606
10.09732437	273	-0.394800 -0.619374  0.707719
10.10252380	272	-0.397433 -0.623923  0.697184
10.10774040	273	-0.396236 -0.622965  0.711789
10.11294841	272	-0.392885 -0.615304  0.706282
10.11815643	273	-0.391448 -0.618655  0.706043
10.12337207	271	-0.395997 -0.618177  0.708677
10.12858009	272	-0.397673 -0.623444  0.707958
10.13377571	272	-0.393842 -0.618655  0.703409
10.13897991	272	-0.392645 -0.623444  0.715380
10.14418029	273	-0.396236 -0.618416  0.705564
10.14938831	270	-0.399109 -0.620571  0.709395
10.15458774	270	-0.393124 -0.617698  0.706043
10.15978813	273	-0.392406 -0.619613  0.709874
10.16499614	273	-0.390490 -0.611952  0.705085
10.17021179	272	-0.388096 -0.608839  0.709874
10.17541980	270	-0.391687 -0.618177  0.706043
10.18062782	273	-0.401025 -0.618177  0.705803
10.18584442	272	-0.386899 -0.611712  0.704606
10.19104385	270	-0.391209 -0.610994  0.698621
10.19624423	272	-0.386899 -0.613149  0.709874
10.20145225	273	-0.389293 -0.616501  0.707240
10.20665645	273	-0.395997 -0.607882  0.706522
10.21185207	273	-0.390012 -0.615543  0.712986
10.21705245	272	-0.386899 -0.611712  0.712986
10.22225189	273	-0.387138 -0.620092  0.709874
10.22745227	273	-0.388575 -0.614107  0.704367
10.23266410	272	-0.384984 -0.612431  0.704367
10.23786830	273	-0.393603 -0.611712  0.705325
10.24308395	273	-0.390251 -0.615304  0.708437
10.24829578	273	-0.390730 -0.615782  0.701015
10.25349998	272	-0.391927 -0.621528  0.705085
10.25870037	272	-0.389293 -0.616501  0.708437
10.26390361	272	-0.391209 -0.617698  0.710831
10.26910781	272	-0.396715 -0.619374  0.706522
10.27429962	270	-0.393363 -0.614825  0.705085
10.27950000	273	-0.394321 -0.617458  0.701494
10.28470802	273	-0.388336 -0.622965  0.700297
10.28990840	273	-0.392406 -0.623204  0.716338
10.29511165	273	-0.393363 -0.615304  0.711071
10.30032444	275	-0.391209 -0.620810  0.712268
10.30553627	272	-0.393603 -0.619853  0.706761
10.31074047	273	-0.397673 -0.616261  0.704846
10.31594753	272	-0.399349 -0.614346  0.703170
10.32115173	272	-0.390730 -0.617219  0.712986
10.32634830	272	-0.391209 -0.621768  0.713225
10.33155155	271	-0.394560 -0.618416  0.706043
10.33675193	272	-0.385463 -0.612909  0.699339
10.34195613	272	-0.394800 -0.618895  0.708677
10.34715557	272	-0.391687 -0.620571  0.703649
##inga 
#ido(sec)  szog(ADC)     ax(g)    ay(g)   az(g)
10.35290431	273	-0.391448 -0.611473  0.704367
10.35822391	271	-0.390490 -0.618177  0.714662
10.36352825	273	-0.392645 -0.617698  0.712028
10.36882781	273	-0.395039 -0.611712  0.706043
10.37403964	273	-0.391687 -0.616501  0.717056
10.37925243	272	-0.390969 -0.612431  0.707240
10.38445186	273	-0.390490 -0.606445  0.713225
10.38966369	272	-0.387378 -0.615782  0.711789
10.39486789	273	-0.389533 -0.604769  0.704606
10.40006828	273	-0.393603 -0.609318  0.711549
10.40526390	273	-0.385463 -0.617937  0.708677
10.41047191	272	-0.391448 -0.610994  0.705085
10.41566753	273	-0.386899 -0.614825  0.701733
10.42086791	273	-0.395039 -0.613388  0.711549
10.42606830	273	-0.387138 -0.615064  0.712747
10.43127632	273	-0.395518 -0.614585  0.703649
10.43648433	273	-0.391209 -0.621289  0.710831
10.44169235	272	-0.390730 -0.616501  0.712986
10.44689559	271	-0.399349 -0.621289  0.701255
10.45210838	272	-0.393124 -0.623204  0.708437
10.45731163	271	-0.392406 -0.614346  0.709155
10.46250820	272	-0.397194 -0.619853  0.705803
10.46770763	272	-0.398631 -0.620810  0.701733
10.47290802	272	-0.397912 -0.621289  0.704846
10.47811222	273	-0.393363 -0.620571  0.705803
10.48331642	272	-0.389772 -0.618177  0.704128
10.48851966	270	-0.394082 -0.616740  0.708437
10.49372386	272	-0.398391 -0.618177  0.704128
10.49893188	272	-0.392885 -0.616501  0.709874
10.50413990	273	-0.390251 -0.625599  0.711789
10.50934028	273	-0.388575 -0.615543  0.703649
10.51454353	272	-0.390490 -0.624880  0.709874
10.51975631	273	-0.390490 -0.614346  0.709874
10.52495574	272	-0.387378 -0.622007  0.715141
10.53014755	273	-0.397433 -0.614825  0.712986
10.53534793	273	-0.393363 -0.615543  0.711789
10.54055595	272	-0.390730 -0.616501  0.704367
10.54575634	273	-0.383787 -0.609797  0.710352
10.55095577	273	-0.384265 -0.617219  0.707958
10.55615615	272	-0.393842 -0.612191  0.711789
10.56138038	272	-0.391448 -0.614585  0.704128
10.56658840	273	-0.390969 -0.613388  0.703888
10.57179641	273	-0.391209 -0.613388  0.700536
10.57701206	273	-0.386660 -0.617937  0.696227
10.58222007	273	-0.387617 -0.607403  0.715141
10.58742809	273	-0.393363 -0.619613  0.714183
10.59262752	271	-0.393363 -0.612191  0.700297
10.59783554	273	-0.389293 -0.609079  0.705564
10.60304355	273	-0.392406 -0.608600  0.700536
10.60824394	273	-0.391448 -0.612909  0.701255
10.61344432	273	-0.390730 -0.613867  0.704846
10.61864376	272	-0.396715 -0.623683  0.707719
10.62385177	273	-0.394321 -0.616501  0.706761
10.62905979	273	-0.394321 -0.616261  0.709634
10.63426017	273	-0.397433 -0.619134  0.707001
10.63948440	273	-0.398870 -0.621289  0.707958
10.64469242	273	-0.392645 -0.622726  0.707240
10.64988803	273	-0.390490 -0.619853  0.710113
10.65509223	272	-0.397194 -0.617937  0.710592
10.66029644	272	-0.393603 -0.622247  0.718493
10.66549205	272	-0.389293 -0.622726  0.708916
10.67070388	273	-0.399349 -0.622007  0.701255
10.67590045	273	-0.390490 -0.618655  0.701733
10.68109989	273	-0.396236 -0.618895  0.708916
10.68630790	270	-0.401504 -0.621768  0.707240
10.69152355	273	-0.394800 -0.619853  0.720887
10.69673633	270	-0.393603 -0.615304  0.709395
10.70194816	270	-0.391927 -0.615064  0.712507
10.70715236	272	-0.391209 -0.615304  0.705085
10.71235179	271	-0.397433 -0.614107  0.708437
10.71755981	273	-0.389293 -0.615304  0.709155
10.72276020	270	-0.395518 -0.615543  0.706282
10.72796821	272	-0.390251 -0.613149  0.702212
10.73316383	270	-0.391687 -0.609318  0.709634
10.73837566	273	-0.393603 -0.610755  0.706522
10.74357986	273	-0.391687 -0.612191  0.707958
10.74878406	270	-0.388575 -0.618416  0.715620
10.75398826	271	-0.385941 -0.615782  0.705085
10.75920009	273	-0.394321 -0.610515  0.704606
10.76441192	272	-0.394082 -0.607882  0.706043
10.76961994	272	-0.395279 -0.612431  0.704846
10.77482795	272	-0.387378 -0.618177  0.717056
10.78002834	273	-0.392645 -0.617458  0.709395
10.78522396	273	-0.388575 -0.614346  0.708677
10.79043197	273	-0.385223 -0.616501  0.708677
10.79563617	272	-0.392166 -0.614825  0.700057
10.80084037	273	-0.392166 -0.614346  0.714901
10.80604362	270	-0.389772 -0.618895  0.704606
10.81125164	273	-0.396476 -0.617937  0.704606
10.81647205	273	-0.397433 -0.617458  0.702212
10.82168388	273	-0.394082 -0.623923  0.707719
10.82688808	272	-0.398391 -0.620810  0.712986
10.83209228	272	-0.395997 -0.626077  0.706761
10.83729171	272	-0.396476 -0.619374  0.711789
10.84249973	272	-0.394321 -0.623444  0.704367
10.84770011	272	-0.393842 -0.621050  0.708916
10.85289573	271	-0.388814 -0.619134  0.710113
10.85809993	270	-0.390251 -0.618177  0.708198
10.86331176	273	-0.392166 -0.626317  0.700536
10.86851596	270	-0.394082 -0.619853  0.708437
10.87372398	273	-0.391209 -0.617458  0.707001
##inga 
#ido(sec)  szog(ADC)     ax(g)    ay(g)   az(g)
10.87946033	272	-0.402940 -0.614585  0.709155
10.88474369	273	-0.393603 -0.608360  0.707958
10.89001560	271	-0.391209 -0.607642  0.711549
10.89528369	272	-0.391927 -0.617458  0.707479
10.90048408	270	-0.392166 -0.614107  0.707958
10.90567970	272	-0.395279 -0.616261  0.702930
10.91089153	271	-0.391927 -0.610515  0.712747
10.91608428	273	-0.392645 -0.612909  0.709874
10.92129230	270	-0.397673 -0.614107  0.707479
10.92650413	274	-0.394560 -0.611952  0.711310
10.93170833	273	-0.392406 -0.606924  0.704128
10.93690013	272	-0.386660 -0.615543  0.713465
10.94209957	273	-0.389772 -0.616501  0.709395
10.94729995	270	-0.394560 -0.615064  0.712028
10.95250797	273	-0.387617 -0.614107  0.703888
10.95771598	272	-0.395997 -0.617698  0.709634
10.96291637	273	-0.397194 -0.616740  0.712268
10.96812438	273	-0.396715 -0.617458  0.707479
10.97334003	273	-0.391209 -0.620331  0.705564
10.97854042	274	-0.401982 -0.617458  0.706522
10.98373985	273	-0.390730 -0.623204  0.711071
10.98894023	273	-0.393842 -0.620571  0.700297
10.99413967	272	-0.393842 -0.621289  0.707958
10.99934387	272	-0.391927 -0.619374  0.703409
11.00454044	271	-0.395039 -0.618177  0.698142
11.00973987	273	-0.394082 -0.621528  0.706282
11.01495170	272	-0.389293 -0.619853  0.704128
11.02016353	272	-0.391209 -0.626556  0.704606
