##inga 
#ido(sec)  szog(ADC)     ax(g)    ay(g)   az(g)
0.00171600	188	-0.477878 -0.784572  0.406053
0.00692000	189	-0.472132 -0.772362  0.415150
##inga 
#ido(sec)  szog(ADC)     ax(g)    ay(g)   az(g)
0.01350800	189	-0.479314 -0.777868  0.400785
0.01872400	190	-0.481709 -0.784093  0.410123
0.02395200	189	-0.473329 -0.779065  0.411559
0.02918000	191	-0.475723 -0.783375  0.408207
0.03427600	190	-0.474287 -0.779544  0.414193
0.03937200	191	-0.478117 -0.780741  0.414193
0.04446800	190	-0.480511 -0.785769  0.416587
0.04955600	189	-0.472850 -0.780262  0.407968
0.05463600	190	-0.474526 -0.777868  0.416108
0.05972400	189	-0.474526 -0.779784  0.404137
0.06481200	189	-0.473329 -0.781220  0.417066
0.06990400	191	-0.478117 -0.785051  0.415629
0.07499600	190	-0.476441 -0.780741  0.426403
0.08009201	191	-0.476920 -0.780981  0.404137
0.08518800	189	-0.479554 -0.783375  0.415629
0.09028400	190	-0.478596 -0.780741  0.405574
0.09538001	190	-0.478117 -0.784093  0.412756
0.10047200	191	-0.478357 -0.779305  0.411559
0.10556401	191	-0.476920 -0.780262  0.415390
0.11065200	190	-0.474526 -0.778347  0.416347
0.11575200	190	-0.476202 -0.783135  0.401504
0.12085200	188	-0.474287 -0.776911  0.416826
0.12595200	188	-0.480751 -0.783854  0.410362
0.13105599	189	-0.476681 -0.776671  0.410362
0.13616399	191	-0.475484 -0.781699  0.407250
0.14126800	189	-0.481469 -0.781699  0.410601
0.14637200	190	-0.477638 -0.780741  0.410123
0.15147600	191	-0.484342 -0.779784  0.411799
0.15657999	190	-0.475723 -0.781459  0.403180
0.16168401	189	-0.472132 -0.783614  0.409404
0.16680400	188	-0.478117 -0.782896  0.419220
0.17190001	191	-0.479554 -0.776192  0.407728
0.17700399	188	-0.478596 -0.781220  0.414193
0.18210400	190	-0.478596 -0.775235  0.420657
0.18720799	190	-0.480033 -0.782417  0.408207
0.19231599	189	-0.479314 -0.781220  0.412038
0.19742000	191	-0.476681 -0.774995  0.411559
0.20251600	188	-0.480033 -0.777150  0.408447
0.20760400	190	-0.473329 -0.783375  0.408926
0.21270799	190	-0.474526 -0.784572  0.408447
0.21780798	190	-0.477399 -0.781699  0.413714
0.22291600	191	-0.480272 -0.776432  0.404377
0.22799601	189	-0.480511 -0.779544  0.421854
0.23308799	189	-0.474526 -0.779544  0.405334
0.23819200	187	-0.482187 -0.779544  0.405574
0.24327600	191	-0.479554 -0.778347  0.410841
0.24836399	188	-0.477638 -0.780741  0.414432
0.25345997	188	-0.475484 -0.778826  0.411080
0.25855202	188	-0.474287 -0.775953  0.414911
0.26365199	189	-0.482427 -0.777389  0.417784
0.26874799	189	-0.475723 -0.784811  0.413235
0.27385601	191	-0.475723 -0.777868  0.406053
0.27895598	190	-0.476441 -0.782896  0.402461
0.28404399	190	-0.480751 -0.781938  0.408447
0.28914799	190	-0.481469 -0.782417  0.412996
0.29424800	191	-0.482666 -0.778347  0.404137
0.29934000	190	-0.480511 -0.779305  0.407968
0.30442800	191	-0.476681 -0.775953  0.418502
0.30952401	189	-0.478836 -0.780981  0.403658
0.31462800	188	-0.482666 -0.780981  0.405574
0.31971600	190	-0.486257 -0.780741  0.410841
0.32481598	190	-0.476202 -0.780502  0.410123
0.32990801	188	-0.479314 -0.772840  0.411559
0.33500399	191	-0.481948 -0.783375  0.410601
0.34010801	188	-0.477878 -0.785769  0.408926
0.34521200	189	-0.479314 -0.782417  0.418263
0.35030002	190	-0.478117 -0.778826  0.408447
0.35540399	191	-0.477878 -0.786008  0.414672
0.36049199	191	-0.480511 -0.777629  0.412038
0.36559200	191	-0.480511 -0.780741  0.411320
0.37068400	188	-0.477160 -0.778586  0.413235
0.37577998	190	-0.480272 -0.780023  0.412277
0.38086797	190	-0.480272 -0.781938  0.398391
0.38597200	191	-0.474765 -0.776671  0.414911
0.39107599	190	-0.480990 -0.777629  0.409883
0.39615602	190	-0.474287 -0.780502  0.403419
0.40125999	190	-0.479793 -0.779544  0.409644
0.40636796	191	-0.473808 -0.778586  0.415629
0.41147198	190	-0.476202 -0.775713  0.404137
0.41657199	190	-0.475005 -0.778108  0.416347
0.42165999	188	-0.484582 -0.780981  0.421136
0.42677597	188	-0.482187 -0.780262  0.412517
0.43188400	191	-0.478357 -0.786248  0.419220
0.43698797	187	-0.482666 -0.782417  0.403180
0.44210000	188	-0.479314 -0.778826  0.413474
0.44719600	191	-0.479793 -0.778586  0.407250
0.45227599	188	-0.479075 -0.781459  0.407250
0.45735602	191	-0.482427 -0.783375  0.407489
0.46245198	189	-0.477160 -0.779305  0.403898
0.46754798	188	-0.479075 -0.781699  0.414193
0.47263603	188	-0.477638 -0.779305  0.406053
0.47773199	189	-0.475963 -0.778826  0.407728
0.48282799	188	-0.481469 -0.782178  0.422812
0.48793201	190	-0.480272 -0.782657  0.410601
0.49302802	187	-0.478596 -0.782417  0.412277
0.49813199	191	-0.476681 -0.781220  0.405574
0.50323600	190	-0.478836 -0.779305  0.425445
0.50833601	191	-0.481469 -0.779065  0.412038
0.51342797	191	-0.474526 -0.781459  0.414672
0.51853199	191	-0.477638 -0.780981  0.420178
0.52362003	187	-0.479075 -0.782417  0.413235
##inga 
#ido(sec)  szog(ADC)     ax(g)    ay(g)   az(g)
0.52925996	190	-0.482427 -0.778347  0.417545
0.53451199	189	-0.483624 -0.776432  0.414672
0.53978004	189	-0.477399 -0.784572  0.404137
0.54499602	190	-0.478836 -0.782417  0.408686
0.55010004	191	-0.477638 -0.780981  0.403898
0.55519599	188	-0.477399 -0.781938  0.416347
0.56029200	191	-0.475244 -0.774516  0.415869
0.56540398	190	-0.472850 -0.780023  0.408686
0.57048397	189	-0.472850 -0.778586  0.418023
0.57557201	189	-0.472850 -0.783614  0.403658
0.58067202	188	-0.479075 -0.776671  0.412756
0.58578004	190	-0.473808 -0.776192  0.407489
0.59087996	189	-0.476202 -0.780262  0.416826
0.59597997	188	-0.486018 -0.779065  0.412517
0.60106801	191	-0.477638 -0.785530  0.414432
0.60616397	189	-0.476681 -0.778347  0.410123
0.61126799	191	-0.480511 -0.780023  0.409883
0.61635599	191	-0.476920 -0.787445  0.416826
0.62146000	188	-0.477160 -0.779305  0.411799
0.62654800	191	-0.479075 -0.782178  0.411799
0.63165998	191	-0.479793 -0.781699  0.411559
0.63675999	190	-0.479075 -0.781459  0.409404
0.64187598	190	-0.479075 -0.783135  0.405095
0.64699602	188	-0.477878 -0.773559  0.414672
0.65210399	189	-0.484821 -0.775953  0.415629
0.65721201	188	-0.472850 -0.777150  0.416108
0.66231603	190	-0.477878 -0.779065  0.421854
0.66743202	188	-0.475484 -0.783854  0.411320
0.67253999	190	-0.479075 -0.771883  0.402222
0.67765598	188	-0.477399 -0.782657  0.410601
0.68276400	189	-0.468780 -0.775953  0.401743
0.68786001	190	-0.481469 -0.779544  0.415390
0.69296798	191	-0.478357 -0.778347  0.413235
0.69807200	190	-0.478836 -0.785769  0.406531
0.70315999	191	-0.478117 -0.777629  0.412996
0.70825200	187	-0.483863 -0.777629  0.411559
0.71334795	187	-0.478117 -0.781699  0.408686
0.71845197	190	-0.477638 -0.781938  0.407968
0.72355599	191	-0.484821 -0.778586  0.409404
0.72865200	190	-0.484103 -0.780262  0.417305
0.73373198	191	-0.482427 -0.784811  0.410601
0.73883600	189	-0.478836 -0.774995  0.421375
0.74393200	190	-0.481948 -0.781938  0.412756
0.74902000	187	-0.475963 -0.786966  0.407489
0.75411996	189	-0.476202 -0.783375  0.411080
0.75920395	190	-0.475723 -0.774277  0.413714
0.76429996	190	-0.479554 -0.777868  0.408207
0.76939601	190	-0.477638 -0.781220  0.414432
0.77448396	190	-0.477638 -0.778586  0.405334
0.77957201	188	-0.478596 -0.781459  0.415629
0.78466801	187	-0.480033 -0.778347  0.412996
0.78975200	189	-0.480033 -0.778586  0.407489
0.79484395	189	-0.472850 -0.783854  0.413953
0.79994001	190	-0.468780 -0.777868  0.404137
0.80503597	188	-0.483384 -0.780502  0.409644
0.81013202	188	-0.478596 -0.782417  0.412756
0.81523599	188	-0.481469 -0.777389  0.411559
0.82033996	189	-0.475005 -0.780262  0.417545
0.82542800	189	-0.482427 -0.778586  0.410841
0.83053197	190	-0.477878 -0.778108  0.412038
0.83563604	190	-0.483145 -0.783135  0.408447
0.84074401	188	-0.479793 -0.777868  0.413953
0.84584398	189	-0.480751 -0.782178  0.412277
0.85093994	191	-0.475244 -0.783375  0.408447
0.85604801	190	-0.479075 -0.779784  0.406771
0.86115198	189	-0.480511 -0.780502  0.412517
0.86624402	188	-0.482906 -0.777629  0.411799
0.87134799	190	-0.481948 -0.786727  0.411799
0.87646398	191	-0.479314 -0.779544  0.403898
0.88156805	190	-0.480990 -0.785290  0.415150
0.88663597	191	-0.479554 -0.781938  0.419939
0.89175596	191	-0.475484 -0.780262  0.411559
0.89686403	191	-0.481709 -0.779544  0.412756
0.90196800	191	-0.481469 -0.779305  0.418981
0.90707998	190	-0.477160 -0.779305  0.416587
0.91219596	190	-0.478596 -0.783375  0.407728
0.91730003	190	-0.477878 -0.778108  0.414432
0.92240400	190	-0.482427 -0.783854  0.412756
0.92750396	191	-0.479075 -0.780981  0.412277
0.93259601	188	-0.481709 -0.780262  0.413235
0.93769998	189	-0.476681 -0.783854  0.412756
0.94279994	191	-0.479314 -0.780741  0.413953
0.94789199	191	-0.478357 -0.779544  0.402461
0.95297994	189	-0.481469 -0.784332  0.407968
0.95808401	187	-0.478596 -0.780981  0.413235
0.96317996	190	-0.475723 -0.782417  0.401504
0.96828403	188	-0.479554 -0.779065  0.404855
0.97337198	190	-0.475723 -0.780502  0.406292
0.97846403	190	-0.478117 -0.781220  0.405813
0.98355598	188	-0.481948 -0.781938  0.408926
0.98865995	191	-0.478117 -0.788163  0.403658
0.99376401	191	-0.475963 -0.779305  0.403180
0.99885196	190	-0.478836 -0.775953  0.420657
1.00394797	190	-0.468780 -0.780981  0.416108
1.00903594	188	-0.474287 -0.782417  0.408207
1.01414000	191	-0.482187 -0.777389  0.412756
1.01924395	191	-0.479554 -0.782417  0.412756
1.02435195	191	-0.481469 -0.781220  0.417545
1.02945995	191	-0.476920 -0.779065  0.413235
1.03454804	191	-0.478596 -0.782896  0.403658
1.03965997	190	-0.476202 -0.780741  0.412517
##inga 
#ido(sec)  szog(ADC)     ax(g)    ay(g)   az(g)
1.04529201	190	-0.475484 -0.775713  0.415150
1.05054402	188	-0.483145 -0.778108  0.408686
1.05576002	189	-0.481469 -0.781220  0.421136
1.06099998	188	-0.478117 -0.777868  0.408686
1.06610405	188	-0.478357 -0.779305  0.407728
1.07120800	191	-0.482427 -0.776671  0.414432
1.07630801	191	-0.479075 -0.783135  0.405095
1.08141994	191	-0.476920 -0.774038  0.410362
1.08652400	191	-0.475005 -0.776192  0.404855
1.09162796	189	-0.475963 -0.778586  0.412277
1.09674798	188	-0.479793 -0.783375  0.413474
1.10184800	188	-0.480033 -0.781220  0.406531
1.10694003	191	-0.473329 -0.780262  0.413235
1.11204397	189	-0.475244 -0.781938  0.416587
1.11715602	187	-0.480990 -0.778586  0.412756
1.12225198	189	-0.481709 -0.781938  0.408207
1.12735605	188	-0.477160 -0.784332  0.411320
1.13245999	190	-0.480272 -0.775953  0.418023
1.13756394	190	-0.477160 -0.779544  0.414672
1.14266395	190	-0.482427 -0.779784  0.410362
1.14778399	191	-0.476681 -0.785051  0.411559
1.15288400	190	-0.478596 -0.778108  0.404377
1.15799605	188	-0.476441 -0.784093  0.410123
1.16310799	189	-0.477638 -0.779305  0.408686
1.16821599	188	-0.474287 -0.776911  0.410841
1.17334794	187	-0.477160 -0.778826  0.401982
1.17845594	188	-0.479314 -0.784811  0.405334
1.18358003	191	-0.480990 -0.779305  0.416587
1.18868398	190	-0.476202 -0.776432  0.419699
1.19380402	190	-0.476681 -0.776671  0.413235
1.19892001	188	-0.479554 -0.783135  0.407010
1.20404005	191	-0.475244 -0.778108  0.416587
1.20916402	188	-0.479554 -0.778108  0.407010
1.21428394	191	-0.477878 -0.783854  0.410601
1.21940004	190	-0.476920 -0.772122  0.412038
1.22451603	188	-0.474765 -0.781220  0.410601
1.22961997	189	-0.486257 -0.782417  0.413714
1.23473203	189	-0.478836 -0.774995  0.408926
1.23984396	188	-0.476920 -0.782896  0.402222
1.24494802	189	-0.472371 -0.774995  0.411320
1.25005996	190	-0.477399 -0.783854  0.418502
1.25517594	188	-0.480990 -0.780023  0.409883
1.26025998	188	-0.478357 -0.783854  0.406053
1.26536405	191	-0.475484 -0.782657  0.401264
1.27046799	188	-0.482187 -0.776432  0.399349
1.27556395	190	-0.474047 -0.782657  0.419699
1.28066802	190	-0.482187 -0.780502  0.409644
1.28576397	188	-0.477638 -0.782657  0.418023
1.29086804	188	-0.475244 -0.781699  0.410362
1.29597198	190	-0.478836 -0.780502  0.413714
1.30107605	190	-0.478596 -0.775474  0.412756
1.30618000	187	-0.480033 -0.783135  0.418981
1.31127595	187	-0.475484 -0.778586  0.409404
1.31637203	189	-0.478117 -0.782896  0.409404
1.32147598	191	-0.481709 -0.784332  0.412756
1.32657599	190	-0.477160 -0.783375  0.410841
1.33168005	191	-0.474765 -0.778586  0.413474
1.33677196	190	-0.479314 -0.781938  0.413474
1.34186804	190	-0.478836 -0.783854  0.405574
1.34697997	191	-0.475723 -0.779305  0.416108
1.35207605	190	-0.482906 -0.771164  0.413474
1.35717201	190	-0.476441 -0.779305  0.407010
1.36227595	189	-0.478357 -0.779065  0.396715
1.36738395	190	-0.485060 -0.784572  0.402222
1.37247598	191	-0.475723 -0.778586  0.415390
1.37758004	190	-0.469738 -0.781459  0.413953
1.38268399	187	-0.477638 -0.773798  0.414193
1.38778805	190	-0.480033 -0.777868  0.405574
1.39288401	191	-0.479075 -0.783854  0.406771
1.39798795	190	-0.483863 -0.788163  0.406771
1.40310001	190	-0.477399 -0.785769  0.402701
1.40819597	187	-0.476202 -0.781938  0.413953
1.41329202	191	-0.479554 -0.781459  0.413714
1.41840004	187	-0.474765 -0.784093  0.417066
1.42350397	189	-0.482666 -0.777389  0.409165
1.42860794	191	-0.481948 -0.778826  0.420896
1.43371200	190	-0.476441 -0.777629  0.412038
1.43882799	190	-0.479314 -0.788403  0.412756
1.44392395	190	-0.476441 -0.779065  0.423530
1.44902000	191	-0.482187 -0.780741  0.402701
1.45413198	189	-0.477878 -0.781699  0.407010
1.45923995	190	-0.482906 -0.777389  0.407489
1.46433997	191	-0.477160 -0.774038  0.402461
1.46945595	190	-0.479314 -0.781699  0.414432
1.47456002	190	-0.481948 -0.777868  0.413235
1.47966394	188	-0.476202 -0.784811  0.413235
1.48477196	188	-0.475484 -0.781459  0.405095
1.48988795	190	-0.479554 -0.785290  0.413953
1.49497995	191	-0.479314 -0.777868  0.410123
1.50010004	190	-0.486257 -0.783614  0.414193
1.50520396	187	-0.490806 -0.784811  0.406053
1.51029205	188	-0.474287 -0.781938  0.410362
1.51541194	189	-0.477399 -0.785290  0.409883
1.52051601	189	-0.477878 -0.784093  0.411320
1.52561998	190	-0.480272 -0.779544  0.405334
1.53072404	190	-0.472611 -0.778826  0.407489
1.53584394	188	-0.479075 -0.782178  0.410601
1.54095196	187	-0.478357 -0.774756  0.421136
1.54607200	188	-0.477160 -0.779065  0.409404
1.55117597	190	-0.476681 -0.778347  0.414432
1.55628395	189	-0.476681 -0.773798  0.410362
##inga 
#ido(sec)  szog(ADC)     ax(g)    ay(g)   az(g)
1.56193995	188	-0.479075 -0.781220  0.408207
1.56716799	188	-0.479554 -0.779305  0.405574
1.57239999	188	-0.480511 -0.780741  0.412756
1.57763195	188	-0.473808 -0.784572  0.410362
1.58272399	191	-0.484103 -0.779544  0.422093
1.58782005	191	-0.478596 -0.777389  0.420896
1.59292402	189	-0.477638 -0.782657  0.412277
1.59802794	191	-0.482427 -0.780023  0.406053
1.60312404	188	-0.483145 -0.776671  0.412277
1.60822796	190	-0.481230 -0.782178  0.405574
1.61334395	187	-0.474287 -0.781938  0.415869
1.61844801	190	-0.474047 -0.776671  0.404137
1.62354001	187	-0.477878 -0.780502  0.410362
1.62862005	188	-0.476681 -0.779065  0.408926
1.63372001	189	-0.472611 -0.784093  0.409404
1.63881196	189	-0.471892 -0.782896  0.405574
1.64390802	190	-0.482666 -0.775953  0.419460
1.64901199	191	-0.475963 -0.778347  0.407489
1.65411996	188	-0.476681 -0.779784  0.414911
1.65922403	190	-0.481469 -0.782178  0.409883
1.66433200	189	-0.478117 -0.776671  0.399588
1.66943206	190	-0.479554 -0.775713  0.418742
1.67454004	191	-0.482666 -0.783854  0.409404
1.67964401	190	-0.473329 -0.777868  0.410841
1.68475604	190	-0.478117 -0.782657  0.408686
1.68986797	188	-0.481230 -0.774995  0.423051
1.69496402	190	-0.483863 -0.779065  0.407968
1.70005998	189	-0.479554 -0.785051  0.421615
1.70516004	191	-0.478117 -0.777629  0.407010
1.71026802	188	-0.477160 -0.779784  0.413953
1.71537199	190	-0.478357 -0.783854  0.412756
1.72047605	188	-0.478117 -0.778586  0.412277
1.72557997	191	-0.478357 -0.781699  0.410601
1.73068799	189	-0.476202 -0.772601  0.411559
1.73578796	188	-0.480751 -0.779544  0.413953
1.74088802	191	-0.479075 -0.780741  0.402222
1.74598798	188	-0.481469 -0.778347  0.410123
1.75109996	190	-0.479554 -0.772601  0.411080
1.75620403	188	-0.471174 -0.776432  0.412038
1.76132001	191	-0.473568 -0.781459  0.407728
1.76643204	190	-0.479075 -0.773798  0.408447
1.77153205	191	-0.479554 -0.777150  0.411320
1.77663602	189	-0.477399 -0.782417  0.408686
1.78173995	189	-0.477399 -0.782178  0.406531
1.78684401	188	-0.478117 -0.776671  0.403658
1.79196000	191	-0.478117 -0.779544  0.412517
1.79706802	187	-0.480751 -0.784572  0.413953
1.80217189	190	-0.480511 -0.785051  0.409165
1.80727596	191	-0.475963 -0.776911  0.420418
1.81238794	190	-0.474287 -0.784093  0.401025
1.81749200	188	-0.482187 -0.781220  0.413714
1.82260398	191	-0.481469 -0.780023  0.411559
1.82770805	190	-0.481709 -0.784093  0.405813
1.83281192	189	-0.480751 -0.783854  0.402222
1.83792400	190	-0.477399 -0.779544  0.415150
1.84303197	190	-0.480272 -0.779784  0.413235
1.84815206	189	-0.477399 -0.784093  0.402940
1.85326395	188	-0.481469 -0.785290  0.412996
1.85838403	190	-0.473089 -0.778826  0.414193
1.86350002	190	-0.480511 -0.778586  0.416347
1.86860389	191	-0.479554 -0.780262  0.406053
1.87372398	189	-0.472371 -0.776671  0.410362
1.87884407	187	-0.476441 -0.780502  0.408447
1.88394794	189	-0.486018 -0.779305  0.408207
1.88905200	191	-0.478596 -0.777389  0.413714
1.89414796	190	-0.479793 -0.777868  0.407489
1.89925594	191	-0.477160 -0.780502  0.409644
1.90434799	191	-0.477878 -0.780023  0.412756
1.90944395	190	-0.475484 -0.784332  0.408926
1.91454801	187	-0.477160 -0.778347  0.417305
1.91964397	188	-0.478357 -0.775474  0.406053
1.92475605	188	-0.476920 -0.780981  0.416347
1.92985591	189	-0.473089 -0.776671  0.408926
1.93496398	190	-0.483624 -0.778347  0.411320
1.94006805	190	-0.467822 -0.777868  0.417784
1.94516391	190	-0.477160 -0.782417  0.415150
1.95026006	191	-0.478596 -0.780981  0.405095
1.95536003	189	-0.478357 -0.782657  0.408926
1.96046810	189	-0.474765 -0.783135  0.398391
1.96556797	187	-0.479075 -0.778108  0.412038
1.97066001	190	-0.481948 -0.785051  0.406292
1.97575607	190	-0.476202 -0.786727  0.407010
1.98085594	191	-0.475244 -0.778826  0.411320
1.98594799	188	-0.477878 -0.775953  0.401504
1.99105205	189	-0.477160 -0.785530  0.404616
1.99615201	191	-0.485300 -0.779784  0.412277
2.00124788	189	-0.478117 -0.777868  0.407968
2.00635600	189	-0.475484 -0.780502  0.404616
2.01144409	190	-0.477878 -0.780741  0.416826
2.01654005	188	-0.478836 -0.784572  0.411320
2.02165198	188	-0.476202 -0.780502  0.411799
2.02675199	189	-0.479314 -0.782896  0.418023
2.03185200	189	-0.475723 -0.778586  0.406053
2.03695607	190	-0.476920 -0.777868  0.412038
2.04205608	189	-0.474047 -0.780023  0.414672
2.04714798	188	-0.483863 -0.782896  0.412996
2.05225610	189	-0.474047 -0.773319  0.401504
2.05735993	189	-0.480272 -0.784093  0.414193
2.06245994	187	-0.477638 -0.784332  0.416108
2.06756401	188	-0.477160 -0.786487  0.413474
2.07265210	191	-0.479793 -0.778347  0.408447
##inga 
#ido(sec)  szog(ADC)     ax(g)    ay(g)   az(g)
2.07828807	188	-0.482427 -0.780262  0.413235
2.08353590	189	-0.473089 -0.773559  0.409404
2.08875203	189	-0.484342 -0.776432  0.413235
2.09399199	190	-0.480511 -0.780502  0.425924
2.09908390	190	-0.480033 -0.781220  0.413235
2.10417199	188	-0.469977 -0.778586  0.409883
2.10928392	190	-0.475484 -0.779544  0.412756
2.11439990	191	-0.473808 -0.776671  0.409165
2.11951589	190	-0.479793 -0.777629  0.409165
2.12463188	190	-0.478117 -0.780023  0.408926
2.12974810	188	-0.478117 -0.785530  0.411320
2.13485193	189	-0.477160 -0.777389  0.415629
2.13995599	190	-0.480272 -0.784332  0.409404
2.14506006	190	-0.480272 -0.786966  0.407010
2.15016388	191	-0.482427 -0.777868  0.407968
2.15527606	190	-0.472132 -0.777389  0.416587
2.16039609	189	-0.479793 -0.777150  0.406531
2.16551208	188	-0.480511 -0.771883  0.418023
2.17061996	188	-0.480272 -0.776671  0.409883
2.17573189	187	-0.479314 -0.785769  0.415390
2.18084406	190	-0.483145 -0.782417  0.409883
2.18595600	190	-0.477160 -0.777629  0.402461
2.19104409	190	-0.483145 -0.782657  0.408686
2.19614791	187	-0.486018 -0.779544  0.412517
2.20124411	190	-0.480751 -0.779544  0.407968
2.20634794	191	-0.483863 -0.780502  0.410362
2.21143603	188	-0.476681 -0.777389  0.405574
2.21654009	191	-0.474287 -0.782178  0.411559
2.22164392	191	-0.478117 -0.778586  0.416347
2.22674798	189	-0.477160 -0.777629  0.417066
2.23184800	187	-0.472850 -0.780741  0.413474
2.23693203	188	-0.477160 -0.783135  0.421136
2.24203610	188	-0.480033 -0.779784  0.411799
2.24713611	190	-0.478836 -0.773559  0.410841
2.25223994	189	-0.476202 -0.774756  0.413474
2.25733208	191	-0.478357 -0.780023  0.412996
2.26242804	187	-0.479075 -0.780502  0.418263
2.26751589	188	-0.480033 -0.782896  0.411080
2.27260804	191	-0.475723 -0.781459  0.406292
2.27769994	191	-0.480511 -0.781220  0.418981
2.28279590	191	-0.482666 -0.779544  0.409644
2.28789591	191	-0.479075 -0.777868  0.414193
2.29299998	187	-0.480272 -0.778826  0.419939
2.29809188	190	-0.478117 -0.779305  0.410123
2.30318808	189	-0.473329 -0.779784  0.412038
2.30831193	191	-0.477638 -0.785530  0.418981
2.31342005	190	-0.477638 -0.773559  0.412038
2.31852388	187	-0.481230 -0.779305  0.407728
2.32361602	188	-0.475723 -0.776671  0.404137
2.32873201	190	-0.482187 -0.775713  0.409883
2.33383989	191	-0.476920 -0.779065  0.404137
2.33893990	188	-0.477638 -0.780262  0.407968
2.34402799	190	-0.476202 -0.778826  0.416826
2.34912395	191	-0.475723 -0.776911  0.407968
2.35423588	190	-0.476920 -0.785051  0.414432
2.35933995	188	-0.477160 -0.784332  0.409165
2.36445593	191	-0.475244 -0.779784  0.411320
2.36956810	189	-0.481469 -0.780023  0.402701
2.37466001	189	-0.480272 -0.780262  0.410841
2.37976002	188	-0.476202 -0.779784  0.406531
2.38486409	191	-0.479075 -0.780741  0.406053
2.38995599	191	-0.480751 -0.782417  0.417545
2.39506006	187	-0.483145 -0.778586  0.414193
2.40016388	188	-0.474765 -0.780023  0.407010
2.40526795	190	-0.486497 -0.781459  0.412996
2.41038799	191	-0.476920 -0.783614  0.407010
2.41549992	188	-0.480033 -0.785051  0.415150
2.42058801	191	-0.476681 -0.783375  0.412277
2.42569994	189	-0.481230 -0.783375  0.414193
2.43080806	187	-0.475963 -0.776671  0.412277
2.43592810	189	-0.478596 -0.779305  0.414672
2.44103193	188	-0.479314 -0.783135  0.414672
2.44614005	191	-0.473808 -0.778826  0.414911
2.45126008	187	-0.478596 -0.780981  0.413714
2.45636391	191	-0.475005 -0.780262  0.410362
2.46146798	189	-0.484342 -0.781938  0.418742
2.46658802	189	-0.478596 -0.785051  0.404616
2.47169995	190	-0.475723 -0.780502  0.413714
2.47680401	191	-0.483384 -0.781699  0.412756
2.48191595	189	-0.476681 -0.777150  0.412756
2.48702788	190	-0.473808 -0.782657  0.406771
2.49214005	191	-0.478117 -0.783135  0.407489
2.49724388	191	-0.484342 -0.777389  0.412996
2.50234794	189	-0.476920 -0.776192  0.402701
2.50744390	189	-0.479075 -0.773080  0.404377
2.51251602	191	-0.480511 -0.778108  0.408926
2.51762008	190	-0.477878 -0.777868  0.419939
2.52271604	189	-0.479314 -0.778586  0.406531
2.52781605	189	-0.481709 -0.782178  0.397673
2.53291606	188	-0.478836 -0.781938  0.414672
2.53802800	189	-0.480990 -0.783135  0.401504
2.54310798	191	-0.480033 -0.781938  0.411559
2.54820394	189	-0.480751 -0.782178  0.412517
2.55330801	190	-0.474287 -0.773559  0.413235
2.55842399	189	-0.474287 -0.781699  0.403898
2.56353211	189	-0.476681 -0.777629  0.410123
2.56863999	189	-0.476202 -0.784572  0.405574
2.57374811	191	-0.477399 -0.781938  0.413953
2.57884407	188	-0.471892 -0.787684  0.399828
2.58394002	191	-0.483384 -0.783135  0.408207
2.58905196	190	-0.479075 -0.783854  0.408207
##inga 
#ido(sec)  szog(ADC)     ax(g)    ay(g)   az(g)
2.59467601	191	-0.476681 -0.777629  0.417066
2.59992790	190	-0.476920 -0.778108  0.407968
2.60513997	189	-0.480272 -0.782896  0.412996
2.61039209	189	-0.471653 -0.778826  0.414193
2.61549210	189	-0.474765 -0.787445  0.407968
2.62059998	188	-0.477160 -0.780262  0.409644
2.62569594	190	-0.481948 -0.781220  0.407010
2.63080000	188	-0.472850 -0.786008  0.414911
2.63589191	189	-0.472611 -0.781699  0.418742
2.64100408	190	-0.474526 -0.778826  0.416587
2.64610791	190	-0.481469 -0.780502  0.414193
2.65120792	188	-0.478596 -0.782417  0.405574
2.65631604	191	-0.477878 -0.781220  0.407250
2.66142797	191	-0.482427 -0.779305  0.415869
2.66653609	190	-0.479793 -0.775713  0.407968
2.67164802	187	-0.473808 -0.781938  0.418981
2.67675995	189	-0.475005 -0.779305  0.410841
2.68185210	191	-0.480990 -0.780981  0.410601
2.68693995	188	-0.473568 -0.779305  0.406531
2.69204807	188	-0.472850 -0.780023  0.408926
2.69713997	189	-0.479554 -0.782417  0.408447
2.70225191	191	-0.479793 -0.783375  0.408926
2.70736408	191	-0.481709 -0.783375  0.409165
2.71246790	188	-0.476681 -0.771883  0.407968
2.71757197	190	-0.481948 -0.781699  0.414432
2.72268009	191	-0.476441 -0.781938  0.410601
2.72778797	191	-0.475244 -0.777868  0.403419
2.73289990	190	-0.478357 -0.780981  0.415629
2.73799991	191	-0.478117 -0.775713  0.416587
2.74311995	191	-0.479075 -0.779065  0.410123
2.74823188	191	-0.481709 -0.772122  0.415150
2.75334811	191	-0.473568 -0.785290  0.404855
2.75846791	190	-0.478596 -0.785051  0.410841
2.76357197	188	-0.476202 -0.782896  0.418502
2.76867604	190	-0.480751 -0.775953  0.404855
2.77378797	186	-0.472850 -0.783854  0.406771
2.77889204	191	-0.480751 -0.783854  0.411559
2.78400802	191	-0.476920 -0.781938  0.414911
2.78911590	189	-0.478836 -0.780741  0.410601
2.79421591	188	-0.471892 -0.786727  0.415390
2.79931592	191	-0.480990 -0.779065  0.412756
2.80441188	190	-0.479075 -0.780981  0.402461
2.80949993	189	-0.477638 -0.787445  0.412756
2.81460399	191	-0.475484 -0.779065  0.407010
2.81970005	191	-0.474287 -0.776911  0.401025
2.82481193	191	-0.479554 -0.776911  0.409644
2.82991600	188	-0.475484 -0.774038  0.402222
2.83501195	190	-0.479554 -0.775953  0.414672
2.84011602	191	-0.477399 -0.773080  0.415629
2.84520416	190	-0.478117 -0.779065  0.406292
2.85030002	187	-0.476441 -0.780502  0.409883
2.85538787	190	-0.475723 -0.780262  0.412038
2.86048393	190	-0.474047 -0.781220  0.411799
2.86558008	191	-0.473089 -0.780981  0.420418
2.87066793	189	-0.478117 -0.778826  0.419220
2.87576389	188	-0.477160 -0.784093  0.413474
2.88086395	190	-0.480033 -0.781699  0.412756
2.88595600	191	-0.478117 -0.773559  0.408926
2.89106006	190	-0.476441 -0.780023  0.412517
2.89615612	190	-0.479793 -0.781220  0.409165
2.90125989	191	-0.480751 -0.783854  0.413474
2.90635986	190	-0.481709 -0.782417  0.408447
2.91145992	190	-0.476920 -0.777868  0.413714
2.91655588	190	-0.477160 -0.782657  0.414432
2.92165994	191	-0.476920 -0.779065  0.405813
2.92676401	190	-0.476681 -0.773319  0.415390
2.93187599	191	-0.481230 -0.782417  0.407728
2.93698806	191	-0.480272 -0.777389  0.412517
2.94208002	188	-0.481230 -0.775953  0.415629
2.94719600	190	-0.478117 -0.780502  0.412756
2.95228004	188	-0.475005 -0.783854  0.410841
2.95738410	189	-0.475723 -0.782657  0.405334
2.96249198	186	-0.477160 -0.787206  0.412038
2.96760005	190	-0.472371 -0.779305  0.403658
2.97270011	190	-0.473568 -0.780023  0.417545
2.97780399	190	-0.482187 -0.778586  0.409404
2.98290805	188	-0.473329 -0.777389  0.403658
2.98801994	190	-0.472371 -0.777868  0.405095
2.99313211	190	-0.479075 -0.776432  0.414672
2.99823999	190	-0.477399 -0.779784  0.418023
3.00334811	188	-0.474047 -0.784811  0.409883
3.00845193	189	-0.479314 -0.782896  0.409883
3.01357197	191	-0.475723 -0.785769  0.406771
3.01867604	190	-0.476681 -0.783614  0.412996
3.02378797	190	-0.478836 -0.779305  0.408207
3.02889204	191	-0.479793 -0.777389  0.405574
3.03399610	189	-0.483863 -0.781938  0.409644
3.03910803	190	-0.476681 -0.780502  0.409404
3.04421997	190	-0.474287 -0.779784  0.415150
3.04933190	188	-0.479793 -0.778826  0.401743
3.05444407	191	-0.478596 -0.781459  0.412277
3.05955195	190	-0.480272 -0.781699  0.409644
3.06466388	190	-0.480511 -0.778826  0.409883
3.06978011	191	-0.477638 -0.777389  0.408926
3.07489991	191	-0.480751 -0.782657  0.410841
3.08001589	189	-0.478357 -0.780502  0.412038
3.08513188	187	-0.481469 -0.780502  0.407250
3.09023594	191	-0.479793 -0.774277  0.407010
3.09535598	191	-0.480033 -0.780981  0.408926
3.10046005	190	-0.474765 -0.781938  0.417305
3.10557198	191	-0.478836 -0.778826  0.407489
##inga 
#ido(sec)  szog(ADC)     ax(g)    ay(g)   az(g)
3.11122393	191	-0.477638 -0.784572  0.412756
3.11648797	191	-0.477638 -0.785051  0.408686
3.12173604	191	-0.475244 -0.781220  0.400546
3.12695193	191	-0.473568 -0.783854  0.412756
3.13205599	190	-0.478117 -0.777389  0.403180
3.13716006	188	-0.481469 -0.777868  0.415390
3.14225196	190	-0.479554 -0.777868  0.409165
3.14734411	190	-0.481948 -0.778347  0.408207
3.15244388	190	-0.477160 -0.780741  0.405574
3.15754008	188	-0.480033 -0.782896  0.411559
3.16262793	190	-0.478596 -0.775953  0.409883
3.16773200	191	-0.474047 -0.776671  0.403898
3.17283606	190	-0.475484 -0.775713  0.413474
3.17795205	189	-0.480990 -0.781220  0.410841
3.18303990	189	-0.481709 -0.785290  0.407250
3.18811607	187	-0.473089 -0.782896  0.404137
3.19321203	190	-0.474287 -0.774995  0.407250
3.19830393	190	-0.470216 -0.783854  0.411559
3.20340394	188	-0.476202 -0.780502  0.411320
3.20848798	188	-0.480033 -0.780262  0.420418
3.21357202	190	-0.478836 -0.780502  0.401982
3.21867609	188	-0.476681 -0.778586  0.409404
3.22377991	191	-0.478357 -0.779065  0.416347
3.22887611	191	-0.481948 -0.778826  0.409404
3.23397994	191	-0.479314 -0.778586  0.409644
3.23908805	189	-0.476681 -0.782896  0.409644
3.24419188	190	-0.476202 -0.780981  0.408926
3.24929189	190	-0.480511 -0.782417  0.407250
3.25440001	187	-0.476202 -0.780741  0.411320
3.25950002	189	-0.475723 -0.775474  0.397673
3.26462006	190	-0.479554 -0.779065  0.410841
3.26970791	191	-0.482906 -0.783135  0.413953
3.27481198	190	-0.478117 -0.782896  0.412277
3.27991604	189	-0.476441 -0.778347  0.410841
3.28502011	189	-0.479793 -0.780981  0.417066
3.29012393	191	-0.478596 -0.783854  0.411799
3.29522800	190	-0.471653 -0.777389  0.401504
3.30033206	191	-0.481469 -0.780741  0.405813
3.30543589	187	-0.479075 -0.782417  0.416347
3.31053209	188	-0.473808 -0.785051  0.408447
3.31562805	190	-0.479314 -0.777150  0.410841
3.32073998	191	-0.477399 -0.780262  0.409404
3.32584404	188	-0.482187 -0.781459  0.414432
3.33095598	190	-0.477878 -0.780023  0.414672
3.33606004	188	-0.480990 -0.776671  0.403419
3.34115600	189	-0.474287 -0.777868  0.420418
3.34626793	190	-0.476681 -0.783854  0.416587
3.35139608	190	-0.473808 -0.780981  0.401504
3.35649991	190	-0.480990 -0.776432  0.409404
3.36160802	189	-0.480751 -0.778586  0.413953
3.36671996	190	-0.474765 -0.777389  0.407489
3.37182807	189	-0.480033 -0.779305  0.412038
3.37692403	188	-0.473568 -0.775474  0.405574
3.38204407	188	-0.478357 -0.780741  0.414193
3.38714790	190	-0.477638 -0.783135  0.413953
3.39225196	187	-0.480990 -0.776911  0.405334
3.39735603	191	-0.478836 -0.773559  0.407968
3.40247201	188	-0.481469 -0.774995  0.397673
3.40756392	188	-0.477878 -0.778826  0.409165
3.41266393	188	-0.476202 -0.781938  0.414672
3.41775608	190	-0.472132 -0.781938  0.411080
3.42285203	189	-0.474765 -0.784572  0.410123
3.42795610	191	-0.486257 -0.774277  0.401982
3.43305206	190	-0.478117 -0.783614  0.413714
3.43815588	188	-0.479075 -0.776911  0.416826
3.44325995	190	-0.476441 -0.775235  0.417784
3.44837188	188	-0.474287 -0.779305  0.410841
3.45347189	188	-0.478357 -0.778347  0.415629
3.45858001	190	-0.481469 -0.784332  0.411799
3.46369194	190	-0.479793 -0.775474  0.412277
3.46880388	189	-0.483624 -0.787445  0.408207
3.47390389	189	-0.483145 -0.782657  0.415629
3.47900390	189	-0.480033 -0.779544  0.417784
3.48410010	190	-0.473329 -0.784572  0.404137
3.48920392	188	-0.477160 -0.774756  0.401982
3.49430394	190	-0.474765 -0.780981  0.404137
3.49939608	191	-0.475005 -0.778108  0.408447
3.50448393	191	-0.474287 -0.782417  0.409883
3.50958800	187	-0.478836 -0.782417  0.409644
3.51470398	190	-0.479075 -0.784811  0.416108
3.51979589	190	-0.475963 -0.777629  0.419220
3.52489995	189	-0.478357 -0.783854  0.408926
3.53001189	191	-0.473089 -0.775953  0.393842
3.53510403	190	-0.475244 -0.780023  0.412517
3.54019594	191	-0.478117 -0.781938  0.399588
3.54530811	190	-0.480272 -0.776671  0.410123
3.55042004	188	-0.476441 -0.780023  0.410362
3.55552411	191	-0.477160 -0.780023  0.412996
3.56062793	189	-0.478117 -0.780023  0.406531
3.56572794	190	-0.480272 -0.780981  0.421136
3.57082796	191	-0.480033 -0.777150  0.415390
3.57593202	190	-0.478357 -0.780741  0.403898
3.58103609	190	-0.484342 -0.780741  0.411320
3.58612394	188	-0.477399 -0.782657  0.406771
3.59123611	190	-0.475005 -0.781220  0.410123
3.59634399	189	-0.474526 -0.782657  0.410601
3.60145998	189	-0.479554 -0.777868  0.411320
3.60656809	191	-0.480751 -0.783135  0.403419
3.61168003	190	-0.475484 -0.776192  0.412996
3.61680006	188	-0.469738 -0.776432  0.407728
3.62191200	191	-0.483384 -0.776432  0.408207
##inga 
#ido(sec)  szog(ADC)     ax(g)    ay(g)   az(g)
3.62755990	191	-0.478117 -0.776911  0.400546
3.63281202	190	-0.478117 -0.783614  0.412756
3.63807201	190	-0.481948 -0.776671  0.405813
3.64331197	187	-0.478836 -0.784093  0.408926
3.64841604	191	-0.480751 -0.778826  0.410362
3.65352392	188	-0.479314 -0.773319  0.411320
3.65863609	191	-0.477638 -0.777629  0.406292
3.66375589	190	-0.476681 -0.782417  0.406053
3.66887211	191	-0.475723 -0.788403  0.412996
3.67398810	191	-0.480990 -0.776192  0.410123
3.67909598	190	-0.475484 -0.783614  0.413235
3.68420410	190	-0.478596 -0.780502  0.407250
3.68930792	190	-0.479314 -0.780502  0.413235
3.69441604	188	-0.479075 -0.779065  0.410362
3.69952797	188	-0.486018 -0.780502  0.419220
3.70462393	191	-0.476681 -0.781220  0.417545
3.70974802	190	-0.479314 -0.775953  0.407968
3.71485996	189	-0.475005 -0.779544  0.412517
3.71995592	188	-0.478836 -0.777868  0.417545
3.72506809	190	-0.480511 -0.778347  0.411799
3.73018789	189	-0.479554 -0.780262  0.406053
3.73530793	190	-0.473808 -0.778826  0.413235
3.74041199	191	-0.477878 -0.781699  0.409883
3.74552392	191	-0.473808 -0.782417  0.418502
3.75063991	187	-0.481230 -0.786966  0.414193
3.75574398	189	-0.481469 -0.776432  0.406771
3.76083588	189	-0.480033 -0.780502  0.416826
3.76591610	191	-0.473568 -0.778347  0.418742
3.77101993	191	-0.482666 -0.780023  0.412517
3.77611589	190	-0.483384 -0.774277  0.410362
3.78121209	188	-0.470935 -0.781699  0.411559
3.78631591	190	-0.482906 -0.776432  0.413235
3.79141211	187	-0.480511 -0.777389  0.411320
3.79651188	187	-0.476920 -0.774756  0.413953
3.80161590	188	-0.472850 -0.778347  0.412996
3.80670814	191	-0.477160 -0.784811  0.415150
3.81181192	191	-0.479554 -0.781220  0.416587
3.81690788	189	-0.477638 -0.784332  0.407968
3.82200412	189	-0.480751 -0.782417  0.409404
3.82709999	189	-0.480511 -0.778586  0.412517
3.83219604	190	-0.476441 -0.784332  0.411799
3.83730792	191	-0.478117 -0.782178  0.403658
3.84242010	190	-0.484342 -0.783135  0.413953
3.84752388	188	-0.478357 -0.783614  0.413235
3.85263996	191	-0.478357 -0.785769  0.411799
3.85773992	191	-0.480511 -0.781459  0.411799
3.86284399	191	-0.476441 -0.776432  0.407489
3.86795597	190	-0.477638 -0.781699  0.405574
3.87307186	191	-0.474765 -0.779784  0.417066
3.87817592	190	-0.478117 -0.783135  0.410362
3.88328409	188	-0.477638 -0.778586  0.420418
3.88838405	189	-0.481709 -0.780502  0.415390
3.89346790	190	-0.475005 -0.780023  0.409644
3.89855594	191	-0.476202 -0.781938  0.412756
3.90366001	188	-0.478357 -0.779065  0.416826
3.90877199	190	-0.480272 -0.774277  0.411799
3.91388397	191	-0.475963 -0.776911  0.408207
3.91900396	189	-0.480511 -0.778826  0.427121
3.92411212	190	-0.477878 -0.781220  0.410601
3.92921209	190	-0.475963 -0.774277  0.403658
3.93431997	191	-0.479554 -0.783854  0.407968
3.93941993	191	-0.480033 -0.780981  0.412517
3.94451999	191	-0.480272 -0.780502  0.414432
3.94961185	190	-0.480511 -0.783854  0.410601
3.95471591	187	-0.481230 -0.784093  0.410601
3.95980405	188	-0.477638 -0.776671  0.412038
3.96492004	190	-0.475723 -0.779544  0.417305
3.97002792	190	-0.477160 -0.779784  0.409404
3.97514009	190	-0.473329 -0.782657  0.419699
3.98025608	189	-0.479554 -0.778826  0.401982
3.98536396	190	-0.479793 -0.780502  0.415629
3.99046802	189	-0.477638 -0.779065  0.407010
3.99557209	190	-0.479554 -0.777629  0.407010
4.00068378	191	-0.479075 -0.780502  0.407489
4.00577211	189	-0.476441 -0.778826  0.412756
4.01088380	188	-0.483624 -0.778586  0.407489
4.01598787	191	-0.477878 -0.780981  0.405095
4.02110004	189	-0.478596 -0.777389  0.408686
4.02621603	189	-0.475244 -0.783854  0.408207
4.03132820	188	-0.482906 -0.782417  0.408447
4.03643178	189	-0.478117 -0.780023  0.398152
4.04153203	188	-0.476441 -0.782657  0.417305
4.04665184	190	-0.476681 -0.779784  0.407728
4.05177211	191	-0.483624 -0.778347  0.417066
4.05689191	191	-0.478117 -0.783854  0.411559
4.06201219	191	-0.478836 -0.778347  0.407728
4.06713199	191	-0.485300 -0.776432  0.413235
4.07222795	188	-0.480511 -0.777868  0.414672
4.07734012	191	-0.479314 -0.784811  0.408447
4.08245182	190	-0.477399 -0.779065  0.414193
4.08755588	190	-0.480990 -0.779544  0.405095
4.09265995	190	-0.474526 -0.780981  0.404137
4.09778022	191	-0.480272 -0.778108  0.410362
4.10288381	188	-0.480272 -0.780262  0.411559
4.10798406	189	-0.477638 -0.777868  0.403180
4.11308813	190	-0.473808 -0.784332  0.405095
4.11817979	191	-0.478596 -0.780023  0.412996
4.12326812	191	-0.480751 -0.780981  0.408686
4.12836408	190	-0.479554 -0.781220  0.408686
4.13346815	191	-0.475484 -0.786727  0.412996
4.13857221	190	-0.482187 -0.777150  0.405095
##inga 
#ido(sec)  szog(ADC)     ax(g)    ay(g)   az(g)
4.14419984	189	-0.484821 -0.774756  0.415150
4.14945983	190	-0.478117 -0.783854  0.410123
4.15471982	191	-0.482906 -0.777868  0.415629
4.15996789	190	-0.473808 -0.772362  0.413953
4.16506814	190	-0.481948 -0.781459  0.415869
4.17017602	191	-0.478357 -0.779305  0.409165
4.17527580	189	-0.476681 -0.782896  0.403180
4.18037223	188	-0.478117 -0.780023  0.407010
4.18546819	191	-0.474287 -0.784093  0.412277
4.19057178	191	-0.478117 -0.779784  0.416826
4.19568014	189	-0.474526 -0.778108  0.410123
4.20077991	188	-0.476441 -0.782657  0.411080
4.20586776	191	-0.478357 -0.779305  0.410362
4.21096801	191	-0.474526 -0.789839  0.410123
4.21606397	190	-0.474765 -0.783375  0.414432
4.22117614	191	-0.477399 -0.783135  0.407728
4.22628402	190	-0.479793 -0.778347  0.415150
4.23137998	190	-0.477638 -0.773798  0.407489
4.23647594	191	-0.477160 -0.781699  0.408926
4.24157190	188	-0.479075 -0.783135  0.406531
4.24666786	190	-0.473329 -0.782178  0.405813
4.25177621	188	-0.473329 -0.778586  0.401504
4.25687980	188	-0.476202 -0.777150  0.415150
4.26196384	190	-0.477160 -0.781699  0.408447
4.26706409	187	-0.473329 -0.782657  0.409404
4.27217578	191	-0.479554 -0.778586  0.414193
4.27727985	190	-0.477160 -0.779305  0.403658
4.28239202	191	-0.476681 -0.775713  0.414193
4.28749990	191	-0.474765 -0.777389  0.402461
4.29260396	190	-0.476920 -0.782896  0.406531
4.29770421	191	-0.475484 -0.774038  0.408447
4.30280780	189	-0.483384 -0.780981  0.419460
4.30791187	191	-0.479554 -0.774995  0.409404
4.31302022	191	-0.475484 -0.779065  0.412756
4.31812000	191	-0.477638 -0.777389  0.408926
4.32322788	189	-0.476202 -0.783375  0.405813
4.32833194	191	-0.478117 -0.781220  0.416108
4.33344411	191	-0.475963 -0.786008  0.413714
4.33854818	189	-0.480990 -0.784572  0.406053
4.34364795	188	-0.474526 -0.781220  0.402940
4.34875202	191	-0.474287 -0.775953  0.411320
4.35386419	188	-0.474287 -0.785051  0.409883
4.35898017	189	-0.478117 -0.780981  0.403658
4.36409187	191	-0.479793 -0.779784  0.418023
4.36921215	190	-0.480751 -0.780502  0.413714
4.37431621	188	-0.475723 -0.789121  0.411320
4.37943220	191	-0.480033 -0.783135  0.413235
4.38453578	190	-0.479075 -0.778586  0.409883
4.38963985	191	-0.475244 -0.777868  0.416587
4.39475584	191	-0.475723 -0.780262  0.409883
4.39986801	188	-0.475005 -0.776671  0.412038
4.40498018	191	-0.479793 -0.784572  0.407250
4.41008377	188	-0.476681 -0.779784  0.417545
4.41519594	190	-0.478357 -0.774038  0.418023
4.42028379	190	-0.479075 -0.777389  0.415150
4.42537212	191	-0.475484 -0.783135  0.398391
4.43047618	188	-0.480511 -0.779305  0.411799
4.43557214	191	-0.471892 -0.776432  0.412038
4.44066810	187	-0.475005 -0.778586  0.411320
4.44574785	190	-0.473568 -0.778586  0.416587
4.45085191	191	-0.475963 -0.778347  0.413474
4.45595598	188	-0.474526 -0.775953  0.411080
4.46105623	189	-0.476681 -0.779305  0.413474
4.46615600	190	-0.479075 -0.782657  0.412756
4.47125196	191	-0.477638 -0.778347  0.407010
4.47635221	191	-0.465907 -0.782417  0.410841
4.48144388	188	-0.472132 -0.778347  0.408447
4.48655605	187	-0.477878 -0.787206  0.407968
4.49165582	190	-0.477160 -0.778108  0.403658
4.49674797	189	-0.477160 -0.778826  0.416587
4.50185585	190	-0.479554 -0.780981  0.410362
4.50694799	188	-0.480990 -0.778826  0.406771
4.51204013	190	-0.480511 -0.780023  0.408926
4.51713180	191	-0.476920 -0.780502  0.409644
4.52221202	188	-0.482427 -0.780262  0.415869
4.52732419	191	-0.473329 -0.784811  0.413235
4.53242778	189	-0.484582 -0.778347  0.416108
4.53753185	191	-0.476202 -0.783614  0.405813
4.54263591	188	-0.481469 -0.777629  0.410362
4.54773616	191	-0.482666 -0.781938  0.407728
4.55283594	191	-0.482427 -0.786008  0.415629
4.55793190	189	-0.480033 -0.781459  0.411080
4.56302785	189	-0.480751 -0.777150  0.425445
4.56813192	190	-0.482187 -0.778826  0.412517
4.57323980	188	-0.480033 -0.781938  0.413474
4.57833576	191	-0.476441 -0.783614  0.408207
4.58344793	188	-0.480033 -0.781459  0.407489
4.58855199	190	-0.480751 -0.778108  0.406531
4.59365606	190	-0.478357 -0.779305  0.415150
4.59874820	189	-0.475723 -0.775953  0.408926
4.60386419	189	-0.479793 -0.783854  0.418023
4.60897207	187	-0.475723 -0.778108  0.415869
4.61408805	189	-0.478117 -0.779784  0.414911
4.61919593	190	-0.478117 -0.776671  0.409644
4.62430000	190	-0.476202 -0.780981  0.409165
4.62938785	191	-0.480751 -0.781938  0.409883
4.63449192	191	-0.482906 -0.781938  0.412517
4.63959598	189	-0.476202 -0.785051  0.409883
4.64470005	189	-0.478836 -0.782178  0.405574
4.64981985	189	-0.471174 -0.779065  0.412038
4.65493202	191	-0.479554 -0.774038  0.407728
##inga 
#ido(sec)  szog(ADC)     ax(g)    ay(g)   az(g)
4.66057586	190	-0.482187 -0.776192  0.400546
4.66582012	190	-0.482666 -0.780262  0.403658
4.67104816	187	-0.477399 -0.777868  0.413953
4.67629623	190	-0.474287 -0.786727  0.410841
4.68138790	190	-0.476202 -0.779305  0.409883
4.68648386	188	-0.469259 -0.783854  0.420418
4.69158411	190	-0.478117 -0.785530  0.403180
4.69667577	191	-0.478117 -0.782178  0.419460
4.70177984	190	-0.475723 -0.781938  0.411799
4.70688390	190	-0.477399 -0.778108  0.409165
4.71196794	189	-0.470935 -0.781220  0.416587
4.71706008	190	-0.474765 -0.776671  0.420178
4.72215604	189	-0.481709 -0.779784  0.406531
4.72725200	188	-0.476441 -0.780502  0.420178
4.73234415	188	-0.479075 -0.774756  0.407250
4.73742818	191	-0.474765 -0.777150  0.417066
4.74251604	189	-0.479314 -0.781699  0.409644
4.74762010	190	-0.481948 -0.782417  0.423291
4.75271606	189	-0.474765 -0.778347  0.413235
4.75782394	188	-0.477878 -0.782896  0.421615
4.76293182	190	-0.479075 -0.777868  0.411080
4.76801204	190	-0.482906 -0.779065  0.411799
4.77309989	189	-0.479793 -0.782417  0.401264
4.77819585	187	-0.476202 -0.778826  0.420178
4.78330802	190	-0.478357 -0.781938  0.407968
4.78840398	191	-0.477878 -0.780741  0.405813
4.79350423	191	-0.477399 -0.783135  0.413474
4.79860782	191	-0.474765 -0.780741  0.416108
4.80370807	190	-0.475723 -0.780262  0.409404
4.80881595	191	-0.478596 -0.782896  0.412517
4.81391191	191	-0.478596 -0.776192  0.405813
4.81901979	188	-0.480751 -0.789121  0.405334
4.82412385	189	-0.479554 -0.782417  0.411559
4.82922792	191	-0.476920 -0.783854  0.415150
4.83432388	190	-0.477160 -0.784572  0.405095
4.83943605	190	-0.480272 -0.781459  0.414672
4.84453201	190	-0.476202 -0.782896  0.416108
4.84963607	191	-0.470695 -0.781938  0.411799
4.85473203	190	-0.474047 -0.776671  0.402461
4.85983610	190	-0.473089 -0.783854  0.412756
4.86493587	188	-0.478117 -0.781938  0.406053
4.87005186	189	-0.478117 -0.779305  0.406053
4.87516403	191	-0.473568 -0.780741  0.418502
4.88026809	191	-0.480751 -0.778586  0.406053
4.88536405	189	-0.479793 -0.780023  0.407489
4.89047193	191	-0.478117 -0.781220  0.412756
4.89558410	187	-0.478357 -0.779305  0.405095
4.90068817	188	-0.474526 -0.777389  0.416108
4.90579986	188	-0.475244 -0.779305  0.411559
4.91091585	189	-0.474047 -0.775953  0.411080
4.91601991	190	-0.473808 -0.782896  0.415150
4.92111587	190	-0.485300 -0.782417  0.410841
4.92622804	191	-0.477160 -0.782657  0.411320
4.93134021	189	-0.479793 -0.779305  0.405574
4.93644380	188	-0.474526 -0.782417  0.411320
4.94154787	190	-0.473808 -0.780981  0.407489
4.94663619	190	-0.482187 -0.779305  0.393842
4.95173978	191	-0.471174 -0.779065  0.412277
4.95684385	189	-0.479314 -0.778826  0.407250
4.96193981	190	-0.480272 -0.782657  0.400306
4.96702814	189	-0.474047 -0.778586  0.413953
4.97212409	191	-0.477638 -0.771883  0.417066
4.97722005	190	-0.475723 -0.783375  0.414432
4.98232412	188	-0.482666 -0.779544  0.415390
4.98742389	191	-0.478357 -0.780741  0.408926
4.99253177	190	-0.479314 -0.782896  0.411799
4.99763202	191	-0.485779 -0.780262  0.416347
5.00273609	189	-0.474526 -0.778826  0.414672
5.00784397	188	-0.485060 -0.781938  0.405574
5.01293182	189	-0.476441 -0.780262  0.415150
5.01802778	188	-0.475484 -0.777629  0.409644
5.02313184	189	-0.479793 -0.778108  0.413953
5.02822780	191	-0.480751 -0.778826  0.406053
5.03332376	189	-0.477638 -0.780981  0.408926
5.03843212	189	-0.475963 -0.783854  0.410841
5.04354000	190	-0.477638 -0.779784  0.407250
5.04862785	189	-0.477160 -0.775235  0.409165
5.05373191	190	-0.482187 -0.779784  0.409404
5.05883598	189	-0.480033 -0.779065  0.413714
5.06392812	191	-0.475244 -0.786487  0.417066
5.06903219	189	-0.475723 -0.776671  0.413235
5.07413578	189	-0.475723 -0.776671  0.415150
5.07923984	190	-0.479075 -0.774516  0.405574
5.08434391	190	-0.475484 -0.783375  0.411559
5.08945178	188	-0.470935 -0.773798  0.409883
5.09454822	189	-0.476681 -0.780262  0.415150
5.09963989	189	-0.477878 -0.783614  0.410841
5.10474777	189	-0.475005 -0.781220  0.409165
5.10983610	191	-0.476441 -0.777389  0.414432
5.11494016	187	-0.479075 -0.777868  0.412277
5.12004804	189	-0.475723 -0.776671  0.407250
5.12516403	191	-0.477638 -0.779544  0.407250
5.13026380	190	-0.479314 -0.779544  0.409165
5.13536787	190	-0.475723 -0.782417  0.412038
5.14047622	190	-0.477638 -0.779065  0.419699
5.14557981	189	-0.481709 -0.778586  0.409644
5.15068006	191	-0.474526 -0.780262  0.405574
5.15578794	189	-0.481709 -0.781220  0.412996
5.16090011	191	-0.480272 -0.778108  0.416347
5.16599607	188	-0.477160 -0.776671  0.418742
5.17110013	190	-0.477638 -0.777150  0.418023
##inga 
#ido(sec)  szog(ADC)     ax(g)    ay(g)   az(g)
5.17674779	189	-0.478357 -0.781220  0.418502
5.18199586	190	-0.478357 -0.780023  0.415390
5.18724393	189	-0.474287 -0.778108  0.416108
5.19248008	188	-0.477878 -0.783614  0.405574
5.19758796	190	-0.469498 -0.778347  0.407489
5.20269584	191	-0.476681 -0.785051  0.402940
5.20780420	190	-0.475723 -0.780502  0.407010
5.21290016	187	-0.480751 -0.781459  0.416587
5.21799612	189	-0.476920 -0.787684  0.406292
5.22308397	188	-0.480033 -0.779305  0.415629
5.22817182	191	-0.479075 -0.776432  0.408447
5.23328018	190	-0.476441 -0.774516  0.416587
5.23838806	191	-0.475005 -0.782178  0.407250
5.24347591	191	-0.479314 -0.778347  0.416587
5.24857187	187	-0.481469 -0.780741  0.403658
5.25367593	190	-0.481469 -0.777629  0.405813
5.25876379	190	-0.479075 -0.780023  0.412517
5.26385211	188	-0.481948 -0.782417  0.408686
5.26895618	190	-0.483145 -0.780262  0.411080
5.27405595	191	-0.476441 -0.780502  0.413474
5.27914810	190	-0.484342 -0.771643  0.408207
5.28424406	188	-0.482666 -0.779784  0.406531
5.28934001	188	-0.480272 -0.785290  0.415390
5.29441976	188	-0.479554 -0.782896  0.408686
5.29952383	191	-0.477160 -0.777868  0.406053
5.30461978	189	-0.476681 -0.785769  0.414193
5.30972385	188	-0.475484 -0.778826  0.405334
5.31481981	190	-0.477160 -0.779305  0.416108
5.31991195	190	-0.479793 -0.782417  0.404616
5.32501602	191	-0.478836 -0.783854  0.408207
5.33013200	191	-0.479314 -0.776432  0.404137
5.33523988	190	-0.477399 -0.777629  0.412277
5.34034776	191	-0.478357 -0.778108  0.409883
5.34544420	187	-0.485060 -0.777389  0.422333
5.35054016	189	-0.479793 -0.782178  0.413714
5.35564422	190	-0.482666 -0.780502  0.409165
5.36073207	190	-0.486497 -0.780741  0.407010
5.36583185	189	-0.479314 -0.785290  0.410362
5.37093591	191	-0.477878 -0.775953  0.411559
5.37604379	190	-0.478117 -0.782896  0.403898
5.38114786	191	-0.474047 -0.776671  0.410601
5.38624811	189	-0.478357 -0.784332  0.414672
5.39135217	188	-0.479793 -0.779065  0.410601
5.39644384	189	-0.472132 -0.784093  0.407010
5.40155601	190	-0.481709 -0.782178  0.423291
5.40666389	191	-0.470456 -0.781699  0.415150
5.41175603	190	-0.477878 -0.780023  0.400785
5.41686010	191	-0.480990 -0.779544  0.412277
5.42194795	191	-0.483863 -0.785530  0.412038
5.42706012	190	-0.481469 -0.781220  0.416587
5.43217182	187	-0.485539 -0.774038  0.409404
5.43728399	189	-0.474287 -0.781220  0.405334
5.44239997	190	-0.487933 -0.778586  0.414432
5.44750404	189	-0.477160 -0.774038  0.398870
5.45261621	188	-0.473568 -0.779544  0.421615
5.45773601	191	-0.477878 -0.777150  0.409404
5.46285200	191	-0.478836 -0.777629  0.416108
5.46795606	190	-0.480033 -0.785051  0.407010
5.47306013	190	-0.480033 -0.782178  0.402701
5.47816419	188	-0.475244 -0.781938  0.404855
5.48327589	188	-0.478596 -0.782178  0.404616
5.48839187	188	-0.473808 -0.785290  0.416587
5.49348402	188	-0.484103 -0.780262  0.406531
5.49858808	190	-0.475723 -0.781459  0.404377
5.50370788	189	-0.483624 -0.785051  0.417305
5.50880384	190	-0.477399 -0.774756  0.412756
5.51390790	190	-0.476202 -0.780262  0.413474
5.51899576	190	-0.478596 -0.782178  0.417784
5.52409982	191	-0.471892 -0.777150  0.414193
5.52920007	189	-0.472611 -0.775953  0.409883
5.53430795	191	-0.479075 -0.777868  0.410362
5.53939580	191	-0.478836 -0.780981  0.403658
5.54449987	188	-0.478117 -0.780502  0.404855
5.54960012	191	-0.478836 -0.773559  0.402701
5.55470418	190	-0.475244 -0.783135  0.412277
5.55980777	191	-0.480272 -0.780502  0.407250
5.56488800	191	-0.480272 -0.778108  0.410841
5.56996393	188	-0.482906 -0.782417  0.406053
5.57506799	191	-0.480751 -0.774516  0.406531
5.58016395	188	-0.485060 -0.779065  0.417545
5.58525180	188	-0.473568 -0.772122  0.413714
5.59036779	191	-0.477160 -0.783375  0.407968
5.59546804	188	-0.480033 -0.780502  0.402222
5.60055208	189	-0.476681 -0.775474  0.411080
5.60564422	190	-0.475963 -0.784811  0.405574
5.61076021	191	-0.474047 -0.778108  0.404137
5.61584377	188	-0.479314 -0.783375  0.405095
5.62094783	191	-0.474287 -0.786248  0.410123
5.62606000	192	-0.473808 -0.781220  0.408686
5.63115596	188	-0.480033 -0.780502  0.411320
5.63623619	190	-0.476920 -0.778108  0.415150
5.64132404	190	-0.478117 -0.780741  0.407250
5.64642000	191	-0.482427 -0.781220  0.418981
5.65153217	188	-0.478357 -0.778826  0.412517
5.65663623	191	-0.477878 -0.780023  0.409165
5.66172409	189	-0.482906 -0.775953  0.413714
5.66682815	191	-0.475244 -0.777389  0.412277
5.67193222	191	-0.483384 -0.778347  0.412277
5.67703580	191	-0.477160 -0.781459  0.412756
5.68213987	189	-0.474047 -0.778586  0.415150
5.68723583	189	-0.482906 -0.780023  0.416347
##inga 
#ido(sec)  szog(ADC)     ax(g)    ay(g)   az(g)
5.69286012	190	-0.476920 -0.785051  0.413714
5.69811201	188	-0.480990 -0.775953  0.401025
5.70334005	190	-0.478117 -0.778826  0.412996
5.70857191	190	-0.481230 -0.778826  0.404855
5.71367979	189	-0.471174 -0.782657  0.412756
5.71879577	189	-0.480751 -0.784093  0.412517
5.72389221	188	-0.481948 -0.780023  0.405334
5.72899580	191	-0.480751 -0.779544  0.410841
5.73407983	189	-0.477638 -0.782896  0.409165
5.73917198	188	-0.473808 -0.781699  0.415869
5.74426794	190	-0.476681 -0.782657  0.412996
5.74936819	188	-0.479075 -0.782896  0.413953
5.75445985	190	-0.473808 -0.777389  0.411799
5.75956392	191	-0.479793 -0.780262  0.412277
5.76466798	187	-0.479314 -0.776192  0.411320
5.76977205	189	-0.483145 -0.777389  0.407728
5.77487993	189	-0.479314 -0.777389  0.405334
5.77998399	191	-0.475244 -0.779544  0.413953
5.78508806	189	-0.485779 -0.777389  0.404855
5.79019594	190	-0.480751 -0.778586  0.408207
5.79529619	188	-0.477160 -0.777629  0.402222
5.80038785	191	-0.478836 -0.775953  0.420657
5.80549192	191	-0.481709 -0.778586  0.407250
5.81057977	190	-0.478596 -0.785769  0.412756
5.81567621	191	-0.482666 -0.784811  0.409165
5.82077598	189	-0.476681 -0.782178  0.406531
5.82586812	190	-0.474765 -0.776911  0.419699
5.83096408	187	-0.475963 -0.781220  0.399588
5.83606004	190	-0.480272 -0.779305  0.415150
5.84115219	191	-0.482427 -0.778108  0.414193
5.84625196	192	-0.482187 -0.784093  0.416347
5.85133981	190	-0.483863 -0.781459  0.409404
5.85644388	189	-0.474765 -0.775474  0.413714
5.86155986	188	-0.474287 -0.774516  0.406771
5.86667585	187	-0.473329 -0.779544  0.415869
5.87179613	188	-0.478596 -0.784572  0.401264
5.87690019	190	-0.478357 -0.780981  0.403180
5.88201189	190	-0.481948 -0.783375  0.416587
5.88712406	187	-0.473568 -0.781459  0.416826
5.89222812	191	-0.478117 -0.785051  0.412756
5.89731979	189	-0.478357 -0.777629  0.407489
5.90243196	191	-0.480272 -0.779784  0.406531
5.90753221	188	-0.476202 -0.775235  0.409883
5.91263580	189	-0.475963 -0.783854  0.413474
5.91775178	190	-0.480990 -0.780741  0.407968
5.92283582	188	-0.475723 -0.780262  0.411559
5.92793989	190	-0.480511 -0.781938  0.425206
5.93304395	189	-0.479314 -0.780741  0.406053
5.93815612	189	-0.484821 -0.776432  0.407968
5.94326019	191	-0.476920 -0.781220  0.414672
5.94836378	191	-0.477878 -0.784093  0.405813
5.95346021	191	-0.481709 -0.777629  0.408447
5.95856380	189	-0.478596 -0.777629  0.414432
5.96365976	189	-0.477878 -0.781459  0.411559
5.96876382	191	-0.472611 -0.782896  0.402461
5.97387599	190	-0.478596 -0.779305  0.418981
5.97898006	192	-0.473808 -0.777150  0.413714
5.98408412	188	-0.479075 -0.784572  0.408686
5.98920392	190	-0.480990 -0.783135  0.410362
5.99431180	190	-0.477399 -0.779544  0.414432
5.99941205	189	-0.476681 -0.779784  0.424248
6.00453996	191	-0.473089 -0.782178  0.414193
6.00963592	190	-0.476920 -0.781459  0.412517
6.01473999	188	-0.479554 -0.780981  0.418263
6.01984405	191	-0.476681 -0.782896  0.399349
6.02496385	188	-0.478596 -0.780023  0.412996
6.03007984	191	-0.480751 -0.785051  0.410362
6.03518819	190	-0.477638 -0.782417  0.417545
6.04029989	189	-0.471174 -0.777389  0.417066
6.04541206	190	-0.475005 -0.780262  0.413714
6.05049991	188	-0.473568 -0.780741  0.409165
6.05560016	191	-0.479075 -0.777389  0.408447
6.06070423	190	-0.484103 -0.777629  0.412038
6.06580781	189	-0.483384 -0.781220  0.403180
6.07089996	188	-0.480751 -0.781220  0.408207
6.07599592	190	-0.479554 -0.775713  0.403898
6.08109998	188	-0.477638 -0.777150  0.411320
6.08619594	190	-0.477399 -0.781459  0.416108
6.09129619	190	-0.482187 -0.772122  0.412038
6.09639978	188	-0.479554 -0.780741  0.403898
6.10150384	190	-0.477160 -0.779065  0.402222
6.10658788	191	-0.472850 -0.783614  0.405095
6.11168384	188	-0.474047 -0.780502  0.414911
6.11677598	188	-0.475723 -0.781220  0.408926
6.12188005	190	-0.473089 -0.785530  0.417066
6.12696409	191	-0.478596 -0.783854  0.420418
6.13206386	188	-0.483145 -0.783375  0.407968
6.13717222	188	-0.481709 -0.780981  0.414911
6.14227581	188	-0.481469 -0.780023  0.410362
6.14736795	191	-0.481469 -0.778347  0.409883
6.15246009	190	-0.481230 -0.771883  0.408926
6.15756797	188	-0.475005 -0.777389  0.405334
6.16266393	189	-0.483145 -0.784332  0.409404
6.16777181	188	-0.480751 -0.779305  0.416587
6.17287206	188	-0.478836 -0.777868  0.409644
6.17797994	188	-0.480033 -0.774516  0.403658
6.18308401	189	-0.476202 -0.778826  0.408926
6.18818807	189	-0.478117 -0.781699  0.404616
6.19329595	191	-0.474765 -0.782417  0.412038
6.19840002	191	-0.481230 -0.780741  0.408686
6.20349979	191	-0.478357 -0.779065  0.403898
##inga 
#ido(sec)  szog(ADC)     ax(g)    ay(g)   az(g)
6.20912790	191	-0.477638 -0.776192  0.418502
6.21437597	191	-0.479554 -0.780981  0.411799
6.21963596	190	-0.476441 -0.783614  0.413474
6.22488784	191	-0.476441 -0.781220  0.411080
6.22999191	191	-0.479314 -0.780023  0.418981
6.23509597	188	-0.481230 -0.780023  0.411320
6.24018001	188	-0.480033 -0.780023  0.410123
6.24527978	191	-0.477878 -0.777150  0.410841
6.25038814	190	-0.475723 -0.778108  0.417066
6.25549983	190	-0.476920 -0.782896  0.419460
6.26060390	188	-0.477160 -0.774756  0.407968
6.26570796	188	-0.476920 -0.787206  0.409883
6.27081584	190	-0.478596 -0.780502  0.415629
6.27591991	190	-0.474765 -0.775474  0.417305
6.28104019	187	-0.478117 -0.787684  0.414193
6.28616380	190	-0.479075 -0.778347  0.411799
6.29127216	189	-0.482427 -0.779544  0.414672
6.29639196	191	-0.472611 -0.781938  0.412756
6.30151605	189	-0.480033 -0.775953  0.415150
6.30662012	191	-0.475723 -0.784811  0.399588
6.31173992	191	-0.475723 -0.781938  0.412756
6.31686019	189	-0.476681 -0.781938  0.422812
6.32196378	188	-0.480751 -0.781220  0.413235
6.32706785	189	-0.474287 -0.778347  0.405574
6.33218002	188	-0.483145 -0.778826  0.408926
6.33729982	187	-0.481230 -0.777389  0.412517
6.34240388	191	-0.473089 -0.785530  0.411799
6.34751605	190	-0.478117 -0.779544  0.418502
6.35262823	190	-0.481230 -0.778586  0.402701
6.35773992	190	-0.482666 -0.779305  0.416826
6.36284399	190	-0.479075 -0.779544  0.403898
6.36793994	189	-0.482187 -0.786727  0.408447
6.37305212	188	-0.474765 -0.779305  0.412517
6.37814807	188	-0.476920 -0.780502  0.408207
6.38323211	189	-0.475723 -0.778586  0.405574
6.38832378	190	-0.482666 -0.782417  0.418742
6.39342021	188	-0.476681 -0.783614  0.406771
6.39852380	189	-0.479793 -0.781459  0.408926
6.40362787	190	-0.480033 -0.781459  0.422572
6.40872383	191	-0.482187 -0.783614  0.415150
6.41382789	190	-0.480511 -0.778586  0.420178
6.41892385	190	-0.480511 -0.774756  0.403658
6.42403602	189	-0.477878 -0.776911  0.418502
6.42913198	189	-0.476202 -0.782657  0.414193
6.43422794	189	-0.476681 -0.775953  0.417305
6.43932390	190	-0.476202 -0.781938  0.407968
6.44441223	191	-0.479075 -0.781220  0.412277
6.44950819	188	-0.478117 -0.777389  0.412277
6.45461177	188	-0.477399 -0.779305  0.395039
6.45970821	188	-0.486736 -0.779784  0.409404
6.46481180	188	-0.480990 -0.780502  0.419699
6.46989202	189	-0.475963 -0.775713  0.408926
6.47500801	190	-0.481709 -0.779065  0.404377
6.48012018	190	-0.485300 -0.775235  0.415150
6.48520421	189	-0.475723 -0.780502  0.412038
6.49030780	190	-0.482187 -0.783614  0.405574
6.49541997	191	-0.480751 -0.777150  0.410841
6.50052404	190	-0.475723 -0.784572  0.418981
6.50563192	190	-0.478836 -0.778347  0.412756
6.51073598	191	-0.473568 -0.780502  0.408926
6.51583576	188	-0.480511 -0.776671  0.408447
6.52093982	188	-0.477160 -0.780741  0.415629
6.52602815	191	-0.478117 -0.773559  0.411559
6.53113222	189	-0.474287 -0.781699  0.415150
6.53624010	190	-0.478836 -0.785290  0.404616
6.54135608	190	-0.477160 -0.780262  0.410601
6.54645204	188	-0.482427 -0.773798  0.406053
6.55157184	190	-0.482187 -0.785290  0.412756
6.55666780	189	-0.478836 -0.782657  0.419460
6.56177997	187	-0.474047 -0.779065  0.408926
6.56688404	189	-0.478596 -0.780023  0.416587
6.57197189	188	-0.480990 -0.782417  0.401982
6.57706403	188	-0.483145 -0.782417  0.413235
6.58216810	189	-0.475244 -0.780981  0.408686
6.58727216	188	-0.480990 -0.779544  0.406292
6.59237194	190	-0.480511 -0.784811  0.413474
6.59748411	189	-0.480511 -0.776432  0.409883
6.60259580	188	-0.475723 -0.779544  0.413714
6.60771608	190	-0.474047 -0.780262  0.407010
6.61282396	190	-0.477878 -0.776911  0.416347
6.61794376	188	-0.475484 -0.782417  0.421615
6.62306785	191	-0.475244 -0.778347  0.412038
6.62819194	190	-0.482906 -0.788163  0.416108
6.63330411	188	-0.474047 -0.779305  0.413474
6.63840818	189	-0.475723 -0.781938  0.410362
6.64353990	187	-0.481469 -0.786008  0.411080
6.64862823	189	-0.480272 -0.785769  0.403658
6.65373182	188	-0.480511 -0.781938  0.410601
6.65883588	188	-0.479314 -0.777868  0.410123
6.66395187	191	-0.482187 -0.785290  0.410123
6.66906023	190	-0.474765 -0.781459  0.410841
6.67417192	190	-0.475723 -0.781459  0.408447
6.67928791	188	-0.479793 -0.781459  0.400785
6.68440389	188	-0.483863 -0.778586  0.410841
6.68951988	190	-0.481948 -0.780023  0.415150
6.69461202	189	-0.479314 -0.781220  0.416108
6.69970798	187	-0.477878 -0.779305  0.409165
6.70479202	190	-0.477160 -0.786008  0.420896
6.70987606	190	-0.485779 -0.779305  0.415150
6.71496391	190	-0.469977 -0.782417  0.416587
6.72006416	189	-0.478836 -0.778586  0.408447
##inga 
#ido(sec)  szog(ADC)     ax(g)    ay(g)   az(g)
6.72570419	190	-0.481948 -0.785051  0.413953
6.73096418	188	-0.478117 -0.785290  0.406531
6.73620414	188	-0.475963 -0.784811  0.403898
6.74143981	190	-0.474047 -0.777389  0.407489
6.74653196	191	-0.479314 -0.780502  0.417066
6.75162410	189	-0.470935 -0.780741  0.405095
6.75671195	188	-0.481948 -0.783375  0.403898
6.76181221	190	-0.478117 -0.780023  0.412277
6.76690816	190	-0.479314 -0.783854  0.413953
6.77201223	188	-0.476681 -0.782896  0.412277
6.77711582	189	-0.476681 -0.779784  0.405334
6.78221178	187	-0.476920 -0.783375  0.413235
6.78730821	188	-0.478596 -0.778347  0.417545
6.79241180	190	-0.471414 -0.778586  0.414672
6.79752397	188	-0.478117 -0.780741  0.416587
6.80263614	188	-0.474765 -0.783614  0.412517
6.80774021	190	-0.482427 -0.782896  0.413953
6.81283617	190	-0.480990 -0.777389  0.410362
6.81792783	190	-0.480272 -0.778586  0.409883
6.82303190	188	-0.478596 -0.782657  0.414911
6.82813596	189	-0.471653 -0.776192  0.415629
6.83325195	189	-0.476920 -0.779065  0.424248
6.83834791	189	-0.475963 -0.785769  0.409883
6.84345197	190	-0.481948 -0.780741  0.401025
6.84855985	190	-0.471892 -0.789360  0.411799
6.85366392	189	-0.482187 -0.780981  0.413235
6.85876417	191	-0.479075 -0.778347  0.402222
6.86388015	191	-0.479554 -0.774995  0.411320
6.86898422	190	-0.475723 -0.777629  0.405334
6.87410402	189	-0.473089 -0.774995  0.412756
6.87919616	191	-0.480751 -0.786727  0.407489
6.88430023	190	-0.475484 -0.781220  0.406053
6.88941192	190	-0.477160 -0.779305  0.400067
6.89451599	190	-0.480990 -0.782417  0.410362
6.89962005	190	-0.476681 -0.780502  0.415150
6.90471601	191	-0.478357 -0.774038  0.408926
6.90982818	191	-0.475484 -0.781938  0.411080
6.91493988	190	-0.476441 -0.782896  0.413474
6.92004394	190	-0.478596 -0.783614  0.413235
6.92515611	189	-0.482666 -0.780262  0.414911
6.93027591	190	-0.475005 -0.785769  0.408926
6.93537998	189	-0.475244 -0.779544  0.408926
6.94049978	187	-0.473808 -0.780023  0.411080
6.94559621	190	-0.475484 -0.783135  0.415869
6.95071601	189	-0.474047 -0.780023  0.409644
6.95582008	189	-0.472850 -0.777389  0.409883
6.96092414	187	-0.479793 -0.780502  0.412038
6.96603584	191	-0.483384 -0.780502  0.417305
6.97114801	190	-0.481469 -0.784093  0.421615
6.97625207	190	-0.476681 -0.780262  0.409404
6.98137617	191	-0.482906 -0.781459  0.422572
6.98648405	191	-0.470695 -0.781938  0.416826
6.99158811	189	-0.479554 -0.783135  0.412038
6.99668788	191	-0.473329 -0.777629  0.414193
7.00179576	188	-0.476920 -0.783135  0.412996
7.00689983	191	-0.473568 -0.784572  0.399349
7.01200389	189	-0.469738 -0.786008  0.402940
7.01709222	190	-0.476681 -0.783614  0.411080
7.02218008	189	-0.483145 -0.780981  0.409165
7.02727603	189	-0.478836 -0.783135  0.408207
7.03238010	190	-0.479314 -0.779784  0.412756
7.03747987	188	-0.479075 -0.779544  0.416826
7.04257202	189	-0.486257 -0.780981  0.420418
7.04766416	187	-0.479793 -0.779305  0.425924
7.05275583	190	-0.482906 -0.777629  0.418742
7.05785608	191	-0.481469 -0.779065  0.418263
7.06295585	188	-0.481469 -0.782417  0.419460
7.06805181	190	-0.477160 -0.781220  0.412277
7.07314777	190	-0.470456 -0.776671  0.409404
7.07824802	188	-0.475005 -0.782417  0.400546
7.08334016	187	-0.470695 -0.780502  0.404137
7.08841991	188	-0.466865 -0.779784  0.395518
7.09352397	188	-0.468301 -0.780023  0.409644
7.09862422	190	-0.474047 -0.778108  0.412756
7.10372018	191	-0.479314 -0.786008  0.412756
7.10881185	188	-0.484582 -0.783614  0.405095
7.11392402	191	-0.481948 -0.783854  0.412756
7.11902809	189	-0.480033 -0.781459  0.414193
7.12412023	191	-0.480751 -0.776911  0.409165
7.12923192	188	-0.477160 -0.775953  0.417305
7.13433599	190	-0.486257 -0.776432  0.413714
7.13944005	188	-0.484582 -0.782417  0.417305
7.14453983	187	-0.479075 -0.776671  0.407968
7.14964008	191	-0.476441 -0.773559  0.405095
7.15475988	187	-0.478357 -0.779065  0.407010
7.15986776	190	-0.481709 -0.781220  0.412996
7.16497993	187	-0.479075 -0.785290  0.409883
7.17008018	191	-0.473089 -0.780741  0.415150
7.17517185	191	-0.472850 -0.787684  0.405574
7.18026781	188	-0.473329 -0.786487  0.423530
7.18537998	188	-0.471414 -0.786248  0.410601
7.19049215	188	-0.476681 -0.783375  0.408926
7.19560813	188	-0.473089 -0.783854  0.418981
7.20071601	189	-0.472132 -0.784093  0.411799
7.20582008	190	-0.473808 -0.786487  0.414672
7.21091985	191	-0.480033 -0.783135  0.393124
7.21602392	190	-0.485300 -0.779544  0.407010
7.22112798	189	-0.488652 -0.780023  0.408926
7.22623586	190	-0.481469 -0.777389  0.401504
7.23134803	191	-0.486736 -0.773559  0.405095
7.23646783	191	-0.481709 -0.777868  0.407968
##inga 
#ido(sec)  szog(ADC)     ax(g)    ay(g)   az(g)
7.24211215	188	-0.482187 -0.779784  0.412038
7.24737977	189	-0.486497 -0.775713  0.423051
7.25263977	190	-0.486018 -0.771404  0.420896
7.25787591	190	-0.483145 -0.774995  0.424009
7.26299619	191	-0.477399 -0.782178  0.421136
7.26811218	187	-0.478117 -0.789121  0.412277
7.27322816	191	-0.473568 -0.784093  0.415150
7.27833223	188	-0.464710 -0.783375  0.418023
7.28344821	189	-0.473329 -0.784572  0.417545
7.28855609	190	-0.467343 -0.788403  0.406531
7.29366016	191	-0.472371 -0.787684  0.402461
7.29876422	188	-0.468301 -0.784332  0.407010
7.30386018	191	-0.470216 -0.780023  0.403419
7.30894422	188	-0.475484 -0.778586  0.401264
7.31403589	187	-0.479075 -0.775713  0.402701
7.31913995	187	-0.485300 -0.778586  0.407968
7.32422780	187	-0.486257 -0.774038  0.422093
7.32932376	191	-0.487455 -0.775235  0.406292
7.33442020	189	-0.490806 -0.778586  0.421136
7.33950805	187	-0.486257 -0.768052  0.416108
7.34460401	188	-0.480272 -0.775953  0.406053
7.34969997	191	-0.478596 -0.779305  0.411080
7.35478782	191	-0.479793 -0.778826  0.415629
7.35989189	190	-0.474287 -0.777150  0.405813
7.36499595	189	-0.475723 -0.782178  0.407010
7.37010002	191	-0.469259 -0.787445  0.407489
7.37520408	188	-0.469738 -0.789121  0.406771
7.38030815	191	-0.463992 -0.785290  0.419460
7.38539600	191	-0.471174 -0.780262  0.414432
7.39049196	191	-0.468301 -0.780502  0.409404
7.39558410	191	-0.468541 -0.784332  0.408926
7.40069580	187	-0.475484 -0.776911  0.408686
7.40580415	191	-0.479075 -0.782178  0.408926
7.41090011	191	-0.477160 -0.782896  0.418502
7.41601181	189	-0.481469 -0.777150  0.415390
7.42112016	191	-0.483384 -0.782178  0.412756
7.42622804	191	-0.481948 -0.774516  0.416108
7.43134021	188	-0.483384 -0.775474  0.407250
7.43644809	188	-0.481948 -0.777389  0.404616
7.44155216	188	-0.481230 -0.775953  0.399828
7.44665622	190	-0.479314 -0.774277  0.416826
7.45175600	191	-0.478596 -0.782178  0.407489
7.45685577	189	-0.474765 -0.777150  0.412038
7.46196413	190	-0.480990 -0.786008  0.413714
7.46705198	190	-0.478836 -0.782178  0.416347
7.47215986	188	-0.482666 -0.777389  0.413953
7.47726011	191	-0.480990 -0.784332  0.408926
7.48236417	187	-0.477160 -0.782417  0.408686
7.48746776	188	-0.469738 -0.785290  0.402461
7.49257183	189	-0.472850 -0.787924  0.421136
7.49766778	189	-0.468780 -0.786008  0.412996
7.50276803	188	-0.478117 -0.785290  0.412277
7.50786018	189	-0.474526 -0.783135  0.412038
7.51297998	189	-0.471653 -0.780023  0.420896
7.51808404	190	-0.474765 -0.775474  0.412277
7.52318811	190	-0.479314 -0.773080  0.408207
7.52829980	188	-0.483624 -0.781938  0.415390
7.53340816	190	-0.482906 -0.775953  0.408447
7.53852415	191	-0.482427 -0.777389  0.412756
7.54364395	188	-0.487455 -0.776432  0.413714
7.54876422	188	-0.487933 -0.777150  0.423530
7.55386400	190	-0.486257 -0.774277  0.407968
7.55897998	191	-0.484103 -0.773798  0.412038
7.56409215	191	-0.481948 -0.778347  0.410841
7.56921195	189	-0.474765 -0.781220  0.406531
7.57433223	189	-0.473329 -0.782417  0.412038
7.57945203	190	-0.479793 -0.777629  0.415869
7.58457183	191	-0.474287 -0.778826  0.400785
7.58969211	190	-0.473568 -0.778826  0.414193
7.59481191	188	-0.471174 -0.788642  0.408926
7.59993219	190	-0.471414 -0.783614  0.421615
7.60505199	189	-0.471892 -0.789360  0.421615
7.61015605	188	-0.479075 -0.789360  0.416108
7.61526012	189	-0.481709 -0.779544  0.401743
7.62037181	190	-0.481948 -0.784093  0.410362
7.62547588	191	-0.479554 -0.784093  0.403658
7.63057994	189	-0.485539 -0.779065  0.409165
7.63569593	188	-0.480511 -0.772840  0.402222
7.64080381	191	-0.486257 -0.777868  0.404616
7.64589214	191	-0.486018 -0.782178  0.397194
7.65098810	190	-0.486497 -0.778347  0.409883
7.65608787	188	-0.478117 -0.774995  0.407968
7.66118812	188	-0.479793 -0.781699  0.408926
7.66629219	188	-0.477638 -0.782178  0.411799
7.67139577	187	-0.473808 -0.779544  0.416826
7.67649221	190	-0.477399 -0.778108  0.411559
7.68159198	190	-0.474287 -0.780262  0.418742
7.68669986	188	-0.473808 -0.780981  0.416347
7.69179582	188	-0.470456 -0.788163  0.409165
7.69689178	188	-0.468301 -0.782657  0.416108
7.70198822	187	-0.471653 -0.786008  0.418981
7.70708417	191	-0.471653 -0.786966  0.407489
7.71219205	191	-0.472371 -0.785530  0.402940
7.71729183	190	-0.477399 -0.784093  0.412277
7.72238779	188	-0.472371 -0.781938  0.416108
7.72748422	190	-0.475005 -0.782417  0.412277
7.73257589	191	-0.477878 -0.773798  0.400067
7.73767614	191	-0.482427 -0.770925  0.407489
7.74277591	188	-0.484821 -0.782417  0.406531
7.74786806	191	-0.489370 -0.770207  0.411799
7.75296020	190	-0.491525 -0.779784  0.415629
##inga 
#ido(sec)  szog(ADC)     ax(g)    ay(g)   az(g)
7.75859212	189	-0.487215 -0.774516  0.404616
7.76385211	189	-0.482187 -0.777150  0.410362
7.76910018	189	-0.485539 -0.778586  0.405574
7.77432394	190	-0.475963 -0.777629  0.405574
7.77943611	189	-0.476920 -0.783135  0.412996
7.78454017	190	-0.473329 -0.780741  0.412277
7.78964376	190	-0.475244 -0.780981  0.411080
7.79474782	187	-0.473329 -0.787206  0.413235
7.79986000	189	-0.471174 -0.785769  0.406531
7.80497980	188	-0.474287 -0.785769  0.407489
7.81008815	191	-0.469738 -0.785769  0.405574
7.81521177	190	-0.472371 -0.782896  0.412756
7.82032012	189	-0.472850 -0.779784  0.410362
7.82541990	191	-0.484582 -0.778586  0.408926
7.83052396	190	-0.482187 -0.779065  0.420178
7.83562803	188	-0.482427 -0.773559  0.407968
7.84073209	189	-0.486018 -0.777150  0.411080
7.84583616	190	-0.484342 -0.776671  0.412038
7.85094022	188	-0.480511 -0.771404  0.419460
7.85604381	190	-0.484103 -0.774995  0.405334
7.86114788	190	-0.482427 -0.775474  0.416826
7.86626386	189	-0.473329 -0.779305  0.409165
7.87137222	189	-0.478596 -0.775474  0.405334
7.87648391	189	-0.475244 -0.781938  0.407489
7.88158798	189	-0.480272 -0.785051  0.406053
7.88670015	188	-0.470695 -0.786248  0.412996
7.89181184	190	-0.471653 -0.784811  0.406531
7.89693212	190	-0.468301 -0.782896  0.409883
7.90204000	191	-0.473329 -0.784093  0.420178
7.90714406	191	-0.471892 -0.781938  0.422333
7.91225194	191	-0.475484 -0.785051  0.418981
7.91737222	189	-0.471653 -0.779784  0.405095
7.92250776	189	-0.474526 -0.785051  0.409883
7.92762422	190	-0.473808 -0.780741  0.400785
7.93274021	188	-0.479793 -0.778108  0.410601
7.93784379	189	-0.477399 -0.784811  0.396476
7.94295978	189	-0.477399 -0.779305  0.406053
7.94806814	191	-0.482427 -0.777629  0.407489
7.95317983	189	-0.487455 -0.777150  0.416108
7.95829200	188	-0.483624 -0.774516  0.413474
7.96340417	189	-0.477878 -0.777389  0.415629
7.96852779	189	-0.481469 -0.784093  0.408447
7.97363185	190	-0.486736 -0.770446  0.419699
7.97874021	189	-0.485300 -0.781938  0.409404
7.98385190	189	-0.479793 -0.774277  0.402701
7.98895978	188	-0.474047 -0.782417  0.418023
7.99405193	191	-0.482427 -0.782657  0.405334
7.99915218	188	-0.476681 -0.784093  0.408207
8.00425624	190	-0.472132 -0.783375  0.420178
8.00934791	191	-0.467822 -0.782417  0.407489
8.01446437	191	-0.463992 -0.785769  0.413235
8.01956844	187	-0.468780 -0.781699  0.416826
8.02466011	191	-0.470695 -0.789121  0.405813
8.02975559	190	-0.471653 -0.778347  0.410841
8.03485202	189	-0.478357 -0.780502  0.415390
8.03994369	190	-0.473329 -0.779065  0.408447
8.04504776	191	-0.480990 -0.778826  0.402701
8.05014038	190	-0.484342 -0.777150  0.418023
8.05523586	188	-0.481230 -0.777868  0.412756
8.06033229	190	-0.484582 -0.779065  0.404377
8.06542396	189	-0.486497 -0.773080  0.408447
8.07051563	187	-0.472850 -0.777868  0.408686
8.07561588	191	-0.481709 -0.775235  0.412756
8.08072376	190	-0.480272 -0.778108  0.404616
8.08580398	188	-0.475723 -0.775474  0.406053
8.09090805	189	-0.482187 -0.777389  0.420657
8.09601974	190	-0.479075 -0.786966  0.414193
8.10112380	187	-0.473329 -0.785051  0.409404
8.10622024	190	-0.480033 -0.786487  0.417066
8.11131572	191	-0.473089 -0.782657  0.408447
8.11641979	190	-0.473568 -0.779784  0.416826
8.12152385	191	-0.478117 -0.786248  0.407010
8.12663555	191	-0.476920 -0.786008  0.417066
8.13171958	191	-0.471174 -0.784572  0.415629
8.13682842	190	-0.473808 -0.782178  0.401743
8.14192390	187	-0.473808 -0.782178  0.409404
8.14702033	191	-0.473808 -0.780502  0.408686
8.15211582	189	-0.480751 -0.785769  0.410362
8.15722846	189	-0.481948 -0.778586  0.402222
8.16233634	188	-0.481469 -0.785530  0.417545
8.16744804	188	-0.480751 -0.777868  0.411799
8.17255592	190	-0.489370 -0.776432  0.413714
8.17765617	189	-0.488412 -0.774277  0.418263
8.18276023	191	-0.483624 -0.777868  0.417305
8.18786811	191	-0.483384 -0.778586  0.404855
8.19296836	190	-0.483384 -0.775474  0.410841
8.19808387	189	-0.476202 -0.781220  0.411799
8.20319557	190	-0.479075 -0.782657  0.404855
8.20829963	187	-0.477878 -0.789360  0.412038
8.21339607	189	-0.472371 -0.784332  0.409883
8.21850776	188	-0.474765 -0.789839  0.414911
8.22361564	188	-0.471653 -0.788642  0.410601
8.22873592	187	-0.464949 -0.785530  0.406531
8.23384380	189	-0.474287 -0.785290  0.408207
8.23894786	191	-0.475005 -0.788403  0.412277
8.24403953	191	-0.479554 -0.778108  0.413714
8.24915981	191	-0.480033 -0.775235  0.417066
8.25426769	191	-0.479075 -0.775953  0.407968
8.25937175	190	-0.482187 -0.778108  0.418023
8.26448440	190	-0.481709 -0.769249  0.411320
8.26957988	189	-0.483384 -0.779544  0.404137
##inga 
#ido(sec)  szog(ADC)     ax(g)    ay(g)   az(g)
8.27522754	190	-0.489130 -0.782178  0.413474
8.28048801	189	-0.477638 -0.777629  0.410123
8.28572845	187	-0.480272 -0.770925  0.408447
8.29096031	191	-0.471174 -0.781938  0.406771
8.29605197	191	-0.475005 -0.783854  0.413953
8.30114841	190	-0.475723 -0.780981  0.410123
8.30625152	189	-0.474765 -0.783854  0.412996
8.31135559	188	-0.476441 -0.783375  0.413235
8.31645965	191	-0.480511 -0.780741  0.422572
8.32154846	188	-0.474287 -0.778586  0.415869
8.32664394	189	-0.480511 -0.780023  0.415150
8.33172416	190	-0.476202 -0.780981  0.414193
8.33681964	191	-0.478596 -0.779544  0.413474
8.34191989	189	-0.475723 -0.784332  0.402940
8.34702777	188	-0.481230 -0.775953  0.411559
8.35213184	187	-0.475723 -0.779065  0.415150
8.35723209	189	-0.475005 -0.785051  0.409883
8.36232376	189	-0.477399 -0.782417  0.409644
8.36742782	189	-0.474287 -0.779544  0.403898
8.37253189	191	-0.475963 -0.784811  0.401504
8.37763595	189	-0.482906 -0.782657  0.398870
8.38272762	189	-0.483145 -0.780741  0.408447
8.38783168	188	-0.480033 -0.773798  0.413235
8.39293193	190	-0.480751 -0.784572  0.413714
8.39802837	190	-0.479793 -0.772601  0.411559
8.40312767	191	-0.483624 -0.771404  0.399828
8.40823173	190	-0.487694 -0.775953  0.403419
8.41333961	191	-0.484103 -0.781220  0.412038
8.41844367	189	-0.480990 -0.778108  0.411080
8.42351627	188	-0.478836 -0.780502  0.410841
8.42861175	190	-0.466146 -0.781938  0.408926
8.43371963	190	-0.467104 -0.787206  0.401743
8.43881607	190	-0.467343 -0.781938  0.413714
8.44392776	188	-0.469738 -0.783375  0.416587
8.44903564	190	-0.475723 -0.783135  0.411080
8.45413970	188	-0.471414 -0.782178  0.404137
8.45925235	191	-0.475244 -0.784093  0.403898
8.46434783	187	-0.480033 -0.779784  0.411320
8.46944808	189	-0.482906 -0.779065  0.409883
8.47453975	190	-0.488891 -0.780741  0.418981
8.47965621	190	-0.487694 -0.776432  0.413235
8.48475646	189	-0.484103 -0.774756  0.412277
8.48986434	189	-0.479793 -0.773080  0.413714
8.49495601	188	-0.478836 -0.775713  0.411799
8.50008392	191	-0.475484 -0.776432  0.408207
8.50520420	187	-0.474526 -0.781459  0.399349
8.51031589	190	-0.472371 -0.780023  0.402461
8.51542758	191	-0.471653 -0.782896  0.416108
8.52054786	191	-0.470216 -0.783375  0.411080
8.52565574	189	-0.470216 -0.784572  0.411559
8.53075981	191	-0.471174 -0.783614  0.415390
8.53588771	191	-0.476681 -0.780502  0.408207
8.54100418	191	-0.473808 -0.784093  0.415150
8.54610824	189	-0.473568 -0.775953  0.410601
8.55122756	189	-0.483863 -0.790797  0.416587
8.55634784	189	-0.483145 -0.780502  0.407250
8.56144428	191	-0.486497 -0.781220  0.407489
8.56654834	191	-0.485060 -0.773319  0.409165
8.57165241	190	-0.475005 -0.777150  0.418742
8.57676410	189	-0.477878 -0.777868  0.417066
8.58186817	189	-0.478596 -0.778586  0.398391
8.58697223	191	-0.480511 -0.778586  0.412277
8.59207630	189	-0.471414 -0.778586  0.402701
8.59718036	190	-0.475005 -0.779305  0.413474
8.60226821	191	-0.481948 -0.783614  0.410362
8.60737609	190	-0.483145 -0.783854  0.408686
8.61248016	187	-0.474047 -0.780262  0.407728
8.61757183	191	-0.475484 -0.777868  0.418742
8.62267589	190	-0.484103 -0.778586  0.415629
8.62777996	191	-0.483145 -0.777389  0.406292
8.63288402	191	-0.480751 -0.782178  0.407728
8.63798809	189	-0.480751 -0.780502  0.411799
8.64307594	191	-0.478836 -0.779305  0.407728
8.64818000	190	-0.475723 -0.779784  0.403180
8.65326786	191	-0.469977 -0.781220  0.405334
8.65835952	188	-0.472132 -0.780502  0.408926
8.66346836	191	-0.466386 -0.781220  0.405095
8.66856765	191	-0.471414 -0.783614  0.411320
8.67367553	190	-0.474526 -0.779544  0.412996
8.67877578	188	-0.480990 -0.780502  0.412996
8.68385982	189	-0.482427 -0.780502  0.414672
8.68895626	191	-0.482906 -0.778826  0.410841
8.69406032	188	-0.483624 -0.772601  0.408207
8.69915580	191	-0.489370 -0.774516  0.423291
8.70425605	189	-0.487455 -0.777150  0.422812
8.70936393	190	-0.487215 -0.781459  0.403658
8.71448040	188	-0.480511 -0.776192  0.407728
8.71958446	189	-0.477878 -0.780023  0.418502
8.72468757	191	-0.476920 -0.785051  0.414432
8.72978782	191	-0.474047 -0.780502  0.410841
8.73488044	187	-0.469977 -0.782178  0.413714
8.73997974	191	-0.475963 -0.788403  0.407968
8.74508762	189	-0.470216 -0.785290  0.418502
8.75018787	191	-0.474287 -0.784572  0.406771
8.75529193	190	-0.475723 -0.786727  0.402701
8.76039600	191	-0.472850 -0.782417  0.412996
8.76550006	189	-0.482187 -0.783135  0.412996
8.77062034	191	-0.482187 -0.775713  0.412517
8.77573204	191	-0.482906 -0.779784  0.402222
8.78085231	191	-0.490328 -0.776192  0.410362
8.78596401	191	-0.484103 -0.777629  0.410841
##inga 
#ido(sec)  szog(ADC)     ax(g)    ay(g)   az(g)
8.79161167	189	-0.479075 -0.786966  0.405334
8.79686355	191	-0.474526 -0.779544  0.410841
8.80211162	189	-0.480511 -0.779065  0.407728
8.80732822	190	-0.480990 -0.783854  0.412277
8.81242370	190	-0.476920 -0.783135  0.407010
8.81752395	191	-0.481469 -0.788881  0.405574
8.82263565	187	-0.477399 -0.782178  0.407010
8.82774829	188	-0.473808 -0.784572  0.416108
8.83286380	190	-0.478836 -0.780502  0.413235
8.83796024	189	-0.476920 -0.783375  0.397912
8.84307956	191	-0.480511 -0.777389  0.411080
8.84819602	191	-0.480033 -0.784572  0.414672
8.85330009	188	-0.481948 -0.786966  0.413235
8.85840415	190	-0.477878 -0.783135  0.419220
8.86352825	188	-0.479793 -0.777868  0.407489
8.86863613	189	-0.474526 -0.781699  0.410841
8.87374782	190	-0.470935 -0.780262  0.408926
8.87885189	190	-0.477638 -0.779305  0.409165
8.88395595	188	-0.476441 -0.783614  0.410362
8.88906764	187	-0.478596 -0.779065  0.414432
8.89415645	191	-0.481948 -0.775953  0.415390
8.89925956	188	-0.477878 -0.776671  0.418742
8.90436363	190	-0.483863 -0.781938  0.417305
8.90946388	191	-0.484342 -0.775713  0.413714
8.91456413	191	-0.481469 -0.775953  0.410362
8.91965961	188	-0.481948 -0.779784  0.416108
8.92474842	190	-0.481709 -0.780981  0.402940
8.92983627	188	-0.474526 -0.782657  0.420418
8.93494415	190	-0.474526 -0.785051  0.412756
8.94003582	191	-0.475244 -0.784093  0.411559
8.94513225	191	-0.471653 -0.779544  0.406771
8.95022773	189	-0.468780 -0.781699  0.407489
8.95532798	189	-0.472371 -0.778586  0.414193
8.96043586	190	-0.471414 -0.782657  0.414432
8.96554756	190	-0.470935 -0.778108  0.408207
8.97063636	190	-0.471414 -0.786727  0.412996
8.97574424	190	-0.483863 -0.773080  0.415629
8.98084831	191	-0.481948 -0.784811  0.414911
8.98595237	188	-0.477638 -0.776671  0.406292
8.99105167	190	-0.484342 -0.776671  0.406292
8.99614810	189	-0.485060 -0.778108  0.413235
9.00123977	188	-0.482906 -0.776671  0.418502
9.00632381	187	-0.480033 -0.783375  0.406053
9.01142024	189	-0.480511 -0.781699  0.404855
9.01652812	190	-0.481469 -0.788403  0.417305
9.02163219	191	-0.475244 -0.783135  0.405813
9.02674007	188	-0.474287 -0.789839  0.412756
9.03184032	191	-0.471892 -0.779065  0.414193
9.03693962	190	-0.478117 -0.780741  0.409644
9.04204368	188	-0.473329 -0.781459  0.411799
9.04714775	190	-0.481709 -0.781220  0.410601
9.05224800	188	-0.480272 -0.782896  0.407489
9.05735206	188	-0.474526 -0.788403  0.414432
9.06244754	191	-0.475723 -0.780502  0.410123
9.06756401	190	-0.480990 -0.778826  0.417545
9.07265186	191	-0.479793 -0.778347  0.424248
9.07776355	190	-0.473329 -0.779544  0.412038
9.08287620	189	-0.476202 -0.776671  0.410841
9.08798789	191	-0.470935 -0.777629  0.416108
9.09308433	191	-0.473329 -0.782417  0.409165
9.09819602	190	-0.473808 -0.779544  0.404377
9.10330009	189	-0.472611 -0.783614  0.402222
9.10842037	187	-0.473808 -0.779305  0.417066
9.11351966	187	-0.475723 -0.782896  0.406771
9.11862754	189	-0.479075 -0.777150  0.413235
9.12371635	191	-0.486497 -0.779305  0.405813
9.12882804	190	-0.480511 -0.776911  0.410601
9.13394832	189	-0.483145 -0.777868  0.412517
9.13906383	188	-0.485060 -0.772601  0.418502
9.14416408	191	-0.480272 -0.779305  0.407010
9.14927959	190	-0.475963 -0.782657  0.408447
9.15439987	190	-0.479554 -0.779305  0.406053
9.15950393	190	-0.474526 -0.782178  0.418742
9.16462802	191	-0.472132 -0.781220  0.405574
9.16974830	190	-0.473329 -0.779305  0.395279
9.17485618	189	-0.472850 -0.784572  0.407010
9.17996406	188	-0.473089 -0.781459  0.407968
9.18506813	190	-0.477160 -0.779305  0.415869
9.19018363	191	-0.481709 -0.774756  0.410601
9.19529247	188	-0.483145 -0.776192  0.409404
9.20041179	190	-0.480990 -0.783135  0.410841
9.20551586	191	-0.484342 -0.773559  0.409883
9.21061992	189	-0.487933 -0.778108  0.421375
9.21571636	188	-0.483145 -0.776671  0.412756
9.22082805	188	-0.485779 -0.780262  0.408686
9.22593212	188	-0.479554 -0.776911  0.413474
9.23103618	190	-0.474526 -0.779305  0.408447
9.23614025	191	-0.474287 -0.783854  0.406053
9.24125576	191	-0.471653 -0.782896  0.409404
9.24635982	187	-0.474287 -0.783854  0.404137
9.25146389	189	-0.473808 -0.784332  0.401504
9.25656795	191	-0.475723 -0.785769  0.412517
9.26167583	190	-0.480511 -0.784811  0.408207
9.26677608	188	-0.482906 -0.782417  0.408926
9.27187633	190	-0.478357 -0.781938  0.412996
9.27698040	191	-0.479075 -0.777629  0.406531
9.28206825	188	-0.486497 -0.775713  0.410362
9.28716373	188	-0.483863 -0.776911  0.410123
9.29226779	188	-0.482187 -0.775953  0.412996
9.29738426	188	-0.477160 -0.780262  0.413714
9.30247592	191	-0.482427 -0.782417  0.402701
##inga 
#ido(sec)  szog(ADC)     ax(g)    ay(g)   az(g)
9.30811214	189	-0.477638 -0.779544  0.402940
9.31335163	188	-0.476681 -0.777150  0.415629
9.31861972	191	-0.475005 -0.777868  0.408207
9.32384014	190	-0.478596 -0.786248  0.417545
9.32894039	187	-0.474765 -0.780741  0.420178
9.33403587	189	-0.481948 -0.780502  0.405334
9.33912372	190	-0.476202 -0.774516  0.408447
9.34422779	189	-0.481709 -0.780502  0.405813
9.34932422	191	-0.480033 -0.774756  0.418502
9.35442447	189	-0.476441 -0.774516  0.417066
9.35953998	191	-0.475963 -0.779065  0.413953
9.36464023	191	-0.484103 -0.776192  0.411320
9.36973953	191	-0.480990 -0.778347  0.413714
9.37481975	191	-0.474526 -0.781220  0.409404
9.37992382	190	-0.474047 -0.786727  0.406292
9.38502025	189	-0.470935 -0.781938  0.412038
9.39011955	188	-0.474287 -0.784811  0.410841
9.39524364	189	-0.473808 -0.783614  0.414672
9.40034008	191	-0.482427 -0.787445  0.409883
9.40543556	189	-0.477399 -0.778108  0.412756
9.41053199	191	-0.481948 -0.778108  0.408447
9.41562843	189	-0.475963 -0.776432  0.399349
9.42074012	190	-0.480033 -0.780741  0.414193
9.42582798	191	-0.486257 -0.775474  0.421136
9.43093204	190	-0.479793 -0.775953  0.407489
9.43604373	190	-0.480511 -0.778586  0.412756
9.44114780	188	-0.480033 -0.779305  0.414432
9.44624423	189	-0.479554 -0.776911  0.407250
9.45136356	191	-0.470456 -0.782417  0.407968
9.45648384	190	-0.476681 -0.786487  0.412996
9.46160411	189	-0.472371 -0.784811  0.418981
9.46672439	188	-0.470935 -0.786008  0.412038
9.47182846	190	-0.472611 -0.786727  0.408926
9.47695159	188	-0.479075 -0.781699  0.414672
9.48205566	191	-0.476920 -0.788403  0.405095
9.48716354	189	-0.476920 -0.779544  0.411320
9.49226760	190	-0.482427 -0.776432  0.407489
9.49737167	189	-0.476681 -0.777389  0.407250
9.50248813	191	-0.475005 -0.775474  0.410841
9.50759601	191	-0.471653 -0.776671  0.414432
9.51270771	189	-0.482906 -0.775235  0.419460
9.51782035	191	-0.480511 -0.780023  0.406053
9.52292442	191	-0.478357 -0.780741  0.406771
9.52801227	188	-0.476441 -0.775953  0.417066
9.53311634	191	-0.471892 -0.773319  0.408447
9.53822040	187	-0.477638 -0.783614  0.414911
9.54331588	191	-0.477399 -0.776432  0.405095
9.54841613	188	-0.471653 -0.783614  0.410123
9.55352020	191	-0.481469 -0.778826  0.405574
9.55862045	191	-0.471414 -0.773559  0.412756
9.56373214	190	-0.476202 -0.785769  0.404137
9.56881999	187	-0.472371 -0.781220  0.409644
9.57392406	190	-0.478357 -0.775713  0.408926
9.57903957	190	-0.479075 -0.778347  0.406531
9.58413219	189	-0.478596 -0.780262  0.413953
9.58922767	189	-0.474047 -0.777629  0.409883
9.59433174	189	-0.479314 -0.775953  0.407968
9.59943580	190	-0.479075 -0.777868  0.405574
9.60453224	190	-0.479314 -0.780023  0.408447
9.60964012	190	-0.474765 -0.773798  0.408447
9.61474418	191	-0.477638 -0.787924  0.416347
9.61984825	191	-0.479314 -0.781220  0.414911
9.62495613	191	-0.479314 -0.777150  0.414911
9.63005638	191	-0.480511 -0.779305  0.409644
9.63514804	189	-0.482427 -0.777629  0.419939
9.64025211	188	-0.479075 -0.782896  0.418023
9.64534759	191	-0.477160 -0.782657  0.403419
9.65045166	190	-0.481469 -0.781938  0.414672
9.65556430	190	-0.477638 -0.781459  0.405574
9.66067218	190	-0.476681 -0.777629  0.410601
9.66578388	190	-0.474287 -0.783854  0.402701
9.67089176	188	-0.471892 -0.780502  0.413235
9.67598819	190	-0.472132 -0.785530  0.408447
9.68109989	189	-0.472850 -0.779305  0.412517
9.68618774	191	-0.475484 -0.786008  0.404137
9.69129180	191	-0.476202 -0.782657  0.416826
9.69639587	189	-0.480751 -0.780023  0.415869
9.70149993	190	-0.482427 -0.780023  0.410123
9.70660400	190	-0.485300 -0.778347  0.406531
9.71169185	188	-0.480272 -0.777389  0.413953
9.71679210	190	-0.483624 -0.776192  0.407489
9.72190380	189	-0.484342 -0.776911  0.400306
9.72702026	191	-0.475723 -0.776911  0.415629
9.73212432	190	-0.475005 -0.784811  0.406531
9.73721981	191	-0.476681 -0.781699  0.405813
9.74233627	187	-0.477638 -0.777629  0.413235
9.74744033	188	-0.477638 -0.783135  0.401025
9.75254821	189	-0.476202 -0.781938  0.417305
9.75764846	191	-0.477878 -0.786008  0.413235
9.76274013	191	-0.476202 -0.780023  0.411559
9.76783561	191	-0.475723 -0.779784  0.407250
9.77293586	192	-0.478117 -0.779544  0.410123
9.77805233	189	-0.482427 -0.767813  0.420657
9.78317165	187	-0.476920 -0.773559  0.406771
9.78828430	191	-0.484821 -0.772601  0.421136
9.79338836	189	-0.472850 -0.780502  0.407489
9.79848766	190	-0.480272 -0.778826  0.416347
9.80359172	190	-0.476681 -0.783854  0.404377
9.80871963	187	-0.467822 -0.783854  0.411080
9.81383991	191	-0.474287 -0.785290  0.406531
9.81895160	191	-0.477160 -0.778826  0.407489
##inga 
#ido(sec)  szog(ADC)     ax(g)    ay(g)   az(g)
9.82459640	188	-0.478357 -0.780262  0.403898
9.82983970	189	-0.471892 -0.779065  0.403419
9.83506774	191	-0.480033 -0.770925  0.418742
9.84030437	191	-0.484342 -0.778586  0.407250
9.84539222	191	-0.481230 -0.783614  0.415150
9.85048389	188	-0.478117 -0.776671  0.402701
9.85558795	189	-0.486018 -0.779305  0.411320
9.86068439	190	-0.478117 -0.777868  0.411799
9.86578845	190	-0.479793 -0.779784  0.402701
9.87089157	191	-0.483384 -0.781459  0.413235
9.87600040	187	-0.478357 -0.787684  0.411799
9.88109207	189	-0.476920 -0.780502  0.412517
9.88618755	189	-0.475244 -0.778826  0.408447
9.89130020	191	-0.479554 -0.783135  0.405095
9.89639568	189	-0.472371 -0.783614  0.405095
9.90150356	190	-0.476202 -0.778826  0.408926
9.90660381	187	-0.475005 -0.783135  0.422572
9.91169166	188	-0.474047 -0.779065  0.416108
9.91677188	191	-0.484103 -0.778586  0.402222
9.92185974	187	-0.487455 -0.777629  0.412038
9.92696380	190	-0.485060 -0.777868  0.410123
9.93205165	191	-0.485060 -0.776192  0.410123
9.93715190	190	-0.480511 -0.776671  0.408207
9.94224834	190	-0.483384 -0.783854  0.414432
9.94735622	190	-0.479314 -0.784093  0.398152
9.95245647	188	-0.474047 -0.780502  0.411559
9.95754814	189	-0.473568 -0.779065  0.413714
9.96264362	190	-0.476681 -0.780741  0.399588
9.96774768	189	-0.472850 -0.780741  0.407968
9.97284030	191	-0.479075 -0.785290  0.410362
9.97792434	191	-0.471653 -0.778826  0.412277
9.98303604	188	-0.479075 -0.777389  0.418023
9.98813629	188	-0.475005 -0.775474  0.419939
9.99323558	189	-0.479314 -0.779544  0.407010
9.99834823	190	-0.479314 -0.785290  0.416587
10.00345993	190	-0.474526 -0.775474  0.415869
10.00866794	188	-0.483863 -0.780741  0.409883
10.01387596	190	-0.479554 -0.781938  0.408926
10.01907634	189	-0.472611 -0.776911  0.415629
10.02426815	190	-0.481469 -0.782417  0.407968
10.02946758	191	-0.476441 -0.781220  0.408207
10.03466796	187	-0.478836 -0.787924  0.409404
10.03986835	190	-0.477878 -0.781938  0.412277
10.04506778	191	-0.471892 -0.788163  0.412756
10.05026817	188	-0.475005 -0.784572  0.413235
10.05546760	190	-0.481469 -0.778586  0.411320
10.06067562	189	-0.475723 -0.778347  0.414193
10.06587600	189	-0.479793 -0.778586  0.413953
10.07108783	190	-0.481948 -0.777868  0.413235
10.07630443	191	-0.482666 -0.774516  0.421615
10.08150768	190	-0.480033 -0.785051  0.416347
10.08670806	188	-0.478357 -0.781459  0.408686
10.09191226	190	-0.475723 -0.779305  0.410841
10.09710788	188	-0.476202 -0.783854  0.413714
10.10230827	189	-0.475005 -0.782896  0.409644
10.10750389	191	-0.475005 -0.783135  0.415629
10.11270809	190	-0.473808 -0.781699  0.416347
10.11791229	187	-0.478117 -0.778347  0.408207
10.12312412	191	-0.475723 -0.780023  0.404855
10.12832355	190	-0.483145 -0.780981  0.409883
10.13352394	190	-0.483863 -0.778347  0.416587
10.13873577	190	-0.479554 -0.776671  0.400067
10.14395236	190	-0.477638 -0.780741  0.406531
10.14914798	190	-0.472850 -0.785051  0.408926
10.15435600	188	-0.482187 -0.775953  0.406053
10.15956783	189	-0.481948 -0.780262  0.417784
10.16476821	191	-0.476681 -0.783614  0.407728
10.16997241	191	-0.476202 -0.780502  0.410362
10.17516422	189	-0.470695 -0.781459  0.410123
10.18037223	191	-0.474287 -0.782896  0.415629
10.18558406	190	-0.474765 -0.781938  0.412756
10.19078826	189	-0.471653 -0.784093  0.406771
10.19600009	189	-0.472371 -0.782417  0.403898
10.20121192	189	-0.473568 -0.777868  0.404377
10.20641613	190	-0.473329 -0.774756  0.404855
10.21162033	189	-0.478596 -0.779065  0.406292
10.21682357	190	-0.474765 -0.779305  0.415390
10.22201633	191	-0.482906 -0.773559  0.406053
10.22721576	190	-0.478357 -0.778586  0.406053
10.23242378	190	-0.478117 -0.780741  0.413714
10.23762798	191	-0.470935 -0.778826  0.413235
10.24283218	191	-0.478596 -0.777150  0.410362
10.24803638	189	-0.473808 -0.781459  0.418981
10.25324440	191	-0.480511 -0.784811  0.413474
10.25845623	189	-0.477638 -0.779065  0.412517
10.26366806	190	-0.479075 -0.783135  0.408447
10.26887607	188	-0.482666 -0.779544  0.406053
10.27407646	190	-0.477160 -0.779065  0.411320
10.27926826	188	-0.480751 -0.782417  0.411320
10.28446769	189	-0.478596 -0.776911  0.406771
10.28967952	187	-0.477638 -0.783135  0.403419
10.29488754	191	-0.476202 -0.781459  0.413953
10.30008411	190	-0.479075 -0.781699  0.406292
10.30528354	191	-0.478117 -0.778826  0.406292
10.31050014	189	-0.472132 -0.779305  0.408926
10.31570816	187	-0.478117 -0.775474  0.418502
10.32090759	190	-0.476441 -0.785051  0.406531
10.32610797	191	-0.473329 -0.784332  0.415390
10.33131599	189	-0.476920 -0.779784  0.407250
10.33651638	188	-0.478357 -0.782178  0.409165
10.34172821	188	-0.476920 -0.778586  0.409404
##inga 
#ido(sec)  szog(ADC)     ax(g)    ay(g)   az(g)
10.34745979	189	-0.480751 -0.776911  0.418502
10.35276031	188	-0.480511 -0.777389  0.410123
10.35807609	187	-0.486018 -0.784332  0.407728
10.36335563	191	-0.487694 -0.780981  0.404855
10.36855602	191	-0.473808 -0.783614  0.417066
10.37376022	190	-0.480751 -0.778108  0.406531
10.37896442	190	-0.481469 -0.780502  0.407489
10.38417243	190	-0.475963 -0.781938  0.402940
10.38937187	190	-0.479075 -0.778347  0.398391
10.39457607	190	-0.482906 -0.780502  0.402940
10.39977645	191	-0.480033 -0.778347  0.421854
10.40499210	190	-0.475963 -0.781938  0.405334
10.41019630	191	-0.479314 -0.781938  0.406531
10.41540431	189	-0.483624 -0.775713  0.418263
10.42060375	190	-0.481230 -0.778586  0.407489
10.42580413	188	-0.477638 -0.778586  0.397912
10.43100833	188	-0.480511 -0.783854  0.408447
10.43621158	191	-0.483145 -0.780023  0.412277
10.44140434	191	-0.484103 -0.774995  0.411320
10.44659996	191	-0.477878 -0.780981  0.410601
10.45180797	191	-0.483624 -0.778586  0.413714
10.45701217	191	-0.476202 -0.781220  0.410123
10.46222019	188	-0.476681 -0.774038  0.410601
10.46743583	191	-0.475244 -0.782417  0.410841
10.47264385	190	-0.478357 -0.778826  0.415629
10.47784423	191	-0.475005 -0.787924  0.407968
10.48304367	190	-0.479314 -0.778586  0.412517
10.48824405	189	-0.477638 -0.778347  0.406531
10.49344444	191	-0.476202 -0.782896  0.402701
10.49864387	189	-0.477638 -0.772362  0.413953
10.50384807	191	-0.477160 -0.778108  0.403180
10.50904369	188	-0.479075 -0.777150  0.408686
10.51426029	188	-0.484582 -0.781938  0.408926
10.51947975	190	-0.477399 -0.781459  0.406531
10.52468395	191	-0.475723 -0.782178  0.405813
10.52989578	187	-0.479554 -0.779305  0.409165
10.53509998	188	-0.473808 -0.791994  0.409883
10.54030036	189	-0.479554 -0.781699  0.408926
10.54550838	191	-0.477160 -0.782417  0.401504
10.55072021	188	-0.476202 -0.783854  0.404616
10.55592441	189	-0.481230 -0.777868  0.415869	
