##inga 
#ido(sec)  szog(ADC)     ax(g)    ay(g)   az(g)
0.00170000	473	-0.055545 0.009337  1.049847
0.00688400	472	-0.053151 0.010295  1.047692
##inga 
#ido(sec)  szog(ADC)     ax(g)    ay(g)   az(g)
0.01333600	470	-0.052432 0.005507  1.047213
0.01854800	472	-0.052193 0.008858  1.050086
0.02373600	472	-0.055784 0.008140  1.040270
0.02891200	471	-0.052193 0.006943  1.043143
0.03394800	472	-0.049799 0.011013  1.052002
0.03899200	470	-0.060812 0.004310  1.048171
0.04402800	472	-0.051235 0.012450  1.051523
0.04907200	470	-0.054827 0.011253  1.043383
0.05413599	472	-0.051475 0.009098  1.043622
0.05920800	471	-0.052432 0.006704  1.042425
0.06425600	472	-0.051475 0.005746  1.049368
0.06931600	473	-0.053151 0.008380  1.037158
0.07435201	472	-0.055066 0.008380  1.039552
0.07938000	472	-0.051475 0.010534  1.044340
0.08440000	472	-0.048123 0.008858  1.048650
0.08942400	471	-0.052432 0.005028  1.049607
0.09446400	470	-0.049320 0.011253  1.048650
0.09948801	470	-0.050278 0.013407  1.052720
0.10452800	472	-0.052672 0.005746  1.040270
0.10956400	472	-0.055784 0.014844  1.041946
0.11460800	470	-0.051954 0.009577  1.053199
0.11966400	473	-0.052432 0.004788  1.048889
0.12471600	472	-0.053869 0.009337  1.046495
0.12977600	472	-0.049799 0.009816  1.048171
0.13482398	471	-0.053390 0.012210  1.045537
0.13985199	472	-0.051954 0.012210  1.046495
0.14487600	471	-0.051954 0.006704  1.043143
0.14991599	472	-0.050278 0.009577  1.041707
0.15494400	471	-0.052672 0.006225  1.046495
0.15997600	473	-0.053630 0.007422  1.044580
0.16500799	471	-0.048841 0.009577  1.049607
0.17003999	471	-0.056024 0.011013  1.044819
0.17508800	473	-0.052911 0.006464  1.051044
0.18014000	470	-0.055066 0.011971  1.053917
0.18519200	471	-0.052432 0.004788  1.051044
0.19025200	471	-0.052672 0.011971  1.040031
0.19529600	472	-0.058179 0.008380  1.038594
0.20033600	472	-0.055784 0.007661  1.052241
0.20537998	472	-0.055066 0.001437  1.039552
0.21041600	472	-0.051235 0.011971  1.055114
0.21545598	472	-0.057460 0.009098  1.049847
0.22049200	470	-0.053869 0.008380  1.053199
0.22551999	471	-0.051475 0.005267  1.044819
0.23056800	472	-0.055784 0.009098  1.045777
0.23560800	472	-0.047644 0.008858  1.042664
0.24065599	471	-0.056503 0.009337  1.040270
0.24570398	470	-0.051714 0.014126  1.044819
0.25075998	470	-0.054348 0.006464  1.044101
0.25581600	472	-0.047165 0.015083  1.045298
0.26087200	473	-0.054827 0.006704  1.046734
0.26592001	471	-0.048841 0.010774  1.042664
0.27097201	472	-0.057221 0.014365  1.048410
0.27601199	472	-0.052911 0.015083  1.048171
0.28105597	472	-0.056742 0.011013  1.043143
0.28609600	472	-0.047405 0.007901  1.042904
0.29113599	473	-0.051954 0.014365  1.039073
0.29617597	471	-0.050278 0.007901  1.050326
0.30121998	472	-0.051475 0.008380  1.048889
0.30625200	472	-0.056503 0.014604  1.045777
0.31130001	471	-0.053869 0.012450  1.046256
0.31634798	472	-0.056981 0.011971  1.055114
0.32139997	472	-0.050517 0.003831  1.051762
0.32644400	470	-0.058657 0.006225  1.049368
0.33149600	470	-0.059136 0.007661  1.045298
0.33654401	472	-0.055306 0.006464  1.042664
0.34159600	471	-0.051235 0.004310  1.043383
0.34662399	472	-0.056024 0.014365  1.046256
0.35166001	472	-0.051954 0.006943  1.045777
0.35668399	472	-0.055784 0.010774  1.044340
0.36170797	472	-0.051714 0.008140  1.040749
0.36674401	472	-0.050757 0.008380  1.048889
0.37176799	472	-0.057939 0.001676  1.046974
0.37682800	470	-0.060094 0.003112  1.052720
0.38186402	472	-0.055784 0.014604  1.048889
0.38691198	472	-0.054108 0.000479  1.051283
0.39195201	472	-0.057700 0.011492  1.038355
0.39701199	473	-0.054348 0.008380  1.042904
0.40206398	472	-0.053151 0.009577  1.054156
0.40711202	472	-0.051714 0.013407  1.048171
0.41215600	472	-0.058179 0.005746  1.043861
0.41718397	472	-0.056503 0.012450  1.048889
0.42223200	470	-0.052432 0.005985  1.045777
0.42725601	470	-0.053390 0.008380  1.054635
0.43229598	473	-0.049559 0.007901  1.043383
0.43735198	471	-0.055306 0.008380  1.046495
0.44239597	472	-0.054587 0.007183  1.045298
0.44745597	472	-0.050517 0.005985  1.040988
0.45249600	471	-0.049081 0.009577  1.044580
0.45754399	470	-0.056742 0.013886  1.043861
0.46261601	471	-0.048123 0.003831  1.046256
0.46768798	473	-0.055066 0.013886  1.047931
0.47272801	472	-0.054827 0.011492  1.043383
0.47777600	472	-0.054348 0.009577  1.049129
0.48281197	472	-0.055306 0.007661  1.048889
0.48785600	472	-0.054587 0.009098  1.053438
0.49288802	472	-0.054827 0.003591  1.047931
0.49792799	470	-0.054827 0.012929  1.043383
0.50297598	470	-0.050757 0.006943  1.044340
0.50801601	472	-0.057460 0.011731  1.040988
0.51305198	472	-0.052193 0.010056  1.049129
0.51811199	471	-0.052193 0.011731  1.036439
##inga 
#ido(sec)  szog(ADC)     ax(g)    ay(g)   az(g)
0.52369999	473	-0.048362 0.007661  1.047692
0.52891201	472	-0.053151 0.007183  1.045537
0.53414797	472	-0.054587 0.010774  1.047931
0.53935599	471	-0.052672 0.006704  1.047453
0.54441599	472	-0.052911 0.009098  1.041707
0.54946398	472	-0.050757 0.014604  1.051523
0.55450396	473	-0.050517 0.010534  1.052241
0.55953197	472	-0.048602 0.006943  1.049368
0.56456398	471	-0.054827 0.012210  1.046974
0.56959199	473	-0.057460 0.004310  1.047453
0.57463197	470	-0.054108 0.007661  1.045777
0.57967195	470	-0.049799 0.011013  1.044819
0.58472003	470	-0.052672 0.009098  1.045777
0.58978404	472	-0.054827 0.005746  1.052241
0.59483199	472	-0.055306 0.005746  1.051044
0.59987998	470	-0.053869 0.009816  1.035721
0.60493602	472	-0.056742 0.009337  1.044101
0.60999202	471	-0.051235 0.010056  1.047213
0.61504402	472	-0.051714 0.013168  1.047213
0.62008399	472	-0.052911 0.004070  1.050086
0.62511997	470	-0.054348 0.005746  1.052480
0.63015599	472	-0.047405 0.009098  1.044819
0.63518400	472	-0.057939 0.011492  1.052720
0.64020004	472	-0.060573 0.003831  1.045537
0.64524402	472	-0.054587 0.007901  1.046974
0.65027999	471	-0.052911 0.005746  1.046256
0.65534400	471	-0.046447 0.009098  1.044340
0.66039996	471	-0.055545 0.008619  1.048889
0.66545200	472	-0.051954 0.008140  1.047453
0.67050800	473	-0.056503 0.007901  1.046256
0.67555599	471	-0.052672 0.013407  1.041467
0.68063201	470	-0.050757 0.006943  1.052480
0.68567199	472	-0.053151 0.009577  1.044819
0.69070796	472	-0.052193 0.007901  1.046016
0.69574398	472	-0.054348 0.013168  1.038834
0.70077996	472	-0.057221 0.002394  1.042185
0.70581598	472	-0.052193 0.006464  1.046974
0.71084399	472	-0.056263 0.007901  1.049607
0.71588802	471	-0.056503 0.006704  1.048650
0.72092003	472	-0.052432 0.009337  1.048889
0.72596797	470	-0.051954 0.010295  1.045777
0.73102803	472	-0.056024 0.002873  1.046256
0.73607201	470	-0.054827 0.008619  1.046974
0.74112801	470	-0.056742 0.006464  1.049368
0.74619197	472	-0.055784 0.007183  1.036918
0.75124402	470	-0.054108 0.003591  1.046734
0.75627999	472	-0.056742 0.012689  1.045298
0.76132001	471	-0.055306 0.005028  1.050326
0.76635599	472	-0.061530 0.012929  1.048650
0.77139196	472	-0.053630 0.008619  1.049607
0.77643198	470	-0.051714 0.009098  1.047213
0.78147201	471	-0.050278 0.004549  1.042904
0.78650398	472	-0.048602 0.016041  1.046016
0.79152798	472	-0.060094 0.006704  1.043383
0.79657602	471	-0.057460 0.005028  1.045298
0.80161600	472	-0.055545 0.005267  1.050086
0.80667200	471	-0.051475 0.009816  1.052241
0.81171998	472	-0.057700 0.004549  1.044340
0.81675205	472	-0.055306 0.004549  1.046734
0.82178401	472	-0.056742 0.007183  1.052720
0.82681598	470	-0.047644 0.004310  1.042904
0.83185596	472	-0.057221 0.005028  1.043861
0.83690395	472	-0.052672 0.013647  1.040749
0.84195604	472	-0.053630 0.014844  1.040988
0.84699201	472	-0.060573 0.007422  1.045537
0.85204000	470	-0.056742 0.008380  1.049368
0.85707197	472	-0.048123 0.007422  1.036918
0.86212806	473	-0.049799 0.003831  1.043383
0.86718397	472	-0.049559 0.007183  1.038594
0.87224397	472	-0.051235 0.008858  1.047692
0.87729597	472	-0.056024 0.009337  1.048410
0.88235197	472	-0.049799 0.008140  1.038834
0.88739595	472	-0.058897 0.009098  1.052002
0.89243202	472	-0.054587 0.004310  1.040988
0.89746398	472	-0.050278 0.011253  1.048171
0.90249595	472	-0.053151 0.007661  1.051044
0.90754404	469	-0.056503 0.005028  1.051523
0.91258401	470	-0.053390 0.008619  1.051044
0.91762399	472	-0.055545 0.013168  1.051044
0.92267198	472	-0.055306 0.009816  1.049129
0.92774000	472	-0.053630 0.014604  1.040510
0.93278398	472	-0.053869 0.013407  1.044340
0.93783998	471	-0.052432 0.010056  1.053199
0.94290800	472	-0.056263 0.005028  1.040988
0.94793996	473	-0.055306 0.012210  1.040270
0.95298395	472	-0.053869 0.012450  1.050804
0.95802402	471	-0.051714 0.005985  1.047692
0.96305198	473	-0.054587 0.011013  1.049847
0.96809206	471	-0.053151 0.007661  1.040749
0.97313604	472	-0.058179 0.006464  1.045298
0.97816801	472	-0.054108 0.008140  1.042664
0.98319997	471	-0.048362 0.015802  1.048171
0.98824005	472	-0.055306 0.015323  1.050804
0.99329605	471	-0.054108 0.009816  1.044340
0.99833602	472	-0.049799 0.010534  1.040270
1.00337994	472	-0.059615 0.007183  1.050804
1.00844800	472	-0.056981 0.008619  1.049368
1.01350796	472	-0.054108 0.006225  1.040031
1.01856005	472	-0.051235 0.005985  1.046495
1.02360796	472	-0.056263 0.013407  1.049368
1.02866005	472	-0.047884 0.014126  1.043622
##inga 
#ido(sec)  szog(ADC)     ax(g)    ay(g)   az(g)
1.03422796	472	-0.048362 0.011731  1.047213
1.03947198	470	-0.057700 0.004788  1.035242
1.04468405	473	-0.059854 0.004549  1.042425
1.04987597	473	-0.059136 0.009337  1.052002
1.05492401	472	-0.051714 0.013407  1.053678
1.05997598	472	-0.049320 0.010295  1.044819
1.06500804	472	-0.048123 0.011492  1.041467
1.07006394	472	-0.051475 0.008619  1.054156
1.07512795	473	-0.056024 0.010295  1.045777
1.08018005	470	-0.049559 0.005985  1.038594
1.08524406	472	-0.052911 0.006225  1.042185
1.09031605	472	-0.057221 0.012210  1.051283
1.09537994	472	-0.051235 0.011013  1.045298
1.10043203	472	-0.059136 0.010295  1.045537
1.10548400	472	-0.055784 0.009816  1.053438
1.11052405	472	-0.050038 0.007183  1.049607
1.11555194	472	-0.054348 0.011971  1.036200
1.12058401	472	-0.046926 0.003831  1.050565
1.12562394	472	-0.056263 0.009577  1.045298
1.13067197	472	-0.058897 0.009577  1.053199
1.13572800	472	-0.048123 0.007661  1.045058
1.14077603	472	-0.057460 0.013647  1.046495
1.14582395	471	-0.057460 0.003112  1.047692
1.15086400	472	-0.052432 0.011253  1.043143
1.15591597	472	-0.051714 0.011492  1.045777
1.16098403	472	-0.046926 0.013168  1.050326
1.16603994	472	-0.054827 0.005267  1.048410
1.17109596	472	-0.052432 0.010774  1.047692
1.17614400	472	-0.046447 0.008858  1.051762
1.18119203	472	-0.054348 0.006943  1.055593
1.18623197	470	-0.050996 0.011013  1.057029
1.19127202	472	-0.053390 0.005985  1.044340
1.19629597	471	-0.056263 0.007183  1.053438
1.20134401	470	-0.050517 0.007901  1.047931
1.20639598	472	-0.056263 0.006943  1.044580
1.21142804	472	-0.051714 0.005267  1.041228
1.21649599	472	-0.051954 0.006464  1.054396
1.22155201	473	-0.053630 0.000000  1.050086
1.22657597	470	-0.053869 0.011731  1.042664
1.23164403	472	-0.050517 0.000718  1.050804
1.23668801	473	-0.051714 0.009816  1.046495
1.24174404	471	-0.052193 0.007661  1.043383
1.24679601	472	-0.050996 0.007183  1.046734
1.25183594	472	-0.054348 0.004549  1.045058
1.25687205	471	-0.056024 0.009577  1.044819
1.26190400	470	-0.050517 0.014365  1.053438
1.26693594	470	-0.056503 0.005028  1.043383
1.27198398	470	-0.052672 0.007661  1.046734
1.27703201	473	-0.057460 0.010534  1.053438
1.28208005	472	-0.056503 0.003352  1.046974
1.28713596	471	-0.051235 0.011253  1.044819
1.29219198	472	-0.049799 0.008140  1.046734
1.29724001	472	-0.051954 0.007901  1.046016
1.30230402	472	-0.053151 0.008619  1.053678
1.30736804	472	-0.053630 0.010295  1.043861
1.31244397	472	-0.056263 0.001437  1.050086
1.31749594	472	-0.052672 0.009577  1.056311
1.32254397	471	-0.059615 0.011492  1.047931
1.32757997	472	-0.052432 0.007661  1.038115
1.33262395	472	-0.051714 0.008380  1.041707
1.33766400	472	-0.058657 0.016759  1.050804
1.34270000	471	-0.054827 0.004549  1.036918
1.34774398	472	-0.052193 0.006943  1.057029
1.35279202	471	-0.059136 0.006704  1.054156
1.35785198	471	-0.051714 0.007901  1.046016
1.36291599	471	-0.051475 0.008140  1.041228
1.36798000	471	-0.052432 0.005746  1.046734
1.37304401	472	-0.054587 0.011971  1.049847
1.37810003	471	-0.055306 0.008858  1.051283
1.38314795	472	-0.052911 0.011492  1.049368
1.38821994	472	-0.053869 0.006943  1.046256
1.39327203	471	-0.048123 0.013886  1.056072
1.39832794	472	-0.052193 0.010774  1.052959
1.40336394	472	-0.056263 0.006943  1.040749
1.40841197	470	-0.056024 0.011971  1.046734
1.41343998	472	-0.052911 0.009098  1.052480
1.41848001	470	-0.061291 0.010295  1.055114
1.42351603	470	-0.048602 0.006943  1.040510
1.42856001	472	-0.056263 0.014126  1.045777
1.43361606	470	-0.051714 0.010056  1.045537
1.43868007	472	-0.050517 0.010295  1.056311
1.44374394	472	-0.050996 0.005267  1.045777
1.44879198	472	-0.051954 0.005267  1.047931
1.45386004	471	-0.054348 0.005985  1.051044
1.45892000	472	-0.056024 0.010534  1.042664
1.46396803	472	-0.051475 0.010295  1.044340
1.46901597	469	-0.052432 0.008858  1.048889
1.47405600	473	-0.047884 0.009577  1.047692
1.47909603	472	-0.057939 0.007422  1.046256
1.48412799	471	-0.048602 0.010056  1.042185
1.48917999	471	-0.055306 0.004549  1.046016
1.49422397	471	-0.052193 0.007422  1.045298
1.49927997	472	-0.054827 0.012929  1.050326
1.50433597	471	-0.057939 0.008619  1.045777
1.50939598	471	-0.050757 0.009816  1.047931
1.51444807	472	-0.057700 0.009816  1.048410
1.51949596	471	-0.052432 0.008380  1.048171
1.52455997	473	-0.061770 0.010774  1.045777
1.52961597	472	-0.055784 0.010056  1.049368
1.53467597	472	-0.056263 0.012689  1.044340
1.53972005	472	-0.048123 0.002634  1.047453
##inga 
#ido(sec)  szog(ADC)     ax(g)    ay(g)   az(g)
1.54531202	472	-0.055306 0.005746  1.044580
1.55054402	470	-0.056263 0.005507  1.051762
1.55576000	472	-0.057221 0.009577  1.053438
1.56094799	470	-0.052432 0.011013  1.044580
1.56599607	471	-0.052193 0.010774  1.043861
1.57103595	472	-0.052193 0.010534  1.042664
1.57608795	472	-0.047405 0.011253  1.051283
1.58113598	472	-0.053630 0.014844  1.048650
1.58617200	472	-0.054827 0.011971  1.038355
1.59123191	473	-0.056503 0.005267  1.045537
1.59628796	473	-0.055784 0.011013  1.041707
1.60134005	470	-0.053390 0.006943  1.052480
1.60639595	472	-0.053630 0.002394  1.048171
1.61144804	472	-0.050278 0.007183  1.046734
1.61649599	472	-0.052911 0.004310  1.047931
1.62153601	470	-0.048362 0.005746  1.046016
1.62657594	472	-0.053390 0.011013  1.044580
1.63160800	471	-0.054108 0.007422  1.044101
1.63663601	472	-0.052911 0.011731  1.049368
1.64168000	471	-0.058657 0.006704  1.042425
1.64672398	471	-0.050038 0.006704  1.043861
1.65176796	470	-0.055306 0.008858  1.056790
1.65681195	472	-0.057460 0.010534  1.034285
1.66186404	471	-0.058179 0.006943  1.053199
1.66692805	472	-0.052193 0.008619  1.038355
1.67200002	470	-0.052911 0.004549  1.046734
1.67706394	470	-0.050517 0.011971  1.048889
1.68212795	471	-0.055066 0.010056  1.043143
1.68717598	472	-0.052432 0.008858  1.049368
1.69221997	471	-0.053869 0.013168  1.053199
1.69725599	471	-0.046686 0.009098  1.054156
1.70230398	470	-0.047165 0.006943  1.040031
1.70734405	472	-0.048123 0.004788  1.045537
1.71240401	470	-0.053869 0.011013  1.042185
1.71744003	470	-0.054108 0.012929  1.046256
1.72249197	472	-0.054108 0.013407  1.047453
1.72753596	472	-0.049799 0.009577  1.055353
1.73259201	472	-0.054587 0.009816  1.047213
1.73764801	472	-0.049320 0.008380  1.045777
1.74270401	470	-0.056024 0.010534  1.039312
1.74775600	470	-0.052911 0.009577  1.057508
1.75282802	471	-0.048362 0.007901  1.046734
1.75789594	472	-0.054108 0.012929  1.045298
1.76293191	472	-0.052432 0.003831  1.050326
1.76797604	472	-0.058418 0.008140  1.056790
1.77300796	472	-0.050038 0.013647  1.045058
1.77805194	470	-0.053869 0.005746  1.046256
1.78308796	470	-0.056024 0.009098  1.048171
1.78812799	471	-0.053151 0.012689  1.044101
1.79319200	472	-0.046686 0.007901  1.046974
1.79823598	473	-0.059854 0.006225  1.046256
1.80329599	472	-0.055784 0.009098  1.041946
1.80835609	472	-0.055066 0.011492  1.045777
1.81340799	471	-0.049559 0.010056  1.050565
1.81845607	470	-0.058418 0.009577  1.053917
1.82353200	472	-0.050278 0.007422  1.048650
1.82857599	472	-0.056503 0.010534  1.044819
1.83362398	473	-0.054587 0.008380  1.036439
1.83866405	472	-0.055784 0.010534  1.046495
1.84370803	472	-0.056981 0.012929  1.057508
1.84876003	470	-0.052193 0.006943  1.049847
1.85380001	472	-0.051954 0.012929  1.046734
1.85884799	472	-0.050038 0.004310  1.052002
1.86388397	471	-0.052193 0.007661  1.050804
1.86893596	470	-0.052911 0.011013  1.048171
1.87399597	472	-0.052672 0.004070  1.033806
1.87904796	472	-0.053869 0.006225  1.048650
1.88409605	472	-0.055306 0.015083  1.041228
1.88916797	472	-0.055545 0.009098  1.052959
1.89423198	470	-0.056024 0.012929  1.046256
1.89929599	470	-0.057700 0.009816  1.041467
1.90435199	472	-0.054827 0.006943  1.051044
1.90941600	472	-0.054827 0.008380  1.046974
1.91446800	472	-0.047644 0.008380  1.046256
1.91949605	472	-0.055306 0.005746  1.047453
1.92452802	473	-0.049081 0.011013  1.045777
1.92956809	470	-0.053151 0.005746  1.050565
1.93460798	472	-0.054108 0.010295  1.040031
1.93964004	472	-0.056742 0.007183  1.040031
1.94468793	472	-0.049081 0.014844  1.046495
1.94972801	472	-0.052911 0.008140  1.035961
1.95479202	471	-0.048123 0.008140  1.037158
1.95985603	473	-0.050517 0.011013  1.047213
1.96489601	471	-0.052193 0.006943  1.042664
1.96997594	472	-0.055066 0.004549  1.037397
1.97502403	472	-0.058179 0.009098  1.048650
1.98009204	472	-0.055545 -0.000239  1.045058
1.98517599	472	-0.058418 0.011731  1.046495
1.99023199	473	-0.050996 0.011013  1.043383
1.99527206	471	-0.050038 0.006943  1.040031
2.00030803	472	-0.048841 0.006464  1.042664
2.00534391	472	-0.048841 0.008858  1.040510
2.01037597	472	-0.057939 0.004788  1.043622
2.01541996	472	-0.050996 0.005746  1.048889
2.02046394	471	-0.055066 0.005985  1.042904
2.02549600	471	-0.052911 0.014365  1.043622
2.03056001	470	-0.051954 0.009816  1.046256
2.03561592	470	-0.054827 0.012929  1.043622
2.04067993	470	-0.052193 0.013407  1.043143
2.04574394	470	-0.052911 0.013407  1.053438
2.05081605	471	-0.056024 0.012689  1.045537
##inga 
#ido(sec)  szog(ADC)     ax(g)    ay(g)   az(g)
2.05642008	472	-0.053390 0.004549  1.048171
2.06164407	471	-0.050038 0.010774  1.046734
2.06685209	470	-0.056503 0.013647  1.045537
2.07204794	472	-0.052672 0.007661  1.040510
2.07708406	470	-0.050757 0.004549  1.050326
2.08211994	470	-0.049320 0.006464  1.043861
2.08715200	472	-0.050757 0.013647  1.044819
2.09220409	472	-0.055784 0.011971  1.047213
2.09725189	471	-0.049799 0.006943  1.041467
2.10230398	471	-0.053869 0.011013  1.047692
2.10735607	471	-0.051714 0.010295  1.054396
2.11242008	472	-0.054108 0.009816  1.053438
2.11747193	472	-0.054108 0.012450  1.041467
2.12253189	470	-0.052432 0.012210  1.058466
2.12759208	472	-0.054108 0.006943  1.053917
2.13263988	470	-0.057221 0.011013  1.048171
2.13768005	472	-0.045489 0.010295  1.044580
2.14270401	473	-0.051475 0.002394  1.041946
2.14774799	472	-0.052911 0.005985  1.049607
2.15279197	472	-0.050517 0.012450  1.046734
2.15782403	472	-0.047884 0.008858  1.046734
2.16287207	472	-0.053869 0.005746  1.057508
2.16792011	472	-0.054108 0.006943  1.049129
2.17297601	472	-0.054827 0.005028  1.040749
2.17802405	471	-0.053869 0.007422  1.035242
2.18307995	472	-0.056742 0.009816  1.046734
2.18813610	472	-0.050517 0.005985  1.045537
2.19319605	472	-0.050278 0.009577  1.056790
2.19824409	472	-0.055545 0.010295  1.045777
2.20330405	472	-0.056742 0.004788  1.040270
2.20835208	472	-0.055066 0.014365  1.051762
2.21339201	471	-0.053151 0.005985  1.041467
2.21844005	472	-0.055066 0.008858  1.045777
2.22347998	471	-0.048602 0.004788  1.049607
2.22851991	472	-0.053869 0.006464  1.058705
2.23355197	471	-0.055066 0.013407  1.039552
2.23859190	472	-0.052193 0.009816  1.050086
2.24363207	471	-0.053630 0.002155  1.049368
2.24869203	471	-0.058418 0.011492  1.045777
2.25374388	472	-0.057939 0.006943  1.046016
2.25879597	470	-0.060094 0.006464  1.043143
2.26384806	472	-0.053151 0.008858  1.052002
2.26891207	472	-0.054348 0.003112  1.047931
2.27397608	471	-0.053630 0.011492  1.048171
2.27902388	472	-0.055306 0.012929  1.051762
2.28407597	471	-0.050757 0.006943  1.040031
2.28911209	473	-0.052193 0.005746  1.042904
2.29416394	472	-0.050757 0.010295  1.050326
2.29919600	470	-0.055066 0.007661  1.044819
2.30422401	471	-0.051235 0.010056  1.037636
2.30927991	472	-0.054348 0.006704  1.043622
2.31432795	470	-0.053869 0.006704  1.045298
2.31937599	472	-0.053151 0.010056  1.046495
2.32442808	473	-0.055306 0.011971  1.046256
2.32948803	472	-0.051954 0.005985  1.039312
2.33453989	472	-0.050757 0.013168  1.044819
2.33960795	473	-0.054827 0.003831  1.043143
2.34467196	472	-0.054587 0.013407  1.042425
2.34972810	472	-0.054587 0.011731  1.051762
2.35477995	472	-0.052193 0.015562  1.054875
2.35983204	470	-0.056263 0.010056  1.041946
2.36488008	471	-0.055545 0.007901  1.041228
2.36993193	471	-0.047165 0.010295  1.046016
2.37495994	472	-0.052672 0.005746  1.042425
2.38000011	472	-0.049559 0.003831  1.048650
2.38504409	472	-0.056263 0.006704  1.041467
2.39010405	472	-0.052193 0.006943  1.044580
2.39515590	471	-0.054587 0.012929  1.048889
2.40020799	472	-0.058179 0.007661  1.036679
2.40528011	471	-0.051475 0.009098  1.049847
2.41033601	473	-0.052193 0.008380  1.048410
2.41540789	473	-0.051475 0.011731  1.046016
2.42047190	472	-0.053390 0.008380  1.049129
2.42552804	471	-0.053390 0.010534  1.049847
2.43057990	473	-0.059854 0.003352  1.050326
2.43560791	472	-0.057460 0.005985  1.048410
2.44063210	472	-0.052911 0.010774  1.039791
2.44567203	473	-0.058179 0.005028  1.048410
2.45071601	472	-0.056263 0.008140  1.050326
2.45575594	470	-0.053390 0.016280  1.048889
2.46080398	470	-0.055306 0.010534  1.036200
2.46584010	471	-0.043574 0.013407  1.048650
2.47089600	472	-0.051235 0.005985  1.049607
2.47594404	472	-0.050517 0.010534  1.050086
2.48099589	470	-0.049081 0.010056  1.048650
2.48605203	471	-0.059615 0.012929  1.038355
2.49111199	470	-0.053151 0.012929  1.040031
2.49617600	472	-0.055066 0.009577  1.053678
2.50121593	472	-0.054108 0.003112  1.047453
2.50625610	472	-0.052432 0.012450  1.046974
2.51129603	470	-0.058179 0.007183  1.047931
2.51634407	472	-0.052672 0.009098  1.046256
2.52139592	472	-0.052911 0.005746  1.050804
2.52643203	472	-0.050996 0.005267  1.046734
2.53148388	472	-0.055066 0.003831  1.040031
2.53650808	472	-0.055306 0.011492  1.049847
2.54157590	472	-0.054348 0.008380  1.040270
2.54661607	471	-0.055545 0.008140  1.053678
2.55167198	472	-0.061530 0.004549  1.040510
2.55672788	472	-0.056742 0.013407  1.054875
2.56179189	472	-0.058657 0.011731  1.040988
##inga 
#ido(sec)  szog(ADC)     ax(g)    ay(g)   az(g)
2.56737995	472	-0.053630 0.005028  1.049368
2.57259202	472	-0.054587 0.012929  1.044340
2.57782793	472	-0.056263 0.011492  1.042904
2.58304810	472	-0.056263 0.011253  1.043861
2.58807992	470	-0.052432 0.007661  1.046974
2.59311199	470	-0.057460 0.012689  1.049368
2.59814405	471	-0.055784 0.006704  1.048171
2.60319590	473	-0.053151 0.003591  1.036439
2.60823988	472	-0.051954 0.010295  1.043143
2.61328005	472	-0.055066 0.007661  1.056072
2.61833190	471	-0.054348 0.003831  1.044580
2.62338399	471	-0.052432 0.013886  1.039791
2.62843608	473	-0.057221 0.000479  1.044819
2.63350796	472	-0.048841 0.011492  1.037158
2.63857603	471	-0.049320 0.007422  1.043861
2.64362406	472	-0.052911 0.004788  1.041946
2.64867591	471	-0.052193 0.014365  1.042664
2.65372800	472	-0.056263 0.008619  1.043383
2.65876793	472	-0.053630 0.004070  1.050804
2.66380405	472	-0.048602 0.007183  1.043143
2.66885209	470	-0.050278 0.007661  1.033088
2.67388796	470	-0.056263 0.012929  1.050326
2.67894411	472	-0.054108 0.008858  1.040988
2.68398404	472	-0.052672 0.009337  1.045298
2.68904399	472	-0.049799 0.005507  1.053438
2.69409608	472	-0.050757 0.007661  1.050326
2.69915199	471	-0.059376 0.007661  1.047453
2.70420789	472	-0.053630 0.013886  1.045537
2.70927190	472	-0.056742 0.012689  1.046016
2.71432805	472	-0.051235 0.003831  1.050804
2.71938395	472	-0.052911 0.005985  1.042904
2.72443199	470	-0.051235 0.012210  1.057508
2.72946810	470	-0.051235 0.008619  1.041707
2.73450398	472	-0.051475 0.005267  1.040988
2.73954391	473	-0.053869 0.011013  1.050086
2.74458003	471	-0.051954 0.009337  1.040749
2.74961590	471	-0.050038 0.007661  1.040749
2.75466394	472	-0.055784 0.013407  1.041946
2.75972008	470	-0.055306 0.007901  1.045298
2.76477193	473	-0.051235 0.010295  1.050804
2.76983189	472	-0.054348 0.008380  1.050565
2.77488803	470	-0.053151 0.014604  1.041228
2.77996802	472	-0.059854 0.009337  1.057029
2.78502392	472	-0.052193 0.009098  1.051762
2.79010009	472	-0.053151 0.009098  1.043861
2.79516410	472	-0.049799 0.005028  1.050326
2.80019998	470	-0.050996 0.009577  1.057508
2.80524396	472	-0.054348 0.008858  1.042425
2.81028795	470	-0.056263 0.009816  1.039552
2.81533193	470	-0.054348 0.006943  1.036200
2.82036800	472	-0.055545 0.014604  1.043861
2.82540798	472	-0.055784 0.010534  1.052959
2.83045196	471	-0.050757 0.010056  1.047931
2.83549594	472	-0.052432 0.013168  1.042904
2.84054803	473	-0.050757 0.011731  1.050086
2.84560794	470	-0.062009 0.007661  1.038115
2.85064792	470	-0.056263 0.011013  1.045298
2.85571594	472	-0.045011 0.008619  1.050326
2.86077594	473	-0.050278 0.011971  1.049368
2.86582393	473	-0.053869 0.002155  1.053917
2.87087993	472	-0.057221 0.009337  1.039552
2.87592411	470	-0.050757 0.009337  1.054875
2.88095998	472	-0.055784 0.011731  1.045058
2.88599205	470	-0.050278 0.006943  1.038594
2.89102411	470	-0.055066 0.007183  1.047453
2.89606399	472	-0.058179 0.006225  1.039312
2.90110397	471	-0.055784 0.010056  1.038355
2.90615196	470	-0.047405 0.010534  1.042904
2.91121196	470	-0.055066 0.004310  1.041467
2.91626405	472	-0.057221 0.010056  1.038115
2.92131214	472	-0.058179 0.006225  1.045777
2.92638397	470	-0.049559 0.009577  1.047453
2.93144798	471	-0.051235 0.002394  1.044340
2.93650388	470	-0.059854 0.012210  1.041467
2.94154405	470	-0.049799 0.011253  1.048171
2.94658393	472	-0.053151 0.005028  1.052959
2.95163202	471	-0.049081 0.013647  1.041707
2.95667190	472	-0.058657 0.005746  1.040510
2.96169586	472	-0.053151 0.008858  1.037876
2.96673984	472	-0.048602 0.008858  1.041946
2.97178411	471	-0.053630 0.011492  1.054875
2.97683601	472	-0.055784 0.009577  1.047692
2.98189592	472	-0.056981 0.005746  1.049368
2.98695583	472	-0.053151 0.009337  1.044819
2.99202394	472	-0.050278 0.009098  1.042425
2.99708385	473	-0.048602 0.008140  1.046495
3.00213599	472	-0.050757 0.014604  1.047453
3.00720000	471	-0.055306 0.004070  1.057029
3.01223993	471	-0.054108 0.010774  1.041467
3.01728796	472	-0.047405 0.003831  1.054396
3.02232003	472	-0.056742 0.006464  1.046734
3.02735996	472	-0.050278 0.007901  1.046256
3.03239989	471	-0.054348 0.005267  1.041467
3.03744006	472	-0.051235 0.012210  1.042185
3.04248809	472	-0.052911 0.011253  1.045777
3.04755210	471	-0.054108 0.012450  1.043861
3.05259203	472	-0.057221 0.011731  1.042904
3.05764007	470	-0.056503 0.001197  1.052002
3.06268811	472	-0.053630 0.013407  1.046974
3.06775188	472	-0.047405 0.010774  1.048410
3.07281208	470	-0.049559 0.013886  1.044819
##inga 
#ido(sec)  szog(ADC)     ax(g)    ay(g)   az(g)
3.07840800	472	-0.054348 0.004310  1.046256
3.08360004	472	-0.050278 0.010056  1.055832
3.08878397	472	-0.057221 0.009816  1.044580
3.09398388	470	-0.046208 0.004788  1.052002
3.09901595	472	-0.050517 0.012929  1.043622
3.10405993	472	-0.052193 0.010295  1.050565
3.10910391	472	-0.053869 0.011492  1.046734
3.11416411	472	-0.050038 0.006943  1.047931
3.11919593	472	-0.048362 0.007183  1.041228
3.12424802	472	-0.054108 0.008619  1.043861
3.12930393	472	-0.050038 0.008858  1.044819
3.13435196	473	-0.058179 0.008619  1.043383
3.13941597	470	-0.055784 0.009098  1.053917
3.14449596	472	-0.058657 0.008858  1.046016
3.14954805	472	-0.056263 0.010295  1.048410
3.15461993	473	-0.054827 0.011492  1.041707
3.15965604	472	-0.058897 0.010295  1.046974
3.16469597	472	-0.051954 0.006704  1.042425
3.16974401	470	-0.056742 0.008380  1.061339
3.17478394	470	-0.050278 0.009337  1.055593
3.17982411	470	-0.054827 0.008858  1.041946
3.18485999	472	-0.051235 0.010774  1.042185
3.18991208	472	-0.056981 0.004788  1.045537
3.19496393	472	-0.055066 0.006225  1.050565
3.20000791	472	-0.053390 0.006464  1.045777
3.20505595	473	-0.052193 0.009337  1.048889
3.21011590	471	-0.054587 0.010534  1.054635
3.21516799	472	-0.053151 0.009577  1.045298
3.22024798	472	-0.052672 0.012450  1.043383
3.22532010	472	-0.053630 0.011731  1.052241
3.23036789	472	-0.053869 0.009577  1.049607
3.23542809	472	-0.053869 0.016759  1.037636
3.24047207	472	-0.052911 0.014365  1.049129
3.24552011	470	-0.051714 0.007661  1.047931
3.25057196	472	-0.057460 0.010774  1.041946
3.25561189	473	-0.055306 0.006943  1.035242
3.26065206	472	-0.050757 0.007661  1.040988
3.26568007	472	-0.049559 0.011253  1.050326
3.27074408	470	-0.052193 0.008619  1.048889
3.27579593	471	-0.057221 0.011731  1.045537
3.28086805	472	-0.046686 0.011013  1.039552
3.28591990	472	-0.059615 0.006943  1.053917
3.29097199	471	-0.051714 0.012689  1.051762
3.29604005	470	-0.052432 0.009337  1.049607
3.30110001	472	-0.053390 0.012450  1.038834
3.30613589	472	-0.056024 0.008619  1.039073
3.31117606	473	-0.051235 0.014365  1.043861
3.31622409	472	-0.051714 0.006225  1.045537
3.32127189	473	-0.049799 0.014844  1.041946
3.32631206	472	-0.058418 0.011971  1.037158
3.33134794	473	-0.049559 0.008619  1.043143
3.33638405	472	-0.056742 0.014604  1.048410
3.34142804	472	-0.060573 0.011492  1.047931
3.34648394	472	-0.055066 0.010295  1.052241
3.35153603	471	-0.055784 0.009098  1.041467
3.35660004	473	-0.057221 0.006464  1.053678
3.36166405	471	-0.049081 0.008858  1.042425
3.36671996	472	-0.058418 0.005746  1.052480
3.37177205	471	-0.057939 0.006464  1.038355
3.37683200	472	-0.054108 0.007901  1.050326
3.38186788	472	-0.048123 0.010056  1.043383
3.38691997	472	-0.052193 0.003831  1.044580
3.39195990	472	-0.053390 0.003352  1.047931
3.39699196	472	-0.055545 0.006704  1.043622
3.40204405	471	-0.049320 0.004788  1.039073
3.40708804	470	-0.058418 0.006464  1.044340
3.41212797	472	-0.049081 0.006225  1.050086
3.41716790	471	-0.055306 0.006943  1.048171
3.42222809	473	-0.050517 0.006704  1.043861
3.42727589	472	-0.054108 0.011013  1.044580
3.43232798	471	-0.049799 0.009577  1.041467
3.43738794	472	-0.051954 0.010056  1.054156
3.44245600	472	-0.052911 0.010295  1.042425
3.44752001	471	-0.052432 0.007183  1.039791
3.45257592	472	-0.049320 0.005746  1.045298
3.45761609	471	-0.055066 0.008858  1.052480
3.46264004	470	-0.053390 0.011253  1.047453
3.46767592	472	-0.054348 0.013886  1.044340
3.47270393	470	-0.052193 0.008380  1.039552
3.47773599	472	-0.056503 0.006464  1.048889
3.48277997	471	-0.054348 0.006225  1.045777
3.48783588	473	-0.048841 0.004549  1.051762
3.49288392	470	-0.051475 0.008380  1.047931
3.49794006	470	-0.058897 0.011013  1.047453
3.50299191	470	-0.051954 0.010534  1.038115
3.50804805	472	-0.050996 0.007901  1.047213
3.51309609	470	-0.055306 0.009577  1.046734
3.51816010	472	-0.054348 0.008140  1.043622
3.52320003	472	-0.057700 0.005267  1.044819
3.52824401	470	-0.052432 0.007661  1.042185
3.53328800	471	-0.051954 0.017477  1.045777
3.53832006	472	-0.052193 0.007183  1.046256
3.54335999	470	-0.051714 0.006225  1.048889
3.54840803	472	-0.050996 0.007901  1.049607
3.55344390	472	-0.058897 0.008380  1.046974
3.55848789	472	-0.057700 0.008858  1.042664
3.56353592	472	-0.054348 0.009816  1.052241
3.56858396	472	-0.055784 0.004310  1.046495
3.57364392	471	-0.052193 0.006464  1.044340
3.57869601	472	-0.053630 0.006943  1.050086
3.58376789	472	-0.057700 0.006464  1.049129
##inga 
#ido(sec)  szog(ADC)     ax(g)    ay(g)   az(g)
3.58935594	470	-0.053390 0.011492  1.046495
3.59458398	472	-0.051475 0.011253  1.046974
3.59981203	472	-0.050996 0.004788  1.038355
3.60501599	470	-0.053151 0.000479  1.047453
3.61006402	472	-0.048123 0.011971  1.049847
3.61510396	472	-0.050517 0.001437  1.040988
3.62014389	472	-0.056024 0.011253  1.048410
3.62518000	472	-0.053869 0.008380  1.054156
3.63021206	472	-0.052672 0.009337  1.041946
3.63525605	472	-0.059615 0.009577  1.052720
3.64031600	471	-0.054348 0.010295  1.045777
3.64537596	472	-0.050517 0.008858  1.050804
3.65043210	470	-0.054108 0.006464  1.053917
3.65548396	471	-0.050996 0.012210  1.049368
3.66054010	472	-0.051235 0.006464  1.044580
3.66559195	473	-0.054348 0.007901  1.057029
3.67064809	472	-0.049799 0.014604  1.043383
3.67570400	472	-0.045968 0.012210  1.046734
3.68073606	471	-0.052193 0.001676  1.047931
3.68576788	473	-0.055066 0.004788  1.046734
3.69081211	472	-0.048602 0.010295  1.046734
3.69585204	472	-0.056503 0.003591  1.050326
3.70089602	472	-0.053390 0.009098  1.045058
3.70593595	471	-0.055545 0.013647  1.044819
3.71099209	472	-0.057700 0.006943  1.044580
3.71603989	472	-0.056742 0.014365  1.041228
3.72109603	471	-0.055306 0.010295  1.051762
3.72615194	472	-0.054827 0.005985  1.044819
3.73122406	472	-0.059854 0.009098  1.046974
3.73628807	472	-0.052911 0.016041  1.049607
3.74133610	471	-0.052432 0.007183  1.042664
3.74638390	471	-0.050757 0.014365  1.053917
3.75143194	470	-0.051475 0.007661  1.050565
3.75647211	472	-0.055784 0.010774  1.040031
3.76151204	472	-0.054108 0.008380  1.040988
3.76655197	472	-0.055784 0.011253  1.039791
3.77158403	471	-0.053390 0.008858  1.047692
3.77662396	471	-0.057221 0.007422  1.046974
3.78167200	472	-0.053869 0.007901  1.047692
3.78672003	472	-0.049320 0.009816  1.041467
3.79177594	471	-0.051235 0.012689  1.045058
3.79682397	472	-0.057221 0.006464  1.040749
3.80187988	473	-0.056503 0.012450  1.047213
3.80692787	472	-0.055066 0.008140  1.045298
3.81197595	472	-0.052432 0.004310  1.045298
3.81703205	471	-0.054108 0.008140  1.052002
3.82206392	472	-0.053390 0.009337  1.050565
3.82710409	472	-0.060094 0.011013  1.046256
3.83213596	472	-0.055066 0.008380  1.052002
3.83716793	472	-0.053151 0.007901  1.042425
3.84222393	472	-0.051235 0.011731  1.047692
3.84727191	472	-0.053630 0.004788  1.045058
3.85231208	470	-0.052672 0.011013  1.046495
3.85736799	470	-0.053390 0.005985  1.051283
3.86241607	472	-0.056263 0.004070  1.048889
3.86746406	472	-0.051475 0.013647  1.048410
3.87253589	470	-0.052672 0.015083  1.045777
3.87759990	472	-0.057221 0.009098  1.046734
3.88265991	472	-0.054587 0.016999  1.041946
3.88770790	470	-0.048123 0.009098  1.042425
3.89274406	473	-0.050757 0.003112  1.049847
3.89778404	472	-0.055306 0.007901  1.049129
3.90283203	471	-0.053390 0.011731  1.048889
3.90787200	473	-0.061291 0.005507  1.043861
3.91292400	470	-0.054348 0.009337  1.043861
3.91796798	470	-0.049081 0.010056  1.043861
3.92302398	471	-0.055066 0.008140  1.052241
3.92806005	472	-0.054348 0.008619  1.043383
3.93313198	472	-0.049799 0.006943  1.051523
3.93817214	473	-0.060333 0.004549  1.055114
3.94322395	472	-0.055545 0.012929  1.045777
3.94828796	472	-0.057221 0.003831  1.041228
3.95335197	471	-0.052193 0.012689  1.054156
3.95839195	472	-0.058897 0.001197  1.047213
3.96343994	472	-0.050517 0.004070  1.043383
3.96847610	472	-0.056503 0.007661  1.050326
3.97351188	472	-0.051954 0.007901  1.049847
3.97855587	472	-0.053869 0.005507  1.055114
3.98359985	472	-0.058897 0.009816  1.048889
3.98864002	472	-0.047165 0.003112  1.047692
3.99369192	472	-0.051475 0.011731  1.042425
3.99874801	472	-0.050517 0.008858  1.048889
4.00379180	472	-0.050517 0.002873  1.047453
4.00884819	470	-0.053630 0.008619  1.040988
4.01389980	472	-0.050996 0.010056  1.052720
4.01893997	472	-0.049559 0.011253  1.036679
4.02400398	471	-0.050278 0.010534  1.046495
4.02904796	472	-0.052193 0.004788  1.048171
4.03410387	472	-0.052432 0.010056  1.052241
4.03915214	472	-0.054827 0.006943  1.046256
4.04419183	472	-0.051714 0.006464  1.040749
4.04924011	472	-0.052432 0.010295  1.037876
4.05427980	472	-0.053151 0.008858  1.037636
4.05931997	473	-0.052672 0.011253  1.052241
4.06436777	470	-0.054827 0.008858  1.046974
4.06941604	472	-0.050278 0.011013  1.045537
4.07446384	472	-0.055306 0.005746  1.049368
4.07952022	470	-0.056263 0.006464  1.053917
4.08457994	471	-0.054348 0.006464  1.050565
4.08964776	470	-0.053869 0.010056  1.040510
4.09470796	472	-0.051235 0.006704  1.048171
##inga 
#ido(sec)  szog(ADC)     ax(g)    ay(g)   az(g)
4.10029220	472	-0.049799 0.011253  1.043143
4.10552406	472	-0.050996 0.004788  1.041946
4.11072778	472	-0.054827 0.009098  1.046495
4.11592817	471	-0.056742 0.006704  1.040031
4.12097978	470	-0.053390 0.012689  1.053678
4.12601995	472	-0.059615 0.012929  1.056790
4.13106393	472	-0.048841 0.011731  1.053678
4.13611984	473	-0.058657 0.005028  1.057987
4.14116382	472	-0.056503 0.006464  1.045777
4.14621591	472	-0.060573 0.008858  1.051762
4.15127182	470	-0.052193 0.010056  1.047453
4.15633583	473	-0.050278 0.013407  1.053199
4.16139602	471	-0.057700 0.010295  1.042904
4.16645193	472	-0.053869 0.011013  1.055353
4.17151212	472	-0.058897 0.012929  1.044819
4.17656803	472	-0.052193 0.009816  1.049607
4.18162393	472	-0.047644 0.011492  1.043383
4.18667221	472	-0.048602 0.005028  1.049368
4.19170379	471	-0.055784 0.006704  1.047453
4.19675588	470	-0.056981 0.009816  1.046495
4.20179176	471	-0.051954 0.008858  1.043383
4.20684814	469	-0.053390 0.004788  1.057508
4.21189594	472	-0.055306 0.010534  1.051283
4.21693992	472	-0.056503 0.005267  1.052002
4.22197198	470	-0.050517 0.010534  1.039552
4.22702407	472	-0.052911 0.006943  1.046734
4.23207998	471	-0.057700 0.011492  1.046016
4.23712015	472	-0.053151 0.009337  1.041467
4.24218797	470	-0.051714 0.008140  1.046734
4.24724817	472	-0.056981 0.004310  1.047453
4.25230407	472	-0.051714 0.006464  1.049607
4.25735187	472	-0.056024 0.010295  1.050086
4.26238393	472	-0.052911 0.008619  1.051283
4.26742410	472	-0.051954 0.008380  1.054156
4.27246379	472	-0.055545 0.009816  1.052959
4.27749586	470	-0.048841 0.006704  1.040749
4.28253602	471	-0.057460 0.002155  1.049847
4.28758001	470	-0.058179 0.008380  1.058945
4.29262781	472	-0.052672 0.006464  1.061578
4.29768800	472	-0.056503 0.007901  1.047213
4.30273580	471	-0.058179 0.008858  1.048171
4.30778408	472	-0.055306 0.005267  1.046016
4.31285619	472	-0.053390 0.010056  1.050086
4.31791210	472	-0.058418 0.005985  1.053199
4.32296800	470	-0.052672 0.009337  1.043143
4.32801580	472	-0.055306 0.005985  1.045298
4.33305215	472	-0.056742 0.011492  1.045058
4.33809614	470	-0.055545 0.001915  1.040510
4.34312820	472	-0.051954 0.011492  1.054156
4.34815979	472	-0.051714 0.009098  1.043861
4.35319995	472	-0.052193 0.012210  1.040988
4.35823202	470	-0.062009 0.006943  1.048650
4.36327981	472	-0.048602 0.004549  1.043622
4.36832809	472	-0.055066 0.009816  1.045537
4.37338018	471	-0.058897 0.005985  1.045058
4.37843179	469	-0.047165 0.006225  1.041467
4.38349580	471	-0.055545 0.010295  1.053199
4.38855600	471	-0.050038 0.010774  1.037158
4.39359998	472	-0.051714 0.005507  1.048650
4.39864397	471	-0.054348 0.008619  1.046016
4.40367221	472	-0.052672 0.010774  1.055593
4.40872001	472	-0.044053 0.009577  1.045777
4.41375589	472	-0.052432 0.008380  1.040510
4.41879606	472	-0.052911 0.011253  1.042664
4.42384815	472	-0.052672 0.009337  1.046016
4.42889213	473	-0.056742 0.011253  1.051283
4.43394804	472	-0.051235 0.003112  1.049129
4.43901205	470	-0.052193 0.010774  1.045537
4.44407606	471	-0.052911 0.009098  1.048889
4.44912815	472	-0.048123 0.006704  1.049368
4.45419597	472	-0.046926 0.013168  1.050086
4.45925617	472	-0.054827 0.001915  1.043861
4.46432018	472	-0.051475 0.010295  1.049368
4.46936798	470	-0.055306 0.010295  1.042425
4.47442388	470	-0.057939 0.005028  1.049129
4.47947216	470	-0.060094 0.006225  1.046734
4.48449611	472	-0.052432 0.005985  1.052480
4.48953580	470	-0.053151 0.009577  1.042664
4.49457597	470	-0.051954 0.000479  1.039791
4.49962377	472	-0.055306 0.006464  1.045777
4.50468015	472	-0.057700 0.012689  1.054635
4.50971603	472	-0.052911 0.008140  1.048650
4.51476812	472	-0.052911 0.002394  1.046256
4.51983976	472	-0.048362 0.003591  1.038594
4.52490377	472	-0.053869 0.006464  1.047931
4.52997207	471	-0.052911 0.013886  1.042664
4.53503990	473	-0.058657 0.008380  1.048650
4.54009580	472	-0.056742 0.008858  1.047931
4.54513978	471	-0.060094 0.011013  1.055353
4.55016803	472	-0.051954 0.005028  1.048889
4.55520009	470	-0.050278 0.012210  1.046016
4.56023216	472	-0.051714 0.007661  1.049368
4.56526422	470	-0.054348 0.008619  1.045058
4.57030391	472	-0.051714 0.005028  1.044580
4.57534790	472	-0.050278 0.008140  1.047213
4.58038806	472	-0.053390 0.013168  1.048171
4.58543205	472	-0.052432 0.012210  1.032130
4.59047603	473	-0.054827 0.012450  1.057029
4.59552001	473	-0.058657 0.005985  1.050804
4.60057592	472	-0.053390 0.014844  1.052720
4.60563182	472	-0.054827 0.010534  1.037397
##inga 
#ido(sec)  szog(ADC)     ax(g)    ay(g)   az(g)
4.61121606	472	-0.055784 0.007422  1.051283
4.61645221	472	-0.054827 0.006704  1.036439
4.62167978	472	-0.052911 0.007661  1.047931
4.62689590	473	-0.048841 0.008380  1.040510
4.63191986	472	-0.053390 0.011492  1.043861
4.63696384	472	-0.052193 0.009816  1.040988
4.64201211	470	-0.053151 0.011013  1.051523
4.64705610	472	-0.057939 0.004788  1.042425
4.65208816	472	-0.053869 0.004070  1.044819
4.65714788	472	-0.048362 0.008619  1.047213
4.66220808	470	-0.049320 0.006464  1.048171
4.66725587	471	-0.058179 0.006704  1.045537
4.67231988	472	-0.057221 0.014844  1.042185
4.67738389	471	-0.057221 0.006464  1.041946
4.68244791	472	-0.052432 0.011971  1.050804
4.68750381	472	-0.053390 0.009816  1.048410
4.69254398	470	-0.048362 0.012689  1.048650
4.69758796	471	-0.053869 0.008380  1.042425
4.70262384	472	-0.051235 0.006943  1.042904
4.70767211	471	-0.049799 0.005746  1.044101
4.71271181	472	-0.049081 0.008380  1.056790
4.71774005	472	-0.057700 0.009816  1.048171
4.72279214	472	-0.057700 0.006943  1.050086
4.72782802	472	-0.056503 0.007183  1.046974
4.73288822	472	-0.053869 0.007183  1.048171
4.73793601	470	-0.055784 0.008140  1.044101
4.74299192	472	-0.056263 0.009098  1.042425
4.74807214	472	-0.052193 0.010534  1.040270
4.75313615	472	-0.056263 0.011971  1.048650
4.75820016	473	-0.052911 0.010774  1.049129
4.76324796	472	-0.052193 0.003831  1.045058
4.76830387	470	-0.050517 0.006704  1.048171
4.77334403	471	-0.052672 0.011971  1.047931
4.77838802	470	-0.054108 0.006943  1.053678
4.78342008	470	-0.061530 0.007422  1.049368
4.78844785	472	-0.055306 0.006704  1.046256
4.79350423	470	-0.054108 0.009098  1.051762
4.79855203	472	-0.050757 0.006464  1.045537
4.80360412	472	-0.051954 0.013647  1.047213
4.80864810	472	-0.050517 0.012689  1.051762
4.81370019	472	-0.055306 0.007901  1.042425
4.81875181	472	-0.054348 0.009098  1.043143
4.82381582	471	-0.045968 0.008380  1.050804
4.82886791	472	-0.056024 0.003831  1.046256
4.83392000	472	-0.050996 0.010056  1.042425
4.83895206	470	-0.052432 0.004310  1.044819
4.84399223	472	-0.050278 0.006704  1.046016
4.84903192	470	-0.051714 0.006225  1.043622
4.85407590	470	-0.052193 0.007901  1.046256
4.85911607	470	-0.056503 0.009337  1.050326
4.86416006	472	-0.056742 0.010056  1.049129
4.86921215	471	-0.055306 0.011731  1.035721
4.87425994	470	-0.049320 0.010056  1.045777
4.87930822	472	-0.053390 0.007422  1.053199
4.88436794	470	-0.052432 0.009577  1.040749
4.88942384	472	-0.053869 0.012450  1.049129
4.89448785	473	-0.055066 0.007422  1.046734
4.89954376	472	-0.052672 0.010056  1.052241
4.90460014	472	-0.054348 0.007901  1.049607
4.90964794	471	-0.054587 0.013407  1.045298
4.91468811	471	-0.054587 0.012210  1.044819
4.91972780	472	-0.052911 0.007422  1.046256
4.92477178	470	-0.057221 0.007661  1.051044
4.92980813	472	-0.053869 0.009337  1.055353
4.93484783	471	-0.054827 0.008140  1.054635
4.93989181	472	-0.054108 0.008380  1.047931
4.94494819	472	-0.059615 0.008140  1.055114
4.94999980	471	-0.051714 0.007183  1.046495
4.95506381	471	-0.053390 0.003112  1.044819
4.96011209	473	-0.055306 0.008858  1.045537
4.96518421	471	-0.052672 0.007183  1.052720
4.97024393	471	-0.057939 0.005746  1.047213
4.97529602	472	-0.058418 0.009098  1.046256
4.98035192	472	-0.053869 0.014126  1.052480
4.98540401	471	-0.056503 0.009816  1.047213
4.99044799	471	-0.060094 0.011253  1.043622
4.99548387	472	-0.053390 0.007422  1.052002
5.00052404	472	-0.054827 0.012689  1.045777
5.00555992	472	-0.063206 0.005507  1.055114
5.01060390	470	-0.050996 0.015562  1.040749
5.01563978	471	-0.053390 0.005985  1.036439
5.02069187	472	-0.049081 0.006225  1.040510
5.02573585	472	-0.051714 0.009577  1.042904
5.03079223	472	-0.054827 0.008380  1.052720
5.03584003	472	-0.052193 0.005028  1.048650
5.04090023	471	-0.050996 0.008380  1.039073
5.04594421	472	-0.052193 0.005507  1.052720
5.05098390	472	-0.051714 0.005507  1.043383
5.05603218	470	-0.055545 0.010774  1.040510
5.06106805	470	-0.050996 0.010774  1.046734
5.06609582	472	-0.049559 0.009337  1.039791
5.07113218	470	-0.054108 0.012210  1.047692
5.07616806	472	-0.059376 0.007901  1.045298
5.08122014	472	-0.051475 0.007661  1.051283
5.08626413	472	-0.051235 0.007901  1.039312
5.09130811	472	-0.050038 0.005267  1.043861
5.09636020	472	-0.051954 0.006704  1.037158
5.10141611	472	-0.053390 0.007661  1.042664
5.10648822	470	-0.053151 0.006225  1.050326
5.11155176	472	-0.058418 0.008858  1.050086
5.11660814	472	-0.054348 0.007183  1.046495
##inga 
#ido(sec)  szog(ADC)     ax(g)    ay(g)   az(g)
5.12220382	472	-0.055306 0.009577  1.050804
5.12742376	470	-0.058418 0.006464  1.044101
5.13265180	470	-0.054827 0.001915  1.047213
5.13786411	472	-0.053390 0.002634  1.045537
5.14289617	470	-0.050038 0.010534  1.044340
5.14792013	472	-0.048123 0.009577  1.037876
5.15296792	472	-0.050278 0.008380  1.046256
5.15800380	471	-0.056742 0.006464  1.046495
5.16306018	472	-0.055545 0.016041  1.043622
5.16809606	470	-0.051475 0.007422  1.039073
5.17315578	472	-0.062967 0.008858  1.047213
5.17819976	472	-0.052911 0.011253  1.046016
5.18326807	471	-0.057460 0.006464  1.047692
5.18832015	472	-0.052672 0.013168  1.048410
5.19337177	472	-0.052193 0.005985  1.041946
5.19841623	470	-0.058897 0.004070  1.054875
5.20345211	470	-0.046447 0.007661  1.050326
5.20848798	472	-0.051475 0.008140  1.054156
5.21352005	470	-0.054108 0.009577  1.048410
5.21855211	472	-0.053869 0.014844  1.040510
5.22359991	470	-0.051475 0.011013  1.042185
5.22865581	472	-0.055784 0.009337  1.042185
5.23370409	472	-0.055784 0.006943  1.055114
5.23875617	473	-0.054587 0.010534  1.046016
5.24380779	471	-0.055306 0.006704  1.043622
5.24886798	472	-0.052911 0.010295  1.045298
5.25393581	470	-0.056742 0.005985  1.054875
5.25899982	471	-0.051714 0.004310  1.051044
5.26405620	472	-0.052911 0.004070  1.052720
5.26908779	472	-0.055066 0.007901  1.043383
5.27412414	470	-0.046686 0.013886  1.047453
5.27916812	473	-0.051954 0.013407  1.042664
5.28420782	470	-0.056742 0.004310  1.048650
5.28924417	469	-0.051475 0.005985  1.043861
5.29427194	472	-0.054587 0.005985  1.043861
5.29931592	473	-0.053869 0.008619  1.055832
5.30437183	472	-0.060094 0.003591  1.042664
5.30942392	472	-0.055545 0.009098  1.046974
5.31448411	471	-0.054348 0.003112  1.050565
5.31952810	472	-0.045250 0.005746  1.051762
5.32458019	472	-0.058179 0.011731  1.040749
5.32963991	472	-0.049320 0.010534  1.046734
5.33468818	472	-0.054348 0.004549  1.048171
5.33972787	472	-0.050278 0.011971  1.050326
5.34475183	472	-0.053869 0.007901  1.043622
5.34978818	472	-0.051954 0.005028  1.046974
5.35483217	470	-0.052911 0.008380  1.042904
5.35987186	470	-0.052193 0.005267  1.047213
5.36492013	472	-0.057939 0.002394  1.038355
5.36997604	470	-0.055306 0.011492  1.046734
5.37502384	472	-0.057221 0.007183  1.048171
5.38009214	472	-0.051235 0.005985  1.051044
5.38514423	472	-0.054827 0.007661  1.053917
5.39020013	472	-0.056742 0.007183  1.039312
5.39525985	472	-0.047405 0.007183  1.040749
5.40031623	470	-0.053390 0.010774  1.046495
5.40537977	472	-0.054348 0.003352  1.050565
5.41043186	472	-0.054587 0.003112  1.051283
5.41548013	470	-0.052432 0.009577  1.052241
5.42053222	470	-0.057939 0.012689  1.045298
5.42557191	472	-0.053390 0.005507  1.052720
5.43060779	470	-0.051714 0.001915  1.060381
5.43564796	471	-0.052911 0.008140  1.052002
5.44068002	472	-0.055306 0.003591  1.049368
5.44572401	472	-0.058657 0.006943  1.046974
5.45077991	472	-0.053390 0.011971  1.045298
5.45583200	470	-0.050996 0.008619  1.048410
5.46087217	472	-0.054827 0.005028  1.047692
5.46593189	472	-0.049320 0.009577  1.049847
5.47100019	472	-0.056263 0.005985  1.044101
5.47605609	471	-0.052432 0.004070  1.046974
5.48109579	472	-0.052432 0.003831  1.045777
5.48614406	470	-0.054348 0.004549  1.036200
5.49117612	472	-0.048841 0.010295  1.041467
5.49622011	473	-0.053151 0.009577  1.041707
5.50126409	471	-0.057700 0.007183  1.054875
5.50628805	472	-0.051475 0.012210  1.045058
5.51133203	471	-0.052911 0.012689  1.044819
5.51637983	472	-0.052193 0.010056  1.049847
5.52142810	472	-0.052911 0.015083  1.047692
5.52649593	472	-0.053630 0.012450  1.055353
5.53155183	471	-0.052432 0.009816  1.049607
5.53660011	473	-0.054827 0.007901  1.054635
5.54166793	470	-0.057221 0.008858  1.042425
5.54673576	472	-0.056503 0.008619  1.033327
5.55179214	472	-0.050757 0.008858  1.042185
5.55683183	472	-0.054108 0.005746  1.047453
5.56185579	472	-0.051714 0.006464  1.047931
5.56688785	472	-0.050517 0.012929  1.052959
5.57192802	472	-0.054108 0.003112  1.052480
5.57696008	471	-0.052193 0.011731  1.053199
5.58201217	472	-0.050278 0.011492  1.051762
5.58706808	473	-0.056024 0.011253  1.050804
5.59212398	472	-0.054348 0.005267  1.047213
5.59716415	470	-0.054587 0.010534  1.045777
5.60222387	472	-0.051475 0.008858  1.040031
5.60727977	472	-0.050757 0.011013  1.051762
5.61233186	472	-0.054827 0.010534  1.043622
5.61739206	471	-0.057939 0.010295  1.050086
5.62244796	472	-0.052193 0.016041  1.046495
5.62749576	471	-0.055545 0.008619  1.043143
##inga 
#ido(sec)  szog(ADC)     ax(g)    ay(g)   az(g)
5.63306808	472	-0.055306 0.005746  1.049847
5.63827991	472	-0.046926 0.010056  1.043143
5.64351177	470	-0.057939 0.009098  1.044101
5.64871597	472	-0.061052 0.008380  1.047931
5.65374422	472	-0.055545 0.008380  1.053199
5.65878391	472	-0.050278 0.005028  1.041467
5.66383600	470	-0.050757 0.005985  1.053438
5.66888380	472	-0.054348 0.009816  1.046974
5.67394399	471	-0.053869 0.006464  1.045298
5.67899990	471	-0.052672 0.009577  1.050086
5.68405580	472	-0.049320 0.012450  1.040031
5.68909597	471	-0.049081 0.011492  1.045537
5.69414806	470	-0.056742 0.007901  1.049129
5.69920015	472	-0.053390 0.006464  1.042904
5.70423603	470	-0.052193 0.009337  1.043143
5.70928001	472	-0.052193 0.011492  1.047213
5.71432018	472	-0.053390 0.007183  1.050804
5.71935987	472	-0.049799 0.006704  1.046256
5.72440004	472	-0.059136 0.008380  1.038115
5.72943592	473	-0.048123 0.005028  1.042185
5.73448801	472	-0.056981 0.004788  1.045537
5.73954010	471	-0.053869 0.005507  1.040510
5.74458408	472	-0.053151 0.008858  1.051283
5.74963188	471	-0.054108 0.003352  1.047213
5.75468778	471	-0.050517 0.005746  1.042904
5.75973606	472	-0.053151 0.011971  1.041467
5.76480007	472	-0.056263 0.006225  1.037158
5.76985216	470	-0.048362 0.010295  1.045058
5.77490377	472	-0.053151 0.009816  1.052959
5.77994394	471	-0.054108 0.008619  1.041228
5.78498792	472	-0.048362 0.011013  1.054875
5.79003190	472	-0.050996 0.007422  1.045058
5.79506397	472	-0.054108 0.003591  1.041467
5.80011177	472	-0.052672 0.005985  1.045537
5.80517578	473	-0.054348 0.013886  1.053438
5.81021595	472	-0.053390 0.009577  1.047692
5.81526422	472	-0.051475 0.011731  1.048650
5.82032012	470	-0.053869 0.011013  1.039552
5.82536792	471	-0.048362 0.011013  1.046256
5.83043622	471	-0.051954 0.006704  1.042185
5.83549594	473	-0.055306 0.009098  1.043143
5.84054803	472	-0.056742 0.007661  1.049847
5.84560012	472	-0.053151 0.007661  1.043861
5.85063600	470	-0.055784 0.010056  1.045058
5.85567188	471	-0.056024 0.007661  1.049129
5.86071205	473	-0.053869 0.007422  1.049368
5.86574411	472	-0.053390 0.004549  1.047213
5.87077999	471	-0.051954 0.006943  1.057029
5.87582397	473	-0.051714 0.009098  1.046256
5.88087987	471	-0.053630 0.009577  1.050086
5.88593578	472	-0.053869 0.011253  1.050565
5.89099216	472	-0.052432 0.006704  1.049129
5.89604806	472	-0.049320 0.006943  1.045537
5.90110778	472	-0.055545 0.008380  1.044819
5.90617179	472	-0.056263 0.003831  1.045777
5.91123580	472	-0.053151 0.006225  1.043861
5.91629219	472	-0.060573 0.009337  1.046734
5.92133617	470	-0.052911 0.012689  1.052241
5.92638778	470	-0.059136 0.006225  1.047213
5.93143177	470	-0.052432 0.004549  1.047692
5.93646383	470	-0.054827 0.008140  1.054875
5.94150018	471	-0.051954 0.008619  1.051523
5.94653606	472	-0.056263 0.008380  1.043861
5.95158386	472	-0.055545 0.008858  1.054156
5.95663213	472	-0.051954 0.011971  1.042664
5.96168804	472	-0.055306 0.010056  1.048410
5.96674394	471	-0.051235 0.010534  1.043622
5.97180414	470	-0.053390 0.008380  1.046256
5.97685623	472	-0.054348 0.006704  1.051523
5.98190784	472	-0.051475 0.005985  1.050326
5.98695993	473	-0.049320 0.011013  1.042664
5.99199581	472	-0.055066 0.009098  1.050326
5.99703216	472	-0.055306 0.001197  1.038355
6.00207614	472	-0.050996 0.005746  1.049847
6.00710391	472	-0.048841 0.005985  1.050326
6.01214408	472	-0.048362 0.006943  1.043861
6.01719188	470	-0.050996 0.008140  1.050326
6.02223205	472	-0.056024 0.006943  1.043383
6.02728414	472	-0.052911 0.005746  1.047213
6.03234004	473	-0.056503 0.010056  1.052241
6.03738403	472	-0.054348 0.011253  1.040270
6.04243183	472	-0.059136 0.007661  1.048171
6.04749202	472	-0.047644 0.005267  1.044819
6.05255603	472	-0.051714 0.006464  1.049847
6.05760812	472	-0.053390 0.005507  1.049607
6.06264781	472	-0.046926 0.011253  1.038594
6.06767988	470	-0.050038 0.012929  1.047213
6.07272005	472	-0.050278 0.009816  1.049847
6.07775592	472	-0.052193 0.011013  1.046016
6.08280801	472	-0.049799 0.007661  1.043143
6.08784818	472	-0.057460 0.006464  1.039552
6.09288787	470	-0.058179 0.008380  1.038355
6.09793996	470	-0.046208 0.008380  1.044580
6.10298395	470	-0.055066 0.007183  1.049129
6.10805177	472	-0.053390 0.003352  1.046256
6.11310386	471	-0.053390 0.004549  1.046974
6.11816787	472	-0.054587 0.013168  1.048410
6.12322378	472	-0.055545 0.011253  1.046016
6.12828779	472	-0.053151 0.007661  1.047931
6.13333988	473	-0.049081 0.012450  1.044580
6.13836812	472	-0.052911 0.012929  1.052480
##inga 
#ido(sec)  szog(ADC)     ax(g)    ay(g)   az(g)
6.14393615	471	-0.050278 0.005746  1.036439
6.14915609	472	-0.051714 0.007661  1.044580
6.15439176	470	-0.052432 0.006225  1.036439
6.15961599	472	-0.057221 0.007183  1.051044
6.16466808	470	-0.051714 0.007901  1.052241
6.16971588	472	-0.050996 0.010534  1.044819
6.17475986	472	-0.052193 0.007901  1.053917
6.17980813	471	-0.055545 0.008619  1.052720
6.18486404	472	-0.054348 0.011253  1.044101
6.18992376	471	-0.057221 0.011971  1.040031
6.19499206	472	-0.051714 0.012210  1.044340
6.20004796	472	-0.051235 0.007661  1.038115
6.20511198	472	-0.052672 0.004070  1.052241
6.21015214	472	-0.054348 0.005985  1.046256
6.21519184	472	-0.048123 0.012929  1.049129
6.22024011	472	-0.052432 0.004788  1.045298
6.22528791	471	-0.052432 0.004549  1.041946
6.23031997	472	-0.052432 0.008380  1.038834
6.23536396	470	-0.051714 0.010774  1.053678
6.24041604	472	-0.055066 0.014604  1.053199
6.24546003	471	-0.062009 0.009337  1.042904
6.25050401	472	-0.053390 0.009577  1.045298
6.25555610	473	-0.051475 0.006943  1.040510
6.26060819	471	-0.054108 0.009337  1.038834
6.26565980	472	-0.051714 0.008140  1.040510
6.27070808	472	-0.051235 0.004310  1.051044
6.27577209	472	-0.053390 0.004549  1.046734
6.28081607	471	-0.053390 0.010534  1.047453
6.28584814	472	-0.051475 0.008140  1.048889
6.29089212	472	-0.046208 0.009098  1.050326
6.29592800	471	-0.057700 0.007901  1.042185
6.30096006	471	-0.059136 0.012210  1.048889
6.30598402	472	-0.055306 0.012450  1.041946
6.31103181	472	-0.056263 0.011492  1.050086
6.31608009	472	-0.049320 0.009816  1.050804
6.32113218	470	-0.054827 0.010534  1.043383
6.32620000	471	-0.053390 0.004070  1.043861
6.33124399	472	-0.052432 0.011013  1.053199
6.33631181	472	-0.053630 0.011971  1.049129
6.34137582	471	-0.052672 0.008140  1.037397
6.34643983	470	-0.053630 0.004070  1.038594
6.35147190	472	-0.046926 0.006464  1.051044
6.35649585	469	-0.056263 0.007183  1.044340
6.36153602	472	-0.054827 0.012929  1.049847
6.36658382	470	-0.051235 0.004070  1.047213
6.37162399	472	-0.051235 0.005985  1.051523
6.37665605	472	-0.057460 0.003112  1.047213
6.38169193	470	-0.053869 0.010056  1.047213
6.38672399	470	-0.054827 0.010056  1.042425
6.39178419	470	-0.051235 0.013407  1.043622
6.39684820	473	-0.052911 0.011253  1.043143
6.40190410	471	-0.050517 0.006943  1.043861
6.40696811	472	-0.051475 0.012929  1.050565
6.41202783	470	-0.056024 0.009098  1.048889
6.41707992	472	-0.056981 0.009337  1.050326
6.42212820	470	-0.055306 0.013407  1.041228
6.42716789	472	-0.050517 0.011492  1.052241
6.43220376	471	-0.058897 0.004788  1.047931
6.43724012	473	-0.051954 0.006464  1.041946
6.44227981	470	-0.048123 0.004310  1.042425
6.44731616	470	-0.057221 0.008380  1.035721
6.45234823	473	-0.056742 0.009577  1.039552
6.45737981	472	-0.051714 0.005985  1.048889
6.46244001	471	-0.046208 0.007422  1.050086
6.46749591	469	-0.051235 0.010534  1.044340
6.47255992	470	-0.053390 -0.000239  1.052720
6.47763586	472	-0.047405 0.012689  1.046495
6.48269605	470	-0.052432 0.004549  1.045537
6.48776006	472	-0.054827 0.007422  1.055832
6.49281597	472	-0.056742 0.005985  1.042904
6.49787187	472	-0.053869 0.011013  1.047453
6.50292396	470	-0.056742 0.005028  1.044340
6.50796413	471	-0.055306 0.003591  1.039791
6.51300001	472	-0.049799 0.011492  1.052002
6.51804780	470	-0.047644 0.008140  1.050326
6.52307176	472	-0.047165 0.007661  1.050326
6.52812004	472	-0.052911 0.009577  1.040988
6.53315210	472	-0.054108 0.006225  1.047692
6.53819990	470	-0.055545 0.013886  1.040510
6.54324817	471	-0.050757 0.011971  1.043622
6.54830408	472	-0.053390 0.014604  1.045298
6.55336809	470	-0.056742 0.006704  1.042904
6.55843210	472	-0.053390 0.006464  1.052959
6.56346797	471	-0.057460 0.009577  1.053917
6.56852006	472	-0.043335 0.010056  1.046016
6.57356786	472	-0.053869 0.009577  1.051044
6.57860803	471	-0.052911 0.004310  1.047453
6.58365583	472	-0.047884 0.003352  1.051283
6.58870410	472	-0.055545 0.008858  1.044340
6.59372806	472	-0.050038 0.011253  1.045058
6.59877204	470	-0.057939 0.004788  1.052241
6.60381603	472	-0.055066 0.010056  1.049847
6.60886383	473	-0.051954 0.004788  1.046495
6.61392021	471	-0.048362 0.004070  1.050565
6.61896800	472	-0.053390 0.006943  1.047692
6.62402391	472	-0.050038 0.002634  1.053678
6.62907218	470	-0.056742 0.004549  1.052959
6.63411998	472	-0.060573 0.010534  1.037158
6.63916778	471	-0.050038 0.008140  1.047453
6.64419984	472	-0.056981 0.007422  1.044819
6.64924383	471	-0.055784 0.006225  1.045298
##inga 
#ido(sec)  szog(ADC)     ax(g)    ay(g)   az(g)
6.65479993	470	-0.056024 0.007183  1.037876
6.66001176	472	-0.052911 0.012210  1.051044
6.66524410	470	-0.057460 0.007183  1.046016
6.67045593	472	-0.057221 0.009577  1.042664
6.67550420	472	-0.058897 0.003831  1.050086
6.68055200	471	-0.053869 0.005507  1.045537
6.68560791	472	-0.053151 0.013407  1.047213
6.69066381	471	-0.053390 0.007901  1.038594
6.69572019	471	-0.058179 0.005267  1.045058
6.70078420	471	-0.056503 0.011731  1.041707
6.70582008	472	-0.051954 0.013407  1.046495
6.71087598	473	-0.060573 0.008858  1.046974
6.71591186	472	-0.056024 0.008140  1.045058
6.72094011	470	-0.052911 0.008858  1.059663
6.72597599	472	-0.055306 0.009337  1.046495
6.73100805	473	-0.054827 0.011013  1.044580
6.73604822	472	-0.054827 0.011492  1.043861
6.74110794	471	-0.053151 0.008858  1.040510
6.74615192	472	-0.051954 0.004549  1.031890
6.75120019	472	-0.052432 0.011253  1.045777
6.75625610	472	-0.049799 0.007422  1.049368
6.76131582	471	-0.056503 0.008380  1.046016
6.76637220	472	-0.055784 0.011492  1.046256
6.77143192	471	-0.058179 0.013647  1.057748
6.77649211	472	-0.054827 0.006704  1.038594
6.78152799	471	-0.050757 0.004549  1.044819
6.78656816	471	-0.052911 0.003352  1.050804
6.79161596	471	-0.052911 0.011971  1.036439
6.79664802	473	-0.051235 0.012210  1.057029
6.80169200	471	-0.051714 0.005267  1.040270
6.80673599	472	-0.054827 0.012210  1.041707
6.81177186	472	-0.055784 0.012689  1.047692
6.81681585	472	-0.053390 0.011492  1.049368
6.82186412	472	-0.051475 0.005507  1.048650
6.82691621	472	-0.055784 0.005985  1.054156
6.83196783	472	-0.052911 0.005267  1.048171
6.83703613	472	-0.058418 0.004788  1.044340
6.84209585	470	-0.055545 0.007183  1.035721
6.84715986	470	-0.054108 0.010056  1.045777
6.85220813	472	-0.055306 0.007661  1.041228
6.85726404	470	-0.050757 0.008380  1.052959
6.86229610	472	-0.053151 0.005985  1.051762
6.86734390	472	-0.054348 0.005985  1.049607
6.87238407	470	-0.056981 0.011013  1.050326
6.87743186	472	-0.049559 0.010295  1.044340
6.88247203	470	-0.051714 0.006464  1.049368
6.88751602	472	-0.049081 0.008858  1.052959
6.89256381	472	-0.051475 0.004788  1.048171
6.89761209	470	-0.059615 0.006943  1.053678
6.90267181	472	-0.051954 0.007901  1.053199
6.90772819	472	-0.054827 0.014126  1.047453
6.91280794	472	-0.053151 0.008858  1.038355
6.91788005	472	-0.047405 0.005746  1.050565
6.92292785	472	-0.051714 0.011971  1.056072
6.92799186	470	-0.052432 0.006464  1.051762
6.93304777	473	-0.052911 0.006464  1.042425
6.93808412	472	-0.053630 0.013407  1.050326
6.94312000	471	-0.058179 0.013886  1.046495
6.94815587	472	-0.047644 0.006464  1.048889
6.95319604	473	-0.051235 0.004549  1.050565
6.95824003	470	-0.053630 0.010295  1.043622
6.96328783	472	-0.056742 0.008619  1.047692
6.96833992	472	-0.052911 0.008380  1.051044
6.97338819	472	-0.049320 0.008140  1.045777
6.97844791	470	-0.056742 0.010534  1.038834
6.98351192	470	-0.052911 0.009098  1.039791
6.98858785	471	-0.051235 0.007422  1.050326
6.99365615	472	-0.056503 0.007183  1.042904
6.99871587	470	-0.050757 0.014126  1.047692
7.00375986	470	-0.054348 -0.000718  1.042664
7.00884389	471	-0.060094 0.014365  1.048171
7.01388406	472	-0.052193 0.006943  1.048410
7.01891183	472	-0.052432 0.007901  1.038594
7.02396011	471	-0.059615 0.001915  1.045777
7.02899980	471	-0.054827 0.006464  1.046016
7.03403186	473	-0.053390 0.009577  1.044340
7.03906822	473	-0.056742 0.005028  1.039791
7.04411602	472	-0.055784 0.005507  1.042425
7.04917192	470	-0.051235 0.005507  1.037876
7.05424022	472	-0.058897 0.006464  1.040031
7.05927610	472	-0.047165 0.012210  1.045537
7.06434392	472	-0.051475 0.007183  1.051283
7.06940793	472	-0.053151 0.005746  1.040988
7.07446384	473	-0.058418 0.005028  1.045058
7.07951593	472	-0.050517 0.011253  1.052002
7.08455181	472	-0.052432 0.005028  1.051283
7.08960390	472	-0.054827 0.008140  1.044340
7.09463214	472	-0.055306 0.007901  1.046016
7.09967184	471	-0.054108 0.010774  1.059184
7.10470390	470	-0.053630 0.008140  1.052720
7.10974407	471	-0.048362 0.007901  1.036200
7.11477613	472	-0.058657 0.004788  1.050086
7.11983203	472	-0.057700 0.011492  1.043143
7.12486791	472	-0.060094 0.013407  1.046734
7.12992000	471	-0.050996 0.014126  1.047692
7.13496780	472	-0.050757 0.008380  1.051523
7.14000797	470	-0.053630 0.008619  1.056072
7.14506816	472	-0.055545 0.007183  1.048889
7.15010404	471	-0.058179 0.006464  1.042664
7.15514421	472	-0.047884 0.005507  1.043622
7.16019201	471	-0.047644 0.007661  1.050804
##inga 
#ido(sec)  szog(ADC)     ax(g)    ay(g)   az(g)
7.16576004	472	-0.051235 0.007183  1.044340
7.17097997	470	-0.059136 0.011492  1.051283
7.17622423	472	-0.052672 0.005746  1.046256
7.18145990	473	-0.058657 0.010774  1.040510
7.18650388	472	-0.054827 0.009098  1.039791
7.19156408	473	-0.055784 0.008140  1.046974
7.19661188	472	-0.052432 0.006943  1.046256
7.20167207	471	-0.055545 0.003112  1.044580
7.20671606	472	-0.052193 0.006943  1.041946
7.21178388	472	-0.052672 0.008380  1.046256
7.21684789	472	-0.053390 0.010056  1.046734
7.22189998	470	-0.056981 0.011013  1.047692
7.22694396	472	-0.051954 0.005267  1.044580
7.23198795	472	-0.057939 0.007422  1.046016
7.23702001	470	-0.046208 0.012450  1.044340
7.24205589	470	-0.051475 0.011731  1.046734
7.24709606	472	-0.052911 0.010295  1.047931
7.25214385	471	-0.053390 0.007183  1.050326
7.25718021	471	-0.049559 0.009098  1.051762
7.26223182	472	-0.054587 0.009577  1.049368
7.26728820	472	-0.048841 0.006943  1.039552
7.27235221	472	-0.051475 0.006464  1.047213
7.27740001	472	-0.052672 0.007901  1.049368
7.28245592	472	-0.051954 0.012929  1.052241
7.28751182	472	-0.056263 0.008380  1.042664
7.29256820	472	-0.057221 0.007661  1.041946
7.29761600	472	-0.052432 0.010295  1.039552
7.30265188	471	-0.056024 0.011731  1.039791
7.30768823	473	-0.052432 0.006943  1.041946
7.31272792	472	-0.047165 0.007183  1.044340
7.31776380	472	-0.052432 0.010295  1.038834
7.32280397	472	-0.050038 0.012689  1.043383
7.32785606	472	-0.061291 0.006464  1.049847
7.33291578	472	-0.052672 0.003591  1.041946
7.33797979	472	-0.054348 0.013168  1.055832
7.34303998	472	-0.050278 0.014365  1.045298
7.34808778	470	-0.052432 0.006225  1.047931
7.35315179	472	-0.053390 0.008140  1.054156
7.35821580	471	-0.049799 0.004788  1.040749
7.36326789	473	-0.056742 0.006464  1.047453
7.36831998	470	-0.052432 0.014844  1.044340
7.37336778	472	-0.055545 0.013407  1.044819
7.37840795	472	-0.055306 0.014365  1.051523
7.38345623	473	-0.050038 0.005028  1.048410
7.38848018	471	-0.054348 0.012450  1.050804
7.39351987	470	-0.052193 0.006943  1.044580
7.39856004	471	-0.050517 0.011971  1.035961
7.40361595	470	-0.054827 0.007901  1.055353
7.40865993	472	-0.054348 0.008619  1.046256
7.41372013	470	-0.050757 0.006943  1.053438
7.41876792	472	-0.046686 0.010534  1.046734
7.42382383	472	-0.054108 0.009577  1.047453
7.42888784	471	-0.053869 0.008380  1.041467
7.43394804	472	-0.057221 0.012450  1.044340
7.43899202	471	-0.051475 0.009098  1.045777
7.44403982	471	-0.053151 0.009816  1.040031
7.44908809	472	-0.051714 0.011731  1.044580
7.45412778	470	-0.048841 0.003591  1.050565
7.45916795	472	-0.050517 0.010534  1.044340
7.46420001	472	-0.047644 0.012210  1.055353
7.46923589	470	-0.053630 0.011253  1.045777
7.47428417	472	-0.053869 0.006943  1.042425
7.47933578	472	-0.054108 0.013647  1.049368
7.48438787	471	-0.052193 0.009098  1.039552
7.48945188	470	-0.052911 0.009577  1.037876
7.49451589	472	-0.055545 0.009577  1.051762
7.49957180	472	-0.050038 0.008858  1.048889
7.50461578	472	-0.055306 0.014365  1.038355
7.50967216	472	-0.056981 0.005985  1.042425
7.51471996	472	-0.056024 0.014844  1.042425
7.51976013	472	-0.053869 0.006464  1.051283
7.52479600	470	-0.054827 0.006225  1.053917
7.52983188	472	-0.055066 0.008140  1.036439
7.53486394	470	-0.050278 0.008619  1.046495
7.53990411	472	-0.051954 0.010295  1.048650
7.54495191	473	-0.052911 0.006225  1.041946
7.55000400	472	-0.056024 0.011971  1.035242
7.55505609	472	-0.052432 0.007661  1.039073
7.56011199	472	-0.056024 0.003112  1.040510
7.56515598	470	-0.054587 0.011253  1.043622
7.57022380	470	-0.051235 0.014365  1.056072
7.57528781	470	-0.050757 0.003352  1.042425
7.58035182	473	-0.057221 0.010295  1.044819
7.58540010	472	-0.049799 0.011253  1.046016
7.59044790	470	-0.055066 0.008140  1.046734
7.59547185	473	-0.051714 0.009816  1.046734
7.60052013	470	-0.057221 0.005985  1.044819
7.60556411	472	-0.052672 0.008380  1.048171
7.61060810	472	-0.054348 0.007183  1.052002
7.61564016	472	-0.054587 0.011971  1.041946
7.62069988	472	-0.057221 0.009816  1.039791
7.62575578	470	-0.051714 0.012210  1.050326
7.63080787	472	-0.050996 0.009816  1.047931
7.63585996	472	-0.049320 0.012929  1.031651
7.64091205	472	-0.055066 0.012929  1.044101
7.64597606	472	-0.055784 0.012210  1.049847
7.65103197	472	-0.054348 0.006225  1.043861
7.65608787	471	-0.050038 0.012210  1.044819
7.66111993	472	-0.045489 0.008140  1.055832
7.66615200	473	-0.054108 0.010056  1.043143
7.67119598	472	-0.053390 0.004549  1.042185
##inga 
#ido(sec)  szog(ADC)     ax(g)    ay(g)   az(g)
7.67675590	472	-0.054348 0.005028  1.047692
7.68195581	472	-0.055066 0.007661  1.041467
7.68718814	472	-0.049081 0.014844  1.045058
7.69239997	472	-0.050996 0.008140  1.051762
7.69744777	473	-0.054587 0.011971  1.053199
7.70251178	471	-0.053869 0.010774  1.046256
7.70757579	472	-0.051714 0.007661  1.053199
7.71263980	472	-0.054827 0.010774  1.043622
7.71770381	473	-0.050517 0.004070  1.046016
7.72275209	470	-0.050038 0.013647  1.046256
7.72779989	471	-0.056981 0.011971  1.047213
7.73285198	472	-0.057939 0.002394  1.043622
7.73788785	470	-0.058897 0.008380  1.048171
7.74292802	470	-0.054108 0.007661  1.045537
7.74796390	472	-0.054827 0.009098  1.048889
7.75299978	473	-0.051235 0.005507  1.042664
7.75805187	472	-0.053390 0.011013  1.046256
7.76310396	471	-0.054108 0.006704  1.048171
7.76815986	473	-0.054108 0.006704  1.040510
7.77320003	473	-0.051475 0.005985  1.042425
7.77826404	472	-0.056742 0.006943  1.047213
7.78330802	472	-0.060094 0.004070  1.043143
7.78834819	471	-0.056263 0.005507  1.050804
7.79340791	472	-0.055784 0.005267  1.049368
7.79847192	471	-0.051235 0.004549  1.047213
7.80353212	472	-0.048123 0.008380  1.045058
7.80858421	470	-0.050996 0.010295  1.048171
7.81362009	470	-0.054827 0.003591  1.052720
7.81865215	471	-0.054108 0.007901  1.039552
7.82369184	472	-0.057221 0.002155  1.037876
7.82872819	472	-0.047884 0.007183  1.048650
7.83377599	473	-0.052432 0.007422  1.048650
7.83882379	470	-0.053869 0.011971  1.035482
7.84388017	470	-0.052432 0.009098  1.050326
7.84893608	472	-0.051475 0.011013  1.041228
7.85399198	472	-0.054587 0.007183  1.044819
7.85905599	470	-0.050278 0.010295  1.048650
7.86411619	471	-0.052911 0.009337  1.041228
7.86918783	471	-0.052193 0.014126  1.055353
7.87425184	471	-0.044771 0.012689  1.054396
7.87930393	472	-0.054348 0.002873  1.052480
7.88433980	471	-0.055066 0.007901  1.045058
7.88938808	470	-0.051954 0.017956  1.044340
7.89442777	472	-0.055066 0.006943  1.043622
7.89946794	472	-0.047165 0.000958  1.046974
7.90450382	472	-0.055306 0.009337  1.051044
7.90954399	472	-0.054348 0.008619  1.048889
7.91458797	473	-0.057221 0.010295  1.051762
7.91964006	470	-0.053151 0.009337  1.051044
7.92469596	472	-0.052672 0.005985  1.039312
7.92975997	471	-0.055306 0.006943  1.046495
7.93482017	472	-0.052193 0.011492  1.054635
7.93989181	471	-0.054108 0.010295  1.054396
7.94495201	471	-0.056742 0.009098  1.046495
7.95001602	472	-0.052672 0.014844  1.043861
7.95506381	472	-0.048841 0.009098  1.049368
7.96011209	472	-0.050038 0.005985  1.046734
7.96514797	473	-0.053869 0.008858  1.038834
7.97017621	472	-0.055066 0.006943  1.054396
7.97520780	470	-0.054108 0.014126  1.049847
7.98023176	472	-0.052193 0.006464  1.048889
7.98528385	471	-0.056263 0.007183  1.048650
7.99032783	470	-0.054827 0.008140  1.045298
7.99537611	472	-0.049081 0.008858  1.048889
8.00042438	473	-0.053630 0.014604  1.049847
8.00547599	473	-0.049081 0.009098  1.047213
8.01053237	470	-0.053869 0.011971  1.049129
8.01560020	472	-0.057939 0.007661  1.040749
8.02065181	472	-0.053630 0.009816  1.042904
8.02570438	471	-0.053390 0.011013  1.051762
8.03073596	471	-0.052432 0.005267  1.042425
8.03577613	471	-0.052432 0.009577  1.051762
8.04082775	471	-0.047405 0.009337  1.044340
8.04584789	472	-0.052911 0.011492  1.055353
8.05088806	471	-0.052672 0.009098  1.037158
8.05594444	473	-0.056263 0.011253  1.053917
8.06099987	472	-0.052432 0.008858  1.050804
8.06605625	472	-0.057221 0.010534  1.045298
8.07111644	472	-0.050757 0.006225  1.048889
8.07618045	472	-0.049799 0.008619  1.047453
8.08123207	472	-0.050996 0.009098  1.051762
8.08629608	472	-0.052432 0.006225  1.042425
8.09137153	471	-0.055545 0.008858  1.047453
8.09641170	472	-0.047405 0.012929  1.050804
8.10144805	472	-0.051475 0.008619  1.049129
8.10649204	472	-0.056503 0.004549  1.039073
8.11151599	471	-0.055545 0.008858  1.053678
8.11655235	471	-0.055066 0.006225  1.050326
8.12159156	471	-0.056503 0.005985  1.048410
8.12662792	471	-0.053151 0.011253  1.048650
8.13167190	470	-0.050278 0.008619  1.051523
8.13670825	472	-0.051235 0.009577  1.041946
8.14177989	472	-0.050278 0.010056  1.043143
8.14682006	472	-0.058418 0.001915  1.043861
8.15187168	470	-0.053151 0.008140  1.040749
8.15693569	472	-0.054348 0.009098  1.041228
8.16200828	472	-0.054348 0.012689  1.049129
8.16706371	471	-0.056742 0.011731  1.045058
8.17212390	472	-0.060333 0.009098  1.048650
8.17714786	470	-0.054348 0.006464  1.045058
8.18218421	472	-0.050996 0.009337  1.047213
##inga 
#ido(sec)  szog(ADC)     ax(g)    ay(g)   az(g)
8.18774795	471	-0.053630 0.011013  1.046974
8.19298839	472	-0.051475 0.002155  1.047213
8.19821643	471	-0.052432 0.011253  1.045537
8.20345592	472	-0.056503 0.011971  1.042664
8.20850753	471	-0.050038 0.009098  1.052959
8.21354007	472	-0.052911 0.009816  1.047213
8.21859169	471	-0.051714 0.007183  1.049129
8.22365570	472	-0.058418 0.006225  1.048889
8.22871589	472	-0.057460 0.009816  1.041228
8.23378372	472	-0.050757 0.005267  1.045058
8.23884010	473	-0.050757 0.010295  1.045058
8.24389553	472	-0.054108 0.013647  1.049368
8.24893569	472	-0.052432 0.007422  1.045298
8.25397205	472	-0.050278 0.010295  1.053199
8.25900840	470	-0.054827 0.013168  1.041228
8.26404762	470	-0.054827 0.003831  1.040749
8.26908397	472	-0.048841 0.007661  1.051762
8.27412033	472	-0.050517 0.007901  1.046256
8.27916812	470	-0.056024 0.011731  1.041707
8.28421592	470	-0.050278 0.007422  1.052959
8.28926753	469	-0.054108 0.014604  1.051523
8.29431152	472	-0.058897 0.007661  1.046495
8.29936027	472	-0.051954 0.005507  1.047453
8.30442810	471	-0.051954 0.011731  1.048171
8.30948352	472	-0.053390 0.004070  1.047931
8.31452846	473	-0.055066 0.007422  1.043861
8.31957244	472	-0.052193 0.004070  1.041946
8.32460784	472	-0.051235 0.011013  1.045777
8.32966041	472	-0.053630 0.004310  1.044340
8.33468818	472	-0.054108 0.009337  1.039791
8.33971214	472	-0.053390 0.012929  1.042664
8.34474754	472	-0.054108 0.009337  1.047453
8.34979152	470	-0.053869 0.011253  1.040988
8.35483646	472	-0.054827 0.009098  1.052241
8.35988807	472	-0.048123 0.011013  1.044340
8.36493587	472	-0.057460 0.003831  1.038115
8.36997985	472	-0.050517 0.005746  1.043861
8.37504005	471	-0.054348 0.008140  1.043622
8.38009643	471	-0.057221 0.008380  1.054635
8.38515186	472	-0.057700 0.010774  1.045777
8.39018821	472	-0.052672 0.004549  1.049368
8.39523601	471	-0.058179 0.007661  1.054396
8.40028381	472	-0.055306 0.012450  1.041707
8.40532016	471	-0.052432 0.011971  1.045058
8.41036033	472	-0.053390 0.008380  1.046734
8.41539955	473	-0.054348 0.009816  1.048410
8.42043972	472	-0.053869 0.013168  1.048650
8.42549228	470	-0.053151 0.012929  1.045298
8.43054771	472	-0.049559 0.006225  1.046016
8.43561553	471	-0.052193 0.005028  1.052241
8.44065189	470	-0.053630 0.010534  1.044340
8.44571971	470	-0.055306 0.000479  1.044819
8.45078372	470	-0.056981 0.004549  1.043861
8.45583152	472	-0.056742 0.008140  1.049607
8.46087169	470	-0.055784 0.011253  1.039791
8.46591567	472	-0.051714 0.015323  1.047931
8.47095203	472	-0.055545 0.011971  1.044101
8.47598361	472	-0.054827 0.011492  1.052480
8.48101615	472	-0.057460 0.008858  1.048410
8.48605632	470	-0.051714 0.005985  1.041946
8.49110031	471	-0.054348 0.002634  1.043622
8.49615192	472	-0.046447 0.007183  1.050565
8.50120830	471	-0.053630 0.010534  1.050804
8.50627231	472	-0.051954 0.012689  1.046734
8.51133155	472	-0.054348 0.010295  1.048889
8.51640033	472	-0.053390 0.003112  1.053199
8.52145957	470	-0.053390 0.003352  1.044819
8.52651977	472	-0.054108 0.014365  1.039073
8.53155994	472	-0.049320 0.008140  1.038594
8.53658390	473	-0.052193 0.009577  1.047453
8.54162025	474	-0.052911 0.010774  1.048650
8.54665565	473	-0.052432 0.008140  1.047692
8.55168819	472	-0.054827 0.012929  1.048171
8.55673217	472	-0.055306 0.011013  1.046016
8.56177616	472	-0.051475 0.002155  1.041946
8.56683158	472	-0.051235 0.008380  1.051283
8.57187557	472	-0.050517 0.015323  1.039073
8.57692813	473	-0.056742 0.007901  1.035961
8.58197593	470	-0.057460 0.011492  1.041946
8.58703231	472	-0.049081 0.008380  1.051762
8.59206771	470	-0.049320 0.010534  1.039552
8.59711170	471	-0.049081 0.010774  1.046734
8.60213565	471	-0.057221 0.008858  1.056550
8.60716819	472	-0.053630 0.010774  1.054875
8.61221218	472	-0.051714 0.015802  1.049847
8.61725616	472	-0.056263 0.009816  1.051283
8.62230014	472	-0.056024 0.011013  1.039552
8.62734413	473	-0.056742 0.012929  1.050804
8.63239955	472	-0.046208 0.012929  1.048889
8.63743591	471	-0.048602 0.004788  1.045777
8.64248752	472	-0.056024 0.011971  1.057269
8.64753627	472	-0.050517 0.002873  1.048171
8.65258789	472	-0.058418 0.006704  1.051283
8.65763568	470	-0.049081 0.008619  1.049129
8.66268825	472	-0.055545 0.007183  1.058226
8.66774845	473	-0.057460 0.008619  1.042904
8.67278385	470	-0.047405 0.010056  1.052959
8.67781639	472	-0.049799 0.010056  1.054635
8.68286037	472	-0.050757 0.008619  1.048410
8.68788814	472	-0.056024 0.008380  1.052241
8.69291973	472	-0.050996 0.009816  1.051283
##inga 
#ido(sec)  szog(ADC)     ax(g)    ay(g)   az(g)
8.69848823	470	-0.052672 0.009816  1.044580
8.70372009	472	-0.052911 0.004549  1.046256
8.70893573	472	-0.052193 0.011013  1.040510
8.71414375	470	-0.049081 0.009577  1.052002
8.71919631	472	-0.057221 0.005267  1.040988
8.72426795	472	-0.055306 0.010534  1.046016
8.72932815	471	-0.054348 0.015802  1.050086
8.73439979	472	-0.049799 0.010056  1.047213
8.73945236	471	-0.054827 0.010534  1.044101
8.74449157	472	-0.053630 0.011492  1.048410
8.74951553	472	-0.052193 0.012929  1.050326
8.75456428	472	-0.056742 0.012689  1.045058
8.75960445	470	-0.055784 0.015562  1.043383
8.76465606	471	-0.051714 0.007422  1.051283
8.76969242	472	-0.055784 0.012929  1.051523
8.77473640	472	-0.055784 0.011013  1.048410
8.77978420	472	-0.052432 0.013647  1.040270
8.78483200	472	-0.059376 0.001915  1.043861
8.78988838	470	-0.053390 0.006704  1.051283
8.79494380	472	-0.054108 0.004788  1.050565
8.79998397	471	-0.050278 0.008380  1.048889
8.80503177	471	-0.045011 0.005267  1.050804
8.81007194	473	-0.049799 0.006464  1.054875
8.81510353	472	-0.051714 0.004070  1.039791
8.82013988	471	-0.050278 0.009098  1.046256
8.82517623	472	-0.059615 0.012689  1.045058
8.83022403	470	-0.058897 0.006943  1.041946
8.83525180	472	-0.051714 0.003831  1.040988
8.84030818	471	-0.051954 0.009337  1.054635
8.84535980	470	-0.055306 0.008619  1.050565
8.85041618	472	-0.055545 0.009577  1.044580
8.85547637	472	-0.054827 0.003112  1.048410
8.86052799	472	-0.054348 0.010056  1.049129
8.86559581	472	-0.058657 0.011253  1.052241
8.87064838	472	-0.054108 0.005985  1.049847
8.87570381	471	-0.055306 0.008858  1.034763
8.88075160	470	-0.051714 0.006943  1.046256
8.88579177	473	-0.047165 0.006225  1.053199
8.89084434	472	-0.055306 0.009098  1.049368
8.89587974	472	-0.051475 0.013168  1.046016
8.90092372	472	-0.053390 0.006943  1.050804
8.90595245	472	-0.054827 0.009098  1.037397
8.91100025	471	-0.052432 0.011013  1.040749
8.91605567	472	-0.053151 0.007661  1.043383
8.92111968	470	-0.047884 0.006464  1.044340
8.92616844	470	-0.051714 0.009816  1.053199
8.93122005	471	-0.055066 0.006943  1.043383
8.93628025	472	-0.051235 0.006943  1.051044
8.94133567	472	-0.052432 0.005746  1.053199
8.94639968	471	-0.054108 0.003831  1.048410
8.95143604	471	-0.058179 0.004549  1.044340
8.95648002	473	-0.054587 0.004070  1.048171
8.96153163	472	-0.050757 0.006943  1.046734
8.96656036	470	-0.050517 0.006943  1.046734
8.97159194	472	-0.053869 0.013886  1.040988
8.97663211	470	-0.056503 0.009816  1.055114
8.98166847	472	-0.053869 0.010534  1.050565
8.98670387	471	-0.051475 0.018196  1.054635
8.99176025	471	-0.052911 0.012450  1.050804
8.99682044	472	-0.057700 0.007422  1.054156
9.00187206	472	-0.056024 0.010774  1.033327
9.00691986	472	-0.052193 0.005267  1.048171
9.01197624	472	-0.056981 0.010295  1.049847
9.01703643	472	-0.054827 0.009577  1.046495
9.02208042	470	-0.059376 0.003591  1.039791
9.02712821	470	-0.050517 0.011013  1.048410
9.03215980	470	-0.051954 0.010295  1.052959
9.03718757	473	-0.058657 0.009098  1.055593
9.04223632	472	-0.053630 0.006464  1.046256
9.04728031	472	-0.054108 0.011253  1.059184
9.05231571	473	-0.052432 0.011731  1.041946
9.05735969	473	-0.053390 0.008619  1.033806
9.06240844	472	-0.056024 0.008619  1.037636
9.06746387	472	-0.051475 0.007422  1.047453
9.07252788	472	-0.054587 0.008380  1.048650
9.07757568	473	-0.043095 0.010774  1.052241
9.08263206	472	-0.052193 0.013886  1.053199
9.08769607	470	-0.052193 0.010056  1.056311
9.09275627	472	-0.049320 0.003831  1.039552
9.09780025	472	-0.052672 0.010774  1.044340
9.10283184	472	-0.052193 0.005746  1.046974
9.10787200	472	-0.061052 0.010056  1.046256
9.11291217	471	-0.054108 0.011971  1.050326
9.11795616	472	-0.049320 0.006225  1.047213
9.12299156	472	-0.049799 0.013407  1.043861
9.12804794	471	-0.056742 0.010534  1.049129
9.13310813	472	-0.054348 0.006943  1.045298
9.13815975	472	-0.053630 0.002155  1.040510
9.14320755	472	-0.056263 0.008380  1.045777
9.14826393	472	-0.056263 0.005507  1.050326
9.15332794	472	-0.057460 0.004788  1.046256
9.15838432	470	-0.058179 0.011492  1.054635
9.16344833	471	-0.052193 0.004549  1.043383
9.16849994	472	-0.051475 0.011971  1.043861
9.17355155	472	-0.059136 0.006464  1.048171
9.17859172	472	-0.052193 0.008619  1.056072
9.18362426	471	-0.056024 0.008619  1.046495
9.18865203	472	-0.054348 0.007422  1.052959
9.19369220	472	-0.062967 0.005028  1.045058
9.19874382	473	-0.056503 0.007183  1.046256
9.20379161	471	-0.059136 0.008858  1.045298
##inga 
#ido(sec)  szog(ADC)     ax(g)    ay(g)   az(g)
9.20938014	472	-0.056503 0.003831  1.055114
9.21460819	472	-0.064164 0.007661  1.051762
9.21983623	472	-0.054348 0.007901  1.045537
9.22504806	472	-0.053390 0.012929  1.040749
9.23009586	472	-0.054827 0.006225  1.047213
9.23515605	472	-0.050278 0.004549  1.051283
9.24020004	472	-0.053869 0.012450  1.051762
9.24524402	471	-0.046208 0.007901  1.041467
9.25028038	470	-0.054348 0.007422  1.053438
9.25532436	471	-0.050996 0.012210  1.050565
9.26035213	472	-0.050757 0.003591  1.032369
9.26538372	471	-0.053390 0.013407  1.048650
9.27042388	471	-0.050996 0.007661  1.044101
9.27545166	470	-0.050517 0.010056  1.047931
9.28050422	470	-0.047884 0.006464  1.049368
9.28555202	473	-0.045968 0.005028  1.050804
9.29059982	472	-0.048841 0.008380  1.043622
9.29566764	470	-0.054348 0.009098  1.047213
9.30072784	472	-0.052911 0.005267  1.047692
9.30579185	472	-0.054348 0.011013  1.043383
9.31083965	473	-0.056503 0.009577  1.046974
9.31589221	471	-0.052432 0.009577  1.043861
9.32092761	472	-0.051235 0.007661  1.043143
9.32598018	472	-0.048362 0.013407  1.055114
9.33102416	472	-0.055784 0.010295  1.039312
9.33605575	472	-0.055306 0.014365  1.048171
9.34110355	470	-0.051714 0.007901  1.043861
9.34616374	471	-0.051235 0.010774  1.042904
9.35122013	472	-0.050757 0.008380  1.041467
9.35626411	472	-0.053151 0.005746  1.053678
9.36132812	472	-0.059615 0.010774  1.045777
9.36638355	472	-0.060812 0.009816  1.050565
9.37144374	472	-0.049559 0.011971  1.048171
9.37650012	472	-0.053390 0.015323  1.039312
9.38155174	472	-0.056503 0.010534  1.047931
9.38659954	472	-0.056981 0.008380  1.051283
9.39164352	470	-0.052432 0.018435  1.048410
9.39667987	471	-0.053869 0.009577  1.046974
9.40172386	472	-0.056263 0.011971  1.043383
9.40676784	472	-0.057221 0.009816  1.048650
9.41180419	472	-0.054827 0.006943  1.038594
9.41684818	472	-0.052911 0.007183  1.054635
9.42189216	472	-0.057221 0.005267  1.040749
9.42693996	471	-0.053630 0.004070  1.044340
9.43198394	473	-0.048841 0.009337  1.046734
9.43704795	472	-0.051714 0.007183  1.044340
9.44211196	472	-0.056024 0.012450  1.049129
9.44716835	470	-0.053390 0.015083  1.048410
9.45222759	472	-0.051954 0.007183  1.047213
9.45728015	473	-0.055545 0.007901  1.053438
9.46232795	471	-0.053151 0.008619  1.048650
9.46735954	473	-0.047165 0.000239  1.042664
9.47239208	472	-0.055545 0.010774  1.046256
9.47743606	472	-0.055545 0.011971  1.050326
9.48248004	472	-0.051235 0.011253  1.051283
9.48754024	472	-0.056503 0.007661  1.045298
9.49258422	472	-0.057460 0.005267  1.054156
9.49763965	470	-0.049559 0.010774  1.040510
9.50269603	471	-0.049081 0.009337  1.048410
9.50773239	472	-0.053390 0.013647  1.046974
9.51278400	472	-0.056742 0.012210  1.047453
9.51783180	472	-0.055066 0.005028  1.041707
9.52287960	472	-0.052432 0.011492  1.046974
9.52790832	473	-0.049799 0.005507  1.053199
9.53295230	472	-0.056742 0.008619  1.044819
9.53799152	472	-0.052193 0.009816  1.045298
9.54302787	472	-0.055545 0.011731  1.042664
9.54806423	472	-0.056981 0.010774  1.050326
9.55311584	471	-0.052911 0.015083  1.050565
9.55815982	471	-0.052193 0.001197  1.055832
9.56321620	472	-0.052193 0.013407  1.047931
9.56826782	472	-0.056263 0.003591  1.049368
9.57332038	472	-0.055545 0.011971  1.046495
9.57837581	472	-0.048841 0.004070  1.052002
9.58342361	472	-0.057460 0.009577  1.049607
9.58847999	471	-0.053390 0.008380  1.048889
9.59353637	472	-0.053630 0.009577  1.048410
9.59857559	470	-0.050517 0.005267  1.038115
9.60361576	473	-0.047644 0.007661  1.050086
9.60865592	472	-0.054587 0.008380  1.044101
9.61367988	471	-0.054587 0.008140  1.046256
9.61871623	471	-0.055306 0.008140  1.043861
9.62375164	470	-0.053630 0.010056  1.044101
9.62881183	472	-0.055784 0.013168  1.049847
9.63384819	472	-0.057700 0.009577  1.040988
9.63889598	472	-0.054348 0.010056  1.059902
9.64394378	472	-0.053151 0.010295  1.046495
9.64900779	472	-0.055306 0.005985  1.048410
9.65406036	473	-0.057221 0.009816  1.038115
9.65911960	472	-0.053630 0.008380  1.053199
9.66415596	472	-0.058418 0.004310  1.047213
9.66920757	472	-0.051714 0.006704  1.048410
9.67424774	470	-0.052432 0.011492  1.051762
9.67928409	469	-0.056981 0.008858  1.055114
9.68432807	472	-0.058897 0.006943  1.045298
9.68935966	472	-0.050278 0.013647  1.046016
9.69441604	471	-0.047884 0.007422  1.050565
9.69945621	472	-0.055066 0.003112  1.054635
9.70448780	471	-0.055066 0.010534  1.041228
9.70953559	472	-0.055066 0.007661  1.053917
9.71459197	472	-0.051954 0.013647  1.054875
##inga 
#ido(sec)  szog(ADC)     ax(g)    ay(g)   az(g)
9.72017955	472	-0.050517 0.013168  1.046016
9.72540760	470	-0.049559 0.004310  1.041707
9.73062419	470	-0.060812 0.007661  1.049607
9.73581600	472	-0.055784 0.008619  1.042904
9.74086380	471	-0.051954 0.009098  1.044340
9.74590015	472	-0.052432 0.009577  1.043143
9.75094032	471	-0.056981 0.010534  1.049847
9.75596809	471	-0.051714 0.010774  1.045058
9.76100826	471	-0.054587 0.008619  1.048889
9.76604843	472	-0.050278 0.006943  1.039552
9.77108764	473	-0.048841 0.010056  1.044340
9.77613162	472	-0.056024 0.011492  1.043861
9.78118419	472	-0.057939 0.012929  1.049129
9.78623962	471	-0.056742 0.011253  1.056550
9.79129600	472	-0.049559 0.006943  1.039791
9.79634380	470	-0.059136 0.011253  1.044819
9.80140018	472	-0.055784 0.005267  1.054635
9.80644798	472	-0.052193 0.011253  1.042425
9.81148815	470	-0.054348 0.003831  1.046974
9.81652355	471	-0.053151 0.007183  1.042904
9.82156753	472	-0.054827 0.003352  1.051523
9.82661247	472	-0.053390 0.008619  1.049607
9.83164787	472	-0.050996 0.012450  1.039073
9.83667564	472	-0.054587 0.008619  1.049368
9.84171962	472	-0.052911 0.011013  1.038355
9.84677982	472	-0.052432 0.004788  1.043143
9.85183238	472	-0.051714 0.010534  1.044819
9.85688781	472	-0.052432 0.010056  1.040031
9.86194801	472	-0.057221 0.012210  1.046256
9.86701583	471	-0.052911 0.004549  1.044101
9.87207221	472	-0.045489 0.007901  1.045058
9.87712001	472	-0.051235 0.007422  1.048650
9.88216018	471	-0.050038 0.009577  1.053438
9.88719177	472	-0.053869 0.012689  1.056790
9.89221954	472	-0.054827 0.003831  1.052480
9.89724445	472	-0.057939 0.009098  1.046734
9.90228843	472	-0.050757 0.010534  1.045537
9.90733242	472	-0.049320 0.009816  1.046016
9.91236782	470	-0.057221 0.010534  1.041228
9.91744041	472	-0.057700 0.001197  1.041707
9.92248821	470	-0.054108 0.004549  1.052241
9.92753219	472	-0.057221 0.007661  1.042664
9.93260383	472	-0.056263 0.011971  1.047213
9.93766021	472	-0.051714 0.010295  1.038355
9.94272422	472	-0.052432 0.009337  1.060860
9.94776439	472	-0.055306 0.011731  1.045777
9.95281600	472	-0.053869 0.008858  1.056072
9.95786380	472	-0.056263 0.010056  1.042664
9.96291160	473	-0.046208 0.010534  1.044101
9.96794033	472	-0.049799 0.005985  1.041946
9.97297573	472	-0.050996 0.011013  1.043383
9.97802352	470	-0.051475 0.006704  1.043861
9.98307991	472	-0.059854 0.012689  1.048889
9.98812389	472	-0.051475 0.005028  1.050086
9.99317646	472	-0.050038 0.005267  1.044819
9.99822425	473	-0.055066 0.008619  1.052241
10.00327968	470	-0.061770 0.005507  1.039791
10.00843238	472	-0.054108 0.005267  1.048171
10.01359176	472	-0.055066 0.011731  1.045777
10.01875972	472	-0.061052 0.007661  1.043622
10.02394390	472	-0.056024 0.009577  1.043143
10.02910423	472	-0.050757 0.009577  1.048650
10.03426361	472	-0.056024 0.008619  1.040749
10.03942012	470	-0.054348 0.003591  1.052720
10.04457569	472	-0.050278 0.007661  1.054396
10.04971981	472	-0.045968 0.004070  1.045537
10.05487632	472	-0.052672 0.009098  1.048650
10.06002426	473	-0.054348 0.014126  1.052480
10.06517219	471	-0.048841 0.010534  1.045058
10.07033634	471	-0.050757 0.011971  1.052480
10.07548809	472	-0.053630 0.009337  1.049607
10.08065223	472	-0.053151 0.006943  1.048410
10.08579635	472	-0.058418 0.008858  1.051044
10.09094429	472	-0.060573 0.003112  1.045058
10.09609603	471	-0.053151 0.008380  1.049368
10.10124778	472	-0.048362 0.006704  1.039073
10.10639953	472	-0.047405 0.007183  1.040988
10.11155605	471	-0.059854 0.003591  1.040988
10.11671638	472	-0.057221 -0.002394  1.046974
10.12191200	471	-0.053869 0.004549  1.046974
10.12707996	472	-0.052432 0.012210  1.036439
10.13225555	473	-0.050996 0.007422  1.046256
10.13742446	470	-0.051235 0.000958  1.050804
10.14258384	472	-0.056263 0.002873  1.039073
10.14774417	472	-0.055066 0.010056  1.046734
10.15291213	471	-0.053869 0.005985  1.050804
10.15808773	470	-0.050278 0.006464  1.044340
10.16324043	472	-0.056503 0.005985  1.046734
10.16840362	472	-0.058657 0.008140  1.044580
10.17356014	473	-0.055306 0.006943  1.045298
10.17872047	473	-0.056024 0.008380  1.055593
10.18386363	472	-0.051714 0.010295  1.057029
10.18902397	472	-0.054587 0.005746  1.038355
10.19417953	472	-0.054108 0.012210  1.052720
10.19932365	472	-0.058179 0.009098  1.049368
10.20447635	473	-0.054348 0.007183  1.053678
10.20963573	472	-0.060333 0.008619  1.047692
10.21478366	470	-0.056263 0.005985  1.046974
10.21993160	470	-0.056981 0.012450  1.048650
10.22506809	471	-0.048841 0.007661  1.044819
10.23022365	472	-0.050996 0.005028  1.041707
##inga 
#ido(sec)  szog(ADC)     ax(g)    ay(g)   az(g)
10.23592376	471	-0.053869 0.010056  1.055114
10.24120426	471	-0.050038 0.009098  1.043143
10.24645614	470	-0.053390 0.005028  1.048889
10.25171184	472	-0.051475 0.005746  1.040749
10.25685977	470	-0.053390 0.006464  1.043383
10.26201629	470	-0.051235 0.012689  1.046495
10.26716804	472	-0.054348 0.005746  1.048410
10.27231216	473	-0.057460 0.009816  1.044819
10.27746391	471	-0.053869 0.008858  1.044340
10.28261566	470	-0.060573 0.013647  1.045298
10.28776836	471	-0.054587 0.011492  1.049607
10.29292774	473	-0.053630 0.005746  1.045298
10.29809570	471	-0.054348 0.008619  1.043383
10.30327224	472	-0.058897 0.012929  1.053917
10.30844020	471	-0.050517 0.003831  1.052241
10.31359195	472	-0.053390 0.007661  1.040988
10.31876373	472	-0.054348 0.009098  1.050086
10.32392024	471	-0.057700 0.004788  1.046734
10.32909584	471	-0.051235 0.009577  1.045777
10.33426380	472	-0.055306 0.007661  1.044340
10.33943176	470	-0.058179 -0.002155  1.043143
10.34461975	470	-0.050278 0.008140  1.046016
10.34976387	473	-0.058418 0.003831  1.045777
10.35490798	472	-0.054348 0.005028  1.051283
10.36006355	470	-0.059615 0.008619  1.042904
10.36521625	471	-0.051714 0.006464  1.043861
10.37036800	470	-0.052193 0.009816  1.040270
10.37551975	471	-0.054108 0.006464  1.057029
10.38067245	470	-0.054587 0.003352  1.045777
10.38582420	470	-0.053151 0.009577  1.050804
10.39097595	471	-0.051235 0.006225  1.053438
10.39612770	472	-0.050278 0.010534  1.049368
10.40128040	471	-0.051475 0.012929  1.040510
10.40642356	472	-0.053630 0.010534  1.054635
10.41158008	472	-0.053151 0.008619  1.051762
10.41672801	472	-0.053630 0.008380  1.045058
10.42187976	471	-0.059615 0.007901  1.055593
10.42703247	471	-0.051714 0.006704  1.048889
10.43219184	472	-0.047405 0.006464  1.046256
10.43737220	472	-0.052672 0.004549  1.042904
10.44254016	472	-0.053630 0.010774  1.049368
10.44770431	471	-0.052193 0.010774  1.042425
10.45287227	473	-0.055306 0.007661  1.042904
10.45804023	472	-0.048841 0.011013  1.047692
10.46321201	470	-0.054587 0.009816  1.048171
10.46837615	471	-0.055306 0.007422  1.039073
10.47352790	472	-0.051235 0.010295  1.043143
10.47869205	470	-0.054108 0.006225  1.045777
10.48386764	472	-0.051714 0.007183  1.041228
10.48901557	472	-0.051235 0.006464  1.046016
10.49417209	471	-0.047884 0.006943  1.052959
10.49931621	473	-0.052672 0.012929  1.049368
10.50446033	472	-0.054108 0.009098  1.056550
10.50959968	472	-0.048602 0.006943  1.036918
10.51475620	472	-0.052432 0.003112  1.052480
10.51990032	471	-0.054587 0.008140  1.042185
10.52504444	472	-0.056742 0.006464  1.047692
10.53019237	470	-0.050278 0.009577  1.038594
10.53534412	472	-0.052672 0.011013  1.038834
10.54049587	473	-0.051954 0.006704  1.041467
10.54566001	471	-0.054348 0.012450  1.046495
10.55080795	472	-0.054348 0.003352  1.046016
10.55595970	472	-0.055545 0.008858  1.043143
10.56111621	471	-0.057700 0.004549  1.050326
10.56626415	472	-0.055306 0.009816  1.053917
10.57141590	472	-0.055784 0.007901  1.049129
10.57657623	473	-0.056263 0.009098  1.046016
10.58173561	470	-0.056263 0.013886  1.040510
10.58689594	472	-0.057939 0.003352  1.051762
10.59205245	470	-0.053869 0.005985  1.043143
10.59721565	470	-0.050757 0.008380  1.048650
10.60237216	472	-0.057700 0.006943  1.046016
10.60752773	470	-0.051714 0.009098  1.047692
10.61268806	472	-0.049320 0.007183  1.042904
10.61786365	470	-0.056024 0.002873  1.054635
10.62302780	470	-0.047884 0.008858  1.042904
10.62819194	471	-0.052432 0.011013  1.043861
10.63335609	472	-0.050757 0.007901  1.056790
10.63851165	471	-0.057700 0.011731  1.047453
10.64365959	472	-0.056263 0.007422  1.048650
10.64879989	471	-0.053390 0.005746  1.050804
10.65394401	472	-0.056981 0.010774  1.041467
10.65909194	471	-0.051714 0.011013  1.047213
10.66423606	470	-0.054587 0.011492  1.045777
10.66938781	472	-0.054108 0.008140  1.031890
10.67452430	472	-0.052193 0.006704  1.047692
10.67967605	472	-0.054108 0.011013  1.052002
