0 0.64 0.48
1e-05 0.64 0.48
2e-05 0.36 0.44
3e-05 0.32 0.48
4e-05 0.36 0.44
5e-05 0.36 0.44
6e-05 0.32 0.44
7e-05 0.32 0.44
8e-05 0.36 0.48
9e-05 0.32 0.44
0.0001 0.36 0.44
0.00011 0.36 0.4
0.00012 0.4 0.44
0.00013 0.36 0.48
0.00014 0.4 0.48
0.00015 0.36 0.44
0.00016 0.36 0.4
0.00017 0.4 0.44
0.00018 0.36 0.48
0.00019 0.4 0.44
0.0002 0.4 0.48
0.00021 0.4 0.44
0.00022 0.44 0.44
0.00023 0.4 0.48
0.00024 0.4 0.44
0.00025 0.4 0.44
0.00026 0.44 0.48
0.00027 0.4 0.44
0.00028 0.44 0.48
0.00029 0.44 0.48
0.0003 0.44 0.48
0.00031 0.44 0.44
0.00032 0.44 0.44
0.00033 0.44 0.44
0.00034 0.44 0.44
0.00035 0.44 0.48
0.00036 0.44 0.48
0.00037 0.44 0.44
0.00038 0.44 0.44
0.00039 0.44 0.44
0.0004 0.48 0.44
0.00041 0.44 0.48
0.00042 0.48 0.48
0.00043 0.48 0.44
0.00044 0.48 0.44
0.00045 0.48 0.48
0.00046 0.52 0.48
0.00047 0.52 0.44
0.00048 0.48 0.4
0.00049 0.52 0.44
0.0005 0.48 0.48
0.00051 0.52 0.44
0.00052 0.52 0.44
0.00053 0.48 0.44
0.00054 0.52 0.44
0.00055 0.48 0.44
0.00056 0.52 0.44
0.00057 0.52 0.48
0.00058 0.52 0.44
0.00059 0.52 0.44
0.0006 0.52 0.48
0.00061 0.52 0.48
0.00062 0.52 0.48
0.00063 0.56 0.44
0.00064 0.56 0.44
0.00065 0.52 0.44
0.00066 0.56 0.48
0.00067 0.56 0.48
0.00068 0.56 0.44
0.00069 0.56 0.44
0.0007 0.52 0.44
0.00071 0.56 0.4
0.00072 0.6 0.44
0.00073 0.56 0.44
0.00074 0.56 0.44
0.00075 0.6 0.44
0.00076 0.6 0.48
0.00077 0.6 0.44
0.00078 0.6 0.44
0.00079 0.6 0.44
0.0008 0.6 0.4
0.00081 0.6 0.44
0.00082 0.64 0.44
0.00083 0.6 0.48
0.00084 0.6 0.48
0.00085 0.6 0.44
0.00086 0.6 0.44
0.00087 0.6 0.48
0.00088 0.64 0.44
0.00089 0.6 0.44
0.0009 0.64 0.44
0.00091 0.64 0.44
0.00092 0.6 0.44
0.00093 0.68 0.44
0.00094 0.64 0.44
0.00095 0.64 0.44
0.00096 0.64 0.4
0.00097 0.64 0.44
0.00098 0.68 0.48
0.00099 0.64 0.48
0.001 0.68 0.44
0.00101 0.68 0.44
0.00102 0.64 0.44
0.00103 0.68 0.48
0.00104 0.68 0.44
0.00105 0.68 0.44
0.00106 0.72 0.48
0.00107 0.68 0.44
0.00108 0.68 0.44
0.00109 0.72 0.44
0.0011 0.72 0.48
0.00111 0.68 0.44
0.00112 0.72 0.4
0.00113 0.72 0.4
0.00114 0.72 0.48
0.00115 0.72 0.44
0.00116 0.72 0.48
0.00117 0.72 0.44
0.00118 0.76 0.44
0.00119 0.76 0.44
0.0012 0.76 0.44
0.00121 0.76 0.48
0.00122 0.72 0.48
0.00123 0.72 0.44
0.00124 0.76 0.44
0.00125 0.76 0.44
0.00126 0.76 0.48
0.00127 0.76 0.44
0.00128 0.76 0.44
0.00129 0.76 0.44
0.0013 0.76 0.44
0.00131 0.76 0.44
0.00132 0.76 0.44
0.00133 0.8 0.44
0.00134 0.76 0.44
0.00135 0.76 0.44
0.00136 0.8 0.48
0.00137 0.8 0.48
0.00138 0.76 0.44
0.00139 0.8 0.44
0.0014 0.8 0.44
0.00141 0.8 0.44
0.00142 0.8 0.44
0.00143 0.84 0.44
0.00144 0.8 0.44
0.00145 0.84 0.44
0.00146 0.8 0.44
0.00147 0.84 0.44
0.00148 0.84 0.48
0.00149 0.84 0.44
0.0015 0.84 0.44
0.00151 0.84 0.48
0.00152 0.84 0.48
0.00153 0.88 0.48
0.00154 0.84 0.44
0.00155 0.88 0.44
0.00156 0.88 0.48
0.00157 0.88 0.44
0.00158 0.88 0.48
0.00159 0.84 0.44
0.0016 0.88 0.44
0.00161 0.84 0.44
0.00162 0.88 0.48
0.00163 0.88 0.44
0.00164 0.92 0.44
0.00165 0.84 0.48
0.00166 0.92 0.44
0.00167 0.92 0.44
0.00168 0.92 0.48
0.00169 0.92 0.48
0.0017 0.88 0.4
0.00171 0.88 0.44
0.00172 0.92 0.44
0.00173 0.92 0.44
0.00174 0.92 0.44
0.00175 0.92 0.48
0.00176 0.92 0.44
0.00177 0.92 0.44
0.00178 0.92 0.44
0.00179 0.92 0.48
0.0018 0.92 0.44
0.00181 0.92 0.44
0.00182 0.92 0.44
0.00183 0.96 0.48
0.00184 0.92 0.48
0.00185 0.96 0.44
0.00186 0.92 0.44
0.00187 0.96 0.44
0.00188 0.96 0.44
0.00189 0.96 0.48
0.0019 0.96 0.48
0.00191 0.96 0.4
0.00192 0.96 0.4
0.00193 0.96 0.44
0.00194 0.96 0.48
0.00195 1 0.48
0.00196 0.96 0.48
0.00197 1 0.44
0.00198 1 0.44
0.00199 0.96 0.48
0.002 1 0.44
0.00201 1 0.48
0.00202 0.96 0.44
0.00203 1.04 0.44
0.00204 1 0.44
0.00205 1.04 0.48
0.00206 1 0.48
0.00207 1 0.44
0.00208 1.04 0.4
0.00209 1 0.44
0.0021 1.04 0.44
0.00211 1.04 0.48
0.00212 1 0.44
0.00213 1.04 0.44
0.00214 1.04 0.44
0.00215 1.04 0.44
0.00216 1.04 0.48
0.00217 1.04 0.48
0.00218 1.04 0.48
0.00219 1.04 0.44
0.0022 1.04 0.4
0.00221 1.08 0.48
0.00222 1.04 0.48
0.00223 1.08 0.44
0.00224 1.08 0.44
0.00225 1.08 0.48
0.00226 1.08 0.44
0.00227 1.08 0.48
0.00228 1.08 0.48
0.00229 1.08 0.44
0.0023 1.08 0.44
0.00231 1.08 0.48
0.00232 1.08 0.48
0.00233 1.08 0.44
0.00234 1.08 0.44
0.00235 1.12 0.44
0.00236 1.08 0.44
0.00237 1.12 0.48
0.00238 1.12 0.48
0.00239 1.08 0.44
0.0024 1.12 0.4
0.00241 1.12 0.44
0.00242 1.08 0.48
0.00243 1.12 0.48
0.00244 1.12 0.44
0.00245 1.12 0.44
0.00246 1.12 0.44
0.00247 1.16 0.44
0.00248 1.16 0.44
0.00249 1.16 0.48
0.0025 1.16 0.44
0.00251 1.12 0.44
0.00252 1.16 0.44
0.00253 1.16 0.44
0.00254 1.16 0.44
0.00255 1.16 0.44
0.00256 1.16 0.4
0.00257 1.16 0.44
0.00258 1.2 0.48
0.00259 1.16 0.48
0.0026 1.2 0.48
0.00261 1.2 0.44
0.00262 1.2 0.44
0.00263 1.2 0.44
0.00264 1.2 0.48
0.00265 1.24 0.44
0.00266 1.2 0.44
0.00267 1.24 0.44
0.00268 1.24 0.48
0.00269 1.2 0.44
0.0027 1.24 0.44
0.00271 1.24 0.48
0.00272 1.24 0.4
0.00273 1.24 0.44
0.00274 1.24 0.48
0.00275 1.24 0.48
0.00276 1.24 0.48
0.00277 1.24 0.44
0.00278 1.24 0.48
0.00279 1.24 0.44
0.0028 1.24 0.48
0.00281 1.24 0.44
0.00282 1.28 0.44
0.00283 1.24 0.44
0.00284 1.28 0.44
0.00285 1.28 0.48
0.00286 1.28 0.48
0.00287 1.28 0.48
0.00288 1.24 0.44
0.00289 1.28 0.48
0.0029 1.28 0.44
0.00291 1.28 0.48
0.00292 1.32 0.44
0.00293 1.32 0.4
0.00294 1.32 0.44
0.00295 1.32 0.48
0.00296 1.28 0.48
0.00297 1.28 0.44
0.00298 1.32 0.48
0.00299 1.32 0.44
0.003 1.32 0.44
0.00301 1.32 0.48
0.00302 1.32 0.48
0.00303 1.32 0.44
0.00304 1.32 0.44
0.00305 1.32 0.44
0.00306 1.32 0.44
0.00307 1.36 0.44
0.00308 1.36 0.44
0.00309 1.32 0.44
0.0031 1.32 0.44
0.00311 1.36 0.44
0.00312 1.36 0.48
0.00313 1.4 0.48
0.00314 1.4 0.48
0.00315 1.36 0.44
0.00316 1.4 0.4
0.00317 1.4 0.44
0.00318 1.36 0.44
0.00319 1.36 0.44
0.0032 1.4 0.44
0.00321 1.4 0.48
0.00322 1.4 0.44
0.00323 1.4 0.48
0.00324 1.4 0.44
0.00325 1.4 0.44
0.00326 1.4 0.4
0.00327 1.4 0.48
0.00328 1.4 0.48
0.00329 1.4 0.44
0.0033 1.4 0.44
0.00331 1.44 0.44
0.00332 1.44 0.44
0.00333 1.44 0.44
0.00334 1.44 0.48
0.00335 1.44 0.44
0.00336 1.4 0.44
0.00337 1.44 0.4
0.00338 1.44 0.44
0.00339 1.44 0.44
0.0034 1.44 0.44
0.00341 1.44 0.48
0.00342 1.44 0.44
0.00343 1.48 0.44
0.00344 1.44 0.44
0.00345 1.44 0.44
0.00346 1.48 0.44
0.00347 1.48 0.4
0.00348 1.48 0.48
0.00349 1.44 0.44
0.0035 1.44 0.44
0.00351 1.48 0.44
0.00352 1.48 0.48
0.00353 1.48 0.44
0.00354 1.48 0.48
0.00355 1.48 0.48
0.00356 1.48 0.48
0.00357 1.52 0.44
0.00358 1.48 0.44
0.00359 1.52 0.44
0.0036 1.52 0.48
0.00361 1.52 0.44
0.00362 1.52 0.48
0.00363 1.52 0.4
0.00364 1.52 0.44
0.00365 1.52 0.44
0.00366 1.52 0.44
0.00367 1.56 0.44
0.00368 1.56 0.44
0.00369 1.52 0.48
0.0037 1.52 0.48
0.00371 1.56 0.44
0.00372 1.56 0.44
0.00373 1.56 0.44
0.00374 1.56 0.48
0.00375 1.56 0.48
0.00376 1.56 0.48
0.00377 1.56 0.48
0.00378 1.56 0.44
0.00379 1.6 0.44
0.0038 1.56 0.44
0.00381 1.56 0.48
0.00382 1.56 0.48
0.00383 1.6 0.44
0.00384 1.6 0.44
0.00385 1.56 0.48
0.00386 1.6 0.48
0.00387 1.6 0.44
0.00388 1.6 0.44
0.00389 1.6 0.44
0.0039 1.6 0.44
0.00391 1.56 0.44
0.00392 1.6 0.44
0.00393 1.64 0.44
0.00394 1.6 0.44
0.00395 1.64 0.4
0.00396 1.64 0.44
0.00397 1.64 0.48
0.00398 1.64 0.48
0.00399 1.64 0.44
0.004 1.64 0.44
0.00401 1.6 0.4
0.00402 1.64 0.44
0.00403 1.64 0.48
0.00404 1.64 0.48
0.00405 1.68 0.48
0.00406 1.64 0.48
0.00407 1.64 0.44
0.00408 1.64 0.44
0.00409 1.68 0.4
0.0041 1.68 0.44
0.00411 1.64 0.44
0.00412 1.64 0.48
0.00413 1.68 0.44
0.00414 1.68 0.44
0.00415 1.68 0.44
0.00416 1.72 0.4
0.00417 1.68 0.4
0.00418 1.68 0.44
0.00419 1.68 0.44
0.0042 1.72 0.44
0.00421 1.68 0.4
0.00422 1.72 0.44
0.00423 1.72 0.44
0.00424 1.68 0.44
0.00425 1.72 0.48
0.00426 1.72 0.48
0.00427 1.76 0.48
0.00428 1.72 0.44
0.00429 1.72 0.44
0.0043 1.76 0.48
0.00431 1.72 0.48
0.00432 1.72 0.4
0.00433 1.72 0.44
0.00434 1.76 0.44
0.00435 1.72 0.48
0.00436 1.76 0.4
0.00437 1.76 0.4
0.00438 1.76 0.48
0.00439 1.76 0.44
0.0044 1.76 0.44
0.00441 1.76 0.44
0.00442 1.76 0.44
0.00443 1.8 0.4
0.00444 1.76 0.44
0.00445 1.76 0.44
0.00446 1.76 0.44
0.00447 1.8 0.44
0.00448 1.76 0.44
0.00449 1.76 0.44
0.0045 1.8 0.44
0.00451 1.8 0.48
0.00452 1.8 0.44
0.00453 1.8 0.4
0.00454 1.8 0.44
0.00455 1.8 0.48
0.00456 1.8 0.44
0.00457 1.8 0.44
0.00458 1.84 0.44
0.00459 1.8 0.44
0.0046 1.84 0.44
0.00461 1.88 0.44
0.00462 1.84 0.48
0.00463 1.84 0.44
0.00464 1.8 0.44
0.00465 1.84 0.48
0.00466 1.84 0.48
0.00467 1.84 0.48
0.00468 1.84 0.44
0.00469 1.88 0.4
0.0047 1.84 0.44
0.00471 1.88 0.44
0.00472 1.88 0.48
0.00473 1.88 0.48
0.00474 1.88 0.44
0.00475 1.88 0.44
0.00476 1.88 0.44
0.00477 1.88 0.48
0.00478 1.92 0.44
0.00479 1.88 0.44
0.0048 1.88 0.44
0.00481 1.92 0.44
0.00482 1.92 0.4
0.00483 1.88 0.48
0.00484 1.92 0.44
0.00485 1.92 0.4
0.00486 1.92 0.44
0.00487 1.88 0.44
0.00488 1.92 0.44
0.00489 1.92 0.44
0.0049 1.92 0.4
0.00491 1.92 0.4
0.00492 1.92 0.48
0.00493 1.92 0.44
0.00494 1.92 0.44
0.00495 1.96 0.44
0.00496 1.96 0.44
0.00497 1.92 0.44
0.00498 1.92 0.44
0.00499 2 0.48
0.005 1.96 0.44
0.00501 1.92 0.44
0.00502 1.96 0.4
0.00503 1.96 0.48
0.00504 1.96 0.48
0.00505 2 0.44
0.00506 2 0.44
0.00507 2 0.4
0.00508 2 0.48
0.00509 2 0.48
0.0051 2 0.48
0.00511 2 0.44
0.00512 2 0.44
0.00513 2 0.44
0.00514 2 0.44
0.00515 2 0.48
0.00516 2.04 0.44
0.00517 2.04 0.48
0.00518 2.04 0.44
0.00519 2.04 0.44
0.0052 2.04 0.48
0.00521 2.04 0.48
0.00522 2.04 0.44
0.00523 2.04 0.4
0.00524 2.04 0.44
0.00525 2.04 0.44
0.00526 2.04 0.44
0.00527 2.04 0.44
0.00528 2.04 0.44
0.00529 2.04 0.44
0.0053 2.08 0.44
0.00531 2.08 0.48
0.00532 2.08 0.44
0.00533 2.08 0.44
0.00534 2.08 0.48
0.00535 2.08 0.48
0.00536 2.04 0.48
0.00537 2.08 0.44
0.00538 2.08 0.44
0.00539 2.08 0.4
0.0054 2.08 0.48
0.00541 2.08 0.44
0.00542 2.12 0.44
0.00543 2.08 0.44
0.00544 2.08 0.4
0.00545 2.12 0.48
0.00546 2.12 0.48
0.00547 2.12 0.44
0.00548 2.12 0.48
0.00549 2.12 0.44
0.0055 2.12 0.44
0.00551 2.16 0.48
0.00552 2.16 0.44
0.00553 2.12 0.44
0.00554 2.12 0.44
0.00555 2.16 0.44
0.00556 2.16 0.44
0.00557 2.16 0.48
0.00558 2.16 0.44
0.00559 2.16 0.4
0.0056 2.16 0.4
0.00561 2.16 0.44
0.00562 2.2 0.48
0.00563 2.2 0.48
0.00564 2.16 0.4
0.00565 2.2 0.44
0.00566 2.2 0.4
0.00567 2.16 0.44
0.00568 2.16 0.44
0.00569 2.2 0.44
0.0057 2.16 0.44
0.00571 2.2 0.44
0.00572 2.2 0.44
0.00573 2.2 0.48
0.00574 2.2 0.48
0.00575 2.2 0.4
0.00576 2.2 0.44
0.00577 2.2 0.44
0.00578 2.2 0.48
0.00579 2.24 0.44
0.0058 2.24 0.44
0.00581 2.2 0.4
0.00582 2.24 0.44
0.00583 2.24 0.44
0.00584 2.24 0.48
0.00585 2.24 0.48
0.00586 2.24 0.44
0.00587 2.24 0.44
0.00588 2.24 0.44
0.00589 2.24 0.44
0.0059 2.24 0.48
0.00591 2.24 0.44
0.00592 2.28 0.44
0.00593 2.24 0.44
0.00594 2.28 0.48
0.00595 2.28 0.44
0.00596 2.28 0.44
0.00597 2.28 0.44
0.00598 2.28 0.44
0.00599 2.28 0.44
0.006 2.28 0.44
0.00601 2.28 0.44
0.00602 2.28 0.44
0.00603 2.32 0.44
0.00604 2.32 0.48
0.00605 2.28 0.48
0.00606 2.28 0.44
0.00607 2.32 0.44
0.00608 2.32 0.44
0.00609 2.32 0.44
0.0061 2.32 0.48
0.00611 2.32 0.48
0.00612 2.32 0.44
0.00613 2.32 0.44
0.00614 2.32 0.44
0.00615 2.32 0.44
0.00616 2.36 0.44
0.00617 2.32 0.44
0.00618 2.36 0.48
0.00619 2.32 0.44
0.0062 2.36 0.4
0.00621 2.36 0.48
0.00622 2.36 0.44
0.00623 2.36 0.48
0.00624 2.36 0.44
0.00625 2.36 0.48
0.00626 2.36 0.48
0.00627 2.36 0.44
0.00628 2.36 0.44
0.00629 2.4 0.44
0.0063 2.4 0.44
0.00631 2.36 0.48
0.00632 2.4 0.48
0.00633 2.4 0.44
0.00634 2.4 0.44
0.00635 2.4 0.4
0.00636 2.36 0.48
0.00637 2.4 0.48
0.00638 2.36 0.44
0.00639 2.4 0.44
0.0064 2.4 0.44
0.00641 2.4 0.48
0.00642 2.4 0.44
0.00643 2.44 0.44
0.00644 2.44 0.44
0.00645 2.44 0.44
0.00646 2.44 0.44
0.00647 2.44 0.44
0.00648 2.44 0.48
0.00649 2.44 0.44
0.0065 2.4 0.4
0.00651 2.44 0.4
0.00652 2.44 0.44
0.00653 2.44 0.44
0.00654 2.44 0.48
0.00655 2.44 0.44
0.00656 2.44 0.44
0.00657 2.48 0.44
0.00658 2.44 0.44
0.00659 2.44 0.44
0.0066 2.44 0.48
0.00661 2.48 0.44
0.00662 2.48 0.44
0.00663 2.48 0.48
0.00664 2.48 0.44
0.00665 2.48 0.48
0.00666 2.48 0.44
0.00667 2.48 0.44
0.00668 2.48 0.44
0.00669 2.52 0.48
0.0067 2.52 0.44
0.00671 2.52 0.48
0.00672 2.52 0.44
0.00673 2.52 0.44
0.00674 2.52 0.48
0.00675 2.52 0.44
0.00676 2.52 0.44
0.00677 2.52 0.4
0.00678 2.52 0.4
0.00679 2.56 0.48
0.0068 2.52 0.48
0.00681 2.56 0.44
0.00682 1.48 0.44
0.00683 0 0.44
0.00684 0 0.48
0.00685 0 0.44
0.00686 0 0.44
0.00687 0 0.4
0.00688 0 0.44
0.00689 0 0.44
0.0069 0 0.48
0.00691 0 0.48
0.00692 0.04 0.44
0.00693 0.04 0.44
0.00694 0 0.4
0.00695 0.04 0.44
0.00696 0.04 0.48
0.00697 0.04 0.44
0.00698 0.04 0.4
0.00699 0.04 0.44
0.007 0.08 0.48
0.00701 0.08 0.48
0.00702 0.04 0.48
0.00703 0.08 0.44
0.00704 0.04 0.44
0.00705 0.08 0.44
0.00706 0.08 0.44
0.00707 0.08 0.44
0.00708 0.08 0.44
0.00709 0.08 0.44
0.0071 0.08 0.4
0.00711 0.12 0.44
0.00712 0.12 0.48
0.00713 0.12 0.44
0.00714 0.08 0.44
0.00715 0.12 0.44
0.00716 0.12 0.44
0.00717 0.12 0.48
0.00718 0.12 0.48
0.00719 0.12 0.44
0.0072 0.12 0.4
0.00721 0.12 0.44
0.00722 0.12 0.44
0.00723 0.12 0.48
0.00724 0.12 0.48
0.00725 0.16 0.44
0.00726 0.12 0.48
0.00727 0.12 0.48
0.00728 0.16 0.44
0.00729 0.16 0.48
0.0073 0.16 0.44
0.00731 0.16 0.44
0.00732 0.16 0.44
0.00733 0.16 0.48
0.00734 0.16 0.44
0.00735 0.16 0.44
0.00736 0.16 0.44
0.00737 0.2 0.44
0.00738 0.16 0.48
0.00739 0.16 0.44
0.0074 0.2 0.48
0.00741 0.16 0.44
0.00742 0.24 0.48
0.00743 0.2 0.44
0.00744 0.2 0.48
0.00745 0.2 0.44
0.00746 0.24 0.48
0.00747 0.2 0.44
0.00748 0.24 0.44
0.00749 0.24 0.48
0.0075 0.24 0.48
0.00751 0.24 0.4
0.00752 0.24 0.44
0.00753 0.24 0.48
0.00754 0.24 0.48
0.00755 0.24 0.44
0.00756 0.24 0.44
0.00757 0.28 0.44
0.00758 0.24 0.44
0.00759 0.28 0.48
0.0076 0.24 0.48
0.00761 0.28 0.44
0.00762 0.28 0.44
0.00763 0.28 0.4
0.00764 0.28 0.48
0.00765 0.28 0.48
0.00766 0.28 0.44
0.00767 0.28 0.4
0.00768 0.28 4.44
0.00769 0.28 0.44
0.0077 0.28 0.48
0.00771 0.28 0.48
0.00772 0.28 0.44
0.00773 0.28 0.44
0.00774 0.32 0.44
0.00775 0.28 0.48
0.00776 0.32 0.48
0.00777 0.32 0.44
0.00778 0.28 0.44
0.00779 0.32 0.44
0.0078 0.32 0.48
0.00781 0.32 0.44
0.00782 0.32 0.44
0.00783 0.32 0.44
0.00784 0.36 0.4
0.00785 0.32 0.44
0.00786 0.32 0.48
0.00787 0.32 0.48
0.00788 0.36 0.4
0.00789 0.36 0.48
0.0079 0.36 0.44
0.00791 0.36 0.44
0.00792 0.36 0.48
0.00793 0.36 0.48
0.00794 0.36 0.44
0.00795 0.36 0.44
0.00796 0.4 0.44
0.00797 0.4 0.4
0.00798 0.4 0.44
0.00799 0.4 0.4
0.008 0.36 0.44
0.00801 0.4 0.48
0.00802 0.4 0.48
0.00803 0.4 0.48
0.00804 0.4 0.44
0.00805 0.36 0.44
0.00806 0.4 0.44
0.00807 0.4 0.48
0.00808 0.4 0.44
0.00809 0.44 0.44
0.0081 0.4 0.48
0.00811 0.44 0.4
0.00812 0.44 0.48
0.00813 0.44 0.44
0.00814 0.44 0.4
0.00815 0.44 0.44
0.00816 0.44 0.48
0.00817 0.44 0.48
0.00818 0.44 0.48
0.00819 0.44 0.44
0.0082 0.44 0.44
0.00821 0.48 0.44
0.00822 0.48 0.44
0.00823 0.44 0.48
0.00824 0.48 0.48
0.00825 0.48 0.48
0.00826 0.48 0.44
0.00827 0.44 0.44
0.00828 0.48 0.44
0.00829 0.48 0.48
0.0083 0.48 0.48
0.00831 0.48 0.4
0.00832 0.48 0.44
0.00833 0.52 0.44
0.00834 0.48 0.48
0.00835 0.52 0.44
0.00836 0.52 0.44
0.00837 0.52 0.44
0.00838 0.52 0.48
0.00839 0.52 0.48
0.0084 0.52 0.44
0.00841 0.52 0.44
0.00842 0.56 0.44
0.00843 0.52 0.44
0.00844 0.52 0.44
0.00845 0.52 0.44
0.00846 0.52 0.48
0.00847 0.56 0.44
0.00848 0.56 0.44
0.00849 0.56 0.48
0.0085 0.52 0.48
0.00851 0.6 0.44
0.00852 0.56 0.44
0.00853 0.56 0.44
0.00854 0.6 0.48
0.00855 0.56 0.48
0.00856 0.6 0.48
0.00857 0.6 0.44
0.00858 0.6 0.4
0.00859 0.6 0.48
0.0086 0.6 0.48
0.00861 0.6 0.44
0.00862 0.64 0.44
0.00863 0.6 0.44
0.00864 0.6 0.44
0.00865 0.64 0.4
0.00866 0.64 0.44
0.00867 0.64 0.48
0.00868 0.6 0.44
0.00869 0.6 0.44
0.0087 0.64 0.44
0.00871 0.64 0.44
0.00872 0.64 0.48
0.00873 0.64 0.44
0.00874 0.6 0.44
0.00875 0.64 0.44
0.00876 0.64 0.48
0.00877 0.64 0.48
0.00878 0.64 0.44
0.00879 0.64 0.44
0.0088 0.64 0.4
0.00881 0.68 0.4
0.00882 0.68 0.48
0.00883 0.68 0.48
0.00884 0.64 0.44
0.00885 0.68 0.44
0.00886 0.72 0.44
0.00887 0.68 0.44
0.00888 0.72 0.44
0.00889 0.68 0.44
0.0089 0.68 0.44
0.00891 0.64 0.44
0.00892 0.72 0.48
0.00893 0.72 0.48
0.00894 0.68 0.44
0.00895 0.72 0.48
0.00896 0.72 0.44
0.00897 0.72 0.48
0.00898 0.72 0.48
0.00899 0.72 0.48
0.009 0.76 0.44
0.00901 0.76 0.44
0.00902 0.76 0.44
0.00903 0.72 0.48
0.00904 0.72 0.44
0.00905 0.76 0.48
0.00906 0.76 0.44
0.00907 0.72 0.44
0.00908 0.76 0.48
0.00909 0.76 0.48
0.0091 0.76 0.4
0.00911 0.76 0.44
0.00912 0.8 0.44
0.00913 0.76 0.44
0.00914 0.76 0.48
0.00915 0.8 0.48
0.00916 0.76 0.44
0.00917 0.8 0.44
0.00918 0.8 0.44
0.00919 0.8 0.44
0.0092 0.8 0.44
0.00921 0.8 0.48
0.00922 0.8 0.44
0.00923 0.8 0.48
0.00924 0.84 0.48
0.00925 0.8 0.44
0.00926 0.84 0.48
0.00927 0.8 0.44
0.00928 0.8 0.44
0.00929 0.84 0.48
0.0093 0.84 0.48
0.00931 0.84 0.44
0.00932 0.8 0.48
0.00933 0.84 0.48
0.00934 0.84 0.44
0.00935 0.8 0.48
0.00936 0.84 0.48
0.00937 0.88 0.44
0.00938 0.84 0.48
0.00939 0.84 0.48
0.0094 0.88 0.44
0.00941 0.84 0.48
0.00942 0.88 0.4
0.00943 0.84 0.44
0.00944 0.88 0.44
0.00945 0.88 0.44
0.00946 0.88 0.48
0.00947 0.88 0.44
0.00948 0.88 0.44
0.00949 0.92 0.4
0.0095 0.88 0.48
0.00951 0.88 0.44
0.00952 0.92 0.44
0.00953 0.92 0.48
0.00954 0.92 0.48
0.00955 0.92 0.44
0.00956 0.92 0.44
0.00957 0.92 0.44
0.00958 0.92 0.44
0.00959 0.92 0.44
0.0096 0.92 0.44
0.00961 0.92 0.44
0.00962 0.92 0.48
0.00963 0.92 0.44
0.00964 0.92 0.44
0.00965 0.92 0.48
0.00966 0.96 0.48
0.00967 0.96 0.48
0.00968 0.92 0.48
0.00969 0.96 0.44
0.0097 0.92 0.44
0.00971 0.96 0.48
0.00972 0.96 0.44
0.00973 0.96 0.44
0.00974 0.96 0.48
0.00975 1 0.44
0.00976 1 0.44
0.00977 0.96 0.44
0.00978 1 0.48
0.00979 1 0.48
0.0098 1 0.4
0.00981 1 0.4
0.00982 1 0.48
0.00983 0.96 0.44
0.00984 1 0.48
0.00985 1 0.44
0.00986 1 0.44
0.00987 1 0.44
0.00988 1 0.48
0.00989 1 0.48
0.0099 1.04 0.44
0.00991 1.04 0.44
0.00992 1 0.44
0.00993 1 0.44
0.00994 1.04 0.48
0.00995 1.08 0.48
0.00996 1.04 0.44
0.00997 1.04 0.44
0.00998 1.04 0.48
0.00999 1.08 0.48
0.01 1.08 0.44
0.01001 1.04 0.44
0.01002 1.04 0.48
0.01003 1.08 0.44
0.01004 1.08 0.48
0.01005 1.08 0.44
0.01006 1.08 0.44
0.01007 1.08 0.44
0.01008 1.08 0.44
0.01009 1.08 0.48
0.0101 1.08 0.48
0.01011 1.08 0.48
0.01012 1.08 0.44
0.01013 1.08 0.44
0.01014 1.12 0.44
0.01015 1.12 0.48
0.01016 1.12 0.44
0.01017 1.08 0.4
0.01018 1.12 0.44
0.01019 1.12 0.44
0.0102 1.12 0.48
0.01021 1.12 0.44
0.01022 1.12 0.48
0.01023 1.12 0.44
0.01024 1.12 0.44
0.01025 1.12 0.44
0.01026 1.12 0.44
0.01027 1.12 0.48
0.01028 1.16 0.44
0.01029 1.16 0.48
0.0103 1.16 0.44
0.01031 1.16 0.44
0.01032 1.16 0.48
0.01033 1.16 0.44
0.01034 1.16 0.44
0.01035 1.16 0.48
0.01036 1.2 0.48
0.01037 1.16 0.48
0.01038 1.16 0.44
0.01039 1.16 0.4
0.0104 1.2 0.44
0.01041 1.2 0.48
0.01042 1.2 0.48
0.01043 1.2 0.44
0.01044 1.2 0.48
0.01045 1.16 0.44
0.01046 1.2 0.44
0.01047 1.2 0.48
0.01048 1.2 0.48
0.01049 1.24 0.4
0.0105 1.2 0.44
0.01051 1.24 0.48
0.01052 1.24 0.48
0.01053 1.24 0.48
0.01054 1.2 0.44
0.01055 1.24 0.4
0.01056 1.24 0.48
0.01057 1.24 0.48
0.01058 1.24 0.44
0.01059 1.24 0.48
0.0106 1.24 0.44
0.01061 1.24 0.48
0.01062 1.24 0.44
0.01063 1.24 0.48
0.01064 1.24 0.44
0.01065 1.24 0.48
0.01066 1.28 0.44
0.01067 1.28 0.48
0.01068 1.28 0.52
0.01069 1.28 0.48
0.0107 1.28 0.4
0.01071 1.28 0.4
0.01072 1.28 0.48
0.01073 1.28 0.44
0.01074 1.32 0.48
0.01075 1.28 0.48
0.01076 1.28 0.44
0.01077 1.28 0.4
0.01078 1.32 0.44
0.01079 1.32 0.4
0.0108 1.32 0.48
0.01081 1.32 0.48
0.01082 1.32 0.44
0.01083 1.32 0.48
0.01084 1.36 0.48
0.01085 1.32 0.48
0.01086 1.32 0.44
0.01087 1.32 0.44
0.01088 1.36 0.44
0.01089 1.36 0.48
0.0109 1.36 0.48
0.01091 1.36 0.44
0.01092 1.32 0.44
0.01093 1.36 0.44
0.01094 1.36 0.44
0.01095 1.4 0.44
0.01096 1.4 0.48
0.01097 1.4 0.44
0.01098 1.36 0.44
0.01099 1.4 0.48
0.011 1.36 0.48
0.01101 1.4 0.44
0.01102 1.36 0.44
0.01103 1.4 0.44
0.01104 1.4 0.4
0.01105 1.4 0.48
0.01106 1.4 0.48
0.01107 1.4 0.44
0.01108 1.4 0.48
0.01109 1.4 0.44
0.0111 1.44 0.44
0.01111 1.4 0.48
0.01112 1.4 0.48
0.01113 1.44 0.44
0.01114 1.4 0.44
0.01115 1.44 0.44
0.01116 1.44 0.4
0.01117 1.44 0.48
0.01118 1.44 0.44
0.01119 1.44 0.4
0.0112 1.44 0.48
0.01121 1.44 0.48
0.01122 1.44 0.48
0.01123 1.44 0.44
0.01124 1.44 0.44
0.01125 1.48 0.44
0.01126 1.48 0.48
0.01127 1.44 0.48
0.01128 1.48 0.44
0.01129 1.48 0.44
0.0113 1.48 0.44
0.01131 1.48 0.44
0.01132 1.48 0.44
0.01133 1.48 0.48
0.01134 1.52 0.44
0.01135 1.48 0.48
0.01136 1.52 0.44
0.01137 1.52 0.44
0.01138 1.52 0.48
0.01139 1.52 0.4
0.0114 1.48 0.4
0.01141 1.52 0.48
0.01142 1.52 0.48
0.01143 1.52 0.48
0.01144 1.52 0.48
0.01145 1.52 0.44
0.01146 1.52 0.44
0.01147 1.56 0.44
0.01148 1.56 0.44
0.01149 1.52 0.44
0.0115 1.56 0.44
0.01151 1.56 0.4
0.01152 1.56 0.48
0.01153 1.56 0.48
0.01154 1.56 0.48
0.01155 1.56 0.44
0.01156 1.56 0.44
0.01157 1.56 0.48
0.01158 1.56 0.44
0.01159 1.56 0.48
0.0116 1.56 0.48
0.01161 1.56 0.44
0.01162 1.56 0.4
0.01163 1.56 0.48
0.01164 1.56 0.44
0.01165 1.56 0.48
0.01166 1.6 0.44
0.01167 1.6 0.44
0.01168 1.6 0.44
0.01169 1.6 0.48
0.0117 1.6 0.44
0.01171 1.6 0.4
0.01172 1.6 0.44
0.01173 1.6 0.48
0.01174 1.6 0.48
0.01175 1.64 0.48
0.01176 1.6 0.44
0.01177 1.64 0.44
0.01178 1.64 0.48
0.01179 1.64 0.44
0.0118 1.64 0.48
0.01181 1.64 0.44
0.01182 1.64 0.48
0.01183 1.64 0.4
0.01184 1.64 0.44
0.01185 1.64 0.48
0.01186 1.68 0.48
0.01187 1.64 0.44
0.01188 1.64 0.44
0.01189 1.68 0.44
0.0119 1.68 0.48
0.01191 1.64 0.48
0.01192 1.68 0.44
0.01193 1.68 0.44
0.01194 1.68 0.48
0.01195 1.72 0.48
0.01196 1.68 0.48
0.01197 1.68 0.48
0.01198 1.72 0.48
0.01199 1.68 0.44
0.012 1.72 0.44
0.01201 1.72 0.48
0.01202 1.72 0.44
0.01203 1.72 0.48
0.01204 1.72 0.44
0.01205 1.72 0.44
0.01206 1.72 0.48
0.01207 1.72 0.48
0.01208 1.72 0.48
0.01209 1.72 0.44
0.0121 1.72 0.44
0.01211 1.72 0.48
0.01212 1.72 0.44
0.01213 1.76 0.44
0.01214 1.76 0.44
0.01215 1.72 0.44
0.01216 1.76 0.44
0.01217 1.76 0.48
0.01218 1.76 0.48
0.01219 1.76 0.44
0.0122 1.76 0.48
0.01221 1.76 0.44
0.01222 1.72 0.48
0.01223 1.76 0.44
0.01224 1.76 0.44
0.01225 1.8 0.44
0.01226 1.76 0.44
0.01227 1.8 0.44
0.01228 1.8 0.48
0.01229 1.8 0.44
0.0123 1.8 0.44
0.01231 1.8 0.44
0.01232 1.8 0.48
0.01233 1.8 0.48
0.01234 1.8 0.48
0.01235 1.8 0.48
0.01236 1.84 0.48
0.01237 1.8 0.44
0.01238 1.84 0.48
0.01239 1.8 0.44
0.0124 1.8 0.44
0.01241 1.84 0.48
0.01242 1.84 0.44
0.01243 1.8 0.48
0.01244 1.84 0.48
0.01245 1.88 0.4
0.01246 1.8 0.44
0.01247 1.84 0.48
0.01248 1.84 0.44
0.01249 1.84 0.44
0.0125 1.88 0.48
0.01251 1.84 0.44
0.01252 1.88 0.44
0.01253 1.88 0.44
0.01254 1.88 0.48
0.01255 1.84 0.44
0.01256 1.88 0.48
0.01257 1.88 0.48
0.01258 1.88 0.44
0.01259 1.88 0.44
0.0126 1.88 0.48
0.01261 1.88 0.48
0.01262 1.92 0.44
0.01263 1.92 0.44
0.01264 1.88 0.44
0.01265 1.92 0.48
0.01266 1.92 0.44
0.01267 1.92 0.44
0.01268 1.92 0.44
0.01269 1.92 0.44
0.0127 1.92 0.44
0.01271 1.92 0.48
0.01272 1.92 0.48
0.01273 1.92 0.44
0.01274 1.96 0.48
0.01275 1.96 0.48
0.01276 1.96 0.48
0.01277 1.96 0.4
0.01278 1.96 0.44
0.01279 1.92 0.44
0.0128 1.92 0.48
0.01281 1.96 0.48
0.01282 1.96 0.48
0.01283 2 0.44
0.01284 2 0.4
0.01285 1.96 0.44
0.01286 2 0.48
0.01287 2 0.44
0.01288 2 0.48
0.01289 2 0.44
0.0129 2.04 0.44
0.01291 2 0.48
0.01292 2 0.4
0.01293 2 0.48
0.01294 2 0.44
0.01295 2 0.4
0.01296 2.04 0.48
0.01297 2 0.48
0.01298 2.04 0.44
0.01299 2.04 0.44
0.013 2.04 0.48
0.01301 2.04 0.44
0.01302 2.04 0.48
0.01303 2.04 0.48
0.01304 2.04 0.48
0.01305 2.04 0.44
0.01306 2.04 0.44
0.01307 2.04 0.48
0.01308 2.04 0.48
0.01309 2.04 0.44
0.0131 2.04 0.48
0.01311 2.04 0.44
0.01312 2.04 0.48
0.01313 2.04 0.48
0.01314 2.08 0.48
0.01315 2.04 0.44
0.01316 2.08 0.44
0.01317 2.08 0.48
0.01318 2.08 0.48
0.01319 2.08 0.44
0.0132 2.08 0.44
0.01321 2.08 0.44
0.01322 2.08 0.4
0.01323 2.08 0.48
0.01324 2.08 0.48
0.01325 2.12 0.4
0.01326 2.12 0.44
0.01327 2.12 0.48
0.01328 2.12 0.44
0.01329 2.12 0.48
0.0133 2.12 0.44
0.01331 2.12 0.44
0.01332 2.12 0.44
0.01333 2.12 0.44
0.01334 2.12 0.48
0.01335 2.12 0.44
0.01336 2.12 0.44
0.01337 2.16 0.48
0.01338 2.12 0.44
0.01339 2.16 0.44
0.0134 2.16 0.44
0.01341 2.16 0.48
0.01342 2.2 0.44
0.01343 2.16 0.44
0.01344 2.16 0.48
0.01345 2.2 0.44
0.01346 2.2 0.48
0.01347 2.16 0.48
0.01348 2.2 0.44
0.01349 2.2 0.44
0.0135 2.16 0.48
0.01351 2.2 0.44
0.01352 2.2 0.48
0.01353 2.2 0.44
0.01354 2.2 0.48
0.01355 2.2 0.44
0.01356 2.2 0.48
0.01357 2.2 0.44
0.01358 2.2 0.44
0.01359 2.2 0.48
0.0136 2.2 0.4
0.01361 2.2 0.44
0.01362 2.2 0.48
0.01363 2.2 0.44
0.01364 2.24 0.44
0.01365 2.24 0.48
0.01366 2.24 0.48
0.01367 2.24 0.44
0.01368 2.24 0.44
0.01369 2.24 0.44
0.0137 2.24 0.48
0.01371 2.28 0.48
0.01372 2.28 0.44
0.01373 2.28 0.44
0.01374 2.24 0.4
0.01375 2.28 0.48
0.01376 2.28 0.48
0.01377 2.28 0.44
0.01378 2.28 0.4
0.01379 2.28 0.44
0.0138 2.28 0.44
0.01381 2.24 0.44
0.01382 2.28 0.48
0.01383 2.28 0.48
0.01384 2.28 0.44
0.01385 2.28 0.4
0.01386 2.28 0.48
0.01387 2.32 0.48
0.01388 2.32 0.44
0.01389 2.28 0.44
0.0139 2.32 0.44
0.01391 2.32 0.48
0.01392 2.32 0.44
0.01393 2.32 0.44
0.01394 2.32 0.48
0.01395 2.32 0.44
0.01396 2.32 0.44
0.01397 2.36 0.44
0.01398 2.36 0.48
0.01399 2.36 0.44
0.014 2.32 0.48
0.01401 2.32 0.44
0.01402 2.36 0.48
0.01403 2.36 0.48
0.01404 2.36 0.44
0.01405 2.36 0.44
0.01406 2.36 0.44
0.01407 2.36 0.48
0.01408 2.36 0.44
0.01409 2.36 0.44
0.0141 2.36 0.44
0.01411 2.36 0.44
0.01412 2.36 0.44
0.01413 2.36 0.48
0.01414 2.36 0.44
0.01415 2.4 0.44
0.01416 2.4 0.44
0.01417 2.36 0.44
0.01418 2.4 0.44
0.01419 2.4 0.48
0.0142 2.4 0.44
0.01421 2.4 0.44
0.01422 2.4 0.44
0.01423 2.36 0.44
0.01424 2.44 0.48
0.01425 2.4 0.48
0.01426 2.4 0.44
0.01427 2.44 0.44
0.01428 2.44 0.44
0.01429 2.44 0.48
0.0143 2.44 0.48
0.01431 2.4 0.44
0.01432 2.44 0.44
0.01433 2.44 0.44
0.01434 2.44 0.44
0.01435 2.44 0.48
0.01436 2.44 0.44
0.01437 2.48 0.44
0.01438 2.44 0.4
0.01439 2.48 0.44
0.0144 2.48 0.44
0.01441 2.48 0.44
0.01442 2.44 0.48
0.01443 2.48 0.44
0.01444 2.44 0.44
0.01445 2.48 0.44
0.01446 2.48 0.44
0.01447 2.52 0.44
0.01448 2.52 0.44
0.01449 2.48 0.48
0.0145 2.52 0.44
0.01451 2.48 0.48
0.01452 2.52 0.48
0.01453 2.52 0.44
0.01454 2.52 0.4
0.01455 2.52 0.44
0.01456 2.52 0.48
0.01457 2.52 0.48
0.01458 2.52 0.44
0.01459 2.52 0.44
0.0146 2.52 0.44
0.01461 2.52 0.48
0.01462 2.56 0.48
0.01463 2.52 0.48
0.01464 0.04 0.48
0.01465 0 0.44
0.01466 0 0.48
0.01467 0 0.44
0.01468 0 0.44
0.01469 0 0.44
0.0147 0 0.44
0.01471 0 0.48
0.01472 0 0.48
0.01473 0.04 0.48
0.01474 0.04 0.44
0.01475 0.04 0.4
0.01476 0.04 0.48
0.01477 0.04 0.48
0.01478 0.08 0.48
0.01479 0.04 0.48
0.0148 0.04 0.44
0.01481 0.04 0.4
0.01482 0.08 0.48
0.01483 0.04 0.48
0.01484 0.08 0.48
0.01485 0.08 0.44
0.01486 0.08 0.44
0.01487 0.08 0.48
0.01488 0.08 0.48
0.01489 0.08 0.48
0.0149 0.08 0.48
0.01491 0.12 0.4
0.01492 0.12 0.44
0.01493 0.08 0.48
0.01494 0.12 0.48
0.01495 0.12 0.44
0.01496 0.12 0.44
0.01497 0.12 0.44
0.01498 0.12 0.44
0.01499 0.12 0.48
0.015 0.12 0.48
0.01501 0.12 0.44
0.01502 0.12 0.44
0.01503 0.12 0.44
0.01504 0.12 0.48
0.01505 0.12 0.48
0.01506 0.12 0.44
0.01507 0.16 0.44
0.01508 0.16 0.44
0.01509 0.12 0.44
0.0151 0.16 0.44
0.01511 0.16 0.44
0.01512 0.16 0.44
0.01513 0.12 0.48
0.01514 0.16 0.48
0.01515 0.16 0.48
0.01516 0.16 0.48
0.01517 0.16 0.48
0.01518 0.16 0.44
0.01519 0.16 0.44
0.0152 0.2 0.48
0.01521 0.2 0.48
0.01522 0.2 0.44
0.01523 0.2 0.44
0.01524 0.2 0.48
0.01525 0.2 0.48
0.01526 0.24 0.48
0.01527 0.2 0.4
0.01528 0.24 0.44
0.01529 0.2 0.44
0.0153 0.2 0.44
0.01531 0.2 0.48
0.01532 0.2 0.48
0.01533 0.2 0.44
0.01534 0.24 0.44
0.01535 0.24 0.44
0.01536 0.24 0.48
0.01537 0.28 0.48
0.01538 0.24 0.48
0.01539 0.24 0.48
0.0154 0.28 0.48
0.01541 0.24 0.48
0.01542 0.28 0.48
0.01543 0.28 0.48
0.01544 0.28 0.4
0.01545 0.28 0.44
0.01546 0.28 0.48
0.01547 0.28 0.48
0.01548 0.28 0.4
0.01549 0.24 4.4
0.0155 0.28 0.48
0.01551 0.28 0.48
0.01552 0.28 0.44
0.01553 0.28 0.48
0.01554 0.28 0.44
0.01555 0.32 0.48
0.01556 0.32 0.44
0.01557 0.32 0.44
0.01558 0.32 0.48
0.01559 0.32 0.44
0.0156 0.32 0.4
0.01561 0.32 0.44
0.01562 0.32 0.48
0.01563 0.32 0.44
0.01564 0.32 0.4
0.01565 0.36 0.4
0.01566 0.36 0.44
0.01567 0.32 0.44
0.01568 0.36 0.44
0.01569 0.36 0.44
0.0157 0.36 0.48
0.01571 0.36 0.44
0.01572 0.36 0.44
0.01573 0.32 0.48
0.01574 0.36 0.44
0.01575 0.36 0.44
0.01576 0.36 0.48
0.01577 0.36 0.44
0.01578 0.36 0.4
0.01579 0.4 0.48
0.0158 0.4 0.44
0.01581 0.36 0.44
0.01582 0.36 0.44
0.01583 0.4 0.48
0.01584 0.4 0.48
0.01585 0.4 0.48
0.01586 0.4 0.44
0.01587 0.44 0.44
0.01588 0.4 0.44
0.01589 0.44 0.44
0.0159 0.4 0.44
0.01591 0.4 0.44
0.01592 0.44 0.44
0.01593 0.44 0.44
0.01594 0.4 0.44
0.01595 0.44 0.48
0.01596 0.44 0.48
0.01597 0.44 0.44
0.01598 0.44 0.4
0.01599 0.44 0.44
0.016 0.44 0.44
0.01601 0.48 0.48
0.01602 0.44 0.44
0.01603 0.48 0.44
0.01604 0.44 0.44
0.01605 0.48 0.44
0.01606 0.48 0.44
0.01607 0.44 0.48
0.01608 0.48 0.48
0.01609 0.48 0.44
0.0161 0.48 0.48
0.01611 0.48 0.44
0.01612 0.48 0.44
0.01613 0.52 0.44
0.01614 0.52 0.4
0.01615 0.52 0.44
0.01616 0.52 0.48
0.01617 0.48 0.48
0.01618 0.48 0.4
0.01619 0.52 0.44
0.0162 0.52 0.44
0.01621 0.52 0.48
0.01622 0.52 0.48
0.01623 0.52 0.48
0.01624 0.52 0.44
0.01625 0.52 0.4
0.01626 0.56 0.44
0.01627 0.52 0.48
0.01628 0.56 0.48
0.01629 0.56 0.44
0.0163 0.56 0.4
0.01631 0.52 0.48
0.01632 0.56 0.48
0.01633 0.56 0.4
0.01634 0.6 0.4
0.01635 0.56 0.44
0.01636 0.6 0.44
0.01637 0.56 0.48
0.01638 0.6 0.48
0.01639 0.6 0.44
0.0164 0.6 0.44
0.01641 0.56 0.4
0.01642 0.6 0.44
0.01643 0.6 0.48
0.01644 0.6 0.48
0.01645 0.6 0.44
0.01646 0.6 0.4
0.01647 0.6 0.44
0.01648 0.6 0.44
0.01649 0.64 0.48
0.0165 0.64 0.4
0.01651 0.64 0.4
0.01652 0.6 0.48
0.01653 0.64 0.44
0.01654 0.64 0.48
0.01655 0.6 0.48
0.01656 0.64 0.44
0.01657 0.64 0.44
0.01658 0.64 0.44
0.01659 0.64 0.48
0.0166 0.64 0.44
0.01661 0.68 0.48
0.01662 0.64 0.48
0.01663 0.68 0.48
0.01664 0.64 0.48
0.01665 0.68 0.44
0.01666 0.68 0.44
0.01667 0.68 0.44
0.01668 0.68 0.4
0.01669 0.68 0.48
0.0167 0.68 0.44
0.01671 0.68 0.44
0.01672 0.72 0.44
0.01673 0.68 0.44
0.01674 0.72 0.4
0.01675 0.72 0.48
0.01676 0.72 0.44
0.01677 0.72 0.4
0.01678 0.72 0.44
0.01679 0.72 0.44
0.0168 0.76 0.48
0.01681 0.76 0.48
0.01682 0.72 0.44
0.01683 0.72 0.4
0.01684 0.76 0.44
0.01685 0.76 0.48
0.01686 0.76 0.44
0.01687 0.76 0.44
0.01688 0.76 0.44
0.01689 0.76 0.4
0.0169 0.76 0.48
0.01691 0.76 0.48
0.01692 0.76 0.44
0.01693 0.76 0.44
0.01694 0.8 0.44
0.01695 0.8 0.48
0.01696 0.76 0.44
0.01697 0.8 0.44
0.01698 0.8 0.44
0.01699 0.76 0.44
0.017 0.76 0.44
0.01701 0.76 0.48
0.01702 0.8 0.48
0.01703 0.8 0.4
0.01704 0.8 0.4
0.01705 0.76 0.48
0.01706 0.8 0.48
0.01707 0.84 0.48
0.01708 0.84 0.44
0.01709 0.8 0.44
0.0171 0.84 0.4
0.01711 0.84 0.44
0.01712 0.84 0.48
0.01713 0.84 0.48
0.01714 0.84 0.44
0.01715 0.84 0.44
0.01716 0.84 0.44
0.01717 0.84 0.44
0.01718 0.84 0.44
0.01719 0.88 0.44
0.0172 0.88 0.44
0.01721 0.88 0.48
0.01722 0.88 0.48
0.01723 0.88 0.44
0.01724 0.88 0.44
0.01725 0.88 0.44
0.01726 0.88 0.44
0.01727 0.88 0.48
0.01728 0.88 0.44
0.01729 0.88 0.48
0.0173 0.92 0.44
0.01731 0.88 0.48
0.01732 0.92 0.48
0.01733 0.92 0.44
0.01734 0.88 0.48
0.01735 0.92 0.44
0.01736 0.92 0.44
0.01737 0.92 0.44
0.01738 0.92 0.48
0.01739 0.92 0.48
0.0174 0.92 0.4
0.01741 0.88 0.44
0.01742 0.92 0.44
0.01743 0.92 0.48
0.01744 0.92 0.4
0.01745 0.92 0.44
0.01746 0.92 0.48
0.01747 0.92 0.44
0.01748 0.92 0.44
0.01749 0.92 0.44
0.0175 0.96 0.44
0.01751 0.96 0.44
0.01752 0.96 0.44
0.01753 0.96 0.44
0.01754 0.96 0.48
0.01755 0.96 0.48
0.01756 1 0.44
0.01757 0.96 0.44
0.01758 1 0.44
0.01759 0.96 0.44
0.0176 0.96 0.48
0.01761 0.96 0.48
0.01762 1 0.44
0.01763 1 0.44
0.01764 1 0.44
0.01765 1 0.48
0.01766 1 0.44
0.01767 1 0.44
0.01768 1 0.44
0.01769 1.04 0.44
0.0177 1 0.48
0.01771 1 0.48
0.01772 1 0.44
0.01773 1.04 0.44
0.01774 1.04 0.4
0.01775 1.08 0.48
0.01776 1.04 0.44
0.01777 1.04 0.44
0.01778 1.04 0.44
0.01779 1.04 0.44
0.0178 1.04 0.44
0.01781 1.04 0.48
0.01782 1.04 0.44
0.01783 1.04 0.44
0.01784 1.04 0.44
0.01785 1.08 0.44
0.01786 1.08 0.44
0.01787 1.08 0.44
0.01788 1.08 0.44
0.01789 1.08 0.44
0.0179 1.08 0.44
0.01791 1.08 0.48
0.01792 1.08 0.48
0.01793 1.08 0.48
0.01794 1.08 0.44
0.01795 1.08 0.4
0.01796 1.08 0.48
0.01797 1.12 0.48
0.01798 1.08 0.48
0.01799 1.12 0.48
0.018 1.08 0.4
0.01801 1.08 0.44
0.01802 1.12 0.48
0.01803 1.12 0.48
0.01804 1.12 0.44
0.01805 1.12 0.44
0.01806 1.12 0.44
0.01807 1.16 0.48
0.01808 1.12 0.48
0.01809 1.12 0.44
0.0181 1.12 0.44
0.01811 1.16 0.4
0.01812 1.16 0.44
0.01813 1.16 0.44
0.01814 1.12 0.44
0.01815 1.16 0.44
0.01816 1.16 0.44
0.01817 1.16 0.48
0.01818 1.16 0.44
0.01819 1.16 0.44
0.0182 1.16 0.48
0.01821 1.16 0.48
0.01822 1.2 0.48
0.01823 1.2 0.48
0.01824 1.16 0.48
0.01825 1.2 0.48
0.01826 1.2 0.4
0.01827 1.2 0.44
0.01828 1.2 0.44
0.01829 1.2 0.48
0.0183 1.2 0.44
0.01831 1.2 0.44
0.01832 1.2 0.4
0.01833 1.24 0.44
0.01834 1.24 0.48
0.01835 1.2 0.48
0.01836 1.24 0.44
0.01837 1.24 0.44
0.01838 1.24 0.44
0.01839 1.24 0.44
0.0184 1.24 0.44
0.01841 1.28 0.44
0.01842 1.24 0.44
0.01843 1.24 0.44
0.01844 1.24 0.44
0.01845 1.28 0.48
0.01846 1.24 0.44
0.01847 1.28 0.44
0.01848 1.28 0.44
0.01849 1.28 0.4
0.0185 1.28 0.44
0.01851 1.28 0.44
0.01852 1.28 0.48
0.01853 1.28 0.4
0.01854 1.28 0.44
0.01855 1.32 0.44
0.01856 1.28 0.48
0.01857 1.32 0.48
0.01858 1.28 0.44
0.01859 1.32 0.44
0.0186 1.28 0.44
0.01861 1.32 0.52
0.01862 1.32 0.44
0.01863 1.32 0.4
0.01864 1.32 0.44
0.01865 1.32 0.48
0.01866 1.32 0.44
0.01867 1.32 0.48
0.01868 1.32 0.44
0.01869 1.32 0.4
0.0187 1.36 0.44
0.01871 1.36 0.44
0.01872 1.36 0.44
0.01873 1.36 0.44
0.01874 1.36 0.44
0.01875 1.36 0.4
0.01876 1.36 0.44
0.01877 1.36 0.48
0.01878 1.36 0.44
0.01879 1.4 0.44
0.0188 1.4 0.44
0.01881 1.4 0.48
0.01882 1.4 0.48
0.01883 1.4 0.44
0.01884 1.4 0.48
0.01885 1.4 0.44
0.01886 1.36 0.4
0.01887 1.4 0.48
0.01888 1.4 0.48
0.01889 1.4 0.44
0.0189 1.4 0.44
0.01891 1.4 0.44
0.01892 1.4 0.44
0.01893 1.44 0.48
0.01894 1.44 0.48
0.01895 1.4 0.44
0.01896 1.4 0.48
0.01897 1.44 0.44
0.01898 1.44 0.48
0.01899 1.4 0.48
0.019 1.44 0.44
0.01901 1.44 0.44
0.01902 1.44 0.48
0.01903 1.44 0.44
0.01904 1.44 0.44
0.01905 1.48 0.44
0.01906 1.44 0.44
0.01907 1.48 0.44
0.01908 1.44 0.48
0.01909 1.44 0.44
0.0191 1.48 0.44
0.01911 1.48 0.4
0.01912 1.48 0.4
0.01913 1.48 0.44
0.01914 1.48 0.48
0.01915 1.48 0.48
0.01916 1.48 0.4
0.01917 1.48 0.4
0.01918 1.48 0.44
0.01919 1.52 0.48
0.0192 1.52 0.48
0.01921 1.52 0.44
0.01922 1.48 0.44
0.01923 1.52 0.44
0.01924 1.48 0.4
0.01925 1.52 0.48
0.01926 1.52 0.48
0.01927 1.52 0.44
0.01928 1.52 0.48
0.01929 1.56 0.48
0.0193 1.52 0.44
0.01931 1.56 0.44
0.01932 1.56 0.44
0.01933 1.56 0.4
0.01934 1.52 0.48
0.01935 1.56 0.44
0.01936 1.56 0.44
0.01937 1.56 0.44
0.01938 1.56 0.48
0.01939 1.56 0.4
0.0194 1.56 0.4
0.01941 1.56 0.44
0.01942 1.56 0.44
0.01943 1.56 0.44
0.01944 1.56 0.4
0.01945 1.56 0.44
0.01946 1.56 0.48
0.01947 1.6 0.48
0.01948 1.56 0.44
0.01949 1.6 0.44
0.0195 1.56 0.44
0.01951 1.64 0.48
0.01952 1.6 0.44
0.01953 1.6 0.44
0.01954 1.6 0.44
0.01955 1.6 0.48
0.01956 1.6 0.44
0.01957 1.6 0.48
0.01958 1.64 0.44
0.01959 1.64 0.44
0.0196 1.64 0.44
0.01961 1.64 0.48
0.01962 1.64 0.44
0.01963 1.64 0.44
0.01964 1.64 0.44
0.01965 1.64 0.4
0.01966 1.64 0.48
0.01967 1.64 0.44
0.01968 1.64 0.44
0.01969 1.64 0.44
0.0197 1.64 0.44
0.01971 1.68 0.44
0.01972 1.64 0.44
0.01973 1.68 0.44
0.01974 1.68 0.44
0.01975 1.68 0.4
0.01976 1.64 0.4
0.01977 1.72 0.48
0.01978 1.68 0.48
0.01979 1.68 0.44
0.0198 1.72 0.4
0.01981 1.72 0.44
0.01982 1.68 0.4
0.01983 1.72 0.48
0.01984 1.68 0.44
0.01985 1.68 0.44
0.01986 1.72 0.4
0.01987 1.72 0.44
0.01988 1.72 0.48
0.01989 1.72 0.44
0.0199 1.72 0.44
0.01991 1.72 0.44
0.01992 1.72 0.4
0.01993 1.72 0.44
0.01994 1.72 0.44
0.01995 1.72 0.44
0.01996 1.72 0.44
0.01997 1.72 0.44
0.01998 1.72 0.44
0.01999 1.76 0.44
0.02 1.76 0.48
0.02001 1.8 0.44
0.02002 1.76 0.44
0.02003 1.76 0.44
0.02004 1.76 0.44
0.02005 1.76 0.48
0.02006 1.76 0.44
0.02007 1.76 0.44
0.02008 1.76 0.44
0.02009 1.76 0.44
0.0201 1.76 0.44
0.02011 1.8 0.44
0.02012 1.8 0.44
0.02013 1.8 0.44
0.02014 1.8 0.48
0.02015 1.8 0.44
0.02016 1.8 0.44
0.02017 1.8 0.44
0.02018 1.8 0.44
0.02019 1.84 0.48
0.0202 1.8 0.48
0.02021 1.8 0.48
0.02022 1.84 0.48
0.02023 1.84 0.44
0.02024 1.84 0.48
0.02025 1.84 0.48
0.02026 1.88 0.48
0.02027 1.84 0.44
0.02028 1.84 0.44
0.02029 1.88 0.44
0.0203 1.88 0.44
0.02031 1.88 0.44
0.02032 1.84 0.44
0.02033 1.88 0.48
0.02034 1.84 0.48
0.02035 1.84 0.48
0.02036 1.88 0.48
0.02037 1.88 0.48
0.02038 1.88 0.44
0.02039 1.88 0.4
0.0204 1.88 0.4
0.02041 1.92 0.48
0.02042 1.88 0.44
0.02043 1.88 0.44
0.02044 1.88 0.44
0.02045 1.88 0.4
0.02046 1.88 0.44
0.02047 1.92 0.48
0.02048 1.92 0.44
0.02049 1.92 0.44
0.0205 1.92 0.44
0.02051 1.92 0.44
0.02052 1.92 0.44
0.02053 1.92 0.48
0.02054 1.92 0.44
0.02055 1.92 0.4
0.02056 1.92 0.44
0.02057 1.96 0.48
0.02058 1.96 0.48
0.02059 1.96 0.44
0.0206 1.96 0.44
0.02061 1.96 0.48
0.02062 1.96 0.4
0.02063 1.96 0.44
0.02064 1.96 0.44
0.02065 1.96 0.44
0.02066 1.96 0.44
0.02067 1.96 0.44
0.02068 2 0.44
0.02069 2 0.44
0.0207 2 0.44
0.02071 2.04 0.44
0.02072 2 0.48
0.02073 1.96 0.48
0.02074 2.04 0.48
0.02075 2 0.48
0.02076 2.04 0.44
0.02077 2 0.4
0.02078 2 0.44
0.02079 2.04 0.44
0.0208 2.04 0.48
0.02081 2.04 0.44
0.02082 2.04 0.44
0.02083 2.04 0.4
0.02084 2.04 0.48
0.02085 2.04 0.48
0.02086 2.04 0.44
0.02087 2.04 0.44
0.02088 2.04 0.4
0.02089 2.08 0.48
0.0209 2.08 0.52
0.02091 2.08 0.44
0.02092 2.04 0.44
0.02093 2.08 0.44
0.02094 2.08 0.44
0.02095 2.08 0.44
0.02096 2.08 0.48
0.02097 2.08 0.44
0.02098 2.08 0.44
0.02099 2.08 0.44
0.021 2.08 0.48
0.02101 2.08 0.48
0.02102 2.08 0.44
0.02103 2.08 0.44
0.02104 2.08 0.44
0.02105 2.12 0.44
0.02106 2.12 0.44
0.02107 2.12 0.44
0.02108 2.12 0.4
0.02109 2.12 0.44
0.0211 2.12 0.48
0.02111 2.16 0.44
0.02112 2.12 0.44
0.02113 2.12 0.44
0.02114 2.12 0.44
0.02115 2.16 0.44
0.02116 2.16 0.44
0.02117 2.16 0.44
0.02118 2.16 0.44
0.02119 2.16 0.44
0.0212 2.16 0.44
0.02121 2.16 0.48
0.02122 2.16 0.48
0.02123 2.16 0.48
0.02124 2.2 0.44
0.02125 2.2 0.48
0.02126 2.16 0.4
0.02127 2.2 0.44
0.02128 2.2 0.44
0.02129 2.2 0.44
0.0213 2.2 0.44
0.02131 2.2 0.48
0.02132 2.2 0.48
0.02133 2.2 0.48
0.02134 2.2 0.44
0.02135 2.2 0.44
0.02136 2.2 0.44
0.02137 2.2 0.44
0.02138 2.2 0.48
0.02139 2.2 0.48
0.0214 2.2 0.48
0.02141 2.24 0.4
0.02142 2.2 0.48
0.02143 2.2 0.48
0.02144 2.24 0.48
0.02145 2.24 0.44
0.02146 2.2 0.48
0.02147 2.24 0.48
0.02148 2.24 0.48
0.02149 2.24 0.48
0.0215 2.2 0.48
0.02151 2.24 0.48
0.02152 2.24 0.44
0.02153 2.2 0.44
0.02154 2.28 0.48
0.02155 2.24 0.48
0.02156 2.24 0.44
0.02157 2.28 0.44
0.02158 2.28 0.4
0.02159 2.24 0.48
0.0216 2.28 0.48
0.02161 2.28 0.44
0.02162 2.28 0.44
0.02163 2.28 0.48
0.02164 2.28 0.48
0.02165 2.28 0.44
0.02166 2.32 0.44
0.02167 2.28 0.44
0.02168 2.28 0.4
0.02169 2.28 0.44
0.0217 2.28 0.48
0.02171 2.32 0.48
0.02172 2.32 0.44
0.02173 2.32 0.4
0.02174 2.32 0.44
0.02175 2.32 0.44
0.02176 2.36 0.48
0.02177 2.32 0.48
0.02178 2.32 0.44
0.02179 2.36 0.44
0.0218 2.36 0.44
0.02181 2.36 0.48
0.02182 2.36 0.44
0.02183 2.36 0.44
0.02184 2.36 0.44
0.02185 2.36 0.44
0.02186 2.36 0.48
0.02187 2.36 0.48
0.02188 2.36 0.48
0.02189 2.36 0.44
0.0219 2.4 0.44
0.02191 2.36 0.48
0.02192 2.36 0.44
0.02193 2.36 0.44
0.02194 2.36 0.44
0.02195 2.4 0.44
0.02196 2.4 0.48
0.02197 2.4 0.44
0.02198 2.36 0.44
0.02199 2.4 0.44
0.022 2.4 0.4
0.02201 2.4 0.48
0.02202 2.4 0.48
0.02203 2.4 0.48
0.02204 2.4 0.44
0.02205 2.4 0.48
0.02206 2.44 0.48
0.02207 2.44 0.44
0.02208 2.44 0.48
0.02209 2.44 0.48
0.0221 2.4 0.44
0.02211 2.44 0.4
0.02212 2.44 0.48
0.02213 2.44 0.48
0.02214 2.4 0.44
0.02215 2.44 0.44
0.02216 2.48 0.44
0.02217 2.44 0.44
0.02218 2.48 0.48
0.02219 2.44 0.48
0.0222 2.48 0.44
0.02221 2.44 0.4
0.02222 2.44 0.44
0.02223 2.48 0.44
0.02224 2.48 0.48
0.02225 2.48 0.44
0.02226 2.52 0.44
0.02227 2.48 0.44
0.02228 2.48 0.44
0.02229 2.48 0.48
0.0223 2.48 0.44
0.02231 2.48 0.44
0.02232 2.52 0.44
0.02233 2.52 0.44
0.02234 2.52 0.48
0.02235 2.52 0.44
0.02236 2.52 0.44
0.02237 2.52 0.44
0.02238 2.52 0.44
0.02239 2.52 0.44
0.0224 2.56 0.48
0.02241 2.56 0.48
0.02242 2.56 0.44
0.02243 2.52 0.48
0.02244 2.52 0.44
0.02245 0.08 0.44
0.02246 0 0.44
0.02247 0 0.44
0.02248 0 0.44
0.02249 0 0.44
0.0225 0 0.44
0.02251 0.04 0.44
0.02252 0 0.44
0.02253 0.04 0.48
0.02254 0.04 0.44
0.02255 0.04 0.48
0.02256 0.04 0.48
0.02257 0.04 0.48
0.02258 0.04 0.48
0.02259 0.08 0.48
0.0226 0.04 0.48
0.02261 0.08 0.44
0.02262 0.04 0.44
0.02263 0.08 0.44
0.02264 0.08 0.44
0.02265 0.08 0.44
0.02266 0.08 0.48
0.02267 0.08 0.48
0.02268 0.08 0.48
0.02269 0.12 0.44
0.0227 0.08 0.48
0.02271 0.08 0.48
0.02272 0.08 0.44
0.02273 0.08 0.48
0.02274 0.08 0.44
0.02275 0.08 0.48
0.02276 0.12 0.44
0.02277 0.12 0.48
0.02278 0.12 0.44
0.02279 0.12 0.44
0.0228 0.12 0.44
0.02281 0.12 0.48
0.02282 0.12 0.48
0.02283 0.12 0.44
0.02284 0.12 0.44
0.02285 0.12 0.4
0.02286 0.12 0.48
0.02287 0.12 0.48
0.02288 0.16 0.48
0.02289 0.12 0.44
0.0229 0.12 0.48
0.02291 0.16 0.4
0.02292 0.16 0.48
0.02293 0.16 0.44
0.02294 0.16 0.48
0.02295 0.16 0.44
0.02296 0.16 0.44
0.02297 0.16 0.44
0.02298 0.16 0.48
0.02299 0.16 0.44
0.023 0.2 0.44
0.02301 0.2 0.48
0.02302 0.2 0.44
0.02303 0.2 0.48
0.02304 0.2 0.48
0.02305 0.2 0.44
0.02306 0.2 0.48
0.02307 0.2 0.48
0.02308 0.2 0.44
0.02309 0.2 0.44
0.0231 0.24 0.44
0.02311 0.24 0.44
0.02312 0.24 0.44
0.02313 0.2 0.48
0.02314 0.24 0.44
0.02315 0.24 0.48
0.02316 0.24 0.48
0.02317 0.24 0.44
0.02318 0.28 0.48
0.02319 0.24 0.48
0.0232 0.24 0.48
0.02321 0.28 0.44
0.02322 0.24 0.4
0.02323 0.28 0.48
0.02324 0.28 0.48
0.02325 0.24 0.48
0.02326 0.28 0.48
0.02327 0.28 0.48
0.02328 0.28 0.44
0.02329 0.28 0.44
0.0233 0.28 4.4
0.02331 0.28 4.44
0.02332 0.28 0.44
0.02333 0.28 0.44
0.02334 0.32 0.44
0.02335 0.28 0.48
0.02336 0.28 0.48
0.02337 0.28 0.44
0.02338 0.28 0.44
0.02339 0.32 0.44
0.0234 0.32 0.48
0.02341 0.32 0.48
0.02342 0.28 0.44
0.02343 0.32 0.44
0.02344 0.32 0.44
0.02345 0.36 0.44
0.02346 0.36 0.44
0.02347 0.32 0.48
0.02348 0.32 0.4
0.02349 0.36 0.44
0.0235 0.32 0.44
0.02351 0.36 0.44
0.02352 0.36 0.44
0.02353 0.36 0.44
0.02354 0.36 0.4
0.02355 0.36 0.44
0.02356 0.4 0.48
0.02357 0.4 0.48
0.02358 0.36 0.44
0.02359 0.4 0.44
0.0236 0.36 0.44
0.02361 0.36 0.48
0.02362 0.4 0.48
0.02363 0.4 0.44
0.02364 0.44 0.48
0.02365 0.4 0.44
0.02366 0.4 0.48
0.02367 0.4 0.44
0.02368 0.4 0.48
0.02369 0.4 0.4
0.0237 0.44 0.44
0.02371 0.44 0.44
0.02372 0.4 0.44
0.02373 0.44 0.48
0.02374 0.44 0.44
0.02375 0.44 0.44
0.02376 0.44 0.44
0.02377 0.44 0.44
0.02378 0.44 0.44
0.02379 0.44 0.48
0.0238 0.44 0.48
0.02381 0.44 0.44
0.02382 0.48 0.44
0.02383 0.48 0.44
0.02384 0.48 0.48
0.02385 0.48 0.48
0.02386 0.48 0.44
0.02387 0.48 0.44
0.02388 0.48 0.48
0.02389 0.48 0.48
0.0239 0.48 0.44
0.02391 0.44 0.44
0.02392 0.48 0.44
0.02393 0.48 0.44
0.02394 0.48 0.48
0.02395 0.52 0.44
0.02396 0.48 0.48
0.02397 0.52 0.44
0.02398 0.52 0.44
0.02399 0.52 0.48
0.024 0.52 0.48
0.02401 0.52 0.44
0.02402 0.52 0.4
0.02403 0.52 0.44
0.02404 0.52 0.44
0.02405 0.56 0.48
0.02406 0.52 0.44
0.02407 0.56 0.4
0.02408 0.52 0.44
0.02409 0.56 0.44
0.0241 0.56 0.48
0.02411 0.56 0.4
0.02412 0.56 0.44
0.02413 0.56 0.44
0.02414 0.6 0.44
0.02415 0.6 0.48
0.02416 0.6 0.48
0.02417 0.6 0.44
0.02418 0.56 0.44
0.02419 0.6 0.44
0.0242 0.6 0.44
0.02421 0.56 0.44
0.02422 0.6 0.48
0.02423 0.6 0.44
0.02424 0.6 0.44
0.02425 0.6 0.52
0.02426 0.6 0.48
0.02427 0.6 0.48
0.02428 0.64 0.44
0.02429 0.6 0.44
0.0243 0.6 0.44
0.02431 0.6 0.48
0.02432 0.64 0.44
0.02433 0.6 0.44
0.02434 0.6 0.44
0.02435 0.64 0.44
0.02436 0.64 0.44
0.02437 0.68 0.44
0.02438 0.68 0.44
0.02439 0.64 0.4
0.0244 0.72 0.4
0.02441 0.64 0.48
0.02442 0.64 0.48
0.02443 0.68 0.44
0.02444 0.68 0.44
0.02445 0.64 0.44
0.02446 0.68 0.44
0.02447 0.68 0.44
0.02448 0.72 0.48
0.02449 0.68 0.44
0.0245 0.72 0.4
0.02451 0.72 0.48
0.02452 0.72 0.48
0.02453 0.72 0.48
0.02454 0.72 0.44
0.02455 0.68 0.48
0.02456 0.68 0.44
0.02457 0.72 0.44
0.02458 0.72 0.48
0.02459 0.72 0.48
0.0246 0.72 0.44
0.02461 0.72 0.4
0.02462 0.72 0.48
0.02463 0.72 0.44
0.02464 0.72 0.44
0.02465 0.76 0.44
0.02466 0.72 0.48
0.02467 0.76 0.44
0.02468 0.76 0.48
0.02469 0.76 0.48
0.0247 0.76 0.44
0.02471 0.76 0.44
0.02472 0.76 0.44
0.02473 0.76 0.44
0.02474 0.76 0.48
0.02475 0.76 0.48
0.02476 0.76 0.44
0.02477 0.76 0.44
0.02478 0.76 0.48
0.02479 0.8 0.48
0.0248 0.8 0.48
0.02481 0.8 0.48
0.02482 0.8 0.44
0.02483 0.8 0.44
0.02484 0.8 0.48
0.02485 0.8 0.44
0.02486 0.76 0.44
0.02487 0.8 0.44
0.02488 0.84 0.44
0.02489 0.84 0.44
0.0249 0.8 0.44
0.02491 0.84 0.48
0.02492 0.8 0.44
0.02493 0.84 0.44
0.02494 0.8 0.48
0.02495 0.84 0.48
0.02496 0.84 0.44
0.02497 0.8 0.44
0.02498 0.84 0.44
0.02499 0.84 0.48
0.025 0.84 0.48
0.02501 0.88 0.44
0.02502 0.84 0.44
0.02503 0.84 0.44
0.02504 0.88 0.48
0.02505 0.84 0.44
0.02506 0.88 0.44
0.02507 0.88 0.48
0.02508 0.88 0.44
0.02509 0.88 0.48
0.0251 0.88 0.48
0.02511 0.88 0.48
0.02512 0.92 0.44
0.02513 0.92 0.44
0.02514 0.88 0.4
0.02515 0.88 0.44
0.02516 0.88 0.48
0.02517 0.92 0.48
0.02518 0.88 0.44
0.02519 0.92 0.44
0.0252 0.92 0.44
0.02521 0.92 0.48
0.02522 0.92 0.48
0.02523 0.92 0.48
0.02524 0.92 0.48
0.02525 0.92 0.48
0.02526 0.92 0.44
0.02527 0.96 0.48
0.02528 0.92 0.48
0.02529 0.96 0.44
0.0253 0.92 0.44
0.02531 0.96 0.44
0.02532 0.92 0.44
0.02533 0.96 0.48
0.02534 0.92 0.44
0.02535 0.96 0.44
0.02536 0.96 0.44
0.02537 0.96 0.48
0.02538 0.96 0.44
0.02539 1 0.48
0.0254 1 0.4
0.02541 0.96 0.44
0.02542 0.96 0.44
0.02543 1 0.48
0.02544 1.04 0.44
0.02545 1 0.44
0.02546 1 0.44
0.02547 1 0.44
0.02548 1 0.48
0.02549 1 0.48
0.0255 1 0.48
0.02551 1 0.48
0.02552 1 0.44
0.02553 1 0.48
0.02554 1 0.48
0.02555 1.04 0.44
0.02556 1.04 0.44
0.02557 1.04 0.48
0.02558 1.04 0.44
0.02559 1 0.48
0.0256 1.04 0.44
0.02561 1.08 0.44
0.02562 1.04 0.44
0.02563 1.04 0.44
0.02564 1.08 0.48
0.02565 1.08 0.48
0.02566 1.04 0.44
0.02567 1.08 0.4
0.02568 1.04 0.44
0.02569 1.04 0.48
0.0257 1.08 0.48
0.02571 1.08 0.44
0.02572 1.08 0.44
0.02573 1.08 0.44
0.02574 1.08 0.44
0.02575 1.08 0.48
0.02576 1.08 0.48
0.02577 1.08 0.44
0.02578 1.08 0.44
0.02579 1.12 0.48
0.0258 1.12 0.44
0.02581 1.08 0.48
0.02582 1.08 0.44
0.02583 1.12 0.44
0.02584 1.12 0.44
0.02585 1.12 0.48
0.02586 1.12 0.48
0.02587 1.12 0.44
0.02588 1.12 0.4
0.02589 1.12 0.4
0.0259 1.12 0.44
0.02591 1.12 0.44
0.02592 1.16 0.44
0.02593 1.16 0.44
0.02594 1.16 0.48
0.02595 1.16 0.44
0.02596 1.16 0.48
0.02597 1.16 0.44
0.02598 1.16 0.48
0.02599 1.16 0.44
0.026 1.16 0.44
0.02601 1.16 0.48
0.02602 1.2 0.48
0.02603 1.2 0.44
0.02604 1.2 0.44
0.02605 1.16 0.44
0.02606 1.2 0.44
0.02607 1.2 0.48
0.02608 1.2 0.48
0.02609 1.24 0.44
0.0261 1.16 0.44
0.02611 1.16 0.4
0.02612 1.2 0.48
0.02613 1.24 0.44
0.02614 1.24 0.44
0.02615 1.2 0.44
0.02616 1.24 0.44
0.02617 1.2 0.48
0.02618 1.2 0.48
0.02619 1.24 0.44
0.0262 1.24 0.4
0.02621 1.24 0.48
0.02622 1.2 0.48
0.02623 1.24 0.48
0.02624 1.24 0.44
0.02625 1.24 0.44
0.02626 1.24 0.48
0.02627 1.24 0.48
0.02628 1.28 0.48
0.02629 1.24 0.44
0.0263 1.28 0.44
0.02631 1.28 0.44
0.02632 1.28 0.44
0.02633 1.28 0.48
0.02634 1.28 0.48
0.02635 1.32 0.44
0.02636 1.28 0.4
0.02637 1.32 0.44
0.02638 1.28 0.48
0.02639 1.28 0.48
0.0264 1.32 0.48
0.02641 1.28 0.4
0.02642 1.32 0.44
0.02643 1.32 0.44
0.02644 1.36 0.48
0.02645 1.32 0.48
0.02646 1.36 0.44
0.02647 1.28 0.44
0.02648 1.36 0.48
0.02649 1.32 0.48
0.0265 1.28 0.44
0.02651 1.36 0.44
0.02652 1.36 0.44
0.02653 1.36 0.44
0.02654 1.36 0.44
0.02655 1.36 0.44
0.02656 1.36 0.48
0.02657 1.36 0.44
0.02658 1.4 0.44
0.02659 1.36 0.48
0.0266 1.4 0.48
0.02661 1.4 0.44
0.02662 1.4 0.44
0.02663 1.4 0.4
0.02664 1.4 0.44
0.02665 1.4 0.44
0.02666 1.4 0.48
0.02667 1.4 0.48
0.02668 1.4 0.44
0.02669 1.4 0.48
0.0267 1.4 0.48
0.02671 1.4 0.48
0.02672 1.4 0.44
0.02673 1.4 0.44
0.02674 1.4 0.44
0.02675 1.4 0.48
0.02676 1.4 0.48
0.02677 1.4 0.44
0.02678 1.4 0.48
0.02679 1.4 0.44
0.0268 1.44 0.44
0.02681 1.4 0.44
0.02682 1.4 0.44
0.02683 1.4 0.44
0.02684 1.44 0.44
0.02685 1.44 0.44
0.02686 1.44 0.48
0.02687 1.44 0.48
0.02688 1.48 0.44
0.02689 1.44 0.4
0.0269 1.48 0.44
0.02691 1.48 0.48
0.02692 1.48 0.48
0.02693 1.48 0.44
0.02694 1.44 0.48
0.02695 1.48 0.44
0.02696 1.48 0.44
0.02697 1.48 0.48
0.02698 1.48 0.48
0.02699 1.48 0.48
0.027 1.48 0.48
0.02701 1.48 0.44
0.02702 1.48 0.44
0.02703 1.48 0.44
0.02704 1.52 0.48
0.02705 1.52 0.44
0.02706 1.52 0.44
0.02707 1.52 0.44
0.02708 1.52 0.44
0.02709 1.56 0.48
0.0271 1.52 0.4
0.02711 1.52 0.48
0.02712 1.56 0.44
0.02713 1.52 0.44
0.02714 1.56 0.44
0.02715 1.52 0.48
0.02716 1.56 0.44
0.02717 1.56 0.48
0.02718 1.56 0.48
0.02719 1.56 0.44
0.0272 1.56 0.48
0.02721 1.56 0.44
0.02722 1.56 0.44
0.02723 1.56 0.48
0.02724 1.56 0.48
0.02725 1.56 0.44
0.02726 1.6 0.4
0.02727 1.56 0.44
0.02728 1.6 0.44
0.02729 1.6 0.44
0.0273 1.6 0.48
0.02731 1.56 0.48
0.02732 1.6 0.44
0.02733 1.64 0.44
0.02734 1.6 0.48
0.02735 1.6 0.44
0.02736 1.6 0.44
0.02737 1.6 0.44
0.02738 1.6 0.4
0.02739 1.6 0.48
0.0274 1.64 0.48
0.02741 1.64 0.44
0.02742 1.6 0.44
0.02743 1.64 0.4
0.02744 1.64 0.48
0.02745 1.6 0.48
0.02746 1.64 0.44
0.02747 1.64 0.44
0.02748 1.64 0.44
0.02749 1.64 0.48
0.0275 1.64 0.48
0.02751 1.64 0.44
0.02752 1.64 0.44
0.02753 1.68 0.44
0.02754 1.64 0.48
0.02755 1.68 0.44
0.02756 1.68 0.44
0.02757 1.68 0.48
0.02758 1.68 0.48
0.02759 1.68 0.48
0.0276 1.68 0.44
0.02761 1.68 0.48
0.02762 1.68 0.48
0.02763 1.68 0.48
0.02764 1.68 0.44
0.02765 1.72 0.44
0.02766 1.72 0.48
0.02767 1.72 0.48
0.02768 1.68 0.44
0.02769 1.68 0.44
0.0277 1.72 0.4
0.02771 1.72 0.48
0.02772 1.72 0.44
0.02773 1.72 0.48
0.02774 1.72 0.44
0.02775 1.72 0.44
0.02776 1.72 0.48
0.02777 1.72 0.48
0.02778 1.76 0.48
0.02779 1.76 0.44
0.0278 1.72 0.44
0.02781 1.72 0.44
0.02782 1.72 0.52
0.02783 1.76 0.48
0.02784 1.72 0.48
0.02785 1.76 0.44
0.02786 1.8 0.44
0.02787 1.72 0.44
0.02788 1.76 0.44
0.02789 1.8 0.44
0.0279 1.76 0.48
0.02791 1.76 0.44
0.02792 1.76 0.44
0.02793 1.76 0.48
0.02794 1.8 0.48
0.02795 1.8 0.48
0.02796 1.8 0.44
0.02797 1.8 0.48
0.02798 1.84 0.44
0.02799 1.8 0.48
0.028 1.8 0.48
0.02801 1.8 0.48
0.02802 1.84 0.44
0.02803 1.84 0.44
0.02804 1.84 0.44
0.02805 1.8 0.44
0.02806 1.8 0.44
0.02807 1.8 0.44
0.02808 1.8 0.48
0.02809 1.84 0.48
0.0281 1.84 0.48
0.02811 1.84 0.44
0.02812 1.84 0.44
0.02813 1.84 0.44
0.02814 1.84 0.48
0.02815 1.88 0.48
0.02816 1.84 0.44
0.02817 1.84 0.44
0.02818 1.88 0.44
0.02819 1.88 0.44
0.0282 1.88 0.44
0.02821 1.88 0.44
0.02822 1.88 0.44
0.02823 1.88 0.44
0.02824 1.88 0.44
0.02825 1.88 0.48
0.02826 1.88 0.48
0.02827 1.88 0.48
0.02828 1.92 0.4
0.02829 1.92 0.44
0.0283 1.92 0.48
0.02831 1.92 0.44
0.02832 1.88 0.44
0.02833 1.92 0.48
0.02834 1.92 0.44
0.02835 1.92 0.48
0.02836 1.92 0.48
0.02837 1.92 0.48
0.02838 1.96 0.48
0.02839 1.92 0.4
0.0284 1.96 0.44
0.02841 1.96 0.48
0.02842 1.96 0.44
0.02843 1.92 0.44
0.02844 1.96 0.44
0.02845 1.96 0.4
0.02846 2 0.48
0.02847 2 0.52
0.02848 1.96 0.44
0.02849 2 0.4
0.0285 2 0.44
0.02851 2 0.48
0.02852 2 0.44
0.02853 2 0.48
0.02854 1.96 0.48
0.02855 1.96 0.44
0.02856 2 0.44
0.02857 2.04 0.44
0.02858 2 0.44
0.02859 2.04 0.44
0.0286 2.04 0.44
0.02861 2.04 0.48
0.02862 2.04 0.44
0.02863 2 0.48
0.02864 2.04 0.48
0.02865 2.04 0.4
0.02866 2.04 0.4
0.02867 2.04 0.48
0.02868 2.04 0.48
0.02869 2.04 0.44
0.0287 2.04 0.44
0.02871 2.04 0.44
0.02872 2.04 0.48
0.02873 2.04 0.44
0.02874 2.08 0.48
0.02875 2.04 0.44
0.02876 2.08 0.44
0.02877 2.08 0.48
0.02878 2.08 0.48
0.02879 2.08 0.44
0.0288 2.08 0.44
0.02881 2.08 0.44
0.02882 2.08 0.4
0.02883 2.08 0.48
0.02884 2.08 0.44
0.02885 2.12 0.44
0.02886 2.08 0.48
0.02887 2.12 0.44
0.02888 2.12 0.44
0.02889 2.12 0.48
0.0289 2.12 0.44
0.02891 2.12 0.44
0.02892 2.12 0.44
0.02893 2.12 0.44
0.02894 2.08 0.48
0.02895 2.12 0.48
0.02896 2.16 0.48
0.02897 2.12 0.44
0.02898 2.16 0.44
0.02899 2.12 0.48
0.029 2.12 0.52
0.02901 2.12 0.44
0.02902 2.16 0.44
0.02903 2.16 0.48
0.02904 2.16 0.44
0.02905 2.16 0.48
0.02906 2.16 0.44
0.02907 2.2 0.44
0.02908 2.16 0.44
0.02909 2.16 0.44
0.0291 2.16 0.44
0.02911 2.2 0.48
0.02912 2.16 0.48
0.02913 2.16 0.44
0.02914 2.2 0.44
0.02915 2.2 0.48
0.02916 2.2 0.44
0.02917 2.2 0.48
0.02918 2.2 0.44
0.02919 2.2 0.44
0.0292 2.24 0.44
0.02921 2.2 0.48
0.02922 2.2 0.48
0.02923 2.24 0.4
0.02924 2.2 0.44
0.02925 2.2 0.44
0.02926 2.24 0.52
0.02927 2.24 0.48
0.02928 2.24 0.44
0.02929 2.2 0.44
0.0293 2.24 0.44
0.02931 2.2 0.44
0.02932 2.24 0.44
0.02933 2.24 0.4
0.02934 2.28 0.44
0.02935 2.24 0.44
0.02936 2.24 0.44
0.02937 2.24 0.48
0.02938 2.24 0.48
0.02939 2.28 0.48
0.0294 2.28 0.4
0.02941 2.28 0.44
0.02942 2.28 0.44
0.02943 2.28 0.48
0.02944 2.28 0.44
0.02945 2.28 0.4
0.02946 2.28 0.44
0.02947 2.28 0.48
0.02948 2.28 0.48
0.02949 2.28 0.44
0.0295 2.28 0.44
0.02951 2.28 0.44
0.02952 2.28 0.48
0.02953 2.32 0.48
0.02954 2.32 0.48
0.02955 2.28 0.44
0.02956 2.32 0.44
0.02957 2.32 0.44
0.02958 2.36 0.48
0.02959 2.36 0.48
0.0296 2.36 0.44
0.02961 2.36 0.44
0.02962 2.32 0.44
0.02963 2.36 0.48
0.02964 2.36 0.48
0.02965 2.36 0.48
0.02966 2.36 0.44
0.02967 2.36 0.48
0.02968 2.36 0.44
0.02969 2.36 0.44
0.0297 2.36 0.48
0.02971 2.36 0.4
0.02972 2.36 0.4
0.02973 2.36 0.44
0.02974 2.36 0.48
0.02975 2.4 0.48
0.02976 2.36 0.44
0.02977 2.36 0.44
0.02978 2.4 0.44
0.02979 2.4 0.48
0.0298 2.4 0.48
0.02981 2.4 0.44
0.02982 2.4 0.48
0.02983 2.4 0.44
0.02984 2.4 0.48
0.02985 2.4 0.48
0.02986 2.4 0.44
0.02987 2.4 0.44
0.02988 2.4 0.44
0.02989 2.4 0.48
0.0299 2.44 0.48
0.02991 2.44 0.48
0.02992 2.44 0.44
0.02993 2.44 0.44
0.02994 2.44 0.48
0.02995 2.4 0.48
0.02996 2.44 0.48
0.02997 2.48 0.48
0.02998 2.44 0.44
0.02999 2.44 0.44
0.03 2.48 0.44
0.03001 2.48 0.48
0.03002 2.48 0.48
0.03003 2.48 0.44
0.03004 2.48 0.44
0.03005 2.48 0.44
0.03006 2.48 0.48
0.03007 2.48 0.44
0.03008 2.48 0.44
0.03009 2.48 0.44
0.0301 2.48 0.44
0.03011 2.48 0.44
0.03012 2.52 0.44
0.03013 2.52 0.44
0.03014 2.52 0.44
0.03015 2.52 0.48
0.03016 2.48 0.44
0.03017 2.52 0.44
0.03018 2.52 0.44
0.03019 2.52 0.44
0.0302 2.56 0.48
0.03021 2.52 0.4
0.03022 2.56 0.48
0.03023 2.56 0.48
0.03024 2.52 0.44
0.03025 2.52 0.4
0.03026 2.36 0.44
0.03027 0 0.48
0.03028 0 0.44
0.03029 -0.08 0.44
0.0303 0 0.48
0.03031 0 0.44
0.03032 0 0.48
0.03033 0 0.48
0.03034 0.04 0.44
0.03035 0 0.44
0.03036 0 0.48
0.03037 0 0.44
0.03038 0.04 0.44
0.03039 0.04 0.48
0.0304 0.04 0.44
0.03041 0.04 0.44
0.03042 0.08 0.44
0.03043 0.08 0.48
0.03044 0.04 0.48
0.03045 0.08 0.4
0.03046 0.04 0.44
0.03047 0.04 0.48
0.03048 0.08 0.48
0.03049 0.08 0.48
0.0305 0.08 0.48
0.03051 0.08 0.44
0.03052 0.08 0.44
0.03053 0.08 0.48
0.03054 0.12 0.48
0.03055 0.08 0.44
0.03056 0.08 0.4
0.03057 0.12 0.44
0.03058 0.12 0.44
0.03059 0.12 0.48
0.0306 0.12 0.44
0.03061 0.08 0.44
0.03062 0.12 0.4
0.03063 0.12 0.44
0.03064 0.12 0.48
0.03065 0.16 0.48
0.03066 0.12 0.44
0.03067 0.12 0.44
0.03068 0.12 0.44
0.03069 0.16 0.48
0.0307 0.12 0.48
0.03071 0.16 0.44
0.03072 0.12 0.44
0.03073 0.16 0.48
0.03074 0.16 0.44
0.03075 0.16 0.44
0.03076 0.16 0.48
0.03077 0.16 0.44
0.03078 0.16 0.4
0.03079 0.16 0.44
0.0308 0.2 0.44
0.03081 0.2 0.44
0.03082 0.2 0.44
0.03083 0.2 0.44
0.03084 0.16 0.44
0.03085 0.2 0.44
0.03086 0.2 0.48
0.03087 0.16 0.44
0.03088 0.2 0.44
0.03089 0.2 0.44
0.0309 0.2 0.44
0.03091 0.2 0.48
0.03092 0.24 0.44
0.03093 0.2 0.4
0.03094 0.2 0.4
0.03095 0.24 0.44
0.03096 0.2 0.48
0.03097 0.24 0.48
0.03098 0.24 0.44
0.03099 0.24 0.4
0.031 0.24 0.44
0.03101 0.24 0.48
0.03102 0.28 0.44
0.03103 0.24 0.48
0.03104 0.24 0.44
0.03105 0.28 0.44
0.03106 0.28 0.44
0.03107 0.28 0.48
0.03108 0.24 0.48
0.03109 0.28 0.44
0.0311 0.28 0.44
0.03111 0.28 0.44
0.03112 0.28 4.48
0.03113 0.32 0.44
0.03114 0.28 0.44
0.03115 0.28 0.44
0.03116 0.32 0.44
0.03117 0.28 0.44
0.03118 0.32 0.44
0.03119 0.32 0.44
0.0312 0.32 0.44
0.03121 0.32 0.4
0.03122 0.32 0.44
0.03123 0.32 0.44
0.03124 0.32 0.48
0.03125 0.36 0.44
0.03126 0.36 0.4
0.03127 0.32 0.4
0.03128 0.32 0.48
0.03129 0.32 0.48
0.0313 0.36 0.44
0.03131 0.36 0.4
0.03132 0.36 0.44
0.03133 0.36 0.44
0.03134 0.36 0.48
0.03135 0.36 0.44
0.03136 0.36 0.48
0.03137 0.36 0.4
0.03138 0.4 0.44
0.03139 0.4 0.48
0.0314 0.36 0.44
0.03141 0.36 0.44
0.03142 0.4 0.48
0.03143 0.4 0.44
0.03144 0.4 0.48
0.03145 0.4 0.48
0.03146 0.4 0.44
0.03147 0.4 0.4
0.03148 0.36 0.44
0.03149 0.4 0.48
0.0315 0.44 0.48
0.03151 0.44 0.44
0.03152 0.4 0.44
0.03153 0.44 0.4
0.03154 0.44 0.44
0.03155 0.44 0.48
0.03156 0.44 0.48
0.03157 0.44 0.44
0.03158 0.44 0.48
0.03159 0.44 0.44
0.0316 0.44 0.44
0.03161 0.48 0.48
0.03162 0.44 0.44
0.03163 0.48 0.44
0.03164 0.44 0.44
0.03165 0.44 0.44
0.03166 0.48 0.48
0.03167 0.48 0.44
0.03168 0.48 0.4
0.03169 0.48 0.44
0.0317 0.48 0.44
0.03171 0.52 0.48
0.03172 0.48 0.44
0.03173 0.52 0.48
0.03174 0.48 0.44
0.03175 0.48 0.44
0.03176 0.52 0.44
0.03177 0.48 0.44
0.03178 0.52 0.44
0.03179 0.52 0.44
0.0318 0.52 0.44
0.03181 0.48 0.44
0.03182 0.52 0.48
0.03183 0.52 0.44
0.03184 0.52 0.4
0.03185 0.56 0.44
0.03186 0.52 0.44
0.03187 0.52 0.48
0.03188 0.56 0.44
0.03189 0.56 0.4
0.0319 0.52 0.4
0.03191 0.56 0.48
0.03192 0.52 0.44
0.03193 0.56 0.48
0.03194 0.6 0.48
0.03195 0.56 0.44
0.03196 0.6 0.48
0.03197 0.56 0.48
0.03198 0.56 0.44
0.03199 0.6 0.44
0.032 0.56 0.44
0.03201 0.6 0.44
0.03202 0.6 0.48
0.03203 0.6 0.44
0.03204 0.6 0.44
0.03205 0.6 0.4
0.03206 0.6 0.4
0.03207 0.6 0.48
0.03208 0.6 0.44
0.03209 0.6 0.48
0.0321 0.6 0.48
0.03211 0.6 0.44
0.03212 0.64 0.48
0.03213 0.64 0.44
0.03214 0.64 0.48
0.03215 0.64 0.44
0.03216 0.64 0.4
0.03217 0.64 0.44
0.03218 0.64 0.44
0.03219 0.64 0.48
0.0322 0.64 0.48
0.03221 0.64 0.44
0.03222 0.64 0.4
0.03223 0.64 0.48
0.03224 0.68 0.48
0.03225 0.68 0.48
0.03226 0.68 0.44
0.03227 0.68 0.44
0.03228 0.68 0.4
0.03229 0.68 0.44
0.0323 0.68 0.44
0.03231 0.68 0.48
0.03232 0.68 0.44
0.03233 0.68 0.4
0.03234 0.72 0.44
0.03235 0.72 0.48
0.03236 0.68 0.44
0.03237 0.72 0.44
0.03238 0.72 0.44
0.03239 0.68 0.4
0.0324 0.72 0.48
0.03241 0.68 0.44
0.03242 0.76 0.44
0.03243 0.76 0.44
0.03244 0.72 0.44
0.03245 0.72 0.44
0.03246 0.76 0.44
0.03247 0.76 0.44
0.03248 0.76 0.4
0.03249 0.76 0.44
0.0325 0.76 0.44
0.03251 0.76 0.48
0.03252 0.76 0.44
0.03253 0.76 0.44
0.03254 0.76 0.4
0.03255 0.76 0.44
0.03256 0.8 0.48
0.03257 0.76 0.44
0.03258 0.8 0.44
0.03259 0.76 0.44
0.0326 0.8 0.44
0.03261 0.8 0.48
0.03262 0.8 0.48
0.03263 0.76 0.44
0.03264 0.8 0.44
0.03265 0.8 0.44
0.03266 0.8 0.44
0.03267 0.8 0.44
0.03268 0.8 0.48
0.03269 0.84 0.44
0.0327 0.84 0.44
0.03271 0.84 0.44
0.03272 0.8 0.44
0.03273 0.84 0.48
0.03274 0.8 0.44
0.03275 0.84 0.44
0.03276 0.84 0.48
0.03277 0.84 0.44
0.03278 0.84 0.48
0.03279 0.84 0.48
0.0328 0.88 0.44
0.03281 0.84 0.44
0.03282 0.84 0.44
0.03283 0.88 0.44
0.03284 0.84 0.44
0.03285 0.84 0.4
0.03286 0.88 0.44
0.03287 0.88 0.48
0.03288 0.88 0.44
0.03289 0.88 0.48
0.0329 0.88 0.44
0.03291 0.92 0.44
0.03292 0.92 0.44
0.03293 0.92 0.48
0.03294 0.88 0.48
0.03295 0.92 0.44
0.03296 0.92 0.44
0.03297 0.88 0.44
0.03298 0.92 0.44
0.03299 0.92 0.44
0.033 0.92 0.48
0.03301 0.92 0.44
0.03302 0.92 0.48
0.03303 0.92 0.44
0.03304 0.92 0.48
0.03305 0.92 0.44
0.03306 0.92 0.44
0.03307 0.92 0.4
0.03308 0.96 0.48
0.03309 0.92 0.44
0.0331 0.92 0.44
0.03311 0.96 0.44
0.03312 0.96 0.44
0.03313 0.96 0.4
0.03314 0.96 0.44
0.03315 0.96 0.48
0.03316 0.96 0.44
0.03317 0.96 0.44
0.03318 0.96 0.4
0.03319 0.96 0.44
0.0332 0.96 0.48
0.03321 0.96 0.44
0.03322 0.96 0.44
0.03323 1 0.4
0.03324 1 0.44
0.03325 1 0.48
0.03326 1 0.44
0.03327 1 0.4
0.03328 1 0.4
0.03329 1.04 0.48
0.0333 1 0.44
0.03331 1 0.48
0.03332 1 0.44
0.03333 1.04 0.44
0.03334 1 0.44
0.03335 1.04 0.44
0.03336 1.04 0.48
0.03337 1 0.48
0.03338 1.04 0.48
0.03339 1.04 0.4
0.0334 1.04 0.48
0.03341 1.04 0.44
0.03342 1.04 0.44
0.03343 1.04 0.44
0.03344 1.08 0.48
0.03345 1.04 0.44
0.03346 1.08 0.48
0.03347 1.08 0.48
0.03348 1.08 0.48
0.03349 1.08 0.44
0.0335 1.08 0.44
0.03351 1.08 0.44
0.03352 1.08 0.44
0.03353 1.08 0.44
0.03354 1.08 0.48
0.03355 1.08 0.4
0.03356 1.12 0.48
0.03357 1.08 0.48
0.03358 1.08 0.48
0.03359 1.08 0.44
0.0336 1.08 0.44
0.03361 1.08 0.44
0.03362 1.12 0.44
0.03363 1.12 0.44
0.03364 1.12 0.44
0.03365 1.12 0.44
0.03366 1.12 0.44
0.03367 1.12 0.44
0.03368 1.12 0.44
0.03369 1.12 0.44
0.0337 1.12 0.44
0.03371 1.16 0.44
0.03372 1.12 0.44
0.03373 1.16 0.44
0.03374 1.16 0.48
0.03375 1.16 0.48
0.03376 1.16 0.4
0.03377 1.16 0.44
0.03378 1.16 0.48
0.03379 1.16 0.48
0.0338 1.16 0.44
0.03381 1.2 0.44
0.03382 1.16 0.4
0.03383 1.16 0.48
0.03384 1.2 0.48
0.03385 1.16 0.44
0.03386 1.2 0.48
0.03387 1.16 0.44
0.03388 1.2 0.44
0.03389 1.2 0.48
0.0339 1.2 0.48
0.03391 1.24 0.44
0.03392 1.2 0.44
0.03393 1.2 0.48
0.03394 1.2 0.44
0.03395 1.24 0.44
0.03396 1.24 0.44
0.03397 1.24 0.44
0.03398 1.24 0.44
0.03399 1.24 0.44
0.034 1.24 0.48
0.03401 1.24 0.44
0.03402 1.24 0.44
0.03403 1.24 0.44
0.03404 1.2 0.44
0.03405 1.24 0.44
0.03406 1.24 0.48
0.03407 1.28 0.44
0.03408 1.28 0.44
0.03409 1.24 0.44
0.0341 1.28 0.48
0.03411 1.28 0.44
0.03412 1.28 0.44
0.03413 1.28 0.4
0.03414 1.28 0.44
0.03415 1.28 0.48
0.03416 1.28 0.48
0.03417 1.28 0.48
0.03418 1.32 0.44
0.03419 1.28 0.44
0.0342 1.32 0.44
0.03421 1.28 0.44
0.03422 1.32 0.48
0.03423 1.32 0.44
0.03424 1.32 0.44
0.03425 1.32 0.44
0.03426 1.32 0.44
0.03427 1.36 0.48
0.03428 1.32 0.44
0.03429 1.32 0.44
0.0343 1.32 0.4
0.03431 1.36 0.48
0.03432 1.36 0.48
0.03433 1.36 0.48
0.03434 1.36 0.48
0.03435 1.36 0.44
0.03436 1.4 0.44
0.03437 1.36 0.44
0.03438 1.36 0.48
0.03439 1.36 0.44
0.0344 1.4 0.44
0.03441 1.36 0.44
0.03442 1.4 0.48
0.03443 1.36 0.48
0.03444 1.4 0.44
0.03445 1.4 0.44
0.03446 1.4 0.44
0.03447 1.4 0.48
0.03448 1.4 0.48
0.03449 1.4 0.48
0.0345 1.4 0.44
0.03451 1.4 0.44
0.03452 1.4 0.44
0.03453 1.4 0.48
0.03454 1.44 0.48
0.03455 1.44 0.44
0.03456 1.4 0.44
0.03457 1.44 0.44
0.03458 1.4 0.48
0.03459 1.4 0.44
0.0346 1.44 0.44
0.03461 1.44 0.44
0.03462 1.44 0.44
0.03463 1.44 0.48
0.03464 1.44 0.48
0.03465 1.44 0.44
0.03466 1.48 0.4
0.03467 1.44 0.44
0.03468 1.48 0.44
0.03469 1.44 0.44
0.0347 1.48 0.48
0.03471 1.48 0.44
0.03472 1.48 0.44
0.03473 1.48 0.48
0.03474 1.44 0.48
0.03475 1.48 0.44
0.03476 1.48 0.44
0.03477 1.48 0.44
0.03478 1.48 0.44
0.03479 1.48 0.48
0.0348 1.48 0.48
0.03481 1.52 0.44
0.03482 1.48 0.4
0.03483 1.52 0.44
0.03484 1.52 0.48
0.03485 1.52 0.48
0.03486 1.52 0.48
0.03487 1.52 0.48
0.03488 1.52 0.44
0.03489 1.52 0.44
0.0349 1.56 0.48
0.03491 1.52 0.44
0.03492 1.56 0.44
0.03493 1.56 0.44
0.03494 1.56 0.44
0.03495 1.52 0.44
0.03496 1.52 0.44
0.03497 1.56 0.48
0.03498 1.56 0.44
0.03499 1.56 0.44
0.035 1.56 0.44
0.03501 1.56 0.44
0.03502 1.56 0.48
0.03503 1.56 0.44
0.03504 1.56 0.48
0.03505 1.56 0.48
0.03506 1.56 0.44
0.03507 1.56 0.48
0.03508 1.6 0.48
0.03509 1.56 0.4
0.0351 1.6 0.44
0.03511 1.6 0.44
0.03512 1.6 0.44
0.03513 1.6 0.44
0.03514 1.6 0.4
0.03515 1.6 0.44
0.03516 1.6 0.48
0.03517 1.6 0.48
0.03518 1.6 0.48
0.03519 1.6 0.44
0.0352 1.6 0.4
0.03521 1.64 0.44
0.03522 1.6 0.48
0.03523 1.6 0.44
0.03524 1.64 0.44
0.03525 1.64 0.44
0.03526 1.64 0.44
0.03527 1.64 0.44
0.03528 1.64 0.48
0.03529 1.64 0.48
0.0353 1.64 0.44
0.03531 1.68 0.44
0.03532 1.68 0.48
0.03533 1.68 0.48
0.03534 1.64 0.48
0.03535 1.68 0.44
0.03536 1.68 0.44
0.03537 1.64 0.44
0.03538 1.72 0.48
0.03539 1.68 0.44
0.0354 1.72 0.44
0.03541 1.68 0.44
0.03542 1.68 0.4
0.03543 1.72 0.44
0.03544 1.68 0.48
0.03545 1.68 0.44
0.03546 1.72 0.48
0.03547 1.72 0.44
0.03548 1.72 0.48
0.03549 1.72 0.48
0.0355 1.72 0.48
0.03551 1.72 0.44
0.03552 1.72 0.4
0.03553 1.72 0.4
0.03554 1.72 0.48
0.03555 1.72 0.44
0.03556 1.72 0.4
0.03557 1.72 0.44
0.03558 1.76 0.48
0.03559 1.72 0.44
0.0356 1.72 0.48
0.03561 1.76 0.48
0.03562 1.76 0.44
0.03563 1.72 0.44
0.03564 1.76 0.48
0.03565 1.76 0.48
0.03566 1.76 0.48
0.03567 1.76 0.44
0.03568 1.76 0.44
0.03569 1.76 0.44
0.0357 1.76 0.48
0.03571 1.76 0.48
0.03572 1.8 0.4
0.03573 1.8 0.48
0.03574 1.8 0.48
0.03575 1.76 0.48
0.03576 1.8 0.48
0.03577 1.84 0.48
0.03578 1.8 0.44
0.03579 1.8 0.44
0.0358 1.8 0.48
0.03581 1.8 0.44
0.03582 1.8 0.48
0.03583 1.8 0.44
0.03584 1.8 0.44
0.03585 1.84 0.4
0.03586 1.84 0.48
0.03587 1.8 0.48
0.03588 1.84 0.4
0.03589 1.84 0.44
0.0359 1.84 0.44
0.03591 1.84 0.44
0.03592 1.84 0.48
0.03593 1.88 0.48
0.03594 1.88 0.44
0.03595 1.84 0.44
0.03596 1.88 0.48
0.03597 1.88 0.48
0.03598 1.88 0.48
0.03599 1.88 0.44
0.036 1.88 0.44
0.03601 1.88 0.44
0.03602 1.88 0.48
0.03603 1.88 0.48
0.03604 1.88 0.4
0.03605 1.88 0.44
0.03606 1.88 0.44
0.03607 1.92 0.44
0.03608 1.88 0.48
0.03609 1.92 0.44
0.0361 1.92 0.44
0.03611 1.92 0.48
0.03612 1.92 0.44
0.03613 1.92 0.44
0.03614 1.96 0.48
0.03615 1.92 0.44
0.03616 1.92 0.44
0.03617 1.96 0.44
0.03618 1.92 0.48
0.03619 1.96 0.48
0.0362 1.92 0.44
0.03621 1.92 0.44
0.03622 1.92 0.48
0.03623 1.96 0.48
0.03624 1.96 0.44
0.03625 1.96 0.4
0.03626 1.96 0.44
0.03627 1.96 0.4
0.03628 1.96 0.48
0.03629 2 0.48
0.0363 2 0.48
0.03631 2 0.48
0.03632 1.96 0.4
0.03633 2 0.44
0.03634 2 0.44
0.03635 2 0.48
0.03636 2 0.44
0.03637 2 0.44
0.03638 2 0.44
0.03639 2.04 0.48
0.0364 2.04 0.44
0.03641 2.04 0.44
0.03642 2.04 0.44
0.03643 2.04 0.44
0.03644 2 0.48
0.03645 2.04 0.44
0.03646 2.04 0.44
0.03647 2.04 0.44
0.03648 2.04 0.44
0.03649 2.04 0.48
0.0365 2.04 0.48
0.03651 2.04 0.44
0.03652 2.04 0.48
0.03653 2.08 0.44
0.03654 2.04 0.44
0.03655 2.08 0.48
0.03656 2.04 0.48
0.03657 2.08 0.48
0.03658 2.08 0.44
0.03659 2.08 0.4
0.0366 2.08 0.48
0.03661 2.12 0.48
0.03662 2.08 0.44
0.03663 2.08 0.44
0.03664 2.08 0.48
0.03665 2.08 0.44
0.03666 2.12 0.44
0.03667 2.12 0.48
0.03668 2.08 0.4
0.03669 2.08 0.4
0.0367 2.08 0.44
0.03671 2.12 0.48
0.03672 2.12 0.44
0.03673 2.12 0.48
0.03674 2.12 0.44
0.03675 2.12 0.44
0.03676 2.12 0.48
0.03677 2.12 0.48
0.03678 2.16 0.48
0.03679 2.12 0.4
0.0368 2.12 0.44
0.03681 2.12 0.48
0.03682 2.16 0.44
0.03683 2.16 0.48
0.03684 2.16 0.44
0.03685 2.16 0.44
0.03686 2.16 0.44
0.03687 2.16 0.44
0.03688 2.16 0.48
0.03689 2.16 0.44
0.0369 2.16 0.48
0.03691 2.16 0.44
0.03692 2.16 0.48
0.03693 2.16 0.44
0.03694 2.2 0.4
0.03695 2.2 0.44
0.03696 2.2 0.44
0.03697 2.2 0.44
0.03698 2.2 0.44
0.03699 2.2 0.48
0.037 2.2 0.48
0.03701 2.2 0.44
0.03702 2.2 0.44
0.03703 2.2 0.44
0.03704 2.2 0.44
0.03705 2.2 0.48
0.03706 2.2 0.44
0.03707 2.24 0.44
0.03708 2.2 0.44
0.03709 2.2 0.48
0.0371 2.2 0.44
0.03711 2.24 0.44
0.03712 2.24 0.44
0.03713 2.24 0.48
0.03714 2.24 0.44
0.03715 2.24 0.44
0.03716 2.24 0.4
0.03717 2.24 0.44
0.03718 2.24 0.4
0.03719 2.28 0.48
0.0372 2.28 0.44
0.03721 2.24 0.44
0.03722 2.28 0.44
0.03723 2.28 0.48
0.03724 2.28 0.48
0.03725 2.28 0.48
0.03726 2.28 0.48
0.03727 2.28 0.44
0.03728 2.28 0.44
0.03729 2.28 0.48
0.0373 2.32 0.44
0.03731 2.28 0.44
0.03732 2.32 0.44
0.03733 2.28 0.44
0.03734 2.32 0.44
0.03735 2.32 0.44
0.03736 2.32 0.48
0.03737 2.32 0.44
0.03738 2.32 0.4
0.03739 2.32 0.44
0.0374 2.36 0.48
0.03741 2.32 0.48
0.03742 2.32 0.44
0.03743 2.32 0.44
0.03744 2.36 0.44
0.03745 2.32 0.44
0.03746 2.36 0.52
0.03747 2.36 0.48
0.03748 2.36 0.44
0.03749 2.36 0.44
0.0375 2.36 0.44
0.03751 2.36 0.44
0.03752 2.36 0.48
0.03753 2.36 0.44
0.03754 2.36 0.48
0.03755 2.36 0.44
0.03756 2.4 0.44
0.03757 2.4 0.44
0.03758 2.4 0.48
0.03759 2.36 0.44
0.0376 2.4 0.4
0.03761 2.4 0.4
0.03762 2.4 0.48
0.03763 2.4 0.44
0.03764 2.4 0.4
0.03765 2.4 0.44
0.03766 2.4 0.48
0.03767 2.4 0.48
0.03768 2.4 0.44
0.03769 2.4 0.44
0.0377 2.4 0.48
0.03771 2.44 0.44
0.03772 2.44 0.48
0.03773 2.44 0.44
0.03774 2.44 0.44
0.03775 2.44 0.48
0.03776 2.44 0.44
0.03777 2.44 0.44
0.03778 2.44 0.44
0.03779 2.4 0.48
0.0378 2.48 0.44
0.03781 2.44 0.44
0.03782 2.44 0.4
0.03783 2.48 0.48
0.03784 2.48 0.48
0.03785 2.48 0.44
0.03786 2.48 0.44
0.03787 2.48 0.44
0.03788 2.44 0.4
0.03789 2.48 0.44
0.0379 2.48 0.48
0.03791 2.48 0.44
0.03792 2.52 0.44
0.03793 2.48 0.48
0.03794 2.52 0.44
0.03795 2.48 0.4
0.03796 2.48 0.44
0.03797 2.52 0.44
0.03798 2.48 0.44
0.03799 2.52 0.48
0.038 2.52 0.44
0.03801 2.52 0.44
0.03802 2.56 0.48
0.03803 2.52 0.44
0.03804 2.52 0.48
0.03805 2.52 0.48
0.03806 2.52 0.48
0.03807 2.56 0.44
0.03808 0 0.44
0.03809 0 0.44
0.0381 0 0.44
0.03811 0 0.48
0.03812 0 0.44
0.03813 0 0.44
0.03814 0 0.48
0.03815 0 0.48
0.03816 -0.08 0.48
0.03817 0.04 0.44
0.03818 0 0.4
0.03819 0.04 0.48
0.0382 0 0.48
0.03821 0.04 0.48
0.03822 0.04 0.48
0.03823 0.04 0.48
0.03824 0.04 0.48
0.03825 0.04 0.48
0.03826 0.08 0.48
0.03827 0.08 0.44
0.03828 0.04 0.44
0.03829 0.08 0.44
0.0383 0.08 0.44
0.03831 0.04 0.48
0.03832 0.04 0.48
0.03833 0.08 0.44
0.03834 0.08 0.44
0.03835 0.08 0.48
0.03836 0.08 0.48
0.03837 0.12 0.48
0.03838 0.12 0.48
0.03839 0.12 0.44
0.0384 0.12 0.44
0.03841 0.12 0.44
0.03842 0.12 0.48
0.03843 0.12 0.48
0.03844 0.12 0.48
0.03845 0.12 0.44
0.03846 0.12 0.48
0.03847 0.12 0.44
0.03848 0.12 0.48
0.03849 0.12 0.48
0.0385 0.12 0.44
0.03851 0.16 0.48
0.03852 0.16 0.48
0.03853 0.16 0.44
0.03854 0.16 0.48
0.03855 0.16 0.44
0.03856 0.16 0.48
0.03857 0.12 0.48
0.03858 0.16 0.48
0.03859 0.16 0.44
0.0386 0.16 0.44
0.03861 0.2 0.48
0.03862 0.16 0.48
0.03863 0.16 0.44
0.03864 0.2 0.44
0.03865 0.16 0.48
0.03866 0.2 0.44
0.03867 0.2 0.44
0.03868 0.2 0.48
0.03869 0.2 0.48
0.0387 0.2 0.44
0.03871 0.2 0.4
0.03872 0.2 0.48
0.03873 0.24 0.48
0.03874 0.24 0.44
0.03875 0.2 0.44
0.03876 0.24 0.48
0.03877 0.24 0.4
0.03878 0.24 0.48
0.03879 0.24 0.44
0.0388 0.24 0.48
0.03881 0.24 0.48
0.03882 0.24 0.48
0.03883 0.24 0.44
0.03884 0.28 0.44
0.03885 0.28 0.48
0.03886 0.28 0.44
0.03887 0.28 0.44
0.03888 0.28 0.44
0.03889 0.28 0.52
0.0389 0.28 0.48
0.03891 0.28 0.48
0.03892 0.28 0.44
0.03893 0.28 4.4
0.03894 0.28 4.48
0.03895 0.28 0.48
0.03896 0.28 0.48
0.03897 0.28 0.44
0.03898 0.28 0.48
0.03899 0.32 0.44
0.039 0.28 0.44
0.03901 0.32 0.48
0.03902 0.28 0.48
0.03903 0.32 0.44
0.03904 0.32 0.44
0.03905 0.32 0.48
0.03906 0.32 0.44
0.03907 0.32 0.48
0.03908 0.32 0.44
0.03909 0.36 0.44
0.0391 0.36 0.44
0.03911 0.32 0.44
0.03912 0.36 0.48
0.03913 0.32 0.48
0.03914 0.32 0.44
0.03915 0.36 0.44
0.03916 0.36 0.48
0.03917 0.36 0.48
0.03918 0.36 0.44
0.03919 0.36 0.44
0.0392 0.36 0.44
0.03921 0.36 0.48
0.03922 0.36 0.48
0.03923 0.36 0.44
0.03924 0.36 0.44
0.03925 0.4 0.44
0.03926 0.36 0.48
0.03927 0.4 0.48
0.03928 0.4 0.44
0.03929 0.4 0.44
0.0393 0.44 0.44
0.03931 0.44 0.44
0.03932 0.44 0.48
0.03933 0.4 0.44
0.03934 0.44 0.48
0.03935 0.44 0.44
0.03936 0.44 0.44
0.03937 0.44 0.44
0.03938 0.44 0.48
0.03939 0.44 0.48
0.0394 0.44 0.4
0.03941 0.44 0.44
0.03942 0.44 0.48
0.03943 0.44 0.48
0.03944 0.44 0.48
0.03945 0.44 0.44
0.03946 0.44 0.44
0.03947 0.44 0.44
0.03948 0.48 0.44
0.03949 0.44 0.48
0.0395 0.44 0.48
0.03951 0.48 0.48
0.03952 0.48 0.48
0.03953 0.48 0.48
0.03954 0.48 0.48
0.03955 0.48 0.44
0.03956 0.48 0.44
0.03957 0.48 0.44
0.03958 0.48 0.44
0.03959 0.48 0.48
0.0396 0.48 0.44
0.03961 0.48 0.44
0.03962 0.52 0.48
0.03963 0.48 0.44
0.03964 0.52 0.44
0.03965 0.52 0.48
0.03966 0.52 0.48
0.03967 0.52 0.48
0.03968 0.52 0.44
0.03969 0.52 0.48
0.0397 0.52 0.48
0.03971 0.52 0.48
0.03972 0.52 0.44
0.03973 0.52 0.4
0.03974 0.52 0.44
0.03975 0.56 0.48
0.03976 0.56 0.44
0.03977 0.56 0.44
0.03978 0.56 0.44
0.03979 0.56 0.44
0.0398 0.6 0.44
0.03981 0.56 0.48
0.03982 0.56 0.44
0.03983 0.6 0.44
0.03984 0.56 0.44
0.03985 0.6 0.44
0.03986 0.6 0.44
0.03987 0.6 0.44
0.03988 0.6 0.44
0.03989 0.6 0.48
0.0399 0.6 0.48
0.03991 0.6 0.44
0.03992 0.6 0.48
0.03993 0.6 0.44
0.03994 0.6 0.44
0.03995 0.6 0.48
0.03996 0.64 0.44
0.03997 0.6 0.44
0.03998 0.64 0.48
0.03999 0.64 0.44
