0 1.64 0.48
1e-05 1.64 0.48
2e-05 1.36 0.44
3e-05 1.36 0.44
4e-05 1.36 0.48
5e-05 1.32 0.48
6e-05 1.36 0.44
7e-05 1.32 0.44
8e-05 1.36 0.44
9e-05 1.36 0.48
0.0001 1.36 0.48
0.00011 1.36 0.48
0.00012 1.36 0.44
0.00013 1.4 0.44
0.00014 1.36 0.44
0.00015 1.36 0.48
0.00016 1.4 0.44
0.00017 1.36 0.44
0.00018 1.4 0.44
0.00019 1.4 0.44
0.0002 1.4 0.44
0.00021 1.4 0.44
0.00022 1.4 0.44
0.00023 1.4 0.44
0.00024 1.4 0.44
0.00025 1.4 0.44
0.00026 1.4 0.44
0.00027 1.44 0.48
0.00028 1.4 0.44
0.00029 1.4 0.44
0.0003 1.44 0.52
0.00031 1.44 0.48
0.00032 1.44 0.44
0.00033 1.44 0.44
0.00034 1.44 0.48
0.00035 1.44 0.48
0.00036 1.48 0.48
0.00037 1.44 0.48
0.00038 1.44 0.44
0.00039 1.48 0.44
0.0004 1.44 0.48
0.00041 1.44 0.48
0.00042 1.44 0.44
0.00043 1.44 0.48
0.00044 1.44 0.44
0.00045 1.48 0.44
0.00046 1.48 0.48
0.00047 1.48 0.44
0.00048 1.44 0.4
0.00049 1.52 0.44
0.0005 1.48 0.48
0.00051 1.48 0.48
0.00052 1.48 0.44
0.00053 1.48 0.44
0.00054 1.52 0.44
0.00055 1.52 0.44
0.00056 1.52 0.48
0.00057 1.48 0.44
0.00058 1.52 0.44
0.00059 1.52 0.48
0.0006 1.48 0.44
0.00061 1.52 0.44
0.00062 1.52 0.44
0.00063 1.52 0.44
0.00064 1.52 0.4
0.00065 1.52 0.44
0.00066 1.52 0.48
0.00067 1.56 0.44
0.00068 1.56 0.48
0.00069 1.56 0.44
0.0007 1.56 0.44
0.00071 1.56 0.44
0.00072 1.56 0.48
0.00073 1.56 0.48
0.00074 1.56 0.44
0.00075 1.56 0.44
0.00076 1.56 0.44
0.00077 1.56 0.48
0.00078 1.56 0.48
0.00079 1.56 0.48
0.0008 1.6 0.44
0.00081 1.56 0.48
0.00082 1.6 0.48
0.00083 1.56 0.48
0.00084 1.6 0.44
0.00085 1.6 0.48
0.00086 1.6 0.44
0.00087 1.64 0.44
0.00088 1.64 0.44
0.00089 1.64 0.44
0.0009 1.6 0.48
0.00091 1.64 0.44
0.00092 1.6 0.44
0.00093 1.64 0.48
0.00094 1.6 0.48
0.00095 1.64 0.48
0.00096 1.64 0.44
0.00097 1.64 0.48
0.00098 1.64 0.48
0.00099 1.64 0.48
0.001 1.64 0.48
0.00101 1.68 0.4
0.00102 1.68 0.4
0.00103 1.64 0.44
0.00104 1.64 0.44
0.00105 1.68 0.44
0.00106 1.64 0.48
0.00107 1.68 0.44
0.00108 1.68 0.44
0.00109 1.64 0.48
0.0011 1.68 0.48
0.00111 1.68 0.48
0.00112 1.68 0.44
0.00113 1.68 0.48
0.00114 1.72 0.44
0.00115 1.68 0.48
0.00116 1.72 0.44
0.00117 1.72 0.44
0.00118 1.72 0.44
0.00119 1.72 0.48
0.0012 1.68 0.48
0.00121 1.72 0.48
0.00122 1.72 0.44
0.00123 1.72 0.48
0.00124 1.72 0.44
0.00125 1.72 0.44
0.00126 1.72 0.48
0.00127 1.72 0.48
0.00128 1.72 0.44
0.00129 1.72 0.44
0.0013 1.72 0.48
0.00131 1.76 0.48
0.00132 1.72 0.44
0.00133 1.72 0.44
0.00134 1.72 0.44
0.00135 1.76 0.48
0.00136 1.72 0.48
0.00137 1.76 0.48
0.00138 1.76 0.44
0.00139 1.76 0.44
0.0014 1.76 0.48
0.00141 1.76 0.44
0.00142 1.8 0.48
0.00143 1.76 0.48
0.00144 1.76 0.44
0.00145 1.76 0.4
0.00146 1.8 0.48
0.00147 1.8 0.48
0.00148 1.76 0.48
0.00149 1.8 0.44
0.0015 1.8 0.48
0.00151 1.8 0.48
0.00152 1.84 0.44
0.00153 1.8 0.44
0.00154 1.8 0.44
0.00155 1.8 0.44
0.00156 1.84 0.44
0.00157 1.84 0.48
0.00158 1.84 0.4
0.00159 1.84 0.4
0.0016 1.8 0.44
0.00161 1.84 0.48
0.00162 1.84 0.44
0.00163 1.84 0.48
0.00164 1.84 0.48
0.00165 1.88 0.44
0.00166 1.88 0.48
0.00167 1.88 0.48
0.00168 1.84 0.48
0.00169 1.84 0.48
0.0017 1.84 0.4
0.00171 1.88 0.44
0.00172 1.88 0.48
0.00173 1.88 0.44
0.00174 1.88 0.48
0.00175 1.88 0.44
0.00176 1.88 0.44
0.00177 1.88 0.44
0.00178 1.88 0.44
0.00179 1.92 0.48
0.0018 1.92 0.44
0.00181 1.92 0.44
0.00182 1.88 0.44
0.00183 1.92 0.48
0.00184 1.92 0.48
0.00185 1.92 0.44
0.00186 1.92 0.44
0.00187 1.92 0.48
0.00188 1.92 0.48
0.00189 1.96 0.52
0.0019 1.92 0.44
0.00191 1.96 0.44
0.00192 1.96 0.48
0.00193 1.96 0.48
0.00194 1.96 0.48
0.00195 1.96 0.44
0.00196 1.96 0.44
0.00197 1.96 0.44
0.00198 2 0.48
0.00199 1.96 0.48
0.002 2 0.44
0.00201 1.96 0.48
0.00202 2 0.44
0.00203 2 0.44
0.00204 2 0.48
0.00205 2 0.44
0.00206 2.04 0.48
0.00207 2.04 0.44
0.00208 2 0.44
0.00209 2 0.48
0.0021 2.04 0.44
0.00211 2 0.44
0.00212 2.04 0.44
0.00213 2.04 0.48
0.00214 2 0.44
0.00215 2.04 0.48
0.00216 2.04 0.48
0.00217 2.04 0.44
0.00218 2.04 0.44
0.00219 2.04 0.48
0.0022 2.04 0.48
0.00221 2.04 0.44
0.00222 2.04 0.44
0.00223 2.08 0.44
0.00224 2.04 0.44
0.00225 2.04 0.48
0.00226 2.08 0.48
0.00227 2.04 0.44
0.00228 2.04 0.44
0.00229 2.08 0.44
0.0023 2.08 0.48
0.00231 2.04 0.48
0.00232 2.08 0.48
0.00233 2.08 0.44
0.00234 2.08 0.48
0.00235 2.12 0.44
0.00236 2.08 0.44
0.00237 2.12 0.48
0.00238 2.12 0.48
0.00239 2.12 0.48
0.0024 2.08 0.48
0.00241 2.12 0.48
0.00242 2.12 0.48
0.00243 2.12 0.44
0.00244 2.12 0.44
0.00245 2.12 0.48
0.00246 2.12 0.48
0.00247 2.12 0.48
0.00248 2.12 0.4
0.00249 2.16 0.44
0.0025 2.12 0.44
0.00251 2.16 0.44
0.00252 2.12 0.48
0.00253 2.16 0.48
0.00254 2.16 0.4
0.00255 2.16 0.48
0.00256 2.16 0.44
0.00257 2.16 0.48
0.00258 2.16 0.48
0.00259 2.16 0.44
0.0026 2.16 0.44
0.00261 2.16 0.48
0.00262 2.2 0.48
0.00263 2.2 0.48
0.00264 2.16 0.44
0.00265 2.2 0.44
0.00266 2.2 0.48
0.00267 2.2 0.48
0.00268 2.2 0.44
0.00269 2.2 0.48
0.0027 2.2 0.44
0.00271 2.2 0.4
0.00272 2.2 0.44
0.00273 2.2 0.44
0.00274 2.24 0.48
0.00275 2.24 0.44
0.00276 2.2 0.4
0.00277 2.2 0.48
0.00278 2.2 0.48
0.00279 2.24 0.44
0.0028 2.2 0.44
0.00281 2.24 0.48
0.00282 2.24 0.48
0.00283 2.24 0.48
0.00284 2.24 0.48
0.00285 2.24 0.44
0.00286 2.24 0.44
0.00287 2.24 0.44
0.00288 2.28 0.44
0.00289 2.24 0.44
0.0029 2.28 0.44
0.00291 2.28 0.48
0.00292 2.28 0.44
0.00293 2.28 0.48
0.00294 2.24 0.48
0.00295 2.28 0.48
0.00296 2.28 0.44
0.00297 2.32 0.44
0.00298 2.32 0.48
0.00299 2.28 0.48
0.003 2.28 0.44
0.00301 2.28 0.44
0.00302 2.28 0.48
0.00303 2.32 0.4
0.00304 2.32 0.44
0.00305 2.32 0.44
0.00306 2.32 0.44
0.00307 2.32 0.48
0.00308 2.32 0.48
0.00309 2.36 0.48
0.0031 2.32 0.48
0.00311 2.36 0.44
0.00312 2.32 0.4
0.00313 2.36 0.48
0.00314 2.36 0.48
0.00315 2.36 0.48
0.00316 2.36 0.44
0.00317 2.36 0.4
0.00318 2.36 0.44
0.00319 2.36 0.48
0.0032 2.36 0.44
0.00321 2.4 0.48
0.00322 2.36 0.44
0.00323 2.4 0.4
0.00324 2.36 0.44
0.00325 2.36 0.48
0.00326 2.4 0.48
0.00327 2.36 0.44
0.00328 2.36 0.44
0.00329 2.4 0.44
0.0033 2.36 0.48
0.00331 2.4 0.48
0.00332 2.36 0.44
0.00333 2.4 0.4
0.00334 2.4 0.48
0.00335 2.4 0.48
0.00336 2.4 0.48
0.00337 2.4 0.48
0.00338 2.4 0.44
0.00339 2.44 0.44
0.0034 2.4 0.48
0.00341 2.44 0.48
0.00342 2.44 0.48
0.00343 2.44 0.44
0.00344 2.44 0.44
0.00345 2.4 0.44
0.00346 2.44 0.44
0.00347 2.44 0.44
0.00348 2.44 0.48
0.00349 2.44 0.44
0.0035 2.44 0.44
0.00351 2.48 0.48
0.00352 2.44 0.48
0.00353 2.44 0.44
0.00354 2.48 0.48
0.00355 2.44 0.48
0.00356 2.48 0.48
0.00357 2.48 0.48
0.00358 2.48 0.44
0.00359 2.48 0.44
0.0036 2.48 0.44
0.00361 2.52 0.48
0.00362 2.48 0.44
0.00363 2.52 0.48
0.00364 2.52 0.44
0.00365 2.48 0.44
0.00366 2.52 0.44
0.00367 2.48 0.48
0.00368 2.52 0.44
0.00369 2.52 0.44
0.0037 2.52 0.4
0.00371 2.56 0.44
0.00372 2.52 0.44
0.00373 2.52 0.52
0.00374 2.56 0.44
0.00375 2.52 0.44
0.00376 2.56 0.44
0.00377 2.52 0.44
0.00378 1.36 0.44
0.00379 0 0.44
0.0038 0 0.44
0.00381 0 0.44
0.00382 0 0.48
0.00383 0 0.48
0.00384 0.04 0.44
0.00385 0 0.44
0.00386 0.04 0.44
0.00387 0 0.48
0.00388 0.04 0.48
0.00389 0.04 0.48
0.0039 0.04 0.44
0.00391 0.04 0.44
0.00392 0 0.4
0.00393 0.08 0.44
0.00394 0.04 0.48
0.00395 0.04 0.44
0.00396 0.08 0.48
0.00397 0.04 0.44
0.00398 0.04 0.48
0.00399 0.08 0.48
0.004 0.04 0.48
0.00401 0.08 0.44
0.00402 0.08 0.44
0.00403 0.12 0.4
0.00404 0.12 0.48
0.00405 0.08 0.48
0.00406 0.12 0.44
0.00407 0.08 0.4
0.00408 0.12 0.44
0.00409 0.12 0.44
0.0041 0.12 0.44
0.00411 0.12 0.48
0.00412 0.12 0.44
0.00413 0.12 0.44
0.00414 0.12 0.48
0.00415 0.12 0.48
0.00416 0.12 0.44
0.00417 0.12 0.44
0.00418 0.12 0.44
0.00419 0.12 0.48
0.0042 0.12 0.48
0.00421 0.12 0.48
0.00422 0.16 0.44
0.00423 0.16 0.44
0.00424 0.16 0.48
0.00425 0.16 0.44
0.00426 0.16 0.48
0.00427 0.16 0.44
0.00428 0.16 0.4
0.00429 0.16 0.44
0.0043 0.16 0.44
0.00431 0.16 0.44
0.00432 0.2 0.44
0.00433 0.2 0.44
0.00434 0.16 0.44
0.00435 0.2 0.48
0.00436 0.2 0.48
0.00437 0.2 0.44
0.00438 0.2 0.4
0.00439 0.2 0.44
0.0044 0.2 0.44
0.00441 0.2 0.44
0.00442 0.2 0.48
0.00443 0.2 0.44
0.00444 0.2 0.44
0.00445 0.24 0.44
0.00446 0.2 0.48
0.00447 0.24 0.48
0.00448 0.24 0.44
0.00449 0.24 0.44
0.0045 0.24 0.44
0.00451 0.24 0.48
0.00452 0.24 0.48
0.00453 0.28 0.44
0.00454 0.28 0.44
0.00455 0.24 0.44
0.00456 0.24 0.44
0.00457 0.28 0.48
0.00458 0.28 0.44
0.00459 0.28 0.44
0.0046 0.28 0.44
0.00461 0.28 0.44
0.00462 0.28 0.48
0.00463 0.28 0.44
0.00464 0.28 0.48
0.00465 0.28 0.44
0.00466 0.28 0.48
0.00467 0.28 0.44
0.00468 0.28 0.44
0.00469 0.28 0.44
0.0047 0.32 0.44
0.00471 0.32 0.44
0.00472 0.28 0.48
0.00473 0.32 0.48
0.00474 0.32 0.44
0.00475 0.32 0.44
0.00476 0.36 0.48
0.00477 0.36 0.48
0.00478 0.32 0.44
0.00479 0.32 0.48
0.0048 0.36 0.44
0.00481 0.32 0.48
0.00482 0.36 0.48
0.00483 0.36 0.44
0.00484 0.36 0.44
0.00485 0.36 0.48
0.00486 0.36 0.44
0.00487 0.36 0.44
0.00488 0.36 0.48
0.00489 0.36 0.48
0.0049 0.36 0.44
0.00491 0.4 0.44
0.00492 0.36 0.44
0.00493 0.36 0.48
0.00494 0.4 0.44
0.00495 0.4 0.44
0.00496 0.4 0.48
0.00497 0.4 0.44
0.00498 0.4 0.44
0.00499 0.4 0.44
0.005 0.4 0.48
0.00501 0.44 0.48
0.00502 0.4 0.48
0.00503 0.44 0.44
0.00504 0.4 0.48
0.00505 0.44 0.44
0.00506 0.44 0.44
0.00507 0.44 0.44
0.00508 0.44 0.48
0.00509 0.44 0.48
0.0051 0.44 0.44
0.00511 0.44 0.48
0.00512 0.44 0.44
0.00513 0.44 0.44
0.00514 0.44 0.48
0.00515 0.44 0.48
0.00516 0.48 0.44
0.00517 0.44 0.44
0.00518 0.44 0.44
0.00519 0.48 0.44
0.0052 0.44 0.48
0.00521 0.44 0.44
0.00522 0.48 0.44
0.00523 0.48 0.44
0.00524 0.48 0.44
0.00525 0.48 0.44
0.00526 0.48 0.44
0.00527 0.48 0.44
0.00528 0.48 0.44
0.00529 0.48 0.44
0.0053 0.48 0.48
0.00531 0.52 0.44
0.00532 0.52 0.44
0.00533 0.52 0.44
0.00534 0.52 0.44
0.00535 0.52 0.48
0.00536 0.52 0.48
0.00537 0.52 0.48
0.00538 0.56 0.48
0.00539 0.52 0.4
0.0054 0.52 0.44
0.00541 0.56 0.44
0.00542 0.52 0.48
0.00543 0.56 0.44
0.00544 0.56 0.44
0.00545 0.56 0.44
0.00546 0.56 0.44
0.00547 0.56 0.44
0.00548 0.6 0.48
0.00549 0.6 0.44
0.0055 0.6 0.44
0.00551 0.56 0.44
0.00552 0.56 0.48
0.00553 0.6 0.48
0.00554 0.6 0.44
0.00555 0.6 0.44
0.00556 0.6 0.48
0.00557 0.6 0.48
0.00558 0.64 0.48
0.00559 0.6 0.44
0.0056 0.6 0.44
0.00561 0.64 0.44
0.00562 0.6 0.52
0.00563 0.64 0.48
0.00564 0.6 0.44
0.00565 0.64 0.44
0.00566 0.64 0.44
0.00567 0.64 0.48
0.00568 0.6 0.44
0.00569 0.64 0.44
0.0057 0.64 0.44
0.00571 0.64 0.4
0.00572 0.64 0.44
0.00573 0.64 0.44
0.00574 0.64 0.44
0.00575 0.68 0.44
0.00576 0.68 0.44
0.00577 0.68 0.44
0.00578 0.68 0.48
0.00579 0.68 0.48
0.0058 0.68 0.44
0.00581 0.68 0.48
0.00582 0.72 0.48
0.00583 0.68 0.48
0.00584 0.68 0.48
0.00585 0.68 0.44
0.00586 0.68 0.44
0.00587 0.72 0.48
0.00588 0.68 0.44
0.00589 0.72 0.44
0.0059 0.72 0.44
0.00591 0.72 0.44
0.00592 0.76 0.48
0.00593 0.72 0.44
0.00594 0.72 0.48
0.00595 0.72 0.44
0.00596 0.72 0.4
0.00597 0.76 0.44
0.00598 0.76 0.44
0.00599 0.72 0.48
0.006 0.76 0.48
0.00601 0.76 0.48
0.00602 0.76 0.44
0.00603 0.76 0.44
0.00604 0.76 0.44
0.00605 0.76 0.48
0.00606 0.76 0.48
0.00607 0.76 0.44
0.00608 0.8 0.4
0.00609 0.8 0.48
0.0061 0.8 0.4
0.00611 0.76 0.48
0.00612 0.76 0.48
0.00613 0.76 0.4
0.00614 0.76 0.44
0.00615 0.8 0.48
0.00616 0.8 0.48
0.00617 0.8 0.44
0.00618 0.8 0.44
0.00619 0.8 0.44
0.0062 0.8 0.48
0.00621 0.84 0.48
0.00622 0.84 0.44
0.00623 0.84 0.44
0.00624 0.8 0.44
0.00625 0.84 0.44
0.00626 0.84 0.44
0.00627 0.84 0.44
0.00628 0.8 0.44
0.00629 0.84 0.44
0.0063 0.84 0.48
0.00631 0.84 0.48
0.00632 0.84 0.44
0.00633 0.88 0.44
0.00634 0.84 0.44
0.00635 0.84 0.48
0.00636 0.88 0.48
0.00637 0.84 0.44
0.00638 0.84 0.48
0.00639 0.88 0.44
0.0064 0.88 0.44
0.00641 0.88 0.48
0.00642 0.88 0.48
0.00643 0.92 0.44
0.00644 0.88 0.44
0.00645 0.88 0.44
0.00646 0.92 0.48
0.00647 0.92 0.48
0.00648 0.92 0.48
0.00649 0.92 0.44
0.0065 0.92 0.48
0.00651 0.88 0.44
0.00652 0.92 0.48
0.00653 0.92 0.48
0.00654 0.92 0.44
0.00655 0.92 0.44
0.00656 0.92 0.44
0.00657 0.92 0.48
0.00658 0.92 0.48
0.00659 0.92 0.44
0.0066 0.92 0.48
0.00661 0.92 0.44
0.00662 0.96 0.44
0.00663 0.96 0.44
0.00664 0.96 0.44
0.00665 0.96 0.44
0.00666 0.96 0.44
0.00667 0.96 0.48
0.00668 1 0.52
0.00669 0.96 0.44
0.0067 1 0.44
0.00671 1 0.44
0.00672 1 0.48
0.00673 0.96 0.52
0.00674 1 0.48
0.00675 1 0.44
0.00676 0.96 0.44
0.00677 1 0.44
0.00678 1 0.48
0.00679 1 0.48
0.0068 1 0.44
0.00681 1 0.44
0.00682 1 0.44
0.00683 0.96 0.48
0.00684 1.04 0.44
0.00685 1 0.48
0.00686 1.04 0.44
0.00687 1 0.4
0.00688 1.04 0.44
0.00689 1.04 0.44
0.0069 1.04 0.44
0.00691 1.04 0.44
0.00692 1 0.44
0.00693 1.04 0.44
0.00694 1.04 0.48
0.00695 1.04 0.48
0.00696 1.08 0.44
0.00697 1.08 0.44
0.00698 1.08 0.44
0.00699 1.08 0.48
0.007 1.08 0.48
0.00701 1.08 0.48
0.00702 1.08 0.4
0.00703 1.08 0.4
0.00704 1.08 0.48
0.00705 1.12 0.48
0.00706 1.08 0.44
0.00707 1.08 0.44
0.00708 1.08 0.44
0.00709 1.08 0.44
0.0071 1.08 0.48
0.00711 1.08 0.48
0.00712 1.08 0.44
0.00713 1.08 0.4
0.00714 1.12 0.44
0.00715 1.12 0.48
0.00716 1.08 0.44
0.00717 1.12 0.48
0.00718 1.12 0.44
0.00719 1.12 0.48
0.0072 1.16 0.44
0.00721 1.12 0.48
0.00722 1.12 0.44
0.00723 1.12 0.4
0.00724 1.16 0.48
0.00725 1.12 0.48
0.00726 1.16 0.48
0.00727 1.16 0.48
0.00728 1.16 0.48
0.00729 1.16 0.44
0.0073 1.16 0.44
0.00731 1.16 0.48
0.00732 1.2 0.44
0.00733 1.16 0.44
0.00734 1.2 0.44
0.00735 1.16 0.48
0.00736 1.16 0.48
0.00737 1.16 0.44
0.00738 1.2 0.48
0.00739 1.2 0.4
0.0074 1.2 0.44
0.00741 1.2 0.52
0.00742 1.2 0.44
0.00743 1.24 0.48
0.00744 1.16 0.44
0.00745 1.2 0.4
0.00746 1.24 0.44
0.00747 1.2 0.48
0.00748 1.24 0.44
0.00749 1.24 0.44
0.0075 1.24 0.44
0.00751 1.24 0.44
0.00752 1.24 0.48
0.00753 1.24 0.48
0.00754 1.24 0.48
0.00755 1.24 0.48
0.00756 1.24 0.44
0.00757 1.28 0.48
0.00758 1.24 0.48
0.00759 1.24 0.48
0.0076 1.24 0.44
0.00761 1.28 0.44
0.00762 1.28 0.48
0.00763 1.28 0.48
0.00764 1.24 0.48
0.00765 1.28 0.44
0.00766 1.28 0.44
0.00767 1.28 4.36
0.00768 0.68 0.16
0.00769 1.28 0.48
0.0077 1.32 0.44
0.00771 1.32 0.44
0.00772 1.32 0.44
0.00773 1.32 0.48
0.00774 1.28 0.48
0.00775 1.32 0.44
0.00776 1.32 0.4
0.00777 1.28 0.44
0.00778 1.36 0.48
0.00779 1.32 0.48
0.0078 1.32 0.48
0.00781 1.36 0.44
0.00782 1.36 0.44
0.00783 1.32 0.48
0.00784 1.32 0.48
0.00785 1.32 0.44
0.00786 1.36 0.44
0.00787 1.36 0.44
0.00788 1.36 0.44
0.00789 1.36 0.48
0.0079 1.36 0.44
0.00791 1.36 0.44
0.00792 1.4 0.44
0.00793 1.4 0.44
0.00794 1.36 0.48
0.00795 1.36 0.48
0.00796 1.36 0.44
0.00797 1.4 0.44
0.00798 1.4 0.4
0.00799 1.4 0.44
0.008 1.4 0.48
0.00801 1.4 0.48
0.00802 1.4 0.44
0.00803 1.4 0.44
0.00804 1.4 0.44
0.00805 1.4 0.44
0.00806 1.4 0.44
0.00807 1.4 0.4
0.00808 1.4 0.4
0.00809 1.44 0.44
0.0081 1.44 0.48
0.00811 1.44 0.48
0.00812 1.4 0.44
0.00813 1.4 0.44
0.00814 1.44 0.44
0.00815 1.44 0.44
0.00816 1.48 0.48
0.00817 1.44 0.44
0.00818 1.48 0.48
0.00819 1.44 0.4
0.0082 1.44 0.44
0.00821 1.48 0.48
0.00822 1.44 0.48
0.00823 1.48 0.48
0.00824 1.48 0.44
0.00825 1.48 0.44
0.00826 1.48 0.44
0.00827 1.48 0.48
0.00828 1.48 0.44
0.00829 1.48 0.44
0.0083 1.48 0.48
0.00831 1.52 0.48
0.00832 1.48 0.48
0.00833 1.52 0.44
0.00834 1.52 0.44
0.00835 1.48 0.44
0.00836 1.52 0.44
0.00837 1.52 0.48
0.00838 1.52 0.44
0.00839 1.52 0.44
0.0084 1.52 0.48
0.00841 1.52 0.44
0.00842 1.52 0.48
0.00843 1.52 0.44
0.00844 1.56 0.48
0.00845 1.52 0.44
0.00846 1.52 0.44
0.00847 1.56 0.48
0.00848 1.56 0.48
0.00849 1.56 0.44
0.0085 1.56 0.48
0.00851 1.56 0.44
0.00852 1.6 0.48
0.00853 1.56 0.48
0.00854 1.56 0.48
0.00855 1.56 0.44
0.00856 1.56 0.44
0.00857 1.56 0.48
0.00858 1.56 0.48
0.00859 1.56 0.48
0.0086 1.6 0.48
0.00861 1.56 0.48
0.00862 1.6 0.44
0.00863 1.6 0.48
0.00864 1.6 0.48
0.00865 1.6 0.44
0.00866 1.6 0.44
0.00867 1.6 0.48
0.00868 1.64 0.44
0.00869 1.6 0.48
0.0087 1.6 0.44
0.00871 1.64 0.44
0.00872 1.64 0.44
0.00873 1.64 0.44
0.00874 1.64 0.44
0.00875 1.6 0.48
0.00876 1.64 0.48
0.00877 1.64 0.44
0.00878 1.64 0.48
0.00879 1.68 0.48
0.0088 1.68 0.48
0.00881 1.64 0.44
0.00882 1.64 0.48
0.00883 1.64 0.48
0.00884 1.64 0.48
0.00885 1.68 0.48
0.00886 1.68 0.44
0.00887 1.72 0.44
0.00888 1.68 0.48
0.00889 1.68 0.44
0.0089 1.68 0.48
0.00891 1.68 0.44
0.00892 1.68 0.44
0.00893 1.68 0.44
0.00894 1.72 0.44
0.00895 1.68 0.44
0.00896 1.68 0.44
0.00897 1.72 0.4
0.00898 1.72 0.44
0.00899 1.68 0.48
0.009 1.72 0.44
0.00901 1.72 0.44
0.00902 1.72 0.48
0.00903 1.72 0.48
0.00904 1.72 0.44
0.00905 1.72 0.48
0.00906 1.76 0.48
0.00907 1.72 0.48
0.00908 1.76 0.4
0.00909 1.72 0.44
0.0091 1.72 0.48
0.00911 1.76 0.48
0.00912 1.76 0.44
0.00913 1.76 0.44
0.00914 1.76 0.44
0.00915 1.72 0.48
0.00916 1.76 0.48
0.00917 1.76 0.44
0.00918 1.76 0.44
0.00919 1.76 0.44
0.0092 1.76 0.44
0.00921 1.8 0.44
0.00922 1.8 0.48
0.00923 1.8 0.48
0.00924 1.8 0.44
0.00925 1.76 0.48
0.00926 1.8 0.48
0.00927 1.8 0.44
0.00928 1.8 0.48
0.00929 1.8 0.44
0.0093 1.8 0.44
0.00931 1.8 0.48
0.00932 1.8 0.48
0.00933 1.8 0.44
0.00934 1.8 0.44
0.00935 1.8 0.44
0.00936 1.84 0.48
0.00937 1.84 0.48
0.00938 1.8 0.44
0.00939 1.84 0.44
0.0094 1.84 0.48
0.00941 1.84 0.44
0.00942 1.84 0.48
0.00943 1.88 0.48
0.00944 1.84 0.44
0.00945 1.84 0.48
0.00946 1.88 0.48
0.00947 1.88 0.48
0.00948 1.88 0.44
0.00949 1.84 0.48
0.0095 1.88 0.4
0.00951 1.84 0.44
0.00952 1.88 0.44
0.00953 1.88 0.48
0.00954 1.88 0.44
0.00955 1.88 0.44
0.00956 1.88 0.48
0.00957 1.88 0.44
0.00958 1.92 0.48
0.00959 1.88 0.48
0.0096 1.88 0.44
0.00961 1.92 0.48
0.00962 1.88 0.44
0.00963 1.92 0.48
0.00964 1.92 0.44
0.00965 1.92 0.48
0.00966 1.92 0.4
0.00967 1.92 0.4
0.00968 1.92 0.48
0.00969 1.92 0.52
0.0097 1.96 0.48
0.00971 1.92 0.44
0.00972 1.96 0.44
0.00973 1.92 0.44
0.00974 1.96 0.44
0.00975 1.96 0.44
0.00976 1.96 0.44
0.00977 1.96 0.44
0.00978 1.96 0.44
0.00979 1.96 0.44
0.0098 1.96 0.44
0.00981 2 0.44
0.00982 1.96 0.48
0.00983 2 0.44
0.00984 2 0.48
0.00985 2 0.48
0.00986 2 0.48
0.00987 1.96 0.4
0.00988 2 0.44
0.00989 2 0.48
0.0099 2 0.48
0.00991 2.04 0.44
0.00992 2 0.44
0.00993 2.04 0.4
0.00994 2.04 0.48
0.00995 2.04 0.48
0.00996 2.04 0.44
0.00997 2 0.48
0.00998 2.04 0.44
0.00999 2.04 0.44
0.01 2.04 0.44
0.01001 2.04 0.48
0.01002 2.04 0.44
0.01003 2.08 0.44
0.01004 2.04 0.44
0.01005 2.04 0.48
0.01006 2.08 0.44
0.01007 2.08 0.44
0.01008 2.04 0.44
0.01009 2.04 0.48
0.0101 2.04 0.44
0.01011 2.08 0.44
0.01012 2.08 0.44
0.01013 2.12 0.48
0.01014 2.08 0.4
0.01015 2.12 0.44
0.01016 2.12 0.48
0.01017 2.08 0.48
0.01018 2.12 0.44
0.01019 2.12 0.44
0.0102 2.12 0.44
0.01021 2.12 0.48
0.01022 2.08 0.48
0.01023 2.08 0.44
0.01024 2.08 0.44
0.01025 2.12 0.44
0.01026 2.16 0.44
0.01027 2.12 0.44
0.01028 2.16 0.44
0.01029 2.12 0.44
0.0103 2.16 0.44
0.01031 2.12 0.44
0.01032 2.12 0.48
0.01033 2.12 0.44
0.01034 2.16 0.44
0.01035 2.16 0.4
0.01036 2.16 0.44
0.01037 2.2 0.48
0.01038 2.2 0.44
0.01039 2.16 0.48
0.0104 2.16 0.4
0.01041 2.2 0.48
0.01042 2.2 0.48
0.01043 2.16 0.48
0.01044 2.2 0.44
0.01045 2.2 0.44
0.01046 2.16 0.44
0.01047 2.2 0.48
0.01048 2.2 0.48
0.01049 2.2 0.48
0.0105 2.2 0.44
0.01051 2.2 0.44
0.01052 2.2 0.44
0.01053 2.2 0.48
0.01054 2.2 0.44
0.01055 2.2 0.44
0.01056 2.2 0.4
0.01057 2.2 0.44
0.01058 2.2 0.52
0.01059 2.24 0.44
0.0106 2.24 0.44
0.01061 2.24 0.44
0.01062 2.24 0.48
0.01063 2.24 0.44
0.01064 2.24 0.44
0.01065 2.24 0.48
0.01066 2.24 0.48
0.01067 2.24 0.44
0.01068 2.24 0.44
0.01069 2.28 0.44
0.0107 2.24 0.48
0.01071 2.24 0.44
0.01072 2.28 0.44
0.01073 2.24 0.44
0.01074 2.28 0.52
0.01075 2.24 0.48
0.01076 2.28 0.44
0.01077 2.28 0.44
0.01078 2.24 0.48
0.01079 2.28 0.48
0.0108 2.28 0.48
0.01081 2.32 0.44
0.01082 2.32 0.44
0.01083 2.28 0.48
0.01084 2.32 0.48
0.01085 2.28 0.48
0.01086 2.32 0.48
0.01087 2.32 0.48
0.01088 2.32 0.44
0.01089 2.32 0.44
0.0109 2.32 0.44
0.01091 2.32 0.48
0.01092 2.32 0.44
0.01093 2.32 0.44
0.01094 2.36 0.44
0.01095 2.36 0.48
0.01096 2.32 0.48
0.01097 2.32 0.4
0.01098 2.36 0.44
0.01099 2.36 0.44
0.011 2.36 0.48
0.01101 2.36 0.48
0.01102 2.36 0.48
0.01103 2.36 0.44
0.01104 2.36 0.44
0.01105 2.36 0.48
0.01106 2.36 0.48
0.01107 2.36 0.44
0.01108 2.36 0.44
0.01109 2.4 0.48
0.0111 2.36 0.48
0.01111 2.4 0.48
0.01112 2.36 0.48
0.01113 2.36 0.4
0.01114 2.4 0.44
0.01115 2.4 0.44
0.01116 2.4 0.48
0.01117 2.4 0.48
0.01118 2.4 0.48
0.01119 2.4 0.44
0.0112 2.44 0.44
0.01121 2.4 0.48
0.01122 2.44 0.48
0.01123 2.44 0.44
0.01124 2.44 0.48
0.01125 2.44 0.48
0.01126 2.4 0.48
0.01127 2.44 0.48
0.01128 2.44 0.48
0.01129 2.44 0.44
0.0113 2.44 0.48
0.01131 2.48 0.48
0.01132 2.44 0.48
0.01133 2.44 0.48
0.01134 2.44 0.44
0.01135 2.44 0.48
0.01136 2.48 0.44
0.01137 2.48 0.48
0.01138 2.48 0.48
0.01139 2.48 0.48
0.0114 2.44 0.48
0.01141 2.48 0.44
0.01142 2.52 0.44
0.01143 2.52 0.48
0.01144 2.48 0.48
0.01145 2.52 0.44
0.01146 2.52 0.48
0.01147 2.52 0.44
0.01148 2.52 0.48
0.01149 2.52 0.48
0.0115 2.52 0.44
0.01151 2.52 0.44
0.01152 2.52 0.44
0.01153 2.52 0.44
0.01154 2.56 0.48
0.01155 2.52 0.44
0.01156 2.52 0.48
0.01157 2.56 0.44
0.01158 2.52 0.48
0.01159 2.56 0.48
0.0116 0 0.48
0.01161 0 0.44
0.01162 0 0.44
0.01163 0 0.48
0.01164 0 0.48
0.01165 0 0.44
0.01166 0.04 0.44
0.01167 0 0.44
0.01168 0.04 0.44
0.01169 0 0.48
0.0117 0.04 0.44
0.01171 0 0.48
0.01172 0.04 0.44
0.01173 0.04 0.44
0.01174 0.04 0.44
0.01175 0.04 0.44
0.01176 0.08 0.48
0.01177 0.04 0.44
0.01178 0.08 0.48
0.01179 0.04 0.48
0.0118 0.04 0.48
0.01181 0.08 0.44
0.01182 0.08 0.4
0.01183 0.08 0.44
0.01184 0.12 0.48
0.01185 0.04 0.44
0.01186 0.08 0.48
0.01187 0.08 0.48
0.01188 0.08 0.44
0.01189 0.08 0.48
0.0119 0.12 0.44
0.01191 0.12 0.48
0.01192 0.12 0.44
0.01193 0.12 0.44
0.01194 0.12 0.44
0.01195 0.12 0.48
0.01196 0.12 0.44
0.01197 0.12 0.44
0.01198 0.12 0.44
0.01199 0.12 0.44
0.012 0.12 0.44
0.01201 0.12 0.48
0.01202 0.16 0.48
0.01203 0.16 0.48
0.01204 0.12 0.44
0.01205 0.12 0.48
0.01206 0.16 0.44
0.01207 0.12 0.48
0.01208 0.12 0.48
0.01209 0.12 0.44
0.0121 0.16 0.4
0.01211 0.16 0.48
0.01212 0.16 0.48
0.01213 0.16 0.48
0.01214 0.2 0.44
0.01215 0.2 0.44
0.01216 0.2 0.48
0.01217 0.16 0.48
0.01218 0.16 0.4
0.01219 0.2 0.44
0.0122 0.16 0.44
0.01221 0.2 0.48
0.01222 0.2 0.44
0.01223 0.2 0.44
0.01224 0.2 0.44
0.01225 0.2 0.48
0.01226 0.2 0.44
0.01227 0.2 0.44
0.01228 0.24 0.44
0.01229 0.2 0.44
0.0123 0.24 0.44
0.01231 0.24 0.44
0.01232 0.24 0.44
0.01233 0.24 0.48
0.01234 0.28 0.48
0.01235 0.28 0.44
0.01236 0.28 0.44
0.01237 0.28 0.48
0.01238 0.28 0.48
0.01239 0.24 0.44
0.0124 0.28 0.44
0.01241 0.28 0.44
0.01242 0.28 0.44
0.01243 0.28 0.48
0.01244 0.28 0.48
0.01245 0.28 0.44
0.01246 0.28 0.44
0.01247 0.28 0.48
0.01248 0.32 0.44
0.01249 0.32 0.48
0.0125 0.32 0.48
0.01251 0.28 0.44
0.01252 0.32 0.44
0.01253 0.28 0.44
0.01254 0.32 0.48
0.01255 0.32 0.44
0.01256 0.32 0.44
0.01257 0.32 0.48
0.01258 0.36 0.44
0.01259 0.32 0.4
0.0126 0.36 0.48
0.01261 0.32 0.4
0.01262 0.32 0.44
0.01263 0.36 0.48
0.01264 0.36 0.48
0.01265 0.36 0.48
0.01266 0.36 0.4
0.01267 0.36 0.48
0.01268 0.36 0.44
0.01269 0.36 0.48
0.0127 0.36 0.48
0.01271 0.36 0.4
0.01272 0.36 0.44
0.01273 0.4 0.44
0.01274 0.36 0.48
0.01275 0.36 0.44
0.01276 0.4 0.44
0.01277 0.4 0.44
0.01278 0.4 0.44
0.01279 0.4 0.48
0.0128 0.36 0.48
0.01281 0.4 0.48
0.01282 0.44 0.48
0.01283 0.44 0.44
0.01284 0.4 0.44
0.01285 0.4 0.44
0.01286 0.44 0.48
0.01287 0.44 0.44
0.01288 0.44 0.44
0.01289 0.44 0.44
0.0129 0.44 0.48
0.01291 0.44 0.48
0.01292 0.44 0.44
0.01293 0.44 0.44
0.01294 0.44 0.48
0.01295 0.44 0.44
0.01296 0.44 0.48
0.01297 0.44 0.48
0.01298 0.44 0.44
0.01299 0.44 0.48
0.013 0.48 0.48
0.01301 0.48 0.48
0.01302 0.44 0.48
0.01303 0.48 0.44
0.01304 0.48 0.44
0.01305 0.48 0.44
0.01306 0.48 0.48
0.01307 0.52 0.48
0.01308 0.48 0.44
0.01309 0.48 0.44
0.0131 0.52 0.44
0.01311 0.52 0.48
0.01312 0.52 0.48
0.01313 0.48 0.48
0.01314 0.52 0.48
0.01315 0.52 0.44
0.01316 0.52 0.48
0.01317 0.52 0.44
0.01318 0.52 0.48
0.01319 0.52 0.44
0.0132 0.56 0.44
0.01321 0.52 0.44
0.01322 0.52 0.48
0.01323 0.52 0.44
0.01324 0.52 0.44
0.01325 0.56 0.4
0.01326 0.56 0.48
0.01327 0.56 0.44
0.01328 0.56 0.44
0.01329 0.56 0.48
0.0133 0.56 0.48
0.01331 0.6 0.44
0.01332 0.56 0.48
0.01333 0.56 0.44
0.01334 0.6 0.48
0.01335 0.56 0.48
0.01336 0.6 0.44
0.01337 0.6 0.44
0.01338 0.6 0.48
0.01339 0.6 0.44
0.0134 0.6 0.44
0.01341 0.6 0.48
0.01342 0.6 0.48
0.01343 0.64 0.48
0.01344 0.6 0.44
0.01345 0.64 0.44
0.01346 0.64 0.48
0.01347 0.64 0.44
0.01348 0.6 0.44
0.01349 0.64 0.48
0.0135 0.64 0.44
0.01351 0.64 0.44
0.01352 0.64 0.44
0.01353 0.64 0.48
0.01354 0.64 0.48
0.01355 0.68 0.48
0.01356 0.68 0.44
0.01357 0.64 0.48
0.01358 0.68 0.48
0.01359 0.68 0.48
0.0136 0.64 0.44
0.01361 0.68 0.4
0.01362 0.68 0.44
0.01363 0.68 0.44
0.01364 0.72 0.44
0.01365 0.68 0.44
0.01366 0.68 0.48
0.01367 0.68 0.44
0.01368 0.72 0.4
0.01369 0.72 0.48
0.0137 0.68 0.48
0.01371 0.72 0.44
0.01372 0.72 0.44
0.01373 0.72 0.44
0.01374 0.72 0.48
0.01375 0.72 0.48
0.01376 0.72 0.48
0.01377 0.76 0.44
0.01378 0.72 0.4
0.01379 0.76 0.44
0.0138 0.76 0.48
0.01381 0.76 0.48
0.01382 0.76 0.44
0.01383 0.72 0.44
0.01384 0.76 0.44
0.01385 0.76 0.48
0.01386 0.76 0.44
0.01387 0.76 0.48
0.01388 0.76 0.4
0.01389 0.76 0.44
0.0139 0.8 0.44
0.01391 0.76 0.44
0.01392 0.76 0.48
0.01393 0.76 0.44
0.01394 0.76 0.48
0.01395 0.8 0.44
0.01396 0.8 0.48
0.01397 0.76 0.48
0.01398 0.8 0.44
0.01399 0.76 0.44
0.014 0.8 0.44
0.01401 0.8 0.48
0.01402 0.8 0.44
0.01403 0.8 0.44
0.01404 0.84 0.48
0.01405 0.8 0.44
0.01406 0.8 0.44
0.01407 0.84 0.48
0.01408 0.8 0.44
0.01409 0.84 0.44
0.0141 0.84 0.4
0.01411 0.84 0.48
0.01412 0.84 0.48
0.01413 0.84 0.48
0.01414 0.84 0.44
0.01415 0.84 0.44
0.01416 0.84 0.44
0.01417 0.88 0.44
0.01418 0.84 0.48
0.01419 0.88 0.4
0.0142 0.88 0.44
0.01421 0.88 0.44
0.01422 0.92 0.44
0.01423 0.88 0.44
0.01424 0.88 0.44
0.01425 0.88 0.44
0.01426 0.88 0.48
0.01427 0.88 0.44
0.01428 0.88 0.48
0.01429 0.92 0.44
0.0143 0.92 0.44
0.01431 0.92 0.44
0.01432 0.92 0.48
0.01433 0.92 0.44
0.01434 0.92 0.44
0.01435 0.92 0.44
0.01436 0.92 0.44
0.01437 0.92 0.44
0.01438 0.92 0.44
0.01439 0.92 0.48
0.0144 0.92 0.48
0.01441 0.96 0.44
0.01442 0.92 0.44
0.01443 0.96 0.44
0.01444 0.96 0.48
0.01445 0.96 0.48
0.01446 0.92 0.44
0.01447 0.96 0.44
0.01448 0.96 0.44
0.01449 0.96 0.48
0.0145 1 0.44
0.01451 1 0.4
0.01452 1 0.44
0.01453 1 0.44
0.01454 0.96 0.48
0.01455 1 0.44
0.01456 1 0.44
0.01457 1 0.44
0.01458 1 0.44
0.01459 1 0.48
0.0146 1 0.48
0.01461 1 0.44
0.01462 1 0.44
0.01463 1 0.4
0.01464 1 0.48
0.01465 1 0.48
0.01466 1.04 0.44
0.01467 1 0.44
0.01468 1.04 0.44
0.01469 1.04 0.48
0.0147 1.04 0.48
0.01471 1.04 0.48
0.01472 1.04 0.44
0.01473 1.04 0.4
0.01474 1.08 0.44
0.01475 1.08 0.48
0.01476 1.08 0.44
0.01477 1.04 0.4
0.01478 1.08 0.44
0.01479 1.08 0.48
0.0148 1.08 0.48
0.01481 1.08 0.48
0.01482 1.08 0.48
0.01483 1.08 0.44
0.01484 1.04 0.44
0.01485 1.08 0.44
0.01486 1.08 0.44
0.01487 1.08 0.44
0.01488 1.08 0.44
0.01489 1.08 0.44
0.0149 1.08 0.48
0.01491 1.08 0.48
0.01492 1.12 0.48
0.01493 1.12 0.44
0.01494 1.12 0.4
0.01495 1.08 0.44
0.01496 1.12 0.44
0.01497 1.12 0.4
0.01498 1.12 0.48
0.01499 1.12 0.4
0.015 1.12 0.44
0.01501 1.12 0.48
0.01502 1.12 0.48
0.01503 1.12 0.48
0.01504 1.12 0.44
0.01505 1.16 0.44
0.01506 1.16 0.48
0.01507 1.16 0.48
0.01508 1.16 0.44
0.01509 1.16 0.44
0.0151 1.16 0.48
0.01511 1.16 0.44
0.01512 1.16 0.44
0.01513 1.16 0.44
0.01514 1.16 0.44
0.01515 1.16 0.44
0.01516 1.16 0.44
0.01517 1.2 0.48
0.01518 1.2 0.48
0.01519 1.2 0.4
0.0152 1.2 0.4
0.01521 1.2 0.48
0.01522 1.2 0.48
0.01523 1.2 0.48
0.01524 1.16 0.48
0.01525 1.2 0.44
0.01526 1.2 0.44
0.01527 1.2 0.44
0.01528 1.24 0.48
0.01529 1.24 0.44
0.0153 1.2 0.44
0.01531 1.24 0.44
0.01532 1.2 0.44
0.01533 1.24 0.48
0.01534 1.2 0.48
0.01535 1.24 0.44
0.01536 1.28 0.44
0.01537 1.24 0.44
0.01538 1.24 0.48
0.01539 1.24 0.48
0.0154 1.24 0.44
0.01541 1.28 0.4
0.01542 1.28 0.4
0.01543 1.28 0.48
0.01544 1.28 0.48
0.01545 1.28 0.44
0.01546 1.28 0.44
0.01547 1.28 0.44
0.01548 1.28 0.48
0.01549 1.28 4.44
0.0155 1.28 0.48
0.01551 1.28 0.44
0.01552 1.32 0.4
0.01553 1.28 0.48
0.01554 1.32 0.48
0.01555 1.28 0.48
0.01556 1.28 0.44
0.01557 1.32 0.44
0.01558 1.32 0.44
0.01559 1.32 0.44
0.0156 1.32 0.48
0.01561 1.28 0.44
0.01562 1.32 0.48
0.01563 1.36 0.44
0.01564 1.36 0.4
0.01565 1.32 0.44
0.01566 1.32 0.44
0.01567 1.36 0.4
0.01568 1.32 0.48
0.01569 1.32 0.44
0.0157 1.36 0.44
0.01571 1.36 0.44
0.01572 1.36 0.44
0.01573 1.4 0.4
0.01574 1.36 0.48
0.01575 1.36 0.48
0.01576 1.36 0.44
0.01577 1.4 0.44
0.01578 1.4 0.44
0.01579 1.36 0.44
0.0158 1.4 0.44
0.01581 1.4 0.48
0.01582 1.4 0.44
0.01583 1.4 0.44
0.01584 1.4 0.44
0.01585 1.4 0.44
0.01586 1.4 0.48
0.01587 1.4 0.44
0.01588 1.4 0.44
0.01589 1.4 0.44
0.0159 1.4 0.44
0.01591 1.4 0.48
0.01592 1.4 0.48
0.01593 1.44 0.44
0.01594 1.44 0.44
0.01595 1.44 0.48
0.01596 1.44 0.44
0.01597 1.44 0.48
0.01598 1.44 0.44
0.01599 1.48 0.48
0.016 1.44 0.44
0.01601 1.44 0.44
0.01602 1.48 0.44
0.01603 1.44 0.44
0.01604 1.48 0.44
0.01605 1.44 0.48
0.01606 1.44 0.48
0.01607 1.44 0.48
0.01608 1.48 0.44
0.01609 1.48 0.44
0.0161 1.48 0.44
0.01611 1.48 0.48
0.01612 1.48 0.44
0.01613 1.52 0.48
0.01614 1.48 0.44
0.01615 1.52 0.4
0.01616 1.52 0.48
0.01617 1.48 0.48
0.01618 1.48 0.44
0.01619 1.52 0.44
0.0162 1.52 0.44
0.01621 1.52 0.44
0.01622 1.48 0.44
0.01623 1.52 0.44
0.01624 1.52 0.44
0.01625 1.52 0.44
0.01626 1.56 0.44
0.01627 1.52 0.48
0.01628 1.56 0.48
0.01629 1.56 0.4
0.0163 1.56 0.44
0.01631 1.56 0.44
0.01632 1.56 0.44
0.01633 1.56 0.44
0.01634 1.56 0.48
0.01635 1.56 0.44
0.01636 1.56 0.44
0.01637 1.56 0.44
0.01638 1.56 0.44
0.01639 1.6 0.44
0.0164 1.56 0.44
0.01641 1.56 0.44
0.01642 1.6 0.44
0.01643 1.6 0.48
0.01644 1.6 0.44
0.01645 1.6 0.44
0.01646 1.56 0.44
0.01647 1.6 0.44
0.01648 1.6 0.44
0.01649 1.6 0.44
0.0165 1.6 0.48
0.01651 1.6 0.4
0.01652 1.6 0.44
0.01653 1.6 0.44
0.01654 1.6 0.4
0.01655 1.64 0.44
0.01656 1.6 0.44
0.01657 1.6 0.44
0.01658 1.64 0.4
0.01659 1.64 0.48
0.0166 1.6 0.48
0.01661 1.64 0.48
0.01662 1.64 0.4
0.01663 1.64 0.4
0.01664 1.64 0.44
0.01665 1.64 0.48
0.01666 1.68 0.44
0.01667 1.68 0.48
0.01668 1.64 0.44
0.01669 1.68 0.44
0.0167 1.64 0.48
0.01671 1.68 0.48
0.01672 1.68 0.48
0.01673 1.68 0.44
0.01674 1.68 0.48
0.01675 1.72 0.4
0.01676 1.68 0.44
0.01677 1.72 0.44
0.01678 1.72 0.44
0.01679 1.72 0.4
0.0168 1.68 0.44
0.01681 1.68 0.48
0.01682 1.72 0.44
0.01683 1.72 0.44
0.01684 1.72 0.44
0.01685 1.72 0.44
0.01686 1.72 0.48
0.01687 1.72 0.44
0.01688 1.72 0.44
0.01689 1.72 0.44
0.0169 1.72 0.48
0.01691 1.72 0.48
0.01692 1.72 0.44
0.01693 1.72 0.44
0.01694 1.72 0.44
0.01695 1.76 0.44
0.01696 1.76 0.48
0.01697 1.72 0.44
0.01698 1.76 0.44
0.01699 1.76 0.44
0.017 1.72 0.44
0.01701 1.76 0.48
0.01702 1.76 0.48
0.01703 1.76 0.44
0.01704 1.8 0.44
0.01705 1.8 0.44
0.01706 1.76 0.44
0.01707 1.76 0.44
0.01708 1.76 0.48
0.01709 1.8 0.44
0.0171 1.8 0.4
0.01711 1.8 0.48
0.01712 1.8 0.48
0.01713 1.8 0.48
0.01714 1.8 0.44
0.01715 1.8 0.4
0.01716 1.8 0.48
0.01717 1.8 0.48
0.01718 1.84 0.48
0.01719 1.84 0.48
0.0172 1.8 0.44
0.01721 1.84 0.44
0.01722 1.8 0.48
0.01723 1.8 0.44
0.01724 1.84 0.48
0.01725 1.88 0.44
0.01726 1.88 0.4
0.01727 1.84 0.44
0.01728 1.84 0.48
0.01729 1.88 0.48
0.0173 1.84 0.44
0.01731 1.88 0.4
0.01732 1.88 0.48
0.01733 1.88 0.48
0.01734 1.88 0.48
0.01735 1.84 0.44
0.01736 1.88 0.44
0.01737 1.88 0.44
0.01738 1.88 0.44
0.01739 1.88 0.48
0.0174 1.88 0.44
0.01741 1.92 0.44
0.01742 1.88 0.44
0.01743 1.92 0.48
0.01744 1.92 0.48
0.01745 1.92 0.44
0.01746 1.88 0.44
0.01747 1.92 0.4
0.01748 1.96 0.44
0.01749 1.92 0.48
0.0175 1.92 0.44
0.01751 1.92 0.44
0.01752 1.96 0.44
0.01753 1.92 0.44
0.01754 1.96 0.44
0.01755 1.96 0.44
0.01756 2 0.44
0.01757 1.92 0.44
0.01758 1.96 0.44
0.01759 1.96 0.48
0.0176 1.96 0.48
0.01761 2 0.44
0.01762 2 0.44
0.01763 2 0.44
0.01764 2 0.44
0.01765 2 0.48
0.01766 1.96 0.48
0.01767 2 0.4
0.01768 2 0.44
0.01769 2 0.44
0.0177 2 0.52
0.01771 2 0.48
0.01772 2 0.48
0.01773 2.04 0.44
0.01774 2.04 0.4
0.01775 2 0.44
0.01776 2.04 0.44
0.01777 2 0.48
0.01778 2.04 0.44
0.01779 2.04 0.44
0.0178 2.04 0.44
0.01781 2.04 0.48
0.01782 2.04 0.48
0.01783 2.04 0.44
0.01784 2.04 0.44
0.01785 2.04 0.44
0.01786 2.08 0.48
0.01787 2.08 0.44
0.01788 2.08 0.4
0.01789 2.08 0.44
0.0179 2.08 0.44
0.01791 2.08 0.48
0.01792 2.04 0.44
0.01793 2.04 0.48
0.01794 2.08 0.48
0.01795 2.08 0.44
0.01796 2.08 0.44
0.01797 2.08 0.44
0.01798 2.12 0.44
0.01799 2.08 0.44
0.018 2.12 0.44
0.01801 2.12 0.44
0.01802 2.12 0.48
0.01803 2.12 0.44
0.01804 2.12 0.44
0.01805 2.12 0.44
0.01806 2.12 0.48
0.01807 2.12 0.48
0.01808 2.12 0.44
0.01809 2.12 0.44
0.0181 2.16 0.44
0.01811 2.12 0.44
0.01812 2.16 0.48
0.01813 2.12 0.44
0.01814 2.16 0.44
0.01815 2.16 0.44
0.01816 2.16 0.44
0.01817 2.12 0.44
0.01818 2.16 0.48
0.01819 2.16 0.48
0.0182 2.16 0.44
0.01821 2.16 0.44
0.01822 2.2 0.48
0.01823 2.16 0.48
0.01824 2.16 0.44
0.01825 2.2 0.44
0.01826 2.2 0.44
0.01827 2.2 0.44
0.01828 2.2 0.44
0.01829 2.2 0.44
0.0183 2.2 0.48
0.01831 2.2 0.44
0.01832 2.2 0.44
0.01833 2.2 0.48
0.01834 2.2 0.44
0.01835 2.2 0.44
0.01836 2.2 0.44
0.01837 2.2 0.44
0.01838 2.2 0.48
0.01839 2.24 0.48
0.0184 2.24 0.44
0.01841 2.2 0.44
0.01842 2.2 0.44
0.01843 2.24 0.44
0.01844 2.24 0.48
0.01845 2.24 0.44
0.01846 2.24 0.44
0.01847 2.24 0.44
0.01848 2.24 0.44
0.01849 2.24 0.48
0.0185 2.24 0.44
0.01851 2.24 0.44
0.01852 2.24 0.44
0.01853 2.28 0.44
0.01854 2.28 0.48
0.01855 2.28 0.48
0.01856 2.28 0.44
0.01857 2.28 0.44
0.01858 2.28 0.48
0.01859 2.28 0.44
0.0186 2.28 0.44
0.01861 2.32 0.48
0.01862 2.32 0.44
0.01863 2.28 0.44
0.01864 2.28 0.48
0.01865 2.28 0.48
0.01866 2.28 0.44
0.01867 2.32 0.44
0.01868 2.36 0.44
0.01869 2.32 0.44
0.0187 2.28 0.44
0.01871 2.36 0.48
0.01872 2.36 0.48
0.01873 2.32 0.44
0.01874 2.36 0.44
0.01875 2.32 0.48
0.01876 2.36 0.48
0.01877 2.32 0.44
0.01878 2.32 0.48
0.01879 2.36 0.48
0.0188 2.36 0.44
0.01881 2.36 0.48
0.01882 2.36 0.48
0.01883 2.36 0.44
0.01884 2.36 0.44
0.01885 2.36 0.44
0.01886 2.4 0.48
0.01887 2.4 0.48
0.01888 2.36 0.44
0.01889 2.36 0.4
0.0189 2.4 0.44
0.01891 2.36 0.48
0.01892 2.4 0.44
0.01893 2.36 0.44
0.01894 2.4 0.4
0.01895 2.4 0.44
0.01896 2.4 0.44
0.01897 2.44 0.48
0.01898 2.4 0.44
0.01899 2.4 0.44
0.019 2.4 0.4
0.01901 2.4 0.4
0.01902 2.44 0.44
0.01903 2.44 0.48
0.01904 2.44 0.44
0.01905 2.44 0.44
0.01906 2.4 0.44
0.01907 2.44 0.52
0.01908 2.44 0.44
0.01909 2.44 0.44
0.0191 2.44 0.44
0.01911 2.44 0.44
0.01912 2.48 0.48
0.01913 2.44 0.44
0.01914 2.48 0.48
0.01915 2.44 0.44
0.01916 2.44 0.44
0.01917 2.48 0.44
0.01918 2.48 0.48
0.01919 2.48 0.48
0.0192 2.48 0.4
0.01921 2.48 0.44
0.01922 2.48 0.44
0.01923 2.48 0.48
0.01924 2.48 0.44
0.01925 2.48 0.44
0.01926 2.52 0.44
0.01927 2.52 0.44
0.01928 2.52 0.48
0.01929 2.52 0.48
0.0193 2.52 0.44
0.01931 2.52 0.44
0.01932 2.52 0.44
0.01933 2.52 0.48
0.01934 2.52 0.48
0.01935 2.52 0.44
0.01936 2.52 0.44
0.01937 2.56 0.44
0.01938 2.52 0.48
0.01939 2.52 0.48
0.0194 2.56 0.44
0.01941 -0.08 0.44
0.01942 0 0.4
0.01943 0 0.44
0.01944 0 0.52
0.01945 0 0.48
0.01946 0 0.48
0.01947 0.04 0.44
0.01948 0 0.48
0.01949 0.04 0.44
0.0195 0.04 0.48
0.01951 0.04 0.48
0.01952 0.04 0.44
0.01953 0.04 0.48
0.01954 0.04 0.44
0.01955 0.04 0.48
0.01956 0.08 0.44
0.01957 0.04 0.48
0.01958 0.08 0.44
0.01959 0.04 0.44
0.0196 0.08 0.48
0.01961 0.04 0.44
0.01962 0.08 0.44
0.01963 0.08 0.44
0.01964 0.08 0.48
0.01965 0.08 0.48
0.01966 0.12 0.48
0.01967 0.12 0.44
0.01968 0.08 0.48
0.01969 0.12 0.44
0.0197 0.12 0.48
0.01971 0.12 0.48
0.01972 0.12 0.44
0.01973 0.08 0.44
0.01974 0.12 0.44
0.01975 0.12 0.44
0.01976 0.12 0.48
0.01977 0.12 0.44
0.01978 0.12 0.48
0.01979 0.12 0.44
0.0198 0.12 0.48
0.01981 0.12 0.48
0.01982 0.16 0.48
0.01983 0.12 0.44
0.01984 0.16 0.44
0.01985 0.16 0.4
0.01986 0.12 0.48
0.01987 0.16 0.48
0.01988 0.16 0.44
0.01989 0.16 0.44
0.0199 0.16 0.44
0.01991 0.16 0.48
0.01992 0.16 0.44
0.01993 0.16 0.48
0.01994 0.2 0.44
0.01995 0.2 0.44
0.01996 0.16 0.4
0.01997 0.2 0.52
0.01998 0.2 0.48
0.01999 0.2 0.44
0.02 0.2 0.44
0.02001 0.2 0.44
0.02002 0.2 0.52
0.02003 0.2 0.48
0.02004 0.2 0.44
0.02005 0.2 0.44
0.02006 0.24 0.44
0.02007 0.2 0.44
0.02008 0.24 0.48
0.02009 0.24 0.44
0.0201 0.2 0.44
0.02011 0.24 0.48
0.02012 0.24 0.44
0.02013 0.24 0.48
0.02014 0.24 0.48
0.02015 0.24 0.44
0.02016 0.28 0.44
0.02017 0.28 0.48
0.02018 0.28 0.48
0.02019 0.24 0.44
0.0202 0.28 0.44
0.02021 0.28 0.44
0.02022 0.28 0.44
0.02023 0.28 0.48
0.02024 0.28 0.48
0.02025 0.28 0.44
0.02026 0.28 0.44
0.02027 0.32 0.48
0.02028 0.32 0.44
0.02029 0.28 0.44
0.0203 0.28 0.48
0.02031 0.28 0.44
0.02032 0.28 0.4
0.02033 0.32 0.44
0.02034 0.32 0.48
0.02035 0.28 0.44
0.02036 0.32 0.44
0.02037 0.32 0.4
0.02038 0.32 0.48
0.02039 0.32 0.48
0.0204 0.32 0.44
0.02041 0.32 0.44
0.02042 0.36 0.44
0.02043 0.32 0.44
0.02044 0.32 0.44
0.02045 0.36 0.48
0.02046 0.36 0.48
0.02047 0.36 0.44
0.02048 0.36 0.44
0.02049 0.36 0.48
0.0205 0.36 0.48
0.02051 0.36 0.44
0.02052 0.4 0.4
0.02053 0.36 0.48
0.02054 0.4 0.44
0.02055 0.36 0.48
0.02056 0.36 0.48
0.02057 0.4 0.44
0.02058 0.4 0.44
0.02059 0.4 0.44
0.0206 0.4 0.48
0.02061 0.4 0.44
0.02062 0.4 0.44
0.02063 0.4 0.44
0.02064 0.4 0.48
0.02065 0.4 0.48
0.02066 0.44 0.48
0.02067 0.4 0.48
0.02068 0.44 0.44
0.02069 0.44 0.44
0.0207 0.44 0.48
0.02071 0.44 0.48
0.02072 0.44 0.44
0.02073 0.44 0.44
0.02074 0.44 0.44
0.02075 0.44 0.44
0.02076 0.44 0.44
0.02077 0.44 0.48
0.02078 0.44 0.44
0.02079 0.44 0.44
0.0208 0.44 0.48
0.02081 0.48 0.44
0.02082 0.44 0.48
0.02083 0.48 0.44
0.02084 0.48 0.44
0.02085 0.48 0.44
0.02086 0.48 0.48
0.02087 0.48 0.48
0.02088 0.52 0.48
0.02089 0.48 0.44
0.0209 0.48 0.48
0.02091 0.52 0.48
0.02092 0.48 0.48
0.02093 0.48 0.48
0.02094 0.52 0.44
0.02095 0.52 0.44
0.02096 0.52 0.44
0.02097 0.52 0.48
0.02098 0.52 0.44
0.02099 0.52 0.4
0.021 0.52 0.48
0.02101 0.52 0.44
0.02102 0.52 0.48
0.02103 0.56 0.48
0.02104 0.56 0.4
0.02105 0.52 0.44
0.02106 0.56 0.48
0.02107 0.56 0.48
0.02108 0.56 0.44
0.02109 0.56 0.48
0.0211 0.56 0.44
0.02111 0.56 0.44
0.02112 0.6 0.48
0.02113 0.56 0.44
0.02114 0.56 0.44
0.02115 0.56 0.44
0.02116 0.56 0.48
0.02117 0.6 0.44
0.02118 0.6 0.48
0.02119 0.6 0.44
0.0212 0.6 0.44
0.02121 0.6 0.44
0.02122 0.6 0.44
0.02123 0.64 0.48
0.02124 0.64 0.48
0.02125 0.6 0.44
0.02126 0.6 0.44
0.02127 0.64 0.4
0.02128 0.64 0.48
0.02129 0.64 0.48
0.0213 0.64 0.48
0.02131 0.6 0.44
0.02132 0.64 0.44
0.02133 0.64 0.48
0.02134 0.64 0.48
0.02135 0.64 0.48
0.02136 0.64 0.44
0.02137 0.68 0.44
0.02138 0.68 0.48
0.02139 0.64 0.48
0.0214 0.68 0.48
0.02141 0.64 0.44
0.02142 0.68 0.48
0.02143 0.68 0.48
0.02144 0.68 0.48
0.02145 0.68 0.48
0.02146 0.68 0.48
0.02147 0.68 0.44
0.02148 0.68 0.44
0.02149 0.72 0.44
0.0215 0.68 0.48
0.02151 0.72 0.44
0.02152 0.68 0.44
0.02153 0.72 0.44
0.02154 0.68 0.48
0.02155 0.72 0.48
0.02156 0.72 0.48
0.02157 0.72 0.44
0.02158 0.76 0.48
0.02159 0.72 0.48
0.0216 0.72 0.48
0.02161 0.72 0.48
0.02162 0.76 0.44
0.02163 0.76 0.44
0.02164 0.76 0.44
0.02165 0.76 0.52
0.02166 0.76 0.48
0.02167 0.76 0.48
0.02168 0.76 0.44
0.02169 0.76 0.4
0.0217 0.76 0.48
0.02171 0.76 0.48
0.02172 0.76 0.48
0.02173 0.8 0.48
0.02174 0.76 0.44
0.02175 0.76 0.48
0.02176 0.8 0.48
0.02177 0.76 0.44
0.02178 0.76 0.44
0.02179 0.8 0.44
0.0218 0.8 0.44
0.02181 0.8 0.48
0.02182 0.8 0.44
0.02183 0.8 0.44
0.02184 0.8 0.44
0.02185 0.84 0.4
0.02186 0.84 0.48
0.02187 0.84 0.48
0.02188 0.8 0.48
0.02189 0.84 0.44
0.0219 0.84 0.4
0.02191 0.84 0.48
0.02192 0.84 0.48
0.02193 0.8 0.48
0.02194 0.84 0.44
0.02195 0.84 0.44
0.02196 0.84 0.48
0.02197 0.88 0.48
0.02198 0.84 0.44
0.02199 0.88 0.48
0.022 0.88 0.44
0.02201 0.88 0.48
0.02202 0.88 0.48
0.02203 0.88 0.48
0.02204 0.88 0.44
0.02205 0.88 0.48
0.02206 0.88 0.44
0.02207 0.88 0.48
0.02208 0.92 0.48
0.02209 0.92 0.44
0.0221 0.92 0.44
0.02211 0.88 0.44
0.02212 0.92 0.44
0.02213 0.92 0.52
0.02214 0.92 0.44
0.02215 0.92 0.48
0.02216 0.92 0.4
0.02217 0.92 0.44
0.02218 0.92 0.44
0.02219 0.92 0.48
0.0222 0.92 0.48
0.02221 0.92 0.44
0.02222 0.92 0.44
0.02223 0.92 0.48
0.02224 0.92 0.44
0.02225 0.92 0.44
0.02226 0.96 0.48
0.02227 0.96 0.44
0.02228 0.96 0.48
0.02229 0.96 0.48
0.0223 0.96 0.48
0.02231 0.96 0.4
0.02232 1 0.44
0.02233 0.96 0.48
0.02234 0.96 0.44
0.02235 0.96 0.48
0.02236 0.96 0.44
0.02237 0.96 0.4
0.02238 1 0.44
0.02239 1 0.48
0.0224 1 0.48
0.02241 1 0.48
0.02242 1 0.48
0.02243 0.96 0.44
0.02244 1 0.48
0.02245 1.04 0.48
0.02246 1 0.44
0.02247 1 0.44
0.02248 1 0.48
0.02249 1.04 0.44
0.0225 1 0.48
0.02251 1.04 0.48
0.02252 1.04 0.44
0.02253 1.04 0.4
0.02254 1 0.48
0.02255 1.04 0.44
0.02256 1.04 0.44
0.02257 1.04 0.44
0.02258 1.08 0.44
0.02259 1.04 0.44
0.0226 1.04 0.48
0.02261 1.08 0.44
0.02262 1.08 0.48
0.02263 1.04 0.4
0.02264 1.08 0.44
0.02265 1.08 0.48
0.02266 1.08 0.48
0.02267 1.08 0.44
0.02268 1.08 0.44
0.02269 1.08 0.48
0.0227 1.08 0.44
0.02271 1.08 0.48
0.02272 1.08 0.44
0.02273 1.08 0.44
0.02274 1.08 0.4
0.02275 1.08 0.48
0.02276 1.12 0.48
0.02277 1.12 0.44
0.02278 1.12 0.44
0.02279 1.08 0.4
0.0228 1.12 0.44
0.02281 1.12 0.48
0.02282 1.12 0.44
0.02283 1.12 0.44
0.02284 1.16 0.48
0.02285 1.12 0.44
0.02286 1.12 0.48
0.02287 1.16 0.44
0.02288 1.12 0.48
0.02289 1.16 0.48
0.0229 1.16 0.44
0.02291 1.16 0.44
0.02292 1.16 0.48
0.02293 1.16 0.44
0.02294 1.16 0.44
0.02295 1.16 0.44
0.02296 1.2 0.44
0.02297 1.16 0.48
0.02298 1.2 0.48
0.02299 1.16 0.44
0.023 1.2 0.4
0.02301 1.2 0.48
0.02302 1.16 0.44
0.02303 1.2 0.44
0.02304 1.2 0.48
0.02305 1.2 0.44
0.02306 1.2 0.44
0.02307 1.2 0.48
0.02308 1.2 0.44
0.02309 1.2 0.44
0.0231 1.24 0.44
0.02311 1.2 0.48
0.02312 1.24 0.48
0.02313 1.24 0.48
0.02314 1.2 0.44
0.02315 1.24 0.44
0.02316 1.24 0.44
0.02317 1.24 0.48
0.02318 1.24 0.48
0.02319 1.28 0.48
0.0232 1.24 0.48
0.02321 1.24 0.48
0.02322 1.24 0.44
0.02323 1.24 0.44
0.02324 1.28 0.48
0.02325 1.28 0.44
0.02326 1.28 0.44
0.02327 1.28 0.44
0.02328 1.28 0.48
0.02329 1.28 0.44
0.0233 1.28 4.4
0.02331 1.28 0.48
0.02332 1.28 0.4
0.02333 1.28 0.48
0.02334 1.28 0.48
0.02335 1.32 0.44
0.02336 1.32 0.44
0.02337 1.32 0.48
0.02338 1.32 0.44
0.02339 1.32 0.48
0.0234 1.32 0.48
0.02341 1.32 0.44
0.02342 1.32 0.44
0.02343 1.32 0.44
0.02344 1.32 0.44
0.02345 1.32 0.48
0.02346 1.32 0.44
0.02347 1.36 0.44
0.02348 1.36 0.48
0.02349 1.36 0.48
0.0235 1.36 0.48
0.02351 1.36 0.48
0.02352 1.32 0.44
0.02353 1.36 0.4
0.02354 1.36 0.48
0.02355 1.4 0.48
0.02356 1.4 0.44
0.02357 1.36 0.4
0.02358 1.4 0.44
0.02359 1.36 0.44
0.0236 1.4 0.48
0.02361 1.4 0.48
0.02362 1.4 0.44
0.02363 1.4 0.48
0.02364 1.4 0.44
0.02365 1.4 0.48
0.02366 1.4 0.48
0.02367 1.4 0.48
0.02368 1.4 0.4
0.02369 1.4 0.44
0.0237 1.4 0.48
0.02371 1.44 0.44
0.02372 1.4 0.48
0.02373 1.4 0.44
0.02374 1.4 0.44
0.02375 1.44 0.48
0.02376 1.44 0.48
0.02377 1.44 0.48
0.02378 1.4 0.44
0.02379 1.44 0.44
0.0238 1.44 0.48
0.02381 1.44 0.48
0.02382 1.44 0.48
0.02383 1.44 0.44
0.02384 1.44 0.48
0.02385 1.44 0.44
0.02386 1.44 0.48
0.02387 1.48 0.48
0.02388 1.44 0.4
0.02389 1.48 0.44
0.0239 1.48 0.44
0.02391 1.48 0.44
0.02392 1.48 0.48
0.02393 1.48 0.48
0.02394 1.48 0.48
0.02395 1.48 0.44
0.02396 1.52 0.48
0.02397 1.48 0.44
0.02398 1.48 0.44
0.02399 1.52 0.44
0.024 1.52 0.44
0.02401 1.52 0.44
0.02402 1.52 0.48
0.02403 1.52 0.44
0.02404 1.48 0.44
0.02405 1.56 0.4
0.02406 1.56 0.4
0.02407 1.56 0.48
0.02408 1.52 0.48
0.02409 1.56 0.44
0.0241 1.56 0.48
0.02411 1.52 0.44
0.02412 1.56 0.48
0.02413 1.56 0.48
0.02414 1.56 0.48
0.02415 1.56 0.44
0.02416 1.56 0.44
0.02417 1.56 0.44
0.02418 1.56 0.48
0.02419 1.6 0.44
0.0242 1.56 0.48
0.02421 1.56 0.4
0.02422 1.56 0.44
0.02423 1.6 0.48
0.02424 1.6 0.44
0.02425 1.56 0.44
0.02426 1.6 0.44
0.02427 1.6 0.44
0.02428 1.6 0.48
0.02429 1.6 0.48
0.0243 1.6 0.44
0.02431 1.6 0.44
0.02432 1.6 0.44
0.02433 1.64 0.44
0.02434 1.6 0.48
0.02435 1.64 0.44
0.02436 1.64 0.44
0.02437 1.6 0.44
0.02438 1.64 0.4
0.02439 1.64 0.48
0.0244 1.6 0.52
0.02441 1.64 0.44
0.02442 1.64 0.4
0.02443 1.64 0.4
0.02444 1.64 0.44
0.02445 1.64 0.44
0.02446 1.64 0.48
0.02447 1.64 0.44
0.02448 1.68 0.44
0.02449 1.68 0.44
0.0245 1.68 0.44
0.02451 1.68 0.44
0.02452 1.68 0.44
0.02453 1.68 0.48
0.02454 1.68 0.44
0.02455 1.68 0.44
0.02456 1.68 0.48
0.02457 1.72 0.44
0.02458 1.68 0.4
0.02459 1.68 0.4
0.0246 1.72 0.48
0.02461 1.72 0.48
0.02462 1.68 0.44
0.02463 1.72 0.44
0.02464 1.72 0.44
0.02465 1.72 0.44
0.02466 1.72 0.48
0.02467 1.72 0.44
0.02468 1.72 0.48
0.02469 1.72 0.44
0.0247 1.72 0.48
0.02471 1.72 0.44
0.02472 1.76 0.48
0.02473 1.76 0.44
0.02474 1.76 0.4
0.02475 1.76 0.44
0.02476 1.72 0.48
0.02477 1.72 0.44
0.02478 1.72 0.44
0.02479 1.76 0.44
0.0248 1.76 0.44
0.02481 1.8 0.48
0.02482 1.76 0.48
0.02483 1.76 0.44
0.02484 1.76 0.44
0.02485 1.76 0.4
0.02486 1.8 0.48
0.02487 1.76 0.48
0.02488 1.76 0.44
0.02489 1.8 0.44
0.0249 1.8 0.44
0.02491 1.76 0.44
0.02492 1.8 0.48
0.02493 1.8 0.44
0.02494 1.8 0.4
0.02495 1.8 0.4
0.02496 1.8 0.44
0.02497 1.84 0.48
0.02498 1.8 0.44
0.02499 1.84 0.44
0.025 1.8 0.44
0.02501 1.84 0.44
0.02502 1.8 0.44
0.02503 1.84 0.48
0.02504 1.84 0.48
0.02505 1.8 0.44
0.02506 1.84 0.4
0.02507 1.84 0.4
0.02508 1.84 0.44
0.02509 1.84 0.44
0.0251 1.88 0.44
0.02511 1.84 0.4
0.02512 1.88 0.44
0.02513 1.88 0.48
0.02514 1.84 0.48
0.02515 1.88 0.44
0.02516 1.88 0.44
0.02517 1.88 0.44
0.02518 1.88 0.44
0.02519 1.92 0.48
0.0252 1.88 0.44
0.02521 1.92 0.44
0.02522 1.92 0.44
0.02523 1.88 0.44
0.02524 1.92 0.44
0.02525 1.88 0.44
0.02526 1.88 0.48
0.02527 1.92 0.4
0.02528 1.92 0.44
0.02529 1.92 0.44
0.0253 1.92 0.48
0.02531 1.92 0.48
0.02532 1.92 0.44
0.02533 1.96 0.44
0.02534 1.92 0.44
0.02535 1.96 0.44
0.02536 1.96 0.44
0.02537 1.96 0.44
0.02538 1.96 0.44
0.02539 2 0.44
0.0254 1.96 0.48
0.02541 1.96 0.48
0.02542 2 0.44
0.02543 2 0.44
0.02544 2 0.44
0.02545 2 0.48
0.02546 2 0.44
0.02547 2 0.4
0.02548 2 0.44
0.02549 2 0.48
0.0255 2 0.48
0.02551 1.92 0.44
0.02552 2 0.44
0.02553 2 0.44
0.02554 2 0.44
0.02555 2.04 0.44
0.02556 2 0.44
0.02557 2 0.48
0.02558 2.04 0.44
0.02559 2.04 0.44
0.0256 2.04 0.48
0.02561 2.04 0.44
0.02562 2.04 0.44
0.02563 2.04 0.44
0.02564 2.04 0.44
0.02565 2.04 0.44
0.02566 2.04 0.48
0.02567 2.04 0.48
0.02568 2.08 0.44
0.02569 2.08 0.4
0.0257 2.04 0.48
0.02571 2.08 0.44
0.02572 2.08 0.44
0.02573 2.04 0.44
0.02574 2.08 0.48
0.02575 2.04 0.48
0.02576 2.08 0.44
0.02577 2.04 0.48
0.02578 2.08 0.44
0.02579 2.08 0.44
0.0258 2.12 0.4
0.02581 2.12 0.48
0.02582 2.12 0.48
0.02583 2.08 0.44
0.02584 2.08 0.44
0.02585 2.12 0.44
0.02586 2.12 0.48
0.02587 2.12 0.48
0.02588 2.16 0.48
0.02589 2.08 0.4
0.0259 2.12 0.44
0.02591 2.12 0.44
0.02592 2.12 0.48
0.02593 2.16 0.48
0.02594 2.16 0.48
0.02595 2.16 0.44
0.02596 2.12 0.44
0.02597 2.16 0.48
0.02598 2.12 0.48
0.02599 2.16 0.48
0.026 2.16 0.44
0.02601 2.16 0.4
0.02602 2.16 0.48
0.02603 2.16 0.44
0.02604 2.16 0.44
0.02605 2.2 0.44
0.02606 2.16 0.44
0.02607 2.2 0.4
0.02608 2.16 0.48
0.02609 2.16 0.44
0.0261 2.2 0.44
0.02611 2.2 0.44
0.02612 2.2 0.48
0.02613 2.2 0.44
0.02614 2.2 0.48
0.02615 2.2 0.44
0.02616 2.2 0.44
0.02617 2.2 0.44
0.02618 2.2 0.48
0.02619 2.2 0.44
0.0262 2.2 0.44
0.02621 2.2 0.44
0.02622 2.2 0.48
0.02623 2.24 0.48
0.02624 2.24 0.44
0.02625 2.24 0.48
0.02626 2.24 0.48
0.02627 2.24 0.44
0.02628 2.24 0.44
0.02629 2.24 0.48
0.0263 2.24 0.48
0.02631 2.24 0.48
0.02632 2.24 0.44
0.02633 2.24 0.44
0.02634 2.24 0.44
0.02635 2.24 0.48
0.02636 2.28 0.44
0.02637 2.28 0.44
0.02638 2.24 0.4
0.02639 2.28 0.44
0.0264 2.28 0.44
0.02641 2.28 0.44
0.02642 2.28 0.44
0.02643 2.28 0.4
0.02644 2.28 0.4
0.02645 2.28 0.44
0.02646 2.28 0.48
0.02647 2.28 0.44
0.02648 2.32 0.44
0.02649 2.32 0.44
0.0265 2.32 0.48
0.02651 2.32 0.44
0.02652 2.32 0.44
0.02653 2.32 0.44
0.02654 2.28 0.4
0.02655 2.32 0.48
0.02656 2.36 0.44
0.02657 2.36 0.44
0.02658 2.32 0.44
0.02659 2.32 0.4
0.0266 2.32 0.44
0.02661 2.36 0.44
0.02662 2.36 0.44
0.02663 2.36 0.44
0.02664 2.36 0.48
0.02665 2.36 0.44
0.02666 2.36 0.44
0.02667 2.36 0.48
0.02668 2.36 0.48
0.02669 2.36 0.44
0.0267 2.36 0.44
0.02671 2.36 0.48
0.02672 2.36 0.48
0.02673 2.36 0.44
0.02674 2.4 0.44
0.02675 2.4 0.44
0.02676 2.4 0.48
0.02677 2.4 0.44
0.02678 2.36 0.48
0.02679 2.4 0.44
0.0268 2.4 0.4
0.02681 2.44 0.48
0.02682 2.4 0.48
0.02683 2.4 0.48
0.02684 2.44 0.44
0.02685 2.44 0.44
0.02686 2.44 0.4
0.02687 2.4 0.48
0.02688 2.44 0.48
0.02689 2.44 0.4
0.0269 2.44 0.44
0.02691 2.44 0.44
0.02692 2.44 0.48
0.02693 2.44 0.44
0.02694 2.44 0.44
0.02695 2.44 0.44
0.02696 2.44 0.44
0.02697 2.44 0.44
0.02698 2.48 0.44
0.02699 2.44 0.44
0.027 2.44 0.48
0.02701 2.48 0.44
0.02702 2.48 0.48
0.02703 2.44 0.44
0.02704 2.48 0.48
0.02705 2.48 0.48
0.02706 2.48 0.4
0.02707 2.52 0.44
0.02708 2.52 0.48
0.02709 2.52 0.48
0.0271 2.52 0.44
0.02711 2.52 0.44
0.02712 2.52 0.44
0.02713 2.52 0.44
0.02714 2.52 0.44
0.02715 2.52 0.44
0.02716 2.52 0.44
0.02717 2.52 0.44
0.02718 2.52 0.44
0.02719 2.56 0.48
0.0272 2.52 0.44
0.02721 2.56 0.44
0.02722 2.24 0.44
0.02723 0 0.48
0.02724 0 0.48
0.02725 0 0.48
0.02726 0 0.44
0.02727 0 0.44
0.02728 0 0.44
0.02729 0 0.44
0.0273 0 0.48
0.02731 0.04 0.48
0.02732 0.04 0.44
0.02733 0.04 0.4
0.02734 0.04 0.44
0.02735 0.04 0.44
0.02736 0.04 0.48
0.02737 0.04 0.44
0.02738 0.04 0.44
0.02739 0.04 0.44
0.0274 0.08 0.48
0.02741 0.04 0.44
0.02742 0.04 0.44
0.02743 0.08 0.44
0.02744 0.08 0.48
0.02745 0.08 0.48
0.02746 0.08 0.44
0.02747 0.08 0.44
0.02748 0.08 0.48
0.02749 0.08 0.44
0.0275 0.08 0.44
0.02751 0.08 0.48
0.02752 0.12 0.44
0.02753 0.12 0.48
0.02754 0.12 0.4
0.02755 0.12 0.48
0.02756 0.08 0.48
0.02757 0.12 0.48
0.02758 0.12 0.44
0.02759 0.12 0.4
0.0276 0.12 0.44
0.02761 0.12 0.48
0.02762 0.12 0.48
0.02763 0.12 0.44
0.02764 0.12 0.44
0.02765 0.16 0.4
0.02766 0.12 0.44
0.02767 0.12 0.48
0.02768 0.16 0.48
0.02769 0.12 0.44
0.0277 0.12 0.48
0.02771 0.16 0.44
0.02772 0.16 0.44
0.02773 0.16 0.48
0.02774 0.16 0.44
0.02775 0.16 0.44
0.02776 0.16 0.48
0.02777 0.2 0.48
0.02778 0.16 0.48
0.02779 0.16 0.4
0.0278 0.16 0.44
0.02781 0.2 0.48
0.02782 0.2 0.48
0.02783 0.2 0.44
0.02784 0.16 0.48
0.02785 0.2 0.44
0.02786 0.2 0.44
0.02787 0.2 0.48
0.02788 0.2 0.48
0.02789 0.2 0.44
0.0279 0.24 0.48
0.02791 0.24 0.48
0.02792 0.2 0.44
0.02793 0.28 0.48
0.02794 0.24 0.44
0.02795 0.24 0.44
0.02796 0.24 0.44
0.02797 0.24 0.48
0.02798 0.24 0.48
0.02799 0.28 0.48
0.028 0.28 0.44
0.02801 0.28 0.44
0.02802 0.28 0.48
0.02803 0.28 0.44
0.02804 0.28 0.48
0.02805 0.28 0.48
0.02806 0.28 0.44
0.02807 0.28 0.44
0.02808 0.28 0.44
0.02809 0.28 0.48
0.0281 0.28 0.48
0.02811 0.28 0.44
0.02812 0.28 0.44
0.02813 0.28 0.44
0.02814 0.32 0.48
0.02815 0.32 0.48
0.02816 0.28 0.44
0.02817 0.32 0.44
0.02818 0.32 0.48
0.02819 0.28 0.48
0.0282 0.32 0.48
0.02821 0.32 0.44
0.02822 0.36 0.44
0.02823 0.32 0.44
0.02824 0.32 0.48
0.02825 0.32 0.44
0.02826 0.36 0.48
0.02827 0.36 0.44
0.02828 0.32 0.4
0.02829 0.36 0.48
0.0283 0.32 0.48
0.02831 0.36 0.44
0.02832 0.36 0.44
0.02833 0.4 0.48
0.02834 0.32 0.48
0.02835 0.36 0.48
0.02836 0.4 0.44
0.02837 0.4 0.44
0.02838 0.4 0.44
0.02839 0.4 0.44
0.0284 0.36 0.44
0.02841 0.4 0.48
0.02842 0.4 0.48
0.02843 0.44 0.48
0.02844 0.4 0.48
0.02845 0.4 0.44
0.02846 0.4 0.48
0.02847 0.4 0.48
0.02848 0.44 0.44
0.02849 0.4 0.4
0.0285 0.44 0.48
0.02851 0.4 0.48
0.02852 0.44 0.48
0.02853 0.44 0.44
0.02854 0.44 0.44
0.02855 0.44 0.44
0.02856 0.44 0.48
0.02857 0.44 0.48
0.02858 0.44 0.48
0.02859 0.44 0.44
0.0286 0.44 0.44
0.02861 0.48 0.48
0.02862 0.44 0.48
0.02863 0.44 0.44
0.02864 0.48 0.4
0.02865 0.48 0.48
0.02866 0.48 0.48
0.02867 0.48 0.48
0.02868 0.44 0.48
0.02869 0.48 0.44
0.0287 0.48 0.44
0.02871 0.48 0.48
0.02872 0.48 0.44
0.02873 0.52 0.48
0.02874 0.48 0.48
0.02875 0.48 0.48
0.02876 0.52 0.44
0.02877 0.52 0.48
0.02878 0.52 0.44
0.02879 0.52 0.44
0.0288 0.52 0.44
0.02881 0.52 0.48
0.02882 0.52 0.48
0.02883 0.52 0.48
0.02884 0.52 0.48
0.02885 0.56 0.48
0.02886 0.52 0.44
0.02887 0.56 0.48
0.02888 0.56 0.48
0.02889 0.56 0.48
0.0289 0.56 0.44
0.02891 0.56 0.48
0.02892 0.56 0.44
0.02893 0.56 0.48
0.02894 0.56 0.48
0.02895 0.56 0.44
0.02896 0.56 0.44
0.02897 0.6 0.48
0.02898 0.6 0.44
0.02899 0.56 0.48
0.029 0.6 0.44
0.02901 0.6 0.4
0.02902 0.6 0.44
0.02903 0.6 0.48
0.02904 0.6 0.48
0.02905 0.6 0.48
0.02906 0.64 0.48
0.02907 0.6 0.44
0.02908 0.6 0.48
0.02909 0.6 0.44
0.0291 0.64 0.48
0.02911 0.6 0.48
0.02912 0.64 0.44
0.02913 0.64 0.48
0.02914 0.64 0.44
0.02915 0.64 0.48
0.02916 0.64 0.44
0.02917 0.64 0.44
0.02918 0.64 0.44
0.02919 0.64 0.44
0.0292 0.68 0.48
0.02921 0.68 0.48
0.02922 0.68 0.44
0.02923 0.64 0.44
0.02924 0.68 0.44
0.02925 0.64 0.44
0.02926 0.68 0.44
0.02927 0.68 0.44
0.02928 0.68 0.4
0.02929 0.68 0.44
0.0293 0.68 0.48
0.02931 0.72 0.44
0.02932 0.72 0.48
0.02933 0.72 0.48
0.02934 0.72 0.44
0.02935 0.72 0.44
0.02936 0.72 0.48
0.02937 0.72 0.44
0.02938 0.72 0.4
0.02939 0.72 0.44
0.0294 0.72 0.44
0.02941 0.76 0.4
0.02942 0.76 0.48
0.02943 0.76 0.4
0.02944 0.76 0.44
0.02945 0.76 0.44
0.02946 0.76 0.44
0.02947 0.76 0.48
0.02948 0.76 0.44
0.02949 0.76 0.48
0.0295 0.76 0.44
0.02951 0.76 0.44
0.02952 0.76 0.48
0.02953 0.76 0.44
0.02954 0.76 0.4
0.02955 0.8 0.44
0.02956 0.76 0.44
0.02957 0.8 0.48
0.02958 0.76 0.44
0.02959 0.8 0.44
0.0296 0.76 0.48
0.02961 0.84 0.44
0.02962 0.8 0.48
0.02963 0.8 0.44
0.02964 0.8 0.44
0.02965 0.8 0.44
0.02966 0.84 0.48
0.02967 0.8 0.44
0.02968 0.8 0.44
0.02969 0.84 0.48
0.0297 0.84 0.44
0.02971 0.8 0.44
0.02972 0.84 0.44
0.02973 0.84 0.48
0.02974 0.84 0.44
0.02975 0.84 0.44
0.02976 0.84 0.44
0.02977 0.84 0.48
0.02978 0.84 0.48
0.02979 0.84 0.44
0.0298 0.84 0.48
0.02981 0.84 0.44
0.02982 0.88 0.44
0.02983 0.88 0.48
0.02984 0.88 0.48
0.02985 0.88 0.44
0.02986 0.88 0.48
0.02987 0.88 0.44
0.02988 0.88 0.44
0.02989 0.92 0.48
0.0299 0.92 0.44
0.02991 0.88 0.44
0.02992 0.88 0.44
0.02993 0.92 0.44
0.02994 0.92 0.48
0.02995 0.92 0.44
0.02996 0.92 0.44
0.02997 0.92 0.44
0.02998 0.92 0.44
0.02999 0.92 0.44
0.03 0.92 0.48
0.03001 0.92 0.48
0.03002 0.92 0.48
0.03003 0.92 0.48
0.03004 0.96 0.48
0.03005 0.92 0.44
0.03006 0.96 0.48
0.03007 0.92 0.4
0.03008 0.92 0.44
0.03009 0.96 0.48
0.0301 0.96 0.44
0.03011 0.96 0.44
0.03012 0.96 0.4
0.03013 0.96 0.48
0.03014 0.96 0.44
0.03015 1 0.48
0.03016 0.96 0.44
0.03017 0.96 0.44
0.03018 0.96 0.44
0.03019 1 0.48
0.0302 0.96 0.48
0.03021 0.96 0.44
0.03022 1 0.4
0.03023 1 0.44
0.03024 1 0.48
0.03025 1 0.48
0.03026 1 0.48
0.03027 1 0.44
0.03028 1 0.44
0.03029 1 0.4
0.0303 1 0.44
0.03031 1.04 0.44
0.03032 1.04 0.44
0.03033 1.04 0.48
0.03034 1.04 0.44
0.03035 1.04 0.44
0.03036 1.04 0.44
0.03037 1.04 0.48
0.03038 1.04 0.48
0.03039 1.04 0.44
0.0304 1.08 0.44
0.03041 1.04 0.48
0.03042 1.04 0.48
0.03043 1.08 0.44
0.03044 1.08 0.44
0.03045 1.08 0.48
0.03046 1.08 0.44
0.03047 1.08 0.44
0.03048 1.08 0.48
0.03049 1.08 0.44
0.0305 1.08 0.4
0.03051 1.12 0.44
0.03052 1.08 0.48
0.03053 1.12 0.44
0.03054 1.12 0.44
0.03055 1.08 0.4
0.03056 1.08 0.48
0.03057 1.08 0.48
0.03058 1.12 0.44
0.03059 1.12 0.44
0.0306 1.08 0.44
0.03061 1.12 0.44
0.03062 1.12 0.44
0.03063 1.12 0.48
0.03064 1.16 0.48
0.03065 1.12 0.48
0.03066 1.12 0.44
0.03067 1.12 0.48
0.03068 1.16 0.48
0.03069 1.16 0.44
0.0307 1.16 0.44
0.03071 1.16 0.44
0.03072 1.16 0.44
0.03073 1.16 0.44
0.03074 1.16 0.44
0.03075 1.16 0.44
0.03076 1.16 0.44
0.03077 1.16 0.48
0.03078 1.2 0.48
0.03079 1.16 0.44
0.0308 1.2 0.44
0.03081 1.2 0.4
0.03082 1.16 0.44
0.03083 1.2 0.48
0.03084 1.2 0.48
0.03085 1.2 0.44
0.03086 1.2 0.44
0.03087 1.2 0.48
0.03088 1.24 0.44
0.03089 1.24 0.44
0.0309 1.24 0.44
0.03091 1.24 0.44
0.03092 1.2 0.44
0.03093 1.28 0.48
0.03094 1.24 0.48
0.03095 1.24 0.44
0.03096 1.28 0.4
0.03097 1.24 0.44
0.03098 1.24 0.48
0.03099 1.28 0.48
0.031 1.24 0.48
0.03101 1.24 0.44
0.03102 1.28 0.4
0.03103 1.24 0.48
0.03104 1.24 0.48
0.03105 1.28 0.48
0.03106 1.28 0.44
0.03107 1.28 0.44
0.03108 1.28 0.48
0.03109 1.28 0.4
0.0311 1.28 0.48
0.03111 1.28 4.36
0.03112 1.28 4.4
0.03113 1.28 0.44
0.03114 1.28 0.44
0.03115 1.28 0.44
0.03116 1.28 0.48
0.03117 1.32 0.44
0.03118 1.32 0.44
0.03119 1.32 0.44
0.0312 1.32 0.44
0.03121 1.28 0.48
0.03122 1.32 0.52
0.03123 1.32 0.44
0.03124 1.32 0.44
0.03125 1.36 0.48
0.03126 1.36 0.44
0.03127 1.36 0.44
0.03128 1.32 0.44
0.03129 1.36 0.4
0.0313 1.36 0.44
0.03131 1.36 0.44
0.03132 1.36 0.48
0.03133 1.36 0.44
0.03134 1.36 0.44
0.03135 1.36 0.44
0.03136 1.4 0.44
0.03137 1.4 0.48
0.03138 1.4 0.44
0.03139 1.36 0.4
0.0314 1.36 0.44
0.03141 1.4 0.48
0.03142 1.4 0.4
0.03143 1.4 0.44
0.03144 1.4 0.44
0.03145 1.4 0.44
0.03146 1.4 0.44
0.03147 1.4 0.44
0.03148 1.4 0.44
0.03149 1.4 0.44
0.0315 1.4 0.44
0.03151 1.44 0.48
0.03152 1.4 0.48
0.03153 1.4 0.44
0.03154 1.44 0.48
0.03155 1.4 0.44
0.03156 1.44 0.44
0.03157 1.44 0.48
0.03158 1.4 0.48
0.03159 1.48 0.44
0.0316 1.44 0.4
0.03161 1.44 0.44
0.03162 1.44 0.44
0.03163 1.48 0.44
0.03164 1.44 0.48
0.03165 1.44 0.4
0.03166 1.48 0.44
0.03167 1.48 0.48
0.03168 1.48 0.48
0.03169 1.48 0.44
0.0317 1.48 0.4
0.03171 1.48 0.44
0.03172 1.48 0.44
0.03173 1.48 0.48
0.03174 1.48 0.44
0.03175 1.52 0.44
0.03176 1.48 0.4
0.03177 1.48 0.48
0.03178 1.52 0.48
0.03179 1.52 0.44
0.0318 1.52 0.44
0.03181 1.52 0.44
0.03182 1.48 0.4
0.03183 1.52 0.48
0.03184 1.52 0.48
0.03185 1.56 0.44
0.03186 1.52 0.44
0.03187 1.52 0.48
0.03188 1.56 0.44
0.03189 1.56 0.48
0.0319 1.52 0.44
0.03191 1.56 0.44
0.03192 1.56 0.44
0.03193 1.56 0.44
0.03194 1.56 0.44
0.03195 1.56 0.48
0.03196 1.56 0.48
0.03197 1.56 0.44
0.03198 1.56 0.44
0.03199 1.56 0.48
0.032 1.56 0.44
0.03201 1.56 0.44
0.03202 1.56 0.44
0.03203 1.56 0.4
0.03204 1.56 0.48
0.03205 1.6 0.48
0.03206 1.6 0.44
0.03207 1.6 0.44
0.03208 1.6 0.44
0.03209 1.56 0.44
0.0321 1.56 0.48
0.03211 1.6 0.48
0.03212 1.6 0.48
0.03213 1.6 0.44
0.03214 1.6 0.44
0.03215 1.6 0.48
0.03216 1.6 0.48
0.03217 1.6 0.48
0.03218 1.64 0.44
0.03219 1.64 0.44
0.0322 1.64 0.48
0.03221 1.64 0.44
0.03222 1.64 0.44
0.03223 1.64 0.4
0.03224 1.64 0.4
0.03225 1.64 0.48
0.03226 1.64 0.44
0.03227 1.64 0.44
0.03228 1.68 0.44
0.03229 1.68 0.44
0.0323 1.68 0.44
0.03231 1.72 0.44
0.03232 1.68 0.48
0.03233 1.68 0.44
0.03234 1.72 0.44
0.03235 1.68 0.44
0.03236 1.64 0.48
0.03237 1.64 0.48
0.03238 1.68 0.4
0.03239 1.72 0.4
0.0324 1.68 0.48
0.03241 1.68 0.48
0.03242 1.72 0.44
0.03243 1.72 0.48
0.03244 1.72 0.48
0.03245 1.72 0.4
0.03246 1.72 0.48
0.03247 1.72 0.48
0.03248 1.72 0.48
0.03249 1.72 0.48
0.0325 1.72 0.4
0.03251 1.72 0.44
0.03252 1.72 0.44
0.03253 1.72 0.48
0.03254 1.76 0.48
0.03255 1.76 0.44
0.03256 1.72 0.44
0.03257 1.76 0.48
0.03258 1.76 0.48
0.03259 1.76 0.48
0.0326 1.76 0.44
0.03261 1.76 0.48
0.03262 1.76 0.44
0.03263 1.76 0.44
0.03264 1.76 0.44
0.03265 1.76 0.44
0.03266 1.8 0.44
0.03267 1.76 0.44
0.03268 1.76 0.48
0.03269 1.76 0.48
0.0327 1.76 0.44
0.03271 1.8 0.4
0.03272 1.76 0.44
0.03273 1.8 0.48
0.03274 1.8 0.48
0.03275 1.8 0.44
0.03276 1.8 0.44
0.03277 1.8 0.44
0.03278 1.84 0.48
0.03279 1.8 0.48
0.0328 1.8 0.44
0.03281 1.8 0.48
0.03282 1.8 0.44
0.03283 1.84 0.44
0.03284 1.84 0.48
0.03285 1.8 0.48
0.03286 1.84 0.44
0.03287 1.88 0.44
0.03288 1.88 0.44
0.03289 1.84 0.48
0.0329 1.88 0.48
0.03291 1.84 0.44
0.03292 1.88 0.4
0.03293 1.88 0.48
0.03294 1.84 0.48
0.03295 1.88 0.44
0.03296 1.88 0.48
0.03297 1.88 0.44
0.03298 1.84 0.44
0.03299 1.88 0.44
0.033 1.88 0.44
0.03301 1.88 0.44
0.03302 1.88 0.44
0.03303 1.88 0.44
0.03304 1.92 0.48
0.03305 1.92 0.48
0.03306 1.88 0.44
0.03307 1.88 0.44
0.03308 1.92 0.44
0.03309 1.88 0.44
0.0331 1.92 0.48
0.03311 1.92 0.48
0.03312 1.92 0.44
0.03313 1.92 0.44
0.03314 1.92 0.44
0.03315 1.96 0.44
0.03316 1.96 0.48
0.03317 1.96 0.44
0.03318 1.96 0.44
0.03319 1.96 0.44
0.0332 1.96 0.48
0.03321 1.96 0.48
0.03322 1.96 0.44
0.03323 1.96 0.44
0.03324 2 0.4
0.03325 1.92 0.44
0.03326 2 0.48
0.03327 2 0.44
0.03328 1.96 0.44
0.03329 1.96 0.44
0.0333 2 0.44
0.03331 2 0.48
0.03332 2 0.48
0.03333 2.04 0.48
0.03334 2 0.44
0.03335 2 0.48
0.03336 2.04 0.48
0.03337 2.04 0.44
0.03338 2.04 0.44
0.03339 2.04 0.48
0.0334 2.04 0.44
0.03341 2.04 0.44
0.03342 2.04 0.48
0.03343 2.04 0.48
0.03344 2.04 0.44
0.03345 2.04 0.4
0.03346 2.04 0.48
0.03347 2.04 0.52
0.03348 2.04 0.44
0.03349 2.04 0.44
0.0335 2.04 0.44
0.03351 2.08 0.48
0.03352 2.08 0.44
0.03353 2.08 0.44
0.03354 2.08 0.44
0.03355 2.08 0.44
0.03356 2.08 0.44
0.03357 2.08 0.48
0.03358 2.08 0.48
0.03359 2.12 0.48
0.0336 2.08 0.44
0.03361 2.08 0.44
0.03362 2.12 0.44
0.03363 2.08 0.48
0.03364 2.12 0.48
0.03365 2.08 0.44
0.03366 2.12 0.48
0.03367 2.12 0.48
0.03368 2.12 0.48
0.03369 2.12 0.44
0.0337 2.12 0.48
0.03371 2.12 0.44
0.03372 2.12 0.48
0.03373 2.12 0.48
0.03374 2.12 0.44
0.03375 2.12 0.48
0.03376 2.16 0.48
0.03377 2.12 0.44
0.03378 2.16 0.48
0.03379 2.16 0.48
0.0338 2.16 0.48
0.03381 2.16 0.44
0.03382 2.16 0.48
0.03383 2.16 0.44
0.03384 2.16 0.48
0.03385 2.2 0.48
0.03386 2.16 0.44
0.03387 2.16 0.44
0.03388 2.2 0.44
0.03389 2.2 0.48
0.0339 2.16 0.48
0.03391 2.2 0.44
0.03392 2.2 0.44
0.03393 2.16 0.44
0.03394 2.24 0.44
0.03395 2.2 0.48
0.03396 2.2 0.44
0.03397 2.2 0.4
0.03398 2.2 0.4
0.03399 2.2 0.48
0.034 2.24 0.48
0.03401 2.24 0.44
0.03402 2.24 0.44
0.03403 2.24 0.44
0.03404 2.24 0.48
0.03405 2.24 0.48
0.03406 2.24 0.48
0.03407 2.2 0.48
0.03408 2.24 0.44
0.03409 2.24 0.44
0.0341 2.24 0.48
0.03411 2.24 0.48
0.03412 2.28 0.4
0.03413 2.28 0.44
0.03414 2.28 0.44
0.03415 2.28 0.44
0.03416 2.28 0.48
0.03417 2.24 0.44
0.03418 2.28 0.4
0.03419 2.28 0.44
0.0342 2.28 0.44
0.03421 2.28 0.44
0.03422 2.28 0.44
0.03423 2.28 0.44
0.03424 2.28 0.44
0.03425 2.28 0.4
0.03426 2.32 0.48
0.03427 2.28 0.48
0.03428 2.32 0.44
0.03429 2.32 0.4
0.0343 2.28 0.4
0.03431 2.32 0.48
0.03432 2.32 0.48
0.03433 2.32 0.44
0.03434 2.32 0.44
0.03435 2.32 0.44
0.03436 2.32 0.44
0.03437 2.36 0.48
0.03438 2.36 0.48
0.03439 2.32 0.44
0.0344 2.36 0.44
0.03441 2.32 0.48
0.03442 2.36 0.48
0.03443 2.36 0.48
0.03444 2.36 0.44
0.03445 2.36 0.44
0.03446 2.36 0.44
0.03447 2.36 0.48
0.03448 2.36 0.48
0.03449 2.36 0.44
0.0345 2.4 0.44
0.03451 2.36 0.4
0.03452 2.36 0.48
0.03453 2.36 0.44
0.03454 2.36 0.44
0.03455 2.4 0.4
0.03456 2.4 0.4
0.03457 2.4 0.44
0.03458 2.4 0.48
0.03459 2.4 0.44
0.0346 2.4 0.48
0.03461 2.4 0.44
0.03462 2.4 0.48
0.03463 2.44 0.48
0.03464 2.44 0.44
0.03465 2.44 0.4
0.03466 2.4 0.44
0.03467 2.4 0.44
0.03468 2.44 0.44
0.03469 2.44 0.48
0.0347 2.44 0.48
0.03471 2.44 0.44
0.03472 2.44 0.44
0.03473 2.44 0.44
0.03474 2.44 0.44
0.03475 2.44 0.44
0.03476 2.44 0.48
0.03477 2.44 0.4
0.03478 2.48 0.4
0.03479 2.48 0.44
0.0348 2.48 0.44
0.03481 2.48 0.44
0.03482 2.48 0.44
0.03483 2.52 0.48
0.03484 2.48 0.48
0.03485 2.48 0.48
0.03486 2.48 0.48
0.03487 2.48 0.44
0.03488 2.48 0.48
0.03489 2.52 0.48
0.0349 2.52 0.48
0.03491 2.52 0.44
0.03492 2.48 0.44
0.03493 2.48 0.44
0.03494 2.52 0.44
0.03495 2.52 0.44
0.03496 2.52 0.44
0.03497 2.48 0.44
0.03498 2.52 0.44
0.03499 2.52 0.4
0.035 2.52 0.48
0.03501 2.52 0.44
0.03502 2.56 0.44
0.03503 2.52 0.44
0.03504 0 0.44
0.03505 0 0.52
0.03506 0 0.48
0.03507 0 0.44
0.03508 0 0.4
0.03509 0.04 0.44
0.0351 0 0.44
0.03511 0 0.44
0.03512 0 0.44
0.03513 0.04 0.44
0.03514 0 0.44
0.03515 0 0.44
0.03516 0.04 0.44
0.03517 0.04 0.44
0.03518 0.04 0.44
0.03519 0.04 0.4
0.0352 0.08 0.44
0.03521 0.04 0.48
0.03522 0.08 0.48
0.03523 0.08 0.44
0.03524 0.04 0.48
0.03525 0.08 0.44
0.03526 0.08 0.44
0.03527 0.08 0.48
0.03528 0.12 0.48
0.03529 0.08 0.44
0.0353 0.08 0.44
0.03531 0.12 0.48
0.03532 0.12 0.44
0.03533 0.08 0.48
0.03534 0.12 0.48
0.03535 0.12 0.44
0.03536 0.12 0.44
0.03537 0.12 0.44
0.03538 0.12 0.44
0.03539 0.12 0.44
0.0354 0.12 0.44
0.03541 0.12 0.48
0.03542 0.12 0.48
0.03543 0.12 0.48
0.03544 0.16 0.48
0.03545 0.16 0.44
0.03546 0.12 0.44
0.03547 0.12 0.48
0.03548 0.12 0.48
0.03549 0.12 0.44
0.0355 0.16 0.44
0.03551 0.16 0.48
0.03552 0.12 0.48
0.03553 0.16 0.44
0.03554 0.16 0.48
0.03555 0.16 0.4
0.03556 0.2 0.44
0.03557 0.16 0.44
0.03558 0.16 0.48
0.03559 0.16 0.48
0.0356 0.16 0.44
0.03561 0.2 0.44
0.03562 0.16 0.44
0.03563 0.2 0.48
0.03564 0.2 0.44
0.03565 0.2 0.44
0.03566 0.2 0.44
0.03567 0.2 0.44
0.03568 0.24 0.48
0.03569 0.2 0.48
0.0357 0.24 0.44
0.03571 0.24 0.44
0.03572 0.24 0.44
0.03573 0.24 0.44
0.03574 0.28 0.52
0.03575 0.24 0.44
0.03576 0.24 0.4
0.03577 0.24 0.44
0.03578 0.28 0.44
0.03579 0.24 0.48
0.0358 0.24 0.44
0.03581 0.28 0.44
0.03582 0.24 0.48
0.03583 0.28 0.44
0.03584 0.28 0.48
0.03585 0.28 0.48
0.03586 0.28 0.44
0.03587 0.28 0.44
0.03588 0.28 0.44
0.03589 0.28 0.44
0.0359 0.28 0.48
0.03591 0.28 0.44
0.03592 0.28 0.44
0.03593 0.32 0.44
0.03594 0.28 0.44
0.03595 0.28 0.48
0.03596 0.32 0.44
0.03597 0.32 0.44
0.03598 0.32 0.44
0.03599 0.32 0.44
0.036 0.32 0.48
0.03601 0.32 0.44
0.03602 0.32 0.48
0.03603 0.32 0.44
0.03604 0.32 0.44
0.03605 0.36 0.44
0.03606 0.36 0.44
0.03607 0.36 0.48
0.03608 0.32 0.44
0.03609 0.36 0.44
0.0361 0.32 0.48
0.03611 0.36 0.48
0.03612 0.36 0.44
0.03613 0.36 0.4
0.03614 0.36 0.44
0.03615 0.4 0.48
0.03616 0.36 0.48
0.03617 0.4 0.48
0.03618 0.4 0.44
0.03619 0.36 0.44
0.0362 0.4 0.44
0.03621 0.4 0.48
0.03622 0.4 0.48
0.03623 0.4 0.44
0.03624 0.4 0.44
0.03625 0.4 0.4
0.03626 0.44 0.48
0.03627 0.44 0.48
0.03628 0.4 0.44
0.03629 0.44 0.44
0.0363 0.4 0.44
0.03631 0.4 0.48
0.03632 0.44 0.44
0.03633 0.44 0.48
0.03634 0.44 0.48
0.03635 0.44 0.48
0.03636 0.44 0.48
0.03637 0.44 0.44
0.03638 0.48 0.48
0.03639 0.44 0.48
0.0364 0.44 0.44
0.03641 0.44 0.44
0.03642 0.44 0.48
0.03643 0.44 0.48
0.03644 0.44 0.44
0.03645 0.48 0.44
0.03646 0.48 0.4
0.03647 0.48 0.48
0.03648 0.48 0.48
0.03649 0.48 0.44
0.0365 0.48 0.44
0.03651 0.48 0.44
0.03652 0.52 0.48
0.03653 0.52 0.48
0.03654 0.52 0.48
0.03655 0.52 0.48
0.03656 0.52 0.44
0.03657 0.48 0.48
0.03658 0.52 0.48
0.03659 0.52 0.48
0.0366 0.52 0.44
0.03661 0.56 0.44
0.03662 0.52 0.44
0.03663 0.52 0.44
0.03664 0.52 0.44
0.03665 0.52 0.48
0.03666 0.52 0.44
0.03667 0.56 0.44
0.03668 0.56 0.48
0.03669 0.6 0.48
0.0367 0.56 0.48
0.03671 0.52 0.48
0.03672 0.56 0.44
0.03673 0.56 0.44
0.03674 0.56 0.44
0.03675 0.56 0.48
0.03676 0.56 0.48
0.03677 0.6 0.44
0.03678 0.56 0.44
0.03679 0.6 0.48
0.0368 0.6 0.52
0.03681 0.6 0.44
0.03682 0.6 0.44
0.03683 0.6 0.48
0.03684 0.64 0.48
0.03685 0.6 0.48
0.03686 0.6 0.48
0.03687 0.64 0.48
0.03688 0.6 0.44
0.03689 0.6 0.48
0.0369 0.64 0.48
0.03691 0.6 0.48
0.03692 0.64 0.48
0.03693 0.64 0.48
0.03694 0.64 0.44
0.03695 0.64 0.48
0.03696 0.64 0.44
0.03697 0.64 0.48
0.03698 0.64 0.44
0.03699 0.68 0.48
0.037 0.68 0.48
0.03701 0.64 0.48
0.03702 0.68 0.44
0.03703 0.68 0.44
0.03704 0.68 0.44
0.03705 0.68 0.48
0.03706 0.68 0.48
0.03707 0.68 0.44
0.03708 0.68 0.44
0.03709 0.68 0.44
0.0371 0.68 0.44
0.03711 0.72 0.48
0.03712 0.72 0.44
0.03713 0.72 0.44
0.03714 0.72 0.44
0.03715 0.72 0.44
0.03716 0.72 0.48
0.03717 0.72 0.48
0.03718 0.72 0.44
0.03719 0.72 0.44
0.0372 0.72 0.44
0.03721 0.72 0.44
0.03722 0.76 0.48
0.03723 0.76 0.48
0.03724 0.76 0.44
0.03725 0.76 0.44
0.03726 0.76 0.44
0.03727 0.76 0.48
0.03728 0.76 0.44
0.03729 0.76 0.48
0.0373 0.76 0.44
0.03731 0.76 0.44
0.03732 0.76 0.44
0.03733 0.76 0.48
0.03734 0.76 0.44
0.03735 0.76 0.4
0.03736 0.76 0.48
0.03737 0.76 0.48
0.03738 0.8 0.48
0.03739 0.76 0.48
0.0374 0.76 0.48
0.03741 0.8 0.44
0.03742 0.8 0.44
0.03743 0.8 0.48
0.03744 0.8 0.48
0.03745 0.76 0.48
0.03746 0.8 0.48
0.03747 0.84 0.48
0.03748 0.8 0.44
0.03749 0.84 0.48
0.0375 0.8 0.44
0.03751 0.84 0.48
0.03752 0.8 0.48
0.03753 0.8 0.48
0.03754 0.84 0.48
0.03755 0.88 0.48
0.03756 0.84 0.44
0.03757 0.84 0.44
0.03758 0.84 0.48
0.03759 0.84 0.48
0.0376 0.88 0.48
0.03761 0.88 0.48
0.03762 0.88 0.44
0.03763 0.88 0.44
0.03764 0.88 0.48
0.03765 0.84 0.44
0.03766 0.92 0.48
0.03767 0.88 0.44
0.03768 0.88 0.48
0.03769 0.92 0.48
0.0377 0.88 0.4
0.03771 0.92 0.44
0.03772 0.92 0.44
0.03773 0.92 0.48
0.03774 0.92 0.48
0.03775 0.92 0.48
0.03776 0.92 0.48
0.03777 0.92 0.48
0.03778 0.92 0.44
0.03779 0.92 0.44
0.0378 0.92 0.48
0.03781 0.92 0.44
0.03782 0.92 0.44
0.03783 0.92 0.44
0.03784 0.92 0.48
0.03785 0.92 0.52
0.03786 0.92 0.48
0.03787 0.92 0.44
0.03788 0.96 0.4
0.03789 0.96 0.44
0.0379 0.96 0.48
0.03791 0.96 0.44
0.03792 0.96 0.48
0.03793 0.96 0.44
0.03794 0.96 0.44
0.03795 0.96 0.44
0.03796 0.96 0.48
0.03797 0.96 0.44
0.03798 1 0.44
0.03799 1 0.44
0.038 0.96 0.48
0.03801 1 0.48
0.03802 1 0.44
0.03803 1 0.44
0.03804 1 0.44
0.03805 1 0.44
0.03806 1 0.44
0.03807 1 0.44
0.03808 1 0.44
0.03809 1.04 0.44
0.0381 1.04 0.48
0.03811 1.04 0.44
0.03812 1.04 0.48
0.03813 1.08 0.44
0.03814 1 0.48
0.03815 1.04 0.4
0.03816 1.04 0.44
0.03817 1.04 0.48
0.03818 1.04 0.48
0.03819 1.04 0.44
0.0382 1.04 0.44
0.03821 1.04 0.48
0.03822 1.04 0.48
0.03823 1.08 0.44
0.03824 1.08 0.44
0.03825 1.04 0.4
0.03826 1.08 0.44
0.03827 1.08 0.44
0.03828 1.08 0.44
0.03829 1.08 0.48
0.0383 1.08 0.44
0.03831 1.08 0.4
0.03832 1.08 0.44
0.03833 1.08 0.44
0.03834 1.12 0.44
0.03835 1.08 0.48
0.03836 1.12 0.44
0.03837 1.12 0.44
0.03838 1.08 0.48
0.03839 1.08 0.48
0.0384 1.12 0.44
0.03841 1.12 0.44
0.03842 1.12 0.48
0.03843 1.12 0.48
0.03844 1.12 0.44
0.03845 1.12 0.48
0.03846 1.12 0.44
0.03847 1.12 0.44
0.03848 1.12 0.48
0.03849 1.16 0.48
0.0385 1.16 0.44
0.03851 1.12 0.44
0.03852 1.16 0.44
0.03853 1.12 0.48
0.03854 1.16 0.44
0.03855 1.16 0.48
0.03856 1.16 0.44
0.03857 1.16 0.44
0.03858 1.16 0.48
0.03859 1.2 0.48
0.0386 1.2 0.48
0.03861 1.16 0.48
0.03862 1.2 0.44
0.03863 1.16 0.44
0.03864 1.16 0.48
0.03865 1.2 0.48
0.03866 1.2 0.44
0.03867 1.2 0.44
0.03868 1.2 0.44
0.03869 1.2 0.48
0.0387 1.2 0.44
0.03871 1.24 0.44
0.03872 1.2 0.44
0.03873 1.24 0.44
0.03874 1.24 0.48
0.03875 1.2 0.48
0.03876 1.24 0.48
0.03877 1.24 0.44
0.03878 1.24 0.48
0.03879 1.28 0.48
0.0388 1.24 0.48
0.03881 1.24 0.48
0.03882 1.24 0.48
0.03883 1.24 0.48
0.03884 1.24 0.48
0.03885 1.28 0.48
0.03886 1.28 0.48
0.03887 1.28 0.48
0.03888 1.28 0.44
0.03889 1.28 0.44
0.0389 1.24 0.48
0.03891 1.28 0.44
0.03892 1.28 0.44
0.03893 1.28 4.4
0.03894 1.2 0.48
0.03895 1.32 0.44
0.03896 1.28 0.48
0.03897 1.32 0.48
0.03898 1.28 0.44
0.03899 1.28 0.44
0.039 1.32 0.44
0.03901 1.32 0.48
0.03902 1.28 0.48
0.03903 1.32 0.4
0.03904 1.32 0.44
0.03905 1.36 0.44
0.03906 1.36 0.48
0.03907 1.32 0.48
0.03908 1.36 0.44
0.03909 1.36 0.44
0.0391 1.36 0.44
0.03911 1.36 0.48
0.03912 1.32 0.44
0.03913 1.4 0.44
0.03914 1.36 0.44
0.03915 1.36 0.44
0.03916 1.36 0.48
0.03917 1.36 0.48
0.03918 1.36 0.48
0.03919 1.36 0.44
0.0392 1.4 0.4
0.03921 1.4 0.44
0.03922 1.4 0.4
0.03923 1.4 0.48
0.03924 1.4 0.48
0.03925 1.4 0.48
0.03926 1.4 0.48
0.03927 1.4 0.44
0.03928 1.4 0.48
0.03929 1.4 0.4
0.0393 1.4 0.4
0.03931 1.4 0.44
0.03932 1.4 0.44
0.03933 1.4 0.48
0.03934 1.44 0.44
0.03935 1.44 0.44
0.03936 1.4 0.44
0.03937 1.4 0.48
0.03938 1.44 0.44
0.03939 1.44 0.44
0.0394 1.44 0.44
0.03941 1.44 0.44
0.03942 1.44 0.44
0.03943 1.44 0.44
0.03944 1.44 0.48
0.03945 1.48 0.44
0.03946 1.48 0.4
0.03947 1.48 0.44
0.03948 1.48 0.48
0.03949 1.44 0.48
0.0395 1.44 0.44
0.03951 1.48 0.48
0.03952 1.48 0.48
0.03953 1.48 0.44
0.03954 1.48 0.48
0.03955 1.48 0.48
0.03956 1.48 0.44
0.03957 1.48 0.44
0.03958 1.48 0.48
0.03959 1.52 0.44
0.0396 1.48 0.48
0.03961 1.48 0.48
0.03962 1.52 0.44
0.03963 1.48 0.48
0.03964 1.52 0.48
0.03965 1.52 0.44
0.03966 1.52 0.44
0.03967 1.52 0.48
0.03968 1.52 0.48
0.03969 1.56 0.44
0.0397 1.52 0.48
0.03971 1.52 0.44
0.03972 1.52 0.44
0.03973 1.56 0.44
0.03974 1.52 0.48
0.03975 1.6 0.44
0.03976 1.56 0.48
0.03977 1.56 0.44
0.03978 1.56 0.44
0.03979 1.56 0.48
0.0398 1.56 0.44
0.03981 1.56 0.48
0.03982 1.56 0.44
0.03983 1.6 0.44
0.03984 1.6 0.48
0.03985 1.56 0.48
0.03986 1.56 0.44
0.03987 1.6 0.44
0.03988 1.6 0.48
0.03989 1.64 0.4
0.0399 1.6 0.48
0.03991 1.6 0.44
0.03992 1.6 0.44
0.03993 1.64 0.48
0.03994 1.6 0.48
0.03995 1.6 0.44
0.03996 1.6 0.44
0.03997 1.6 0.44
0.03998 1.64 0.48
0.03999 1.6 0.44
