0 0.24 0.44
1e-05 0.24 0.44
2e-05 2.48 0.48
3e-05 2.48 0.44
4e-05 2.44 0.4
5e-05 2.44 0.44
6e-05 2.44 0.48
7e-05 2.48 0.48
8e-05 2.48 0.48
9e-05 2.52 0.44
0.0001 2.48 0.44
0.00011 2.48 0.44
0.00012 2.48 0.44
0.00013 2.52 0.48
0.00014 2.48 0.44
0.00015 2.52 0.44
0.00016 2.52 0.48
0.00017 2.52 0.44
0.00018 2.48 0.44
0.00019 2.52 0.44
0.0002 2.52 0.4
0.00021 2.52 0.48
0.00022 2.52 0.48
0.00023 2.52 0.44
0.00024 2.52 0.44
0.00025 2.52 0.48
0.00026 2.52 0.44
0.00027 2.52 0.44
0.00028 2.52 0.48
0.00029 2.56 0.44
0.0003 2.56 0.48
0.00031 0.04 0.44
0.00032 0 0.48
0.00033 0 0.48
0.00034 0 0.44
0.00035 0 0.44
0.00036 0.04 0.48
0.00037 0 0.48
0.00038 0.04 0.48
0.00039 0 0.48
0.0004 0.04 0.44
0.00041 0 0.44
0.00042 0.04 0.44
0.00043 0.04 0.48
0.00044 0.04 0.4
0.00045 0.04 0.44
0.00046 0.04 0.4
0.00047 0.08 0.44
0.00048 0.08 0.44
0.00049 0.08 0.52
0.0005 0.08 0.48
0.00051 0.08 0.48
0.00052 0.08 0.48
0.00053 0.04 0.44
0.00054 0.08 0.48
0.00055 0.08 0.48
0.00056 0.08 0.44
0.00057 0.04 0.44
0.00058 0.08 0.4
0.00059 0.08 0.48
0.0006 0.12 0.44
0.00061 0.12 0.44
0.00062 0.12 0.44
0.00063 0.12 0.48
0.00064 0.08 0.44
0.00065 0.12 0.48
0.00066 0.12 0.44
0.00067 0.12 0.44
0.00068 0.12 0.44
0.00069 0.12 0.44
0.0007 0.12 0.48
0.00071 0.12 0.48
0.00072 0.16 0.44
0.00073 0.16 0.44
0.00074 0.16 0.48
0.00075 0.16 0.48
0.00076 0.16 0.4
0.00077 0.16 0.4
0.00078 0.12 0.44
0.00079 0.16 0.44
0.0008 0.16 0.48
0.00081 0.16 0.44
0.00082 0.16 0.44
0.00083 0.16 0.44
0.00084 0.16 0.44
0.00085 0.16 0.44
0.00086 0.2 0.48
0.00087 0.16 0.48
0.00088 0.2 0.44
0.00089 0.2 0.48
0.0009 0.2 0.44
0.00091 0.2 0.48
0.00092 0.24 0.48
0.00093 0.2 0.44
0.00094 0.2 0.44
0.00095 0.2 0.44
0.00096 0.2 0.48
0.00097 0.24 0.44
0.00098 0.24 0.44
0.00099 0.24 0.44
0.001 0.24 0.44
0.00101 0.28 0.44
0.00102 0.24 0.48
0.00103 0.24 0.48
0.00104 0.24 0.48
0.00105 0.28 0.48
0.00106 0.24 0.44
0.00107 0.24 0.48
0.00108 0.28 0.48
0.00109 0.28 0.44
0.0011 0.28 0.44
0.00111 0.28 0.44
0.00112 0.28 0.48
0.00113 0.28 0.48
0.00114 0.28 0.44
0.00115 0.28 0.44
0.00116 0.28 0.48
0.00117 0.32 0.44
0.00118 0.28 0.44
0.00119 0.28 0.44
0.0012 0.28 0.44
0.00121 0.32 0.48
0.00122 0.28 0.48
0.00123 0.32 0.48
0.00124 0.28 0.44
0.00125 0.32 0.44
0.00126 0.32 0.44
0.00127 0.32 0.44
0.00128 0.32 0.48
0.00129 0.32 0.44
0.0013 0.32 0.44
0.00131 0.32 0.48
0.00132 0.32 0.48
0.00133 0.36 0.44
0.00134 0.36 0.48
0.00135 0.36 0.48
0.00136 0.36 0.44
0.00137 0.36 0.44
0.00138 0.36 0.4
0.00139 0.36 0.44
0.0014 0.36 0.48
0.00141 0.4 0.44
0.00142 0.36 0.44
0.00143 0.36 0.4
0.00144 0.4 0.48
0.00145 0.4 0.48
0.00146 0.36 0.44
0.00147 0.4 0.44
0.00148 0.36 0.44
0.00149 0.4 0.48
0.0015 0.44 0.48
0.00151 0.4 0.48
0.00152 0.4 0.44
0.00153 0.4 0.44
0.00154 0.4 0.44
0.00155 0.44 0.48
0.00156 0.44 0.44
0.00157 0.44 0.48
0.00158 0.44 0.44
0.00159 0.44 0.44
0.0016 0.44 0.44
0.00161 0.44 0.44
0.00162 0.44 0.48
0.00163 0.44 0.44
0.00164 0.44 0.4
0.00165 0.44 0.48
0.00166 0.44 0.48
0.00167 0.44 0.44
0.00168 0.48 0.44
0.00169 0.48 0.44
0.0017 0.48 0.44
0.00171 0.48 0.44
0.00172 0.44 0.44
0.00173 0.48 0.44
0.00174 0.48 0.44
0.00175 0.48 0.44
0.00176 0.48 0.48
0.00177 0.48 0.44
0.00178 0.48 0.44
0.00179 0.52 0.44
0.0018 0.52 0.44
0.00181 0.48 0.48
0.00182 0.48 0.44
0.00183 0.52 0.44
0.00184 0.48 0.44
0.00185 0.52 0.44
0.00186 0.52 0.48
0.00187 0.52 0.48
0.00188 0.56 0.44
0.00189 0.52 0.44
0.0019 0.56 0.44
0.00191 0.56 0.44
0.00192 0.52 0.44
0.00193 0.56 0.48
0.00194 0.52 0.44
0.00195 0.56 0.44
0.00196 0.52 0.44
0.00197 0.56 0.44
0.00198 0.56 0.48
0.00199 0.56 0.4
0.002 0.56 0.44
0.00201 0.6 0.44
0.00202 0.56 0.44
0.00203 0.6 0.48
0.00204 0.56 0.44
0.00205 0.6 0.44
0.00206 0.6 0.44
0.00207 0.6 0.44
0.00208 0.6 0.48
0.00209 0.6 0.44
0.0021 0.6 0.4
0.00211 0.6 0.44
0.00212 0.6 0.44
0.00213 0.6 0.48
0.00214 0.6 0.48
0.00215 0.6 0.48
0.00216 0.6 0.44
0.00217 0.64 0.4
0.00218 0.64 0.44
0.00219 0.64 0.48
0.0022 0.64 0.44
0.00221 0.64 0.44
0.00222 0.6 0.44
0.00223 0.64 0.44
0.00224 0.64 0.48
0.00225 0.64 0.48
0.00226 0.64 0.48
0.00227 0.68 0.44
0.00228 0.68 0.44
0.00229 0.68 0.48
0.0023 0.68 0.44
0.00231 0.64 0.44
0.00232 0.64 0.44
0.00233 0.68 0.48
0.00234 0.68 0.48
0.00235 0.68 0.44
0.00236 0.68 0.48
0.00237 0.72 0.4
0.00238 0.76 0.48
0.00239 0.72 0.48
0.0024 0.72 0.44
0.00241 0.72 0.48
0.00242 0.72 0.44
0.00243 0.72 0.4
0.00244 0.72 0.44
0.00245 0.76 0.44
0.00246 0.72 0.44
0.00247 0.72 0.44
0.00248 0.76 0.44
0.00249 0.76 0.44
0.0025 0.76 0.48
0.00251 0.76 0.48
0.00252 0.76 0.44
0.00253 0.76 0.44
0.00254 0.76 0.44
0.00255 0.76 0.44
0.00256 0.76 0.44
0.00257 0.76 0.44
0.00258 0.76 0.44
0.00259 0.76 0.44
0.0026 0.8 0.48
0.00261 0.8 0.48
0.00262 0.8 0.48
0.00263 0.76 0.48
0.00264 0.76 0.44
0.00265 0.8 0.44
0.00266 0.8 0.48
0.00267 0.8 0.48
0.00268 0.8 0.48
0.00269 0.8 0.4
0.0027 0.8 0.4
0.00271 0.8 0.48
0.00272 0.8 0.48
0.00273 0.8 0.48
0.00274 0.8 0.44
0.00275 0.84 0.44
0.00276 0.84 0.44
0.00277 0.8 0.44
0.00278 0.84 0.48
0.00279 0.84 0.44
0.0028 0.84 0.44
0.00281 0.84 0.48
0.00282 0.84 0.48
0.00283 0.84 0.44
0.00284 0.84 0.4
0.00285 0.88 0.4
0.00286 0.88 0.44
0.00287 0.84 0.48
0.00288 0.88 0.48
0.00289 0.84 0.48
0.0029 0.88 0.44
0.00291 0.88 0.4
0.00292 0.88 0.48
0.00293 0.88 0.48
0.00294 0.88 0.48
0.00295 0.88 0.44
0.00296 0.92 0.44
0.00297 0.88 0.48
0.00298 0.92 0.48
0.00299 0.92 0.44
0.003 0.92 0.44
0.00301 0.92 0.44
0.00302 0.92 0.48
0.00303 0.92 0.48
0.00304 0.92 0.48
0.00305 0.92 0.48
0.00306 0.92 0.44
0.00307 0.92 0.4
0.00308 0.92 0.44
0.00309 0.96 0.48
0.0031 0.92 0.48
0.00311 0.92 0.44
0.00312 0.96 0.44
0.00313 0.96 0.48
0.00314 0.96 0.44
0.00315 0.96 0.44
0.00316 0.92 0.44
0.00317 0.96 0.44
0.00318 0.96 0.44
0.00319 0.96 0.48
0.0032 0.96 0.48
0.00321 0.96 0.48
0.00322 1 0.4
0.00323 0.96 0.44
0.00324 0.92 0.48
0.00325 0.96 0.48
0.00326 0.96 0.44
0.00327 1 0.44
0.00328 1 0.44
0.00329 1 0.44
0.0033 1 0.48
0.00331 1 0.44
0.00332 1.04 0.4
0.00333 1 0.44
0.00334 1.04 0.44
0.00335 1 0.48
0.00336 1.04 0.48
0.00337 1.04 0.44
0.00338 1.04 0.4
0.00339 1.04 0.44
0.0034 1.04 0.48
0.00341 1.04 0.48
0.00342 1.04 0.44
0.00343 1.04 0.44
0.00344 1.04 0.4
0.00345 1.04 0.48
0.00346 1.04 0.48
0.00347 1.08 0.48
0.00348 1.08 0.4
0.00349 1.08 0.48
0.0035 1.08 0.44
0.00351 1.08 0.44
0.00352 1.08 0.48
0.00353 1.08 0.48
0.00354 1.08 0.44
0.00355 1.08 0.44
0.00356 1.08 0.44
0.00357 1.08 0.48
0.00358 1.08 0.44
0.00359 1.08 0.44
0.0036 1.08 0.48
0.00361 1.08 0.48
0.00362 1.12 0.44
0.00363 1.08 0.44
0.00364 1.08 0.48
0.00365 1.12 0.44
0.00366 1.12 0.44
0.00367 1.12 0.48
0.00368 1.12 0.48
0.00369 1.12 0.44
0.0037 1.12 0.44
0.00371 1.16 0.44
0.00372 1.12 0.48
0.00373 1.12 0.48
0.00374 1.12 0.48
0.00375 1.16 0.44
0.00376 1.16 0.4
0.00377 1.16 0.48
0.00378 1.16 0.48
0.00379 1.16 0.48
0.0038 1.16 0.48
0.00381 1.16 0.4
0.00382 1.16 0.48
0.00383 1.16 0.44
0.00384 1.16 0.48
0.00385 1.2 0.48
0.00386 1.16 0.44
0.00387 1.12 0.48
0.00388 1.16 0.48
0.00389 1.2 0.48
0.0039 1.2 0.44
0.00391 1.2 0.44
0.00392 1.2 0.44
0.00393 1.2 0.48
0.00394 1.24 0.48
0.00395 1.2 0.48
0.00396 1.24 0.44
0.00397 1.2 0.44
0.00398 1.24 0.44
0.00399 1.2 0.48
0.004 1.24 0.44
0.00401 1.24 0.44
0.00402 1.24 0.48
0.00403 1.24 0.44
0.00404 1.24 0.48
0.00405 1.24 0.48
0.00406 1.24 0.48
0.00407 1.24 0.44
0.00408 1.24 0.4
0.00409 1.24 0.48
0.0041 1.28 0.48
0.00411 1.24 0.44
0.00412 1.24 0.44
0.00413 1.28 0.44
0.00414 1.28 0.48
0.00415 1.28 0.44
0.00416 1.28 0.48
0.00417 1.28 0.48
0.00418 1.28 0.44
0.00419 1.32 0.44
0.0042 1.28 0.44
0.00421 1.36 0.48
0.00422 1.32 0.48
0.00423 1.32 0.44
0.00424 1.32 0.44
0.00425 1.28 0.44
0.00426 1.28 0.44
0.00427 1.28 0.48
0.00428 1.32 0.4
0.00429 1.32 0.44
0.0043 1.32 0.48
0.00431 1.36 0.48
0.00432 1.36 0.44
0.00433 1.32 0.44
0.00434 1.32 0.44
0.00435 1.36 0.44
0.00436 1.32 0.44
0.00437 1.32 0.48
0.00438 1.32 0.44
0.00439 1.36 0.44
0.0044 1.36 0.44
0.00441 1.4 0.48
0.00442 1.4 0.48
0.00443 1.36 0.44
0.00444 1.36 0.44
0.00445 1.36 0.4
0.00446 1.4 0.44
0.00447 1.4 0.48
0.00448 1.4 0.48
0.00449 1.4 0.44
0.0045 1.4 0.44
0.00451 1.4 0.48
0.00452 1.4 0.44
0.00453 1.4 0.48
0.00454 1.4 0.44
0.00455 1.4 0.44
0.00456 1.4 0.44
0.00457 1.44 0.44
0.00458 1.4 0.44
0.00459 1.4 0.48
0.0046 1.4 0.44
0.00461 1.44 0.44
0.00462 1.4 0.44
0.00463 1.4 0.48
0.00464 1.44 0.44
0.00465 1.4 0.44
0.00466 1.4 0.44
0.00467 1.44 0.48
0.00468 1.44 0.44
0.00469 1.44 0.48
0.0047 1.44 0.44
0.00471 1.44 0.44
0.00472 1.48 0.44
0.00473 1.48 0.4
0.00474 1.48 0.44
0.00475 1.44 0.44
0.00476 1.48 0.4
0.00477 1.48 0.44
0.00478 1.44 0.48
0.00479 1.52 0.48
0.0048 1.48 0.48
0.00481 1.48 0.44
0.00482 1.48 0.44
0.00483 1.48 0.48
0.00484 1.48 0.44
0.00485 1.52 0.44
0.00486 1.48 0.44
0.00487 1.48 0.48
0.00488 1.48 0.48
0.00489 1.52 0.48
0.0049 1.52 0.44
0.00491 1.52 0.48
0.00492 1.52 0.44
0.00493 1.56 0.48
0.00494 1.52 0.44
0.00495 1.56 0.48
0.00496 1.52 0.44
0.00497 1.56 0.44
0.00498 1.56 0.48
0.00499 1.56 0.48
0.005 1.56 0.48
0.00501 1.56 0.48
0.00502 1.56 0.44
0.00503 1.56 0.44
0.00504 1.56 0.48
0.00505 1.56 0.44
0.00506 1.56 0.48
0.00507 1.56 0.44
0.00508 1.56 0.4
0.00509 1.56 0.48
0.0051 1.6 0.44
0.00511 1.56 0.48
0.00512 1.6 0.44
0.00513 1.6 0.44
0.00514 1.6 0.44
0.00515 1.56 0.48
0.00516 1.6 0.48
0.00517 1.6 0.44
0.00518 1.6 0.44
0.00519 1.6 0.48
0.0052 1.6 0.44
0.00521 1.64 0.48
0.00522 1.64 0.48
0.00523 1.6 0.44
0.00524 1.6 0.44
0.00525 1.64 0.44
0.00526 1.64 0.44
0.00527 1.64 0.48
0.00528 1.64 0.44
0.00529 1.64 0.44
0.0053 1.64 0.44
0.00531 1.64 0.48
0.00532 1.64 0.48
0.00533 1.64 0.48
0.00534 1.68 0.44
0.00535 1.68 0.44
0.00536 1.68 0.48
0.00537 1.68 0.48
0.00538 1.64 0.48
0.00539 1.68 0.48
0.0054 1.68 0.44
0.00541 1.68 0.44
0.00542 1.68 0.44
0.00543 1.6 0.44
0.00544 1.72 0.4
0.00545 1.72 0.44
0.00546 1.68 0.44
0.00547 1.72 0.48
0.00548 1.68 0.44
0.00549 1.68 0.44
0.0055 1.72 0.48
0.00551 1.72 0.44
0.00552 1.68 0.44
0.00553 1.72 0.48
0.00554 1.72 0.48
0.00555 1.72 0.48
0.00556 1.72 0.44
0.00557 1.72 0.44
0.00558 1.72 0.48
0.00559 1.72 0.48
0.0056 1.76 0.44
0.00561 1.72 0.44
0.00562 1.72 0.48
0.00563 1.72 0.48
0.00564 1.72 0.48
0.00565 1.72 0.4
0.00566 1.76 0.44
0.00567 1.76 0.44
0.00568 1.76 0.48
0.00569 1.72 0.48
0.0057 1.76 0.48
0.00571 1.76 0.44
0.00572 1.76 0.44
0.00573 1.76 0.48
0.00574 1.76 0.48
0.00575 1.8 0.4
0.00576 1.8 0.44
0.00577 1.76 0.4
0.00578 1.76 0.44
0.00579 1.8 0.48
0.0058 1.8 0.44
0.00581 1.8 0.44
0.00582 1.8 0.48
0.00583 1.84 0.48
0.00584 1.8 0.48
0.00585 1.8 0.48
0.00586 1.8 0.48
0.00587 1.8 0.44
0.00588 1.8 0.44
0.00589 1.84 0.44
0.0059 1.8 0.48
0.00591 1.84 0.44
0.00592 1.8 0.4
0.00593 1.84 0.44
0.00594 1.84 0.44
0.00595 1.84 0.44
0.00596 1.84 0.48
0.00597 1.84 0.44
0.00598 1.84 0.44
0.00599 1.88 0.44
0.006 1.88 0.48
0.00601 1.88 0.48
0.00602 1.88 0.48
0.00603 1.88 0.48
0.00604 1.88 0.44
0.00605 1.88 0.44
0.00606 1.88 0.48
0.00607 1.88 0.48
0.00608 1.88 0.44
0.00609 1.88 0.44
0.0061 1.88 0.44
0.00611 1.88 0.44
0.00612 1.88 0.44
0.00613 1.88 0.44
0.00614 1.92 0.4
0.00615 1.88 0.44
0.00616 1.88 0.44
0.00617 1.92 0.48
0.00618 1.92 0.44
0.00619 1.92 0.44
0.0062 1.92 0.44
0.00621 1.96 0.48
0.00622 1.96 0.48
0.00623 1.96 0.44
0.00624 2 0.44
0.00625 1.96 0.44
0.00626 2 0.44
0.00627 1.96 0.44
0.00628 1.96 0.44
0.00629 1.96 0.44
0.0063 2 0.48
0.00631 2 0.44
0.00632 1.96 0.44
0.00633 1.96 0.44
0.00634 1.96 0.44
0.00635 2 0.44
0.00636 2.04 0.48
0.00637 2 0.44
0.00638 2.04 0.48
0.00639 2 0.44
0.0064 2.04 0.44
0.00641 2.04 0.44
0.00642 2 0.44
0.00643 2.04 0.44
0.00644 2.04 0.44
0.00645 2.04 0.48
0.00646 2.04 0.44
0.00647 2.04 0.44
0.00648 2.04 0.48
0.00649 2.04 0.44
0.0065 2.04 0.44
0.00651 2.04 0.44
0.00652 2.04 0.44
0.00653 2.04 0.48
0.00654 2.04 0.48
0.00655 2.04 0.48
0.00656 2.04 0.44
0.00657 2.04 0.44
0.00658 2.08 0.44
0.00659 2.08 0.48
0.0066 2.08 0.48
0.00661 2.08 0.44
0.00662 2.04 0.44
0.00663 2.08 0.44
0.00664 2.08 0.48
0.00665 2.08 0.44
0.00666 2.08 0.4
0.00667 2.12 0.44
0.00668 2.08 0.44
0.00669 2.12 0.48
0.0067 2.08 0.48
0.00671 2.08 0.4
0.00672 2.12 0.44
0.00673 2.12 0.48
0.00674 2.08 0.48
0.00675 2.12 0.48
0.00676 2.08 0.44
0.00677 2.12 0.44
0.00678 2.12 0.44
0.00679 2.12 0.44
0.0068 2.12 0.44
0.00681 2.12 0.48
0.00682 2.12 0.48
0.00683 2.16 0.44
0.00684 2.16 0.4
0.00685 2.2 0.44
0.00686 2.16 0.44
0.00687 2.16 0.44
0.00688 2.16 0.44
0.00689 2.16 0.44
0.0069 2.2 0.48
0.00691 2.16 0.48
0.00692 2.2 0.44
0.00693 2.2 0.4
0.00694 2.16 0.44
0.00695 2.16 0.48
0.00696 2.2 0.48
0.00697 2.2 0.44
0.00698 2.2 0.48
0.00699 2.2 0.44
0.007 2.16 0.4
0.00701 2.2 0.44
0.00702 2.2 0.44
0.00703 2.2 0.44
0.00704 2.24 0.44
0.00705 2.2 0.44
0.00706 2.2 0.48
0.00707 2.2 0.48
0.00708 2.2 0.48
0.00709 2.2 0.44
0.0071 2.2 0.4
0.00711 2.24 0.44
0.00712 2.24 0.48
0.00713 2.24 0.44
0.00714 2.28 0.44
0.00715 2.24 0.4
0.00716 2.24 0.44
0.00717 2.28 0.48
0.00718 2.24 0.44
0.00719 2.24 0.44
0.0072 2.24 0.48
0.00721 2.24 0.44
0.00722 2.28 0.44
0.00723 2.24 0.48
0.00724 2.24 0.44
0.00725 2.28 0.44
0.00726 2.28 0.44
0.00727 2.28 0.48
0.00728 2.28 0.48
0.00729 2.28 0.44
0.0073 2.32 0.44
0.00731 2.28 0.44
0.00732 2.28 0.48
0.00733 2.32 0.48
0.00734 2.32 0.44
0.00735 2.32 0.44
0.00736 2.32 0.48
0.00737 2.28 0.44
0.00738 2.32 0.44
0.00739 2.32 0.4
0.0074 2.32 0.44
0.00741 2.32 0.48
0.00742 2.36 0.44
0.00743 2.32 0.44
0.00744 2.32 0.48
0.00745 2.36 0.44
0.00746 2.36 0.4
0.00747 2.36 0.44
0.00748 2.36 0.44
0.00749 2.36 0.48
0.0075 2.36 0.44
0.00751 2.36 0.44
0.00752 2.36 0.44
0.00753 2.36 0.44
0.00754 2.36 0.48
0.00755 2.36 0.44
0.00756 2.36 0.44
0.00757 2.36 0.44
0.00758 2.36 0.48
0.00759 2.4 0.44
0.0076 2.4 0.44
0.00761 2.36 0.44
0.00762 2.36 0.44
0.00763 2.4 0.44
0.00764 2.36 0.44
0.00765 2.4 0.48
0.00766 2.4 0.44
0.00767 2.4 4.28
0.00768 2.36 4.4
0.00769 2.4 0.44
0.0077 2.4 0.48
0.00771 2.44 0.48
0.00772 2.4 0.48
0.00773 2.44 0.48
0.00774 2.4 0.44
0.00775 2.44 0.48
0.00776 2.44 0.44
0.00777 2.44 0.44
0.00778 2.44 0.44
0.00779 2.44 0.4
0.0078 2.44 0.4
0.00781 2.44 0.48
0.00782 2.44 0.44
0.00783 2.44 0.4
0.00784 2.44 0.44
0.00785 2.48 0.48
0.00786 2.44 0.44
0.00787 2.48 0.48
0.00788 2.48 0.44
0.00789 2.48 0.44
0.0079 2.44 0.44
0.00791 2.48 0.48
0.00792 2.52 0.4
0.00793 2.48 0.48
0.00794 2.52 0.44
0.00795 2.52 0.4
0.00796 2.48 0.44
0.00797 2.52 0.48
0.00798 2.48 0.44
0.00799 2.52 0.4
0.008 2.52 0.4
0.00801 2.48 0.44
0.00802 2.48 0.44
0.00803 2.52 0.48
0.00804 2.52 0.44
0.00805 2.52 0.44
0.00806 2.52 0.4
0.00807 2.52 0.44
0.00808 2.52 0.44
0.00809 2.52 0.44
0.0081 2.52 0.4
0.00811 2.56 0.44
0.00812 0.2 0.44
0.00813 0 0.44
0.00814 0 0.48
0.00815 0 0.4
0.00816 0 0.4
0.00817 0 0.44
0.00818 0.04 0.48
0.00819 0.04 0.44
0.0082 0.04 0.4
0.00821 0 0.44
0.00822 0 0.44
0.00823 0.04 0.44
0.00824 0.04 0.44
0.00825 0 0.44
0.00826 0.04 0.44
0.00827 0.08 0.44
0.00828 0.08 0.44
0.00829 0.04 0.48
0.0083 0.04 0.44
0.00831 0.04 0.44
0.00832 0.04 0.44
0.00833 0.08 0.4
0.00834 0.08 0.44
0.00835 0.08 0.44
0.00836 0.08 0.48
0.00837 0.12 0.4
0.00838 0.08 0.44
0.00839 0.08 0.44
0.0084 0.12 0.44
0.00841 0.08 0.44
0.00842 0.08 0.48
0.00843 0.12 0.44
0.00844 0.12 0.48
0.00845 0.12 0.44
0.00846 0.12 0.44
0.00847 0.12 0.4
0.00848 0.12 0.44
0.00849 0.12 0.44
0.0085 0.12 0.48
0.00851 0.12 0.44
0.00852 0.12 0.4
0.00853 0.12 0.4
0.00854 0.12 0.48
0.00855 0.12 0.48
0.00856 0.16 0.44
0.00857 0.12 0.44
0.00858 0.16 0.44
0.00859 0.16 0.44
0.0086 0.12 0.44
0.00861 0.16 0.48
0.00862 0.16 0.44
0.00863 0.16 0.44
0.00864 0.16 0.48
0.00865 0.16 0.48
0.00866 0.2 0.48
0.00867 0.2 0.44
0.00868 0.16 0.44
0.00869 0.2 0.44
0.0087 0.2 0.44
0.00871 0.2 0.48
0.00872 0.2 0.48
0.00873 0.24 0.44
0.00874 0.2 0.44
0.00875 0.2 0.44
0.00876 0.2 0.48
0.00877 0.2 0.48
0.00878 0.24 0.44
0.00879 0.24 0.44
0.0088 0.24 0.4
0.00881 0.28 0.44
0.00882 0.24 0.44
0.00883 0.24 0.48
0.00884 0.24 0.48
0.00885 0.24 0.4
0.00886 0.24 0.48
0.00887 0.24 0.48
0.00888 0.28 0.44
0.00889 0.24 0.44
0.0089 0.28 0.4
0.00891 0.28 0.4
0.00892 0.28 0.48
0.00893 0.28 0.44
0.00894 0.28 0.48
0.00895 0.28 0.48
0.00896 0.28 0.44
0.00897 0.28 0.44
0.00898 0.32 0.44
0.00899 0.32 0.44
0.009 0.28 0.48
0.00901 0.32 0.48
0.00902 0.32 0.48
0.00903 0.28 0.44
0.00904 0.28 0.48
0.00905 0.32 0.44
0.00906 0.32 0.4
0.00907 0.32 0.44
0.00908 0.28 0.48
0.00909 0.32 0.48
0.0091 0.32 0.48
0.00911 0.36 0.44
0.00912 0.36 0.48
0.00913 0.32 0.44
0.00914 0.36 0.44
0.00915 0.36 0.44
0.00916 0.36 0.48
0.00917 0.36 0.44
0.00918 0.36 0.44
0.00919 0.36 0.44
0.0092 0.36 0.48
0.00921 0.36 0.44
0.00922 0.36 0.4
0.00923 0.36 0.44
0.00924 0.36 0.48
0.00925 0.36 0.48
0.00926 0.36 0.44
0.00927 0.36 0.4
0.00928 0.4 0.4
0.00929 0.4 0.44
0.0093 0.4 0.44
0.00931 0.4 0.44
0.00932 0.4 0.44
0.00933 0.36 0.4
0.00934 0.4 0.44
0.00935 0.4 0.44
0.00936 0.4 0.44
0.00937 0.44 0.44
0.00938 0.4 0.44
0.00939 0.44 0.44
0.0094 0.44 0.48
0.00941 0.44 0.48
0.00942 0.44 0.44
0.00943 0.44 0.44
0.00944 0.44 0.44
0.00945 0.44 0.48
0.00946 0.44 0.48
0.00947 0.44 0.44
0.00948 0.44 0.44
0.00949 0.44 0.4
0.0095 0.44 0.44
0.00951 0.44 0.44
0.00952 0.44 0.48
0.00953 0.48 0.44
0.00954 0.48 0.44
0.00955 0.48 0.48
0.00956 0.48 0.48
0.00957 0.48 0.52
0.00958 0.48 0.4
0.00959 0.48 0.44
0.0096 0.48 0.44
0.00961 0.48 0.44
0.00962 0.48 0.48
0.00963 0.52 0.48
0.00964 0.48 0.44
0.00965 0.48 0.44
0.00966 0.52 0.44
0.00967 0.52 0.48
0.00968 0.52 0.48
0.00969 0.52 0.44
0.0097 0.52 0.44
0.00971 0.56 0.44
0.00972 0.52 0.44
0.00973 0.56 0.48
0.00974 0.56 0.48
0.00975 0.52 0.44
0.00976 0.56 0.4
0.00977 0.56 0.48
0.00978 0.52 0.48
0.00979 0.52 0.4
0.0098 0.56 0.44
0.00981 0.56 0.48
0.00982 0.56 0.44
0.00983 0.6 0.48
0.00984 0.56 0.44
0.00985 0.6 0.48
0.00986 0.56 0.4
0.00987 0.6 0.44
0.00988 0.6 0.44
0.00989 0.6 0.48
0.0099 0.6 0.44
0.00991 0.6 0.4
0.00992 0.6 0.4
0.00993 0.6 0.44
0.00994 0.6 0.48
0.00995 0.6 0.48
0.00996 0.64 0.44
0.00997 0.6 0.44
0.00998 0.64 0.44
0.00999 0.64 0.48
0.01 0.64 0.48
0.01001 0.64 0.44
0.01002 0.64 0.44
0.01003 0.64 0.44
0.01004 0.64 0.44
0.01005 0.64 0.44
0.01006 0.64 0.48
0.01007 0.72 0.44
0.01008 0.68 0.4
0.01009 0.68 0.48
0.0101 0.64 0.44
0.01011 0.68 0.44
0.01012 0.68 0.4
0.01013 0.68 0.44
0.01014 0.68 0.48
0.01015 0.68 0.48
0.01016 0.68 0.48
0.01017 0.72 0.44
0.01018 0.68 0.44
0.01019 0.68 0.48
0.0102 0.72 0.48
0.01021 0.72 0.48
0.01022 0.72 0.44
0.01023 0.72 0.44
0.01024 0.68 0.48
0.01025 0.72 0.48
0.01026 0.76 0.44
0.01027 0.72 0.48
0.01028 0.76 0.4
0.01029 0.72 0.4
0.0103 0.72 0.48
0.01031 0.76 0.44
0.01032 0.76 0.44
0.01033 0.76 0.48
0.01034 0.76 0.4
0.01035 0.76 0.48
0.01036 0.76 0.44
0.01037 0.76 0.48
0.01038 0.76 0.44
0.01039 0.76 0.44
0.0104 0.76 0.44
0.01041 0.8 0.44
0.01042 0.76 0.48
0.01043 0.8 0.44
0.01044 0.8 0.44
0.01045 0.8 0.4
0.01046 0.8 0.44
0.01047 0.8 0.48
0.01048 0.8 0.44
0.01049 0.76 0.44
0.0105 0.8 0.44
0.01051 0.8 0.44
0.01052 0.8 0.44
0.01053 0.8 0.48
0.01054 0.8 0.44
0.01055 0.8 0.44
0.01056 0.84 0.44
0.01057 0.8 0.48
0.01058 0.8 0.48
0.01059 0.84 0.44
0.0106 0.84 0.44
0.01061 0.84 0.4
0.01062 0.84 0.48
0.01063 0.84 0.48
0.01064 0.84 0.44
0.01065 0.84 0.44
0.01066 0.84 0.44
0.01067 0.84 0.44
0.01068 0.88 0.48
0.01069 0.84 0.48
0.0107 0.88 0.44
0.01071 0.84 0.44
0.01072 0.88 0.44
0.01073 0.88 0.44
0.01074 0.88 0.44
0.01075 0.88 0.48
0.01076 0.88 0.44
0.01077 0.92 0.44
0.01078 0.92 0.44
0.01079 0.92 0.44
0.0108 0.92 0.48
0.01081 0.92 0.4
0.01082 0.88 0.44
0.01083 0.92 0.44
0.01084 0.92 0.48
0.01085 0.92 0.44
0.01086 0.92 0.44
0.01087 0.92 0.4
0.01088 0.96 0.4
0.01089 0.92 0.44
0.0109 0.92 0.44
0.01091 0.92 0.4
0.01092 0.92 0.44
0.01093 0.92 0.44
0.01094 0.92 0.44
0.01095 0.92 0.44
0.01096 0.96 0.44
0.01097 0.96 0.44
0.01098 0.96 0.4
0.01099 0.96 0.44
0.011 0.92 0.48
0.01101 0.96 0.48
0.01102 0.96 0.48
0.01103 0.96 0.44
0.01104 0.96 0.48
0.01105 1 0.48
0.01106 0.96 0.48
0.01107 0.96 0.44
0.01108 1 0.44
0.01109 1 0.48
0.0111 1 0.44
0.01111 1 0.44
0.01112 1.04 0.48
0.01113 1 0.44
0.01114 1 0.44
0.01115 1 0.48
0.01116 1 0.48
0.01117 1.04 0.48
0.01118 1.04 0.44
0.01119 1 0.44
0.0112 1 0.44
0.01121 1.04 0.44
0.01122 1.04 0.48
0.01123 1.04 0.4
0.01124 1.08 0.48
0.01125 1.04 0.44
0.01126 1.08 0.48
0.01127 1.08 0.44
0.01128 1.04 0.48
0.01129 1.08 0.44
0.0113 1.04 0.44
0.01131 1.08 0.44
0.01132 1.04 0.48
0.01133 1.08 0.48
0.01134 1.08 0.44
0.01135 1.08 0.44
0.01136 1.08 0.48
0.01137 1.08 0.44
0.01138 1.08 0.44
0.01139 1.08 0.44
0.0114 1.08 0.48
0.01141 1.08 0.44
0.01142 1.08 0.44
0.01143 1.08 0.48
0.01144 1.12 0.44
0.01145 1.08 0.4
0.01146 1.08 0.44
0.01147 1.12 0.44
0.01148 1.12 0.44
0.01149 1.12 0.44
0.0115 1.08 0.44
0.01151 1.08 0.44
0.01152 1.12 0.44
0.01153 1.12 0.48
0.01154 1.12 0.48
0.01155 1.12 0.44
0.01156 1.12 0.4
0.01157 1.16 0.44
0.01158 1.16 0.44
0.01159 1.16 0.44
0.0116 1.16 0.48
0.01161 1.16 0.4
0.01162 1.16 0.44
0.01163 1.2 0.48
0.01164 1.16 0.48
0.01165 1.2 0.44
0.01166 1.2 0.44
0.01167 1.16 0.44
0.01168 1.16 0.44
0.01169 1.2 0.48
0.0117 1.2 0.48
0.01171 1.2 0.44
0.01172 1.2 0.48
0.01173 1.2 0.44
0.01174 1.2 0.44
0.01175 1.2 0.48
0.01176 1.2 0.44
0.01177 1.24 0.44
0.01178 1.2 0.44
0.01179 1.24 0.44
0.0118 1.24 0.44
0.01181 1.24 0.48
0.01182 1.24 0.44
0.01183 1.24 0.44
0.01184 1.24 0.44
0.01185 1.24 0.48
0.01186 1.24 0.44
0.01187 1.24 0.44
0.01188 1.24 0.44
0.01189 1.24 0.44
0.0119 1.24 0.44
0.01191 1.28 0.44
0.01192 1.24 0.48
0.01193 1.28 0.4
0.01194 1.24 0.44
0.01195 1.24 0.44
0.01196 1.24 0.48
0.01197 1.28 0.44
0.01198 1.28 0.44
0.01199 1.24 0.4
0.012 1.32 0.44
0.01201 1.28 0.44
0.01202 1.28 0.44
0.01203 1.28 0.44
0.01204 1.28 0.4
0.01205 1.28 0.4
0.01206 1.32 0.48
0.01207 1.28 0.48
0.01208 1.28 0.48
0.01209 1.32 0.44
0.0121 1.28 0.44
0.01211 1.32 0.44
0.01212 1.32 0.44
0.01213 1.28 0.44
0.01214 1.32 0.44
0.01215 1.32 0.44
0.01216 1.36 0.48
0.01217 1.32 0.44
0.01218 1.36 0.48
0.01219 1.36 0.44
0.0122 1.32 0.44
0.01221 1.36 0.48
0.01222 1.36 0.48
0.01223 1.36 0.44
0.01224 1.36 0.44
0.01225 1.4 0.44
0.01226 1.36 0.44
0.01227 1.4 0.48
0.01228 1.36 0.44
0.01229 1.4 0.48
0.0123 1.4 0.44
0.01231 1.4 0.48
0.01232 1.4 0.4
0.01233 1.4 0.44
0.01234 1.4 0.44
0.01235 1.44 0.48
0.01236 1.4 0.44
0.01237 1.4 0.44
0.01238 1.4 0.48
0.01239 1.44 0.48
0.0124 1.4 0.44
0.01241 1.4 0.44
0.01242 1.4 0.4
0.01243 1.44 0.48
0.01244 1.4 0.44
0.01245 1.4 0.48
0.01246 1.44 0.48
0.01247 1.44 0.44
0.01248 1.4 0.44
0.01249 1.44 0.48
0.0125 1.44 0.44
0.01251 1.4 0.44
0.01252 1.44 0.48
0.01253 1.44 0.44
0.01254 1.48 0.44
0.01255 1.48 0.44
0.01256 1.44 0.44
0.01257 1.44 0.44
0.01258 1.48 0.44
0.01259 1.44 0.48
0.0126 1.44 0.44
0.01261 1.48 0.48
0.01262 1.48 0.48
0.01263 1.48 0.44
0.01264 1.52 0.44
0.01265 1.48 0.48
0.01266 1.48 0.48
0.01267 1.48 0.44
0.01268 1.52 0.44
0.01269 1.48 0.44
0.0127 1.48 0.48
0.01271 1.48 0.44
0.01272 1.52 0.48
0.01273 1.52 0.44
0.01274 1.56 0.44
0.01275 1.52 0.44
0.01276 1.52 0.48
0.01277 1.56 0.48
0.01278 1.52 0.4
0.01279 1.56 0.44
0.0128 1.56 0.44
0.01281 1.52 0.48
0.01282 1.52 0.48
0.01283 1.56 0.48
0.01284 1.52 0.48
0.01285 1.56 0.48
0.01286 1.56 0.48
0.01287 1.56 0.48
0.01288 1.56 0.48
0.01289 1.56 0.48
0.0129 1.6 0.4
0.01291 1.56 0.44
0.01292 1.6 0.48
0.01293 1.56 0.44
0.01294 1.6 0.44
0.01295 1.56 0.4
0.01296 1.6 0.48
0.01297 1.56 0.48
0.01298 1.6 0.44
0.01299 1.64 0.44
0.013 1.6 0.44
0.01301 1.6 0.44
0.01302 1.6 0.44
0.01303 1.56 0.44
0.01304 1.6 0.44
0.01305 1.6 0.44
0.01306 1.64 0.44
0.01307 1.64 0.48
0.01308 1.64 0.48
0.01309 1.64 0.44
0.0131 1.68 0.4
0.01311 1.64 0.4
0.01312 1.64 0.44
0.01313 1.64 0.48
0.01314 1.64 0.44
0.01315 1.64 0.4
0.01316 1.64 0.44
0.01317 1.64 0.44
0.01318 1.64 0.44
0.01319 1.68 0.48
0.0132 1.68 0.44
0.01321 1.64 0.48
0.01322 1.68 0.44
0.01323 1.64 0.44
0.01324 1.68 0.48
0.01325 1.68 0.44
0.01326 1.72 0.44
0.01327 1.68 0.44
0.01328 1.68 0.48
0.01329 1.68 0.48
0.0133 1.72 0.48
0.01331 1.72 0.4
0.01332 1.72 0.44
0.01333 1.68 0.44
0.01334 1.72 0.44
0.01335 1.72 0.48
0.01336 1.72 0.48
0.01337 1.76 0.44
0.01338 1.72 0.44
0.01339 1.72 0.44
0.0134 1.72 0.44
0.01341 1.72 0.44
0.01342 1.72 0.44
0.01343 1.76 0.44
0.01344 1.72 0.44
0.01345 1.72 0.48
0.01346 1.76 0.48
0.01347 1.72 0.44
0.01348 1.72 0.4
0.01349 1.76 0.44
0.0135 1.76 0.44
0.01351 1.76 0.44
0.01352 1.76 0.48
0.01353 1.76 0.48
0.01354 1.76 0.48
0.01355 1.76 0.48
0.01356 1.72 0.44
0.01357 1.76 0.48
0.01358 1.76 0.44
0.01359 1.76 0.44
0.0136 1.8 0.48
0.01361 1.8 0.44
0.01362 1.8 0.44
0.01363 1.8 0.44
0.01364 1.8 0.4
0.01365 1.8 0.48
0.01366 1.8 0.44
0.01367 1.8 0.44
0.01368 1.8 0.48
0.01369 1.84 0.44
0.0137 1.84 0.44
0.01371 1.8 0.44
0.01372 1.8 0.48
0.01373 1.8 0.44
0.01374 1.84 0.4
0.01375 1.8 0.44
0.01376 1.84 0.44
0.01377 1.84 0.48
0.01378 1.84 0.48
0.01379 1.84 0.44
0.0138 1.84 0.44
0.01381 1.88 0.48
0.01382 1.88 0.48
0.01383 1.88 0.44
0.01384 1.88 0.44
0.01385 1.88 0.44
0.01386 1.88 0.48
0.01387 1.88 0.44
0.01388 1.88 0.48
0.01389 1.88 0.44
0.0139 1.88 0.44
0.01391 1.88 0.44
0.01392 1.92 0.44
0.01393 1.88 0.44
0.01394 1.88 0.44
0.01395 1.96 0.44
0.01396 1.88 0.4
0.01397 1.92 0.48
0.01398 1.92 0.44
0.01399 1.96 0.44
0.014 1.92 0.44
0.01401 1.92 0.4
0.01402 1.96 0.44
0.01403 1.96 0.48
0.01404 1.92 0.48
0.01405 1.96 0.48
0.01406 1.96 0.44
0.01407 1.96 0.44
0.01408 1.92 0.48
0.01409 1.92 0.48
0.0141 2 0.48
0.01411 2 0.44
0.01412 1.92 0.48
0.01413 1.92 0.44
0.01414 2 0.44
0.01415 1.96 0.48
0.01416 1.96 0.44
0.01417 1.96 0.44
0.01418 2 0.44
0.01419 2 0.44
0.0142 2 0.48
0.01421 2 0.44
0.01422 2 0.48
0.01423 2.04 0.44
0.01424 2 0.48
0.01425 2 0.48
0.01426 2 0.44
0.01427 2.04 0.48
0.01428 2.04 0.44
0.01429 2.04 0.44
0.0143 2.04 0.48
0.01431 2.04 0.48
0.01432 2.04 0.44
0.01433 2.04 0.44
0.01434 2.04 0.44
0.01435 2.04 0.44
0.01436 2.04 0.48
0.01437 2.08 0.48
0.01438 2.04 0.44
0.01439 2.04 0.44
0.0144 2.04 0.48
0.01441 2.08 0.44
0.01442 2.08 0.48
0.01443 2.08 0.44
0.01444 2.04 0.44
0.01445 2.04 0.48
0.01446 2.08 0.44
0.01447 2.08 0.48
0.01448 2.08 0.44
0.01449 2.08 0.4
0.0145 2.08 0.44
0.01451 2.12 0.48
0.01452 2.12 0.44
0.01453 2.08 0.48
0.01454 2.12 0.44
0.01455 2.12 0.44
0.01456 2.16 0.44
0.01457 2.12 0.44
0.01458 2.12 0.48
0.01459 2.12 0.44
0.0146 2.12 0.44
0.01461 2.12 0.48
0.01462 2.16 0.44
0.01463 2.16 0.48
0.01464 2.12 0.44
0.01465 2.16 0.48
0.01466 2.16 0.44
0.01467 2.16 0.44
0.01468 2.12 0.48
0.01469 2.16 0.4
0.0147 2.16 0.44
0.01471 2.16 0.44
0.01472 2.16 0.44
0.01473 2.16 0.48
0.01474 2.16 0.48
0.01475 2.2 0.44
0.01476 2.2 0.44
0.01477 2.2 0.44
0.01478 2.2 0.48
0.01479 2.2 0.44
0.0148 2.16 0.48
0.01481 2.16 0.44
0.01482 2.2 0.44
0.01483 2.2 0.44
0.01484 2.2 0.48
0.01485 2.2 0.48
0.01486 2.2 0.44
0.01487 2.2 0.44
0.01488 2.2 0.44
0.01489 2.2 0.48
0.0149 2.2 0.44
0.01491 2.24 0.44
0.01492 2.24 0.44
0.01493 2.24 0.44
0.01494 2.2 0.48
0.01495 2.24 0.48
0.01496 2.24 0.48
0.01497 2.24 0.4
0.01498 2.24 0.44
0.01499 2.28 0.44
0.015 2.28 0.48
0.01501 2.24 0.48
0.01502 2.28 0.44
0.01503 2.24 0.44
0.01504 2.24 0.48
0.01505 2.28 0.48
0.01506 2.28 0.44
0.01507 2.28 0.48
0.01508 2.28 0.44
0.01509 2.28 0.48
0.0151 2.28 0.44
0.01511 2.28 0.48
0.01512 2.28 0.44
0.01513 2.28 0.44
0.01514 2.28 0.44
0.01515 2.28 0.44
0.01516 2.28 0.48
0.01517 2.28 0.48
0.01518 2.32 0.44
0.01519 2.28 0.44
0.0152 2.32 0.44
0.01521 2.32 0.52
0.01522 2.32 0.44
0.01523 2.32 0.44
0.01524 2.32 0.44
0.01525 2.32 0.44
0.01526 2.32 0.48
0.01527 2.36 0.44
0.01528 2.36 0.44
0.01529 2.36 0.44
0.0153 2.32 0.44
0.01531 2.36 0.48
0.01532 2.32 0.48
0.01533 2.36 0.48
0.01534 2.36 0.44
0.01535 2.36 0.44
0.01536 2.36 0.44
0.01537 2.36 0.48
0.01538 2.36 0.48
0.01539 2.4 0.44
0.0154 2.4 0.44
0.01541 2.36 0.48
0.01542 2.4 0.48
0.01543 2.36 0.44
0.01544 2.4 0.44
0.01545 2.4 0.44
0.01546 2.4 0.44
0.01547 2.4 0.44
0.01548 2.36 0.48
0.01549 2.4 4.44
0.0155 2.36 0.48
0.01551 2.4 0.44
0.01552 2.4 0.48
0.01553 2.4 0.48
0.01554 2.4 0.44
0.01555 2.4 0.44
0.01556 2.4 0.44
0.01557 2.4 0.44
0.01558 2.4 0.48
0.01559 2.44 0.48
0.0156 2.44 0.44
0.01561 2.44 0.44
0.01562 2.44 0.44
0.01563 2.48 0.44
0.01564 2.44 0.44
0.01565 2.44 0.44
0.01566 2.44 0.44
0.01567 2.44 0.44
0.01568 2.44 0.44
0.01569 2.48 0.48
0.0157 2.48 0.48
0.01571 2.48 0.44
0.01572 2.48 0.44
0.01573 2.48 0.48
0.01574 2.48 0.48
0.01575 2.48 0.44
0.01576 2.48 0.4
0.01577 2.48 0.44
0.01578 2.52 0.44
0.01579 2.52 0.44
0.0158 2.52 0.44
0.01581 2.52 0.44
0.01582 2.52 0.44
0.01583 2.52 0.44
0.01584 2.52 0.48
0.01585 2.52 0.44
0.01586 2.52 0.44
0.01587 2.52 0.44
0.01588 2.56 0.44
0.01589 2.52 0.44
0.0159 2.56 0.44
0.01591 2.52 0.44
0.01592 2.56 0.4
0.01593 2.56 0.44
0.01594 0 0.44
0.01595 0 0.48
0.01596 0 0.44
0.01597 0 0.44
0.01598 0 0.44
0.01599 0.04 0.44
0.016 0 0.48
0.01601 0.04 0.44
0.01602 0.04 0.44
0.01603 0 0.44
0.01604 0.04 0.48
0.01605 0.04 0.44
0.01606 0.04 0.48
0.01607 0.04 0.44
0.01608 0.04 0.48
0.01609 0.04 0.44
0.0161 0.08 0.44
0.01611 0.04 0.44
0.01612 0.08 0.48
0.01613 0.08 0.44
0.01614 0.08 0.44
0.01615 0.08 0.48
0.01616 0.08 0.48
0.01617 0.08 0.44
0.01618 0.08 0.48
0.01619 0.08 0.48
0.0162 0.08 0.4
0.01621 0.12 0.48
0.01622 0.08 0.44
0.01623 0.08 0.48
0.01624 0.12 0.4
0.01625 0.12 0.44
0.01626 0.12 0.48
0.01627 0.12 0.48
0.01628 0.12 0.44
0.01629 0.12 0.44
0.0163 0.12 0.44
0.01631 0.12 0.48
0.01632 0.12 0.44
0.01633 0.12 0.44
0.01634 0.16 0.48
0.01635 0.12 0.44
0.01636 0.12 0.44
0.01637 0.16 0.48
0.01638 0.16 0.48
0.01639 0.16 0.48
0.0164 0.16 0.48
0.01641 0.16 0.44
0.01642 0.16 0.48
0.01643 0.16 0.48
0.01644 0.16 0.48
0.01645 0.16 0.4
0.01646 0.2 0.44
0.01647 0.16 0.44
0.01648 0.16 0.48
0.01649 0.2 0.44
0.0165 0.2 0.44
0.01651 0.2 0.4
0.01652 0.2 0.44
0.01653 0.24 0.44
0.01654 0.2 0.48
0.01655 0.2 0.48
0.01656 0.2 0.48
0.01657 0.2 0.44
0.01658 0.24 0.44
0.01659 0.24 0.44
0.0166 0.24 0.48
0.01661 0.2 0.44
0.01662 0.28 0.44
0.01663 0.24 0.44
0.01664 0.24 0.44
0.01665 0.24 0.44
0.01666 0.24 0.4
0.01667 0.24 0.44
0.01668 0.24 0.48
0.01669 0.24 0.48
0.0167 0.28 0.44
0.01671 0.28 0.48
0.01672 0.28 0.44
0.01673 0.28 0.48
0.01674 0.28 0.44
0.01675 0.28 0.48
0.01676 0.28 0.48
0.01677 0.28 0.44
0.01678 0.28 0.44
0.01679 0.32 0.44
0.0168 0.32 0.48
0.01681 0.32 0.44
0.01682 0.28 0.44
0.01683 0.28 0.44
0.01684 0.32 0.4
0.01685 0.32 0.48
0.01686 0.32 0.44
0.01687 0.32 0.4
0.01688 0.32 0.44
0.01689 0.32 0.44
0.0169 0.32 0.44
0.01691 0.32 0.48
0.01692 0.32 0.48
0.01693 0.32 0.44
0.01694 0.36 0.44
0.01695 0.36 0.48
0.01696 0.36 0.48
0.01697 0.36 0.48
0.01698 0.36 0.44
0.01699 0.36 0.4
0.017 0.36 0.44
0.01701 0.36 0.48
0.01702 0.36 0.44
0.01703 0.4 0.44
0.01704 0.36 0.48
0.01705 0.36 0.44
0.01706 0.4 0.44
0.01707 0.4 0.48
0.01708 0.36 0.44
0.01709 0.4 0.44
0.0171 0.4 0.44
0.01711 0.36 0.44
0.01712 0.4 0.44
0.01713 0.4 0.44
0.01714 0.4 0.44
0.01715 0.4 0.44
0.01716 0.4 0.44
0.01717 0.4 0.44
0.01718 0.4 0.44
0.01719 0.44 0.44
0.0172 0.44 0.4
0.01721 0.44 0.48
0.01722 0.44 0.44
0.01723 0.44 0.44
0.01724 0.44 0.44
0.01725 0.44 0.44
0.01726 0.44 0.44
0.01727 0.44 0.48
0.01728 0.48 0.44
0.01729 0.44 0.48
0.0173 0.44 0.44
0.01731 0.48 0.4
0.01732 0.44 0.44
0.01733 0.48 0.48
0.01734 0.48 0.44
0.01735 0.48 0.44
0.01736 0.44 0.44
0.01737 0.48 0.44
0.01738 0.48 0.48
0.01739 0.48 0.48
0.0174 0.52 0.48
0.01741 0.48 0.44
0.01742 0.48 0.44
0.01743 0.52 0.48
0.01744 0.48 0.48
0.01745 0.52 0.44
0.01746 0.52 0.48
0.01747 0.48 0.44
0.01748 0.52 0.48
0.01749 0.52 0.44
0.0175 0.52 0.44
0.01751 0.52 0.44
0.01752 0.52 0.44
0.01753 0.52 0.48
0.01754 0.52 0.44
0.01755 0.56 0.48
0.01756 0.56 0.44
0.01757 0.56 0.48
0.01758 0.56 0.44
0.01759 0.52 0.44
0.0176 0.52 0.48
0.01761 0.56 0.44
0.01762 0.56 0.48
0.01763 0.56 0.44
0.01764 0.56 0.48
0.01765 0.56 0.48
0.01766 0.6 0.48
0.01767 0.56 0.44
0.01768 0.6 0.4
0.01769 0.56 0.44
0.0177 0.6 0.48
0.01771 0.64 0.48
0.01772 0.6 0.44
0.01773 0.6 0.44
0.01774 0.6 0.44
0.01775 0.64 0.48
0.01776 0.6 0.48
0.01777 0.6 0.48
0.01778 0.6 0.48
0.01779 0.6 0.44
0.0178 0.64 0.44
0.01781 0.6 0.44
0.01782 0.6 0.48
0.01783 0.64 0.44
0.01784 0.64 0.4
0.01785 0.64 0.48
0.01786 0.64 0.48
0.01787 0.64 0.44
0.01788 0.64 0.48
0.01789 0.64 0.44
0.0179 0.64 0.44
0.01791 0.68 0.48
0.01792 0.68 0.48
0.01793 0.68 0.44
0.01794 0.68 0.44
0.01795 0.68 0.44
0.01796 0.68 0.44
0.01797 0.64 0.48
0.01798 0.68 0.44
0.01799 0.68 0.44
0.018 0.68 0.44
0.01801 0.72 0.44
0.01802 0.68 0.48
0.01803 0.72 0.48
0.01804 0.68 0.4
0.01805 0.72 0.44
0.01806 0.68 0.48
0.01807 0.76 0.48
0.01808 0.72 0.48
0.01809 0.72 0.44
0.0181 0.76 0.44
0.01811 0.72 0.44
0.01812 0.72 0.48
0.01813 0.76 0.48
0.01814 0.76 0.48
0.01815 0.76 0.4
0.01816 0.76 0.44
0.01817 0.76 0.44
0.01818 0.76 0.48
0.01819 0.76 0.48
0.0182 0.76 0.48
0.01821 0.76 0.44
0.01822 0.8 0.44
0.01823 0.76 0.48
0.01824 0.76 0.48
0.01825 0.76 0.44
0.01826 0.8 0.48
0.01827 0.8 0.48
0.01828 0.8 0.48
0.01829 0.8 0.44
0.0183 0.8 0.48
0.01831 0.8 0.48
0.01832 0.8 0.44
0.01833 0.8 0.48
0.01834 0.8 0.44
0.01835 0.8 0.44
0.01836 0.8 0.48
0.01837 0.8 0.4
0.01838 0.8 0.48
0.01839 0.8 0.48
0.0184 0.84 0.48
0.01841 0.8 0.48
0.01842 0.84 0.44
0.01843 0.84 0.44
0.01844 0.84 0.48
0.01845 0.84 0.44
0.01846 0.88 0.48
0.01847 0.88 0.44
0.01848 0.84 0.44
0.01849 0.84 0.44
0.0185 0.84 0.48
0.01851 0.88 0.44
0.01852 0.88 0.44
0.01853 0.88 0.44
0.01854 0.88 0.4
0.01855 0.84 0.48
0.01856 0.88 0.48
0.01857 0.88 0.44
0.01858 0.88 0.48
0.01859 0.88 0.48
0.0186 0.88 0.44
0.01861 0.92 0.44
0.01862 0.88 0.44
0.01863 0.92 0.44
0.01864 0.92 0.44
0.01865 0.92 0.48
0.01866 0.92 0.44
0.01867 0.92 0.48
0.01868 0.92 0.48
0.01869 0.92 0.48
0.0187 0.92 0.44
0.01871 0.92 0.48
0.01872 0.92 0.48
0.01873 0.92 0.48
0.01874 0.96 0.44
0.01875 0.92 0.44
0.01876 0.92 0.48
0.01877 0.96 0.48
0.01878 0.96 0.48
0.01879 0.96 0.44
0.0188 0.96 0.44
0.01881 0.96 0.44
0.01882 0.96 0.48
0.01883 0.96 0.48
0.01884 0.96 0.44
0.01885 0.96 0.4
0.01886 0.96 0.44
0.01887 0.96 0.48
0.01888 0.96 0.48
0.01889 0.96 0.44
0.0189 1 0.44
0.01891 1 0.44
0.01892 1 0.48
0.01893 1 0.44
0.01894 1 0.44
0.01895 1 0.44
0.01896 1.04 0.48
0.01897 1 0.48
0.01898 1 0.44
0.01899 1.04 0.44
0.019 1.04 0.44
0.01901 1 0.44
0.01902 1.04 0.44
0.01903 1.04 0.48
0.01904 1 0.48
0.01905 1.04 0.44
0.01906 1.04 0.44
0.01907 1.04 0.44
0.01908 1.08 0.48
0.01909 1.08 0.48
0.0191 1.04 0.48
0.01911 1.04 0.44
0.01912 1.08 0.48
0.01913 1.08 0.48
0.01914 1.08 0.48
0.01915 1.04 0.48
0.01916 1.08 0.44
0.01917 1.08 0.44
0.01918 1.08 0.44
0.01919 1.08 0.44
0.0192 1.08 0.44
0.01921 1.08 0.48
0.01922 1.08 0.44
0.01923 1.12 0.48
0.01924 1.08 0.48
0.01925 1.08 0.48
0.01926 1.08 0.48
0.01927 1.08 0.44
0.01928 1.08 0.44
0.01929 1.12 0.44
0.0193 1.12 0.48
0.01931 1.08 0.44
0.01932 1.12 0.44
0.01933 1.12 0.44
0.01934 1.12 0.48
0.01935 1.12 0.44
0.01936 1.12 0.48
0.01937 1.12 0.48
0.01938 1.12 0.44
0.01939 1.16 0.48
0.0194 1.16 0.44
0.01941 1.16 0.44
0.01942 1.16 0.48
0.01943 1.16 0.4
0.01944 1.16 0.44
0.01945 1.16 0.44
0.01946 1.16 0.48
0.01947 1.16 0.44
0.01948 1.16 0.48
0.01949 1.16 0.48
0.0195 1.16 0.44
0.01951 1.2 0.48
0.01952 1.16 0.48
0.01953 1.2 0.48
0.01954 1.2 0.44
0.01955 1.2 0.44
0.01956 1.2 0.44
0.01957 1.2 0.48
0.01958 1.2 0.44
0.01959 1.2 0.4
0.0196 1.2 0.44
0.01961 1.2 0.48
0.01962 1.2 0.48
0.01963 1.24 0.44
0.01964 1.2 0.4
0.01965 1.24 0.44
0.01966 1.24 0.48
0.01967 1.24 0.44
0.01968 1.24 0.48
0.01969 1.28 0.48
0.0197 1.24 0.44
0.01971 1.24 0.48
0.01972 1.24 0.44
0.01973 1.28 0.48
0.01974 1.28 0.48
0.01975 1.28 0.44
0.01976 1.28 0.44
0.01977 1.28 0.44
0.01978 1.28 0.48
0.01979 1.28 0.48
0.0198 1.28 0.44
0.01981 1.28 0.4
0.01982 1.28 0.48
0.01983 1.32 0.48
0.01984 1.28 0.44
0.01985 1.28 0.44
0.01986 1.28 0.44
0.01987 1.28 0.4
0.01988 1.32 0.44
0.01989 1.28 0.48
0.0199 1.32 0.44
0.01991 1.28 0.44
0.01992 1.32 0.44
0.01993 1.32 0.44
0.01994 1.32 0.44
0.01995 1.36 0.48
0.01996 1.32 0.44
0.01997 1.32 0.44
0.01998 1.36 0.48
0.01999 1.36 0.48
0.02 1.32 0.44
0.02001 1.36 0.4
0.02002 1.36 0.44
0.02003 1.32 0.44
0.02004 1.32 0.44
0.02005 1.36 0.48
0.02006 1.36 0.44
0.02007 1.4 0.48
0.02008 1.36 0.44
0.02009 1.4 0.48
0.0201 1.4 0.44
0.02011 1.4 0.48
0.02012 1.4 0.44
0.02013 1.4 0.44
0.02014 1.4 0.48
0.02015 1.4 0.48
0.02016 1.4 0.48
0.02017 1.4 0.44
0.02018 1.4 0.48
0.02019 1.4 0.48
0.0202 1.4 0.48
0.02021 1.44 0.48
0.02022 1.4 0.44
0.02023 1.4 0.44
0.02024 1.44 0.48
0.02025 1.4 0.44
0.02026 1.44 0.48
0.02027 1.44 0.44
0.02028 1.44 0.44
0.02029 1.44 0.44
0.0203 1.44 0.48
0.02031 1.48 0.48
0.02032 1.44 0.44
0.02033 1.44 0.44
0.02034 1.48 0.4
0.02035 1.44 0.52
0.02036 1.48 0.48
0.02037 1.48 0.44
0.02038 1.44 0.44
0.02039 1.48 0.4
0.0204 1.44 0.44
0.02041 1.48 0.44
0.02042 1.48 0.44
0.02043 1.48 0.44
0.02044 1.48 0.44
0.02045 1.48 0.44
0.02046 1.52 0.48
0.02047 1.48 0.48
0.02048 1.52 0.44
0.02049 1.52 0.4
0.0205 1.52 0.44
0.02051 1.48 0.44
0.02052 1.52 0.48
0.02053 1.52 0.44
0.02054 1.52 0.44
0.02055 1.56 0.44
0.02056 1.52 0.4
0.02057 1.56 0.48
0.02058 1.52 0.52
0.02059 1.56 0.48
0.0206 1.56 0.44
0.02061 1.56 0.48
0.02062 1.56 0.48
0.02063 1.56 0.48
0.02064 1.56 0.44
0.02065 1.56 0.44
0.02066 1.56 0.44
0.02067 1.56 0.44
0.02068 1.56 0.48
0.02069 1.56 0.44
0.0207 1.56 0.48
0.02071 1.6 0.44
0.02072 1.56 0.48
0.02073 1.6 0.48
0.02074 1.56 0.48
0.02075 1.56 0.44
0.02076 1.56 0.44
0.02077 1.6 0.44
0.02078 1.56 0.44
0.02079 1.6 0.48
0.0208 1.6 0.44
0.02081 1.56 0.48
0.02082 1.64 0.44
0.02083 1.6 0.48
0.02084 1.64 0.44
0.02085 1.64 0.44
0.02086 1.64 0.48
0.02087 1.6 0.4
0.02088 1.64 0.48
0.02089 1.64 0.48
0.0209 1.64 0.44
0.02091 1.64 0.44
0.02092 1.64 0.44
0.02093 1.64 0.44
0.02094 1.64 0.44
0.02095 1.64 0.48
0.02096 1.64 0.48
0.02097 1.64 0.48
0.02098 1.64 0.4
0.02099 1.64 0.48
0.021 1.68 0.48
0.02101 1.68 0.48
0.02102 1.64 0.4
0.02103 1.68 0.4
0.02104 1.68 0.44
0.02105 1.72 0.48
0.02106 1.68 0.48
0.02107 1.68 0.4
0.02108 1.68 0.44
0.02109 1.68 0.48
0.0211 1.72 0.4
0.02111 1.68 0.44
0.02112 1.72 0.48
0.02113 1.72 0.44
0.02114 1.72 0.44
0.02115 1.72 0.44
0.02116 1.72 0.44
0.02117 1.72 0.44
0.02118 1.72 0.44
0.02119 1.72 0.44
0.0212 1.72 0.48
0.02121 1.72 0.44
0.02122 1.72 0.44
0.02123 1.72 0.44
0.02124 1.72 0.44
0.02125 1.72 0.44
0.02126 1.76 0.48
0.02127 1.72 0.48
0.02128 1.76 0.44
0.02129 1.76 0.4
0.0213 1.76 0.44
0.02131 1.76 0.48
0.02132 1.76 0.44
0.02133 1.76 0.44
0.02134 1.8 0.44
0.02135 1.8 0.44
0.02136 1.76 0.48
0.02137 1.8 0.48
0.02138 1.76 0.44
0.02139 1.76 0.44
0.0214 1.8 0.4
0.02141 1.8 0.48
0.02142 1.76 0.48
0.02143 1.8 0.44
0.02144 1.8 0.48
0.02145 1.8 0.48
0.02146 1.8 0.44
0.02147 1.8 0.48
0.02148 1.8 0.48
0.02149 1.84 0.44
0.0215 1.84 0.44
0.02151 1.84 0.48
0.02152 1.84 0.44
0.02153 1.84 0.48
0.02154 1.84 0.44
0.02155 1.84 0.44
0.02156 1.84 0.48
0.02157 1.84 0.48
0.02158 1.84 0.44
0.02159 1.84 0.44
0.0216 1.84 0.4
0.02161 1.88 0.4
0.02162 1.88 0.48
0.02163 1.84 0.44
0.02164 1.88 0.48
0.02165 1.84 0.44
0.02166 1.88 0.48
0.02167 1.88 0.44
0.02168 1.88 0.48
0.02169 1.88 0.44
0.0217 1.88 0.48
0.02171 1.88 0.44
0.02172 1.92 0.4
0.02173 1.88 0.44
0.02174 1.88 0.48
0.02175 1.92 0.44
0.02176 1.88 0.44
0.02177 1.92 0.44
0.02178 1.88 0.44
0.02179 1.92 0.48
0.0218 1.92 0.48
0.02181 1.92 0.44
0.02182 1.92 0.48
0.02183 1.92 0.48
0.02184 1.92 0.48
0.02185 1.96 0.44
0.02186 1.92 0.44
0.02187 1.92 0.44
0.02188 1.96 0.44
0.02189 1.96 0.44
0.0219 1.92 0.48
0.02191 1.96 0.48
0.02192 1.96 0.44
0.02193 1.96 0.44
0.02194 1.96 0.48
0.02195 1.96 0.48
0.02196 2 0.44
0.02197 2 0.44
0.02198 2 0.4
0.02199 2.04 0.44
0.022 1.96 0.48
0.02201 2 0.48
0.02202 2 0.48
0.02203 2 0.48
0.02204 2 0.4
0.02205 2.04 0.48
0.02206 2.04 0.44
0.02207 2.04 0.48
0.02208 2.04 0.44
0.02209 2.04 0.44
0.0221 2.04 0.48
0.02211 2.04 0.48
0.02212 2.04 0.44
0.02213 2.04 0.44
0.02214 2.04 0.44
0.02215 2 0.44
0.02216 2.04 0.44
0.02217 2.04 0.48
0.02218 2.04 0.48
0.02219 2.08 0.44
0.0222 2.08 0.4
0.02221 2.04 0.44
0.02222 2.08 0.48
0.02223 2.08 0.48
0.02224 2.08 0.44
0.02225 2.08 0.44
0.02226 2.08 0.48
0.02227 2.08 0.44
0.02228 2.08 0.44
0.02229 2.12 0.44
0.0223 2.12 0.44
0.02231 2.08 0.4
0.02232 2.12 0.48
0.02233 2.12 0.48
0.02234 2.12 0.48
0.02235 2.12 0.4
0.02236 2.12 0.44
0.02237 2.08 0.48
0.02238 2.12 0.44
0.02239 2.12 0.48
0.0224 2.12 0.48
0.02241 2.12 0.44
0.02242 2.12 0.44
0.02243 2.12 0.48
0.02244 2.12 0.48
0.02245 2.16 0.44
0.02246 2.16 0.44
0.02247 2.16 0.48
0.02248 2.12 0.48
0.02249 2.12 0.44
0.0225 2.16 0.44
0.02251 2.16 0.44
0.02252 2.16 0.44
0.02253 2.16 0.48
0.02254 2.16 0.44
0.02255 2.2 0.44
0.02256 2.2 0.44
0.02257 2.16 0.44
0.02258 2.16 0.44
0.02259 2.2 0.44
0.0226 2.2 0.48
0.02261 2.2 0.48
0.02262 2.2 0.44
0.02263 2.2 0.44
0.02264 2.2 0.48
0.02265 2.2 0.48
0.02266 2.2 0.44
0.02267 2.2 0.48
0.02268 2.2 0.44
0.02269 2.2 0.44
0.0227 2.2 0.44
0.02271 2.2 0.48
0.02272 2.2 0.48
0.02273 2.24 0.44
0.02274 2.24 0.48
0.02275 2.24 0.44
0.02276 2.24 0.44
0.02277 2.24 0.48
0.02278 2.24 0.44
0.02279 2.28 0.44
0.0228 2.24 0.44
0.02281 2.24 0.44
0.02282 2.24 0.44
0.02283 2.24 0.44
0.02284 2.24 0.44
0.02285 2.28 0.48
0.02286 2.28 0.48
0.02287 2.28 0.44
0.02288 2.28 0.44
0.02289 2.28 0.4
0.0229 2.24 0.44
0.02291 2.24 0.44
0.02292 2.28 0.44
0.02293 2.28 0.44
0.02294 2.28 0.44
0.02295 2.24 0.4
0.02296 2.28 0.44
0.02297 2.28 0.48
0.02298 2.28 0.44
0.02299 2.28 0.4
0.023 2.32 0.44
0.02301 2.32 0.44
0.02302 2.32 0.48
0.02303 2.32 0.44
0.02304 2.32 0.44
0.02305 2.32 0.44
0.02306 2.32 0.48
0.02307 2.32 0.48
0.02308 2.32 0.4
0.02309 2.32 0.4
0.0231 2.32 0.44
0.02311 2.36 0.44
0.02312 2.36 0.48
0.02313 2.36 0.48
0.02314 2.36 0.44
0.02315 2.36 0.44
0.02316 2.36 0.44
0.02317 2.36 0.48
0.02318 2.36 0.48
0.02319 2.36 0.44
0.0232 2.36 0.4
0.02321 2.36 0.44
0.02322 2.4 0.44
0.02323 2.36 0.44
0.02324 2.36 0.44
0.02325 2.36 0.44
0.02326 2.4 0.4
0.02327 2.4 0.44
0.02328 2.4 0.44
0.02329 2.4 0.44
0.0233 2.4 4.4
0.02331 2.36 4.4
0.02332 2.4 0.44
0.02333 2.4 0.48
0.02334 2.4 0.48
0.02335 2.4 0.44
0.02336 2.4 0.4
0.02337 2.4 0.44
0.02338 2.48 0.48
0.02339 2.44 0.44
0.0234 2.44 0.44
0.02341 2.44 0.44
0.02342 2.44 0.4
0.02343 2.44 0.44
0.02344 2.44 0.48
0.02345 2.44 0.44
0.02346 2.44 0.4
0.02347 2.44 0.44
0.02348 2.48 0.44
0.02349 2.48 0.48
0.0235 2.48 0.44
0.02351 2.48 0.44
0.02352 2.48 0.4
0.02353 2.48 0.48
0.02354 2.48 0.48
0.02355 2.48 0.48
0.02356 2.44 0.44
0.02357 2.48 0.44
0.02358 2.52 0.4
0.02359 2.52 0.44
0.0236 2.48 0.48
0.02361 2.48 0.48
0.02362 2.52 0.4
0.02363 2.52 0.44
0.02364 2.52 0.44
0.02365 2.52 0.48
0.02366 2.52 0.44
0.02367 2.52 0.44
0.02368 2.52 0.4
0.02369 2.52 0.4
0.0237 2.52 0.48
0.02371 2.56 0.48
0.02372 2.56 0.44
0.02373 2.56 0.4
0.02374 2.52 0.44
0.02375 0 0.44
0.02376 0.04 0.4
0.02377 0 0.44
0.02378 0 0.44
0.02379 0.04 0.44
0.0238 0.04 0.44
0.02381 0.04 0.44
0.02382 0 0.44
0.02383 0 0.44
0.02384 0.04 0.4
0.02385 0.04 0.44
0.02386 0.04 0.48
0.02387 0.08 0.44
0.02388 0.04 0.44
0.02389 0.04 0.44
0.0239 0.04 0.44
0.02391 0.04 0.44
0.02392 0.04 0.44
0.02393 0.08 0.44
0.02394 0.08 0.44
0.02395 0.08 0.44
0.02396 0.08 0.44
0.02397 0.12 0.48
0.02398 0.08 0.48
0.02399 0.08 0.44
0.024 0.08 0.44
0.02401 0.08 0.44
0.02402 0.12 0.44
0.02403 0.08 0.48
0.02404 0.12 0.44
0.02405 0.12 0.44
0.02406 0.12 0.44
0.02407 0.12 0.44
0.02408 0.12 0.44
0.02409 0.16 0.44
0.0241 0.12 0.44
0.02411 0.12 0.44
0.02412 0.12 0.44
0.02413 0.12 0.44
0.02414 0.12 0.44
0.02415 0.12 0.44
0.02416 0.12 0.44
0.02417 0.16 0.44
0.02418 0.12 0.44
0.02419 0.12 0.48
0.0242 0.12 0.44
0.02421 0.16 0.4
0.02422 0.16 0.44
0.02423 0.12 0.48
0.02424 0.16 0.48
0.02425 0.16 0.44
0.02426 0.16 0.44
0.02427 0.2 0.48
0.02428 0.16 0.44
0.02429 0.2 0.48
0.0243 0.16 0.48
0.02431 0.2 0.44
0.02432 0.2 0.44
0.02433 0.2 0.48
0.02434 0.2 0.44
0.02435 0.2 0.44
0.02436 0.2 0.44
0.02437 0.2 0.44
0.02438 0.2 0.44
0.02439 0.24 0.44
0.0244 0.2 0.48
0.02441 0.24 0.44
0.02442 0.24 0.44
0.02443 0.2 0.44
0.02444 0.2 0.44
0.02445 0.24 0.48
0.02446 0.28 0.44
0.02447 0.24 0.44
0.02448 0.28 0.4
0.02449 0.24 0.44
0.0245 0.28 0.48
0.02451 0.28 0.44
0.02452 0.24 0.4
0.02453 0.28 0.44
0.02454 0.28 0.44
0.02455 0.28 0.44
0.02456 0.28 0.48
0.02457 0.28 0.44
0.02458 0.28 0.4
0.02459 0.28 0.48
0.0246 0.28 0.44
0.02461 0.28 0.48
0.02462 0.32 0.48
0.02463 0.32 0.44
0.02464 0.32 0.44
0.02465 0.28 0.44
0.02466 0.32 0.44
0.02467 0.28 0.44
0.02468 0.28 0.44
0.02469 0.32 0.48
0.0247 0.28 0.44
0.02471 0.32 0.44
0.02472 0.32 0.48
0.02473 0.32 0.44
0.02474 0.32 0.44
0.02475 0.32 0.44
0.02476 0.32 0.48
0.02477 0.36 0.44
0.02478 0.32 0.48
0.02479 0.36 0.44
0.0248 0.36 0.44
0.02481 0.36 0.44
0.02482 0.36 0.48
0.02483 0.36 0.44
0.02484 0.36 0.44
0.02485 0.36 0.44
0.02486 0.4 0.4
0.02487 0.4 0.44
0.02488 0.4 0.48
0.02489 0.4 0.44
0.0249 0.36 0.44
0.02491 0.4 0.44
0.02492 0.4 0.4
0.02493 0.4 0.44
0.02494 0.4 0.44
0.02495 0.4 0.44
0.02496 0.4 0.44
0.02497 0.44 0.44
0.02498 0.4 0.44
0.02499 0.44 0.48
0.025 0.44 0.44
0.02501 0.4 0.4
0.02502 0.44 0.44
0.02503 0.44 0.48
0.02504 0.44 0.44
0.02505 0.44 0.44
0.02506 0.44 0.4
0.02507 0.44 0.4
0.02508 0.48 0.44
0.02509 0.48 0.44
0.0251 0.44 0.44
0.02511 0.44 0.44
0.02512 0.48 0.44
0.02513 0.48 0.44
0.02514 0.44 0.48
0.02515 0.48 0.44
0.02516 0.44 0.48
0.02517 0.48 0.44
0.02518 0.48 0.44
0.02519 0.48 0.44
0.0252 0.48 0.48
0.02521 0.48 0.44
0.02522 0.48 0.44
0.02523 0.48 0.48
0.02524 0.52 0.44
0.02525 0.52 0.44
0.02526 0.52 0.44
0.02527 0.48 0.44
0.02528 0.48 0.4
0.02529 0.52 0.44
0.0253 0.52 0.44
0.02531 0.52 0.44
0.02532 0.56 0.44
0.02533 0.52 0.44
0.02534 0.52 0.44
0.02535 0.52 0.44
0.02536 0.52 0.48
0.02537 0.52 0.4
0.02538 0.52 0.44
0.02539 0.52 0.44
0.0254 0.56 0.4
0.02541 0.56 0.48
0.02542 0.56 0.44
0.02543 0.56 0.44
0.02544 0.56 0.44
0.02545 0.56 0.48
0.02546 0.56 0.44
0.02547 0.56 0.4
0.02548 0.56 0.4
0.02549 0.6 0.44
0.0255 0.6 0.44
0.02551 0.6 0.44
0.02552 0.6 0.44
0.02553 0.6 0.44
0.02554 0.6 0.44
0.02555 0.6 0.44
0.02556 0.6 0.48
0.02557 0.6 0.48
0.02558 0.6 0.44
0.02559 0.6 0.44
0.0256 0.64 0.44
0.02561 0.64 0.48
0.02562 0.64 0.48
0.02563 0.64 0.44
0.02564 0.64 0.44
0.02565 0.64 0.44
0.02566 0.64 0.48
0.02567 0.64 0.44
0.02568 0.64 0.48
0.02569 0.64 0.44
0.0257 0.68 0.48
0.02571 0.68 0.44
0.02572 0.64 0.4
0.02573 0.68 0.44
0.02574 0.68 0.44
0.02575 0.64 0.44
0.02576 0.68 0.44
0.02577 0.68 0.44
0.02578 0.72 0.48
0.02579 0.68 0.44
0.0258 0.72 0.4
0.02581 0.72 0.4
0.02582 0.68 0.48
0.02583 0.72 0.44
0.02584 0.72 0.44
0.02585 0.72 0.48
0.02586 0.72 0.44
0.02587 0.72 0.44
0.02588 0.76 0.48
0.02589 0.72 0.48
0.0259 0.72 0.48
0.02591 0.72 0.44
0.02592 0.72 0.44
0.02593 0.72 0.44
0.02594 0.68 0.44
0.02595 0.76 0.44
0.02596 0.76 0.44
0.02597 0.72 0.44
0.02598 0.76 0.4
0.02599 0.76 0.48
0.026 0.76 0.48
0.02601 0.76 0.4
0.02602 0.76 0.44
0.02603 0.76 0.44
0.02604 0.76 0.48
0.02605 0.76 0.44
0.02606 0.76 0.48
0.02607 0.76 0.44
0.02608 0.76 0.44
0.02609 0.8 0.44
0.0261 0.8 0.48
0.02611 0.8 0.48
0.02612 0.8 0.44
0.02613 0.8 0.4
0.02614 0.8 0.44
0.02615 0.8 0.44
0.02616 0.8 0.48
0.02617 0.84 0.44
0.02618 0.8 0.4
0.02619 0.8 0.44
0.0262 0.8 0.48
0.02621 0.8 0.44
0.02622 0.84 0.48
0.02623 0.84 0.44
0.02624 0.84 0.44
0.02625 0.84 0.44
0.02626 0.84 0.44
0.02627 0.84 0.48
0.02628 0.84 0.44
0.02629 0.84 0.44
0.0263 0.88 0.44
0.02631 0.84 0.44
0.02632 0.88 0.48
0.02633 0.88 0.44
0.02634 0.88 0.4
0.02635 0.88 0.48
0.02636 0.84 0.48
0.02637 0.88 0.44
0.02638 0.88 0.44
0.02639 0.88 0.44
0.0264 0.88 0.44
0.02641 0.92 0.48
0.02642 0.92 0.48
0.02643 0.92 0.44
0.02644 0.92 0.44
0.02645 0.92 0.44
0.02646 0.92 0.4
0.02647 0.92 0.44
0.02648 0.92 0.44
0.02649 0.92 0.44
0.0265 0.92 0.44
0.02651 0.92 0.44
0.02652 0.92 0.48
0.02653 0.92 0.48
0.02654 0.92 0.44
0.02655 0.92 0.44
0.02656 0.92 0.44
0.02657 0.92 0.48
0.02658 0.96 0.48
0.02659 0.92 0.48
0.0266 0.96 0.44
0.02661 0.96 0.44
0.02662 0.96 0.48
0.02663 0.96 0.44
0.02664 0.92 0.44
0.02665 0.96 0.44
0.02666 0.96 0.4
0.02667 1 0.44
0.02668 0.96 0.44
0.02669 0.96 0.48
0.0267 0.96 0.44
0.02671 1 0.4
0.02672 1 0.44
0.02673 0.96 0.48
0.02674 1 0.48
0.02675 1 0.44
0.02676 1 0.44
0.02677 1 0.4
0.02678 1 0.44
0.02679 1 0.44
0.0268 1 0.44
0.02681 1 0.44
0.02682 1 0.44
0.02683 1.04 0.44
0.02684 1 0.48
0.02685 1.04 0.44
0.02686 1.04 0.44
0.02687 1 0.4
0.02688 1.04 0.48
0.02689 1.08 0.44
0.0269 1.04 0.44
0.02691 1.04 0.44
0.02692 1.04 0.44
0.02693 1.08 0.44
0.02694 1.08 0.48
0.02695 1.08 0.44
0.02696 1.08 0.44
0.02697 1.04 0.44
0.02698 1.08 0.4
0.02699 1.08 0.48
0.027 1.08 0.44
0.02701 1.08 0.44
0.02702 1.08 0.44
0.02703 1.08 0.4
0.02704 1.08 0.44
0.02705 1.08 0.48
0.02706 1.08 0.44
0.02707 1.08 0.44
0.02708 1.08 0.4
0.02709 1.12 0.44
0.0271 1.08 0.48
0.02711 1.12 0.48
0.02712 1.12 0.44
0.02713 1.12 0.48
0.02714 1.12 0.44
0.02715 1.12 0.48
0.02716 1.12 0.44
0.02717 1.16 0.44
0.02718 1.12 0.44
0.02719 1.12 0.44
0.0272 1.16 0.44
0.02721 1.16 0.48
0.02722 1.12 0.44
0.02723 1.16 0.48
0.02724 1.16 0.44
0.02725 1.16 0.44
0.02726 1.16 0.44
0.02727 1.16 0.44
0.02728 1.16 0.44
0.02729 1.16 0.44
0.0273 1.16 0.4
0.02731 1.16 0.44
0.02732 1.16 0.44
0.02733 1.2 0.44
0.02734 1.2 0.44
0.02735 1.16 0.44
0.02736 1.2 0.44
0.02737 1.2 0.48
0.02738 1.2 0.44
0.02739 1.2 0.44
0.0274 1.2 0.44
0.02741 1.24 0.4
0.02742 1.24 0.48
0.02743 1.2 0.44
0.02744 1.2 0.44
0.02745 1.24 0.44
0.02746 1.24 0.44
0.02747 1.24 0.44
0.02748 1.24 0.44
0.02749 1.24 0.44
0.0275 1.24 0.44
0.02751 1.24 0.44
0.02752 1.28 0.48
0.02753 1.24 0.44
0.02754 1.24 0.44
0.02755 1.28 0.44
0.02756 1.28 0.44
0.02757 1.28 0.44
0.02758 1.28 0.48
0.02759 1.28 0.44
0.0276 1.28 0.44
0.02761 1.28 0.44
0.02762 1.28 0.44
0.02763 1.28 0.44
0.02764 1.28 0.48
0.02765 1.28 0.48
0.02766 1.28 0.4
0.02767 1.28 0.44
0.02768 1.28 0.44
0.02769 1.32 0.44
0.0277 1.32 0.44
0.02771 1.32 0.4
0.02772 1.32 0.44
0.02773 1.32 0.4
0.02774 1.32 0.48
0.02775 1.36 0.48
0.02776 1.32 0.44
0.02777 1.32 0.44
0.02778 1.32 0.44
0.02779 1.36 0.44
0.0278 1.32 0.44
0.02781 1.36 0.44
0.02782 1.32 0.44
0.02783 1.36 0.44
0.02784 1.32 0.44
0.02785 1.32 0.44
0.02786 1.36 0.44
0.02787 1.4 0.44
0.02788 1.4 0.44
0.02789 1.36 0.44
0.0279 1.4 0.48
0.02791 1.4 0.48
0.02792 1.36 0.48
0.02793 1.4 0.44
0.02794 1.4 0.44
0.02795 1.4 0.44
0.02796 1.36 0.44
0.02797 1.4 0.44
0.02798 1.4 0.44
0.02799 1.4 0.48
0.028 1.4 0.44
0.02801 1.4 0.44
0.02802 1.4 0.44
0.02803 1.44 0.44
0.02804 1.4 0.48
0.02805 1.44 0.48
0.02806 1.44 0.48
0.02807 1.44 0.48
0.02808 1.44 0.48
0.02809 1.44 0.44
0.0281 1.44 0.4
0.02811 1.44 0.48
0.02812 1.44 0.44
0.02813 1.44 0.44
0.02814 1.48 0.48
0.02815 1.44 0.44
0.02816 1.44 0.44
0.02817 1.44 0.44
0.02818 1.44 0.48
0.02819 1.44 0.44
0.0282 1.48 0.44
0.02821 1.48 0.48
0.02822 1.48 0.44
0.02823 1.48 0.44
0.02824 1.48 0.44
0.02825 1.48 0.4
0.02826 1.48 0.44
0.02827 1.48 0.48
0.02828 1.48 0.48
0.02829 1.48 0.4
0.0283 1.48 0.44
0.02831 1.48 0.44
0.02832 1.52 0.44
0.02833 1.52 0.44
0.02834 1.52 0.4
0.02835 1.52 0.44
0.02836 1.52 0.4
0.02837 1.52 0.44
0.02838 1.52 0.44
0.02839 1.56 0.48
0.0284 1.56 0.44
0.02841 1.52 0.44
0.02842 1.56 0.44
0.02843 1.56 0.48
0.02844 1.52 0.48
0.02845 1.56 0.44
0.02846 1.56 0.44
0.02847 1.56 0.44
0.02848 1.56 0.44
0.02849 1.56 0.48
0.0285 1.56 0.44
0.02851 1.56 0.48
0.02852 1.56 0.44
0.02853 1.56 0.4
0.02854 1.56 0.44
0.02855 1.56 0.44
0.02856 1.56 0.44
0.02857 1.6 0.44
0.02858 1.56 0.48
0.02859 1.6 0.4
0.0286 1.6 0.44
0.02861 1.56 0.4
0.02862 1.6 0.44
0.02863 1.56 0.44
0.02864 1.64 0.48
0.02865 1.6 0.48
0.02866 1.6 0.48
0.02867 1.6 0.44
0.02868 1.6 0.44
0.02869 1.64 0.48
0.0287 1.6 0.48
0.02871 1.6 0.48
0.02872 1.64 0.44
0.02873 1.64 0.48
0.02874 1.64 0.48
0.02875 1.64 0.44
0.02876 1.64 0.44
0.02877 1.64 0.44
0.02878 1.64 0.44
0.02879 1.64 0.48
0.0288 1.64 0.48
0.02881 1.64 0.48
0.02882 1.68 0.48
0.02883 1.64 0.44
0.02884 1.68 0.44
0.02885 1.68 0.44
0.02886 1.68 0.44
0.02887 1.68 0.48
0.02888 1.68 0.44
0.02889 1.68 0.44
0.0289 1.68 0.44
0.02891 1.68 0.48
0.02892 1.68 0.48
0.02893 1.68 0.44
0.02894 1.68 0.44
0.02895 1.72 0.44
0.02896 1.68 0.48
0.02897 1.72 0.48
0.02898 1.72 0.48
0.02899 1.72 0.44
0.029 1.72 0.44
0.02901 1.72 0.44
0.02902 1.72 0.48
0.02903 1.76 0.44
0.02904 1.72 0.44
0.02905 1.72 0.44
0.02906 1.72 0.4
0.02907 1.76 0.48
0.02908 1.72 0.44
0.02909 1.76 0.44
0.0291 1.72 0.44
0.02911 1.72 0.44
0.02912 1.76 0.44
0.02913 1.76 0.48
0.02914 1.76 0.44
0.02915 1.76 0.44
0.02916 1.76 0.44
0.02917 1.76 0.44
0.02918 1.76 0.48
0.02919 1.76 0.4
0.0292 1.76 0.44
0.02921 1.76 0.48
0.02922 1.8 0.44
0.02923 1.8 0.48
0.02924 1.8 0.48
0.02925 1.76 0.44
0.02926 1.8 0.44
0.02927 1.8 0.44
0.02928 1.8 0.44
0.02929 1.8 0.48
0.0293 1.8 0.48
0.02931 1.8 0.44
0.02932 1.8 0.44
0.02933 1.84 0.44
0.02934 1.84 0.44
0.02935 1.8 0.44
0.02936 1.84 0.4
0.02937 1.84 0.44
0.02938 1.84 0.44
0.02939 1.84 0.44
0.0294 1.84 0.48
0.02941 1.84 0.48
0.02942 1.84 0.44
0.02943 1.84 0.44
0.02944 1.84 0.44
0.02945 1.8 0.44
0.02946 1.88 0.44
0.02947 1.84 0.4
0.02948 1.88 0.44
0.02949 1.88 0.44
0.0295 1.88 0.48
0.02951 1.88 0.48
0.02952 1.88 0.44
0.02953 1.88 0.4
0.02954 1.88 0.44
0.02955 1.92 0.44
0.02956 1.88 0.48
0.02957 1.88 0.44
0.02958 1.92 0.44
0.02959 1.92 0.44
0.0296 1.96 0.44
0.02961 1.92 0.48
0.02962 1.92 0.44
0.02963 1.92 0.44
0.02964 1.92 0.44
0.02965 1.92 0.44
0.02966 1.92 0.48
0.02967 1.96 0.44
0.02968 1.92 0.44
0.02969 1.92 0.44
0.0297 1.96 0.44
0.02971 1.96 0.48
0.02972 1.92 0.48
0.02973 1.96 0.48
0.02974 2 0.44
0.02975 1.96 0.4
0.02976 2 0.48
0.02977 2 0.48
0.02978 2 0.48
0.02979 2 0.44
0.0298 2 0.48
0.02981 2 0.44
0.02982 2.04 0.44
0.02983 2 0.48
0.02984 2 0.44
0.02985 2 0.44
0.02986 1.96 0.48
0.02987 2 0.52
0.02988 2.04 0.44
0.02989 2.04 0.44
0.0299 2 0.44
0.02991 2 0.44
0.02992 2.04 0.44
0.02993 2.04 0.44
0.02994 2.04 0.48
0.02995 2.04 0.44
0.02996 2.04 0.44
0.02997 2.04 0.44
0.02998 2.04 0.48
0.02999 2.04 0.48
0.03 2.04 0.44
0.03001 2.04 0.4
0.03002 2.04 0.48
0.03003 2.08 0.48
0.03004 2.08 0.48
0.03005 2.08 0.48
0.03006 2.04 0.44
0.03007 2.08 0.44
0.03008 2.08 0.48
0.03009 2.08 0.48
0.0301 2.08 0.44
0.03011 2.08 0.44
0.03012 2.08 0.44
0.03013 2.12 0.44
0.03014 2.12 0.44
0.03015 2.08 0.44
0.03016 2.12 0.44
0.03017 2.12 0.44
0.03018 2.08 0.44
0.03019 2.12 0.48
0.0302 2.12 0.48
0.03021 2.08 0.44
0.03022 2.12 0.4
0.03023 2.16 0.48
0.03024 2.12 0.48
0.03025 2.12 0.48
0.03026 2.12 0.48
0.03027 2.12 0.44
0.03028 2.16 0.44
0.03029 2.16 0.44
0.0303 2.12 0.48
0.03031 2.16 0.48
0.03032 2.16 0.4
0.03033 2.16 0.44
0.03034 2.16 0.44
0.03035 2.16 0.44
0.03036 2.16 0.44
0.03037 2.2 0.44
0.03038 2.16 0.44
0.03039 2.2 0.44
0.0304 2.2 0.48
0.03041 2.2 0.44
0.03042 2.2 0.4
0.03043 2.2 0.44
0.03044 2.2 0.44
0.03045 2.2 0.48
0.03046 2.2 0.48
0.03047 2.2 0.48
0.03048 2.2 0.44
0.03049 2.2 0.44
0.0305 2.2 0.48
0.03051 2.2 0.44
0.03052 2.2 0.48
0.03053 2.24 0.44
0.03054 2.2 0.44
0.03055 2.2 0.48
0.03056 2.24 0.48
0.03057 2.24 0.48
0.03058 2.24 0.4
0.03059 2.24 0.44
0.0306 2.24 0.48
0.03061 2.24 0.48
0.03062 2.24 0.48
0.03063 2.24 0.44
0.03064 2.24 0.44
0.03065 2.24 0.48
0.03066 2.28 0.48
0.03067 2.24 0.44
0.03068 2.24 0.44
0.03069 2.24 0.44
0.0307 2.24 0.48
0.03071 2.28 0.44
0.03072 2.28 0.48
0.03073 2.24 0.48
0.03074 2.28 0.44
0.03075 2.24 0.44
0.03076 2.28 0.44
0.03077 2.28 0.44
0.03078 2.28 0.44
0.03079 2.32 0.48
0.0308 2.28 0.48
0.03081 2.28 0.44
0.03082 2.28 0.48
0.03083 2.32 0.48
0.03084 2.32 0.44
0.03085 2.32 0.44
0.03086 2.32 0.44
0.03087 2.36 0.44
0.03088 2.32 0.44
0.03089 2.32 0.44
0.0309 2.36 0.44
0.03091 2.36 0.44
0.03092 2.36 0.44
0.03093 2.32 0.48
0.03094 2.32 0.44
0.03095 2.36 0.48
0.03096 2.36 0.44
0.03097 2.36 0.48
0.03098 2.36 0.44
0.03099 2.36 0.48
0.031 2.36 0.44
0.03101 2.36 0.44
0.03102 2.4 0.44
0.03103 2.36 0.48
0.03104 2.36 0.48
0.03105 2.36 0.44
0.03106 2.36 0.48
0.03107 2.4 0.44
0.03108 2.4 0.44
0.03109 2.4 0.48
0.0311 2.4 0.44
0.03111 2.44 0.44
0.03112 2.4 4.44
0.03113 2.44 0.48
0.03114 2.4 0.44
0.03115 2.4 0.48
0.03116 2.4 0.44
0.03117 2.4 0.48
0.03118 2.4 0.44
0.03119 2.4 0.48
0.0312 2.44 0.48
0.03121 2.4 0.48
0.03122 2.44 0.44
0.03123 2.44 0.44
0.03124 2.44 0.44
0.03125 2.44 0.48
0.03126 2.44 0.48
0.03127 2.44 0.44
0.03128 2.44 0.44
0.03129 2.44 0.44
0.0313 2.44 0.48
0.03131 2.44 0.48
0.03132 2.48 0.44
0.03133 2.48 0.44
0.03134 2.48 0.44
0.03135 2.48 0.44
0.03136 2.48 0.44
0.03137 2.48 0.44
0.03138 2.48 0.44
0.03139 2.48 0.44
0.0314 2.48 0.44
0.03141 2.48 0.44
0.03142 2.52 0.48
0.03143 2.52 0.48
0.03144 2.52 0.44
0.03145 2.52 0.44
0.03146 2.52 0.48
0.03147 2.52 0.48
0.03148 2.52 0.44
0.03149 2.52 0.44
0.0315 2.52 0.44
0.03151 2.52 0.44
0.03152 2.52 0.44
0.03153 2.56 0.48
0.03154 2.52 0.44
0.03155 2.56 0.44
0.03156 1.08 0.44
0.03157 0 0.44
0.03158 0 0.44
0.03159 0 0.44
0.0316 0 0.44
0.03161 0 0.44
0.03162 0 0.48
0.03163 0.04 0.44
0.03164 0 0.44
0.03165 0.04 0.44
0.03166 0.04 0.48
0.03167 0.04 0.48
0.03168 0.04 0.48
0.03169 0.04 0.44
0.0317 0.04 0.48
0.03171 0.04 0.4
0.03172 0.04 0.48
0.03173 0.04 0.44
0.03174 0.04 0.48
0.03175 0.08 0.44
0.03176 0.08 0.44
0.03177 0.08 0.44
0.03178 0.04 0.48
0.03179 0.08 0.48
0.0318 0.08 0.44
0.03181 0.08 0.44
0.03182 0.08 0.44
0.03183 0.08 0.48
0.03184 0.08 0.48
0.03185 0.08 0.4
0.03186 0.08 0.48
0.03187 0.12 0.48
0.03188 0.12 0.48
0.03189 0.12 0.48
0.0319 0.12 0.48
0.03191 0.12 0.44
0.03192 0.12 0.44
0.03193 0.12 0.44
0.03194 0.12 0.48
0.03195 0.12 0.48
0.03196 0.12 0.44
0.03197 0.12 0.4
0.03198 0.12 0.44
0.03199 0.12 0.44
0.032 0.12 0.48
0.03201 0.16 0.44
0.03202 0.16 0.44
0.03203 0.16 0.44
0.03204 0.16 0.48
0.03205 0.16 0.48
0.03206 0.16 0.44
0.03207 0.16 0.48
0.03208 0.16 0.44
0.03209 0.2 0.48
0.0321 0.2 0.44
0.03211 0.16 0.44
0.03212 0.16 0.44
0.03213 0.2 0.44
0.03214 0.2 0.48
0.03215 0.2 0.44
0.03216 0.2 0.48
0.03217 0.2 0.44
0.03218 0.2 0.44
0.03219 0.2 0.44
0.0322 0.24 0.44
0.03221 0.24 0.48
0.03222 0.24 0.48
0.03223 0.24 0.48
0.03224 0.2 0.44
0.03225 0.2 0.44
0.03226 0.24 0.48
0.03227 0.24 0.48
0.03228 0.24 0.48
0.03229 0.28 0.44
0.0323 0.24 0.4
0.03231 0.28 0.48
0.03232 0.28 0.48
0.03233 0.24 0.48
0.03234 0.28 0.44
0.03235 0.28 0.44
0.03236 0.28 0.44
0.03237 0.28 0.48
0.03238 0.28 0.48
0.03239 0.28 0.48
0.0324 0.28 0.44
0.03241 0.28 0.48
0.03242 0.28 0.48
0.03243 0.32 0.44
0.03244 0.28 0.44
0.03245 0.28 0.44
0.03246 0.32 0.44
0.03247 0.32 0.44
0.03248 0.32 0.52
0.03249 0.28 0.48
0.0325 0.32 0.4
0.03251 0.32 0.4
0.03252 0.28 0.48
0.03253 0.28 0.48
0.03254 0.32 0.44
0.03255 0.32 0.44
0.03256 0.32 0.44
0.03257 0.36 0.48
0.03258 0.36 0.44
0.03259 0.36 0.48
0.0326 0.32 0.48
0.03261 0.36 0.48
0.03262 0.36 0.44
0.03263 0.36 0.48
0.03264 0.36 0.48
0.03265 0.36 0.48
0.03266 0.36 0.48
0.03267 0.36 0.48
0.03268 0.36 0.48
0.03269 0.36 0.48
0.0327 0.4 0.48
0.03271 0.36 0.44
0.03272 0.36 0.44
0.03273 0.4 0.44
0.03274 0.4 0.44
0.03275 0.4 0.44
0.03276 0.4 0.48
0.03277 0.4 0.48
0.03278 0.44 0.44
0.03279 0.44 0.48
0.0328 0.4 0.48
0.03281 0.44 0.48
0.03282 0.44 0.48
0.03283 0.44 0.44
0.03284 0.44 0.48
0.03285 0.44 0.52
0.03286 0.4 0.48
0.03287 0.44 0.48
0.03288 0.44 0.48
0.03289 0.44 0.48
0.0329 0.44 0.44
0.03291 0.44 0.48
0.03292 0.44 0.48
0.03293 0.48 0.44
0.03294 0.44 0.48
0.03295 0.44 0.44
0.03296 0.48 0.44
0.03297 0.48 0.44
0.03298 0.48 0.44
0.03299 0.48 0.44
0.033 0.44 0.44
0.03301 0.48 0.48
0.03302 0.48 0.48
0.03303 0.48 0.44
0.03304 0.48 0.44
0.03305 0.52 0.48
0.03306 0.48 0.48
0.03307 0.48 0.48
0.03308 0.48 0.44
0.03309 0.52 0.4
0.0331 0.52 0.48
0.03311 0.52 0.44
0.03312 0.52 0.48
0.03313 0.52 0.48
0.03314 0.52 0.48
0.03315 0.56 0.44
0.03316 0.52 0.48
0.03317 0.52 0.48
0.03318 0.56 0.48
0.03319 0.56 0.48
0.0332 0.56 0.44
0.03321 0.56 0.44
0.03322 0.56 0.48
0.03323 0.56 0.48
0.03324 0.6 0.44
0.03325 0.56 0.48
0.03326 0.56 0.44
0.03327 0.6 0.48
0.03328 0.56 0.48
0.03329 0.6 0.48
0.0333 0.6 0.44
0.03331 0.6 0.44
0.03332 0.6 0.48
0.03333 0.6 0.44
0.03334 0.6 0.44
0.03335 0.6 0.48
0.03336 0.6 0.4
0.03337 0.6 0.44
0.03338 0.6 0.48
0.03339 0.64 0.48
0.0334 0.6 0.44
0.03341 0.64 0.4
0.03342 0.6 0.44
0.03343 0.64 0.48
0.03344 0.64 0.48
0.03345 0.64 0.48
0.03346 0.64 0.48
0.03347 0.64 0.4
0.03348 0.64 0.4
0.03349 0.64 0.48
0.0335 0.64 0.48
0.03351 0.64 0.44
0.03352 0.68 0.44
0.03353 0.64 0.44
0.03354 0.68 0.44
0.03355 0.64 0.48
0.03356 0.68 0.44
0.03357 0.72 0.44
0.03358 0.68 0.44
0.03359 0.72 0.48
0.0336 0.68 0.48
0.03361 0.68 0.44
0.03362 0.72 0.44
0.03363 0.68 0.44
0.03364 0.68 0.44
0.03365 0.72 0.44
0.03366 0.68 0.44
0.03367 0.72 0.44
0.03368 0.72 0.44
0.03369 0.72 0.44
0.0337 0.72 0.44
0.03371 0.72 0.44
0.03372 0.72 0.48
0.03373 0.76 0.44
0.03374 0.76 0.44
0.03375 0.72 0.48
0.03376 0.76 0.48
0.03377 0.76 0.48
0.03378 0.76 0.44
0.03379 0.76 0.44
0.0338 0.76 0.44
0.03381 0.76 0.44
0.03382 0.76 0.44
0.03383 0.8 0.44
0.03384 0.76 0.44
0.03385 0.76 0.44
0.03386 0.76 0.48
0.03387 0.76 0.48
0.03388 0.76 0.44
0.03389 0.8 0.4
0.0339 0.76 0.44
0.03391 0.8 0.48
0.03392 0.8 0.44
0.03393 0.8 0.44
0.03394 0.8 0.44
0.03395 0.8 0.48
0.03396 0.8 0.48
0.03397 0.84 0.44
0.03398 0.8 0.44
0.03399 0.8 0.44
0.034 0.84 0.4
0.03401 0.84 0.48
0.03402 0.8 0.48
0.03403 0.84 0.44
0.03404 0.84 0.44
0.03405 0.84 0.44
0.03406 0.8 0.44
0.03407 0.84 0.48
0.03408 0.84 0.48
0.03409 0.84 0.44
0.0341 0.84 0.44
0.03411 0.84 0.44
0.03412 0.84 0.44
0.03413 0.84 0.48
0.03414 0.84 0.48
0.03415 0.84 0.44
0.03416 0.88 0.44
0.03417 0.88 0.44
0.03418 0.88 0.48
0.03419 0.92 0.48
0.0342 0.92 0.44
0.03421 0.88 0.44
0.03422 0.92 0.48
0.03423 0.88 0.44
0.03424 0.88 0.48
0.03425 0.92 0.48
0.03426 0.88 0.44
0.03427 0.92 0.44
0.03428 0.92 0.48
0.03429 0.92 0.48
0.0343 0.92 0.44
0.03431 0.92 0.48
0.03432 0.92 0.4
0.03433 0.92 0.44
0.03434 0.92 0.48
0.03435 0.92 0.44
0.03436 0.92 0.44
0.03437 0.96 0.44
0.03438 0.92 0.44
0.03439 0.96 0.44
0.0344 0.96 0.48
0.03441 0.92 0.44
0.03442 0.96 0.44
0.03443 0.92 0.44
0.03444 0.96 0.48
0.03445 0.96 0.48
0.03446 0.96 0.48
0.03447 0.96 0.44
0.03448 0.96 0.44
0.03449 0.96 0.44
0.0345 1 0.48
0.03451 0.96 0.44
0.03452 1 0.44
0.03453 0.96 0.44
0.03454 1 0.4
0.03455 1 0.48
0.03456 1.04 0.48
0.03457 1 0.44
0.03458 1.04 0.44
0.03459 1 0.44
0.0346 1 0.48
0.03461 1 0.48
0.03462 1.04 0.48
0.03463 1 0.44
0.03464 1 0.44
0.03465 1.04 0.44
0.03466 1.04 0.44
0.03467 1.04 0.48
0.03468 1.04 0.48
0.03469 1.08 0.44
0.0347 1.04 0.48
0.03471 1.04 0.48
0.03472 1.04 0.48
0.03473 1.04 0.44
0.03474 1.04 0.48
0.03475 1.04 0.44
0.03476 1.08 0.44
0.03477 1.08 0.44
0.03478 1.08 0.44
0.03479 1.08 0.44
0.0348 1.08 0.44
0.03481 1.08 0.44
0.03482 1.08 0.48
0.03483 1.08 0.4
0.03484 1.08 0.44
0.03485 1.08 0.44
0.03486 1.08 0.48
0.03487 1.08 0.44
0.03488 1.08 0.44
0.03489 1.12 0.44
0.0349 1.12 0.44
0.03491 1.12 0.44
0.03492 1.12 0.44
0.03493 1.12 0.48
0.03494 1.12 0.4
0.03495 1.12 0.48
0.03496 1.12 0.44
0.03497 1.12 0.48
0.03498 1.16 0.48
0.03499 1.12 0.48
0.035 1.12 0.4
0.03501 1.16 0.44
0.03502 1.16 0.44
0.03503 1.16 0.48
0.03504 1.16 0.48
0.03505 1.16 0.48
0.03506 1.16 0.4
0.03507 1.16 0.44
0.03508 1.16 0.48
0.03509 1.16 0.48
0.0351 1.2 0.44
0.03511 1.16 0.44
0.03512 1.16 0.4
0.03513 1.16 0.48
0.03514 1.16 0.52
0.03515 1.16 0.48
0.03516 1.2 0.48
0.03517 1.2 0.4
0.03518 1.2 0.44
0.03519 1.2 0.48
0.0352 1.2 0.44
0.03521 1.24 0.44
0.03522 1.2 0.44
0.03523 1.2 0.44
0.03524 1.24 0.44
0.03525 1.2 0.44
0.03526 1.24 0.44
0.03527 1.2 0.44
0.03528 1.24 0.44
0.03529 1.2 0.48
0.0353 1.24 0.48
0.03531 1.24 0.48
0.03532 1.24 0.44
0.03533 1.24 0.44
0.03534 1.24 0.48
0.03535 1.28 0.48
0.03536 1.24 0.48
0.03537 1.24 0.48
0.03538 1.28 0.44
0.03539 1.28 0.4
0.0354 1.24 0.48
0.03541 1.24 0.48
0.03542 1.24 0.44
0.03543 1.28 0.44
0.03544 1.28 0.44
0.03545 1.28 0.44
0.03546 1.28 0.48
0.03547 1.32 0.48
0.03548 1.28 0.44
0.03549 1.32 0.4
0.0355 1.28 0.48
0.03551 1.32 0.48
0.03552 1.32 0.48
0.03553 1.32 0.48
0.03554 1.32 0.44
0.03555 1.32 0.44
0.03556 1.32 0.44
0.03557 1.32 0.48
0.03558 1.32 0.48
0.03559 1.36 0.44
0.0356 1.32 0.44
0.03561 1.32 0.44
0.03562 1.36 0.48
0.03563 1.36 0.48
0.03564 1.32 0.4
0.03565 1.36 0.4
0.03566 1.36 0.44
0.03567 1.36 0.48
0.03568 1.4 0.44
0.03569 1.4 0.4
0.0357 1.36 0.44
0.03571 1.4 0.48
0.03572 1.4 0.44
0.03573 1.36 0.48
0.03574 1.4 0.48
0.03575 1.4 0.44
0.03576 1.4 0.4
0.03577 1.4 0.4
0.03578 1.4 0.44
0.03579 1.4 0.44
0.0358 1.4 0.44
0.03581 1.4 0.44
0.03582 1.44 0.44
0.03583 1.4 0.48
0.03584 1.44 0.48
0.03585 1.4 0.44
0.03586 1.44 0.4
0.03587 1.44 0.44
0.03588 1.4 0.44
0.03589 1.44 0.44
0.0359 1.44 0.48
0.03591 1.4 0.44
0.03592 1.44 0.48
0.03593 1.44 0.44
0.03594 1.48 0.48
0.03595 1.44 0.44
0.03596 1.44 0.48
0.03597 1.44 0.48
0.03598 1.44 0.4
0.03599 1.44 0.48
0.036 1.48 0.44
0.03601 1.48 0.4
0.03602 1.44 0.44
0.03603 1.48 0.44
0.03604 1.48 0.48
0.03605 1.48 0.48
0.03606 1.48 0.4
0.03607 1.48 0.4
0.03608 1.48 0.44
0.03609 1.48 0.48
0.0361 1.48 0.44
0.03611 1.48 0.48
0.03612 1.52 0.44
0.03613 1.48 0.48
0.03614 1.52 0.48
0.03615 1.52 0.48
0.03616 1.56 0.48
0.03617 1.52 0.44
0.03618 1.52 0.44
0.03619 1.56 0.48
0.0362 1.52 0.48
0.03621 1.52 0.48
0.03622 1.56 0.44
0.03623 1.56 0.4
0.03624 1.56 0.4
0.03625 1.56 0.48
0.03626 1.56 0.44
0.03627 1.56 0.44
0.03628 1.56 0.48
0.03629 1.56 0.44
0.0363 1.6 0.48
0.03631 1.56 0.48
0.03632 1.56 0.44
0.03633 1.56 0.44
0.03634 1.56 0.44
0.03635 1.56 0.4
0.03636 1.6 0.48
0.03637 1.56 0.48
0.03638 1.56 0.36
0.03639 1.56 0.4
0.0364 1.6 0.44
0.03641 1.56 0.44
0.03642 1.64 0.48
0.03643 1.6 0.48
0.03644 1.6 0.44
0.03645 1.64 0.44
0.03646 1.6 0.4
0.03647 1.6 0.44
0.03648 1.64 0.4
0.03649 1.6 0.44
0.0365 1.64 0.44
0.03651 1.64 0.44
0.03652 1.64 0.48
0.03653 1.6 0.44
0.03654 1.64 0.44
0.03655 1.64 0.4
0.03656 1.6 0.44
0.03657 1.64 0.48
0.03658 1.68 0.48
0.03659 1.68 0.44
0.0366 1.64 0.4
0.03661 1.68 0.44
0.03662 1.64 0.44
0.03663 1.68 0.44
0.03664 1.68 0.48
0.03665 1.68 0.4
0.03666 1.68 0.44
0.03667 1.68 0.44
0.03668 1.68 0.48
0.03669 1.72 0.48
0.0367 1.68 0.48
0.03671 1.72 0.4
0.03672 1.72 0.4
0.03673 1.72 0.48
0.03674 1.72 0.48
0.03675 1.72 0.44
0.03676 1.72 0.44
0.03677 1.68 0.4
0.03678 1.72 0.48
0.03679 1.72 0.44
0.0368 1.72 0.48
0.03681 1.72 0.44
0.03682 1.72 0.44
0.03683 1.72 0.44
0.03684 1.72 0.44
0.03685 1.72 0.44
0.03686 1.72 0.44
0.03687 1.72 0.44
0.03688 1.76 0.44
0.03689 1.76 0.48
0.0369 1.76 0.48
0.03691 1.76 0.44
0.03692 1.76 0.44
0.03693 1.76 0.4
0.03694 1.72 0.48
0.03695 1.76 0.48
0.03696 1.76 0.48
0.03697 1.8 0.44
0.03698 1.76 0.44
0.03699 1.76 0.44
0.037 1.8 0.44
0.03701 1.8 0.44
0.03702 1.76 0.44
0.03703 1.8 0.44
0.03704 1.8 0.44
0.03705 1.8 0.44
0.03706 1.8 0.48
0.03707 1.76 0.48
0.03708 1.84 0.44
0.03709 1.8 0.44
0.0371 1.8 0.48
0.03711 1.8 0.48
0.03712 1.8 0.44
0.03713 1.8 0.44
0.03714 1.8 0.44
0.03715 1.8 0.44
0.03716 1.84 0.44
0.03717 1.84 0.48
0.03718 1.88 0.44
0.03719 1.88 0.48
0.0372 1.84 0.44
0.03721 1.84 0.44
0.03722 1.84 0.48
0.03723 1.84 0.44
0.03724 1.88 0.4
0.03725 1.88 0.44
0.03726 1.84 0.48
0.03727 1.88 0.48
0.03728 1.88 0.44
0.03729 1.84 0.4
0.0373 1.88 0.48
0.03731 1.88 0.44
0.03732 1.88 0.44
0.03733 1.92 0.44
0.03734 1.88 0.48
0.03735 1.88 0.44
0.03736 1.88 0.48
0.03737 1.88 0.44
0.03738 1.88 0.48
0.03739 1.92 0.44
0.0374 1.92 0.44
0.03741 1.88 0.4
0.03742 1.92 0.48
0.03743 1.92 0.48
0.03744 1.92 0.4
0.03745 1.92 0.4
0.03746 1.92 0.48
0.03747 1.92 0.44
0.03748 1.96 0.44
0.03749 1.96 0.44
0.0375 1.96 0.44
0.03751 1.96 0.4
0.03752 1.92 0.48
0.03753 1.92 0.48
0.03754 1.96 0.44
0.03755 1.96 0.44
0.03756 1.96 0.48
0.03757 1.96 0.48
0.03758 2 0.4
0.03759 2 0.48
0.0376 1.96 0.44
0.03761 2 0.4
0.03762 2 0.44
0.03763 1.96 0.48
0.03764 2 0.44
0.03765 2 0.44
0.03766 1.96 0.4
0.03767 2.04 0.44
0.03768 2 0.44
0.03769 2 0.44
0.0377 2.04 0.44
0.03771 2.04 0.4
0.03772 2.04 0.44
0.03773 2.04 0.44
0.03774 2.04 0.44
0.03775 2.04 0.48
0.03776 2.04 0.48
0.03777 2.04 0.44
0.03778 2.04 0.44
0.03779 2.04 0.44
0.0378 2.04 0.52
0.03781 2.04 0.44
0.03782 2.04 0.4
0.03783 2.04 0.44
0.03784 2.08 0.48
0.03785 2.04 0.44
0.03786 2.08 0.48
0.03787 2.08 0.44
0.03788 2.08 0.44
0.03789 2.08 0.44
0.0379 2.08 0.44
0.03791 2.08 0.44
0.03792 2.12 0.44
0.03793 2.08 0.4
0.03794 2.08 0.4
0.03795 2.08 0.44
0.03796 2.12 0.48
0.03797 2.12 0.44
0.03798 2.12 0.4
0.03799 2.12 0.44
0.038 2.12 0.48
0.03801 2.12 0.48
0.03802 2.12 0.48
0.03803 2.12 0.44
0.03804 2.08 0.44
0.03805 2.12 0.44
0.03806 2.16 0.48
0.03807 2.12 0.44
0.03808 2.12 0.44
0.03809 2.16 0.44
0.0381 2.12 0.48
0.03811 2.16 0.48
0.03812 2.16 0.48
0.03813 2.16 0.44
0.03814 2.16 0.4
0.03815 2.12 0.44
0.03816 2.16 0.48
0.03817 2.16 0.48
0.03818 2.16 0.44
0.03819 2.2 0.4
0.0382 2.2 0.44
0.03821 2.2 0.44
0.03822 2.2 0.44
0.03823 2.2 0.44
0.03824 2.2 0.4
0.03825 2.2 0.44
0.03826 2.2 0.44
0.03827 2.2 0.44
0.03828 2.2 0.48
0.03829 2.2 0.44
0.0383 2.2 0.44
0.03831 2.2 0.44
0.03832 2.2 0.44
0.03833 2.2 0.48
0.03834 2.2 0.48
0.03835 2.24 0.4
0.03836 2.2 0.4
0.03837 2.24 0.48
0.03838 2.24 0.44
0.03839 2.2 0.44
0.0384 2.24 0.44
0.03841 2.24 0.44
0.03842 2.24 0.44
0.03843 2.24 0.44
0.03844 2.28 0.44
0.03845 2.28 0.48
0.03846 2.28 0.44
0.03847 2.28 0.4
0.03848 2.28 0.44
0.03849 2.24 0.44
0.0385 2.28 0.48
0.03851 2.24 0.4
0.03852 2.28 0.44
0.03853 2.28 0.48
0.03854 2.28 0.48
0.03855 2.28 0.48
0.03856 2.28 0.44
0.03857 2.28 0.44
0.03858 2.32 0.44
0.03859 2.32 0.48
0.0386 2.28 0.48
0.03861 2.32 0.4
0.03862 2.32 0.44
0.03863 2.32 0.44
0.03864 2.28 0.44
0.03865 2.32 0.48
0.03866 2.32 0.48
0.03867 2.36 0.4
0.03868 2.32 0.4
0.03869 2.32 0.44
0.0387 2.36 0.48
0.03871 2.36 0.44
0.03872 2.36 0.44
0.03873 2.36 0.44
0.03874 2.36 0.44
0.03875 2.36 0.44
0.03876 2.36 0.48
0.03877 2.36 0.44
0.03878 2.36 0.44
0.03879 2.36 0.44
0.0388 2.36 0.48
0.03881 2.36 0.44
0.03882 2.36 0.48
0.03883 2.36 0.48
0.03884 2.36 0.4
0.03885 2.36 0.48
0.03886 2.36 0.44
0.03887 2.36 0.44
0.03888 2.4 0.4
0.03889 2.4 0.44
0.0389 2.36 0.44
0.03891 2.4 0.48
0.03892 2.4 0.48
0.03893 2.36 4.44
0.03894 2.4 0.44
0.03895 2.4 0.44
0.03896 2.44 0.48
0.03897 2.4 0.48
0.03898 2.44 0.44
0.03899 2.44 0.4
0.039 2.4 0.44
0.03901 2.44 0.48
0.03902 2.44 0.48
0.03903 2.44 0.44
0.03904 2.44 0.48
0.03905 2.44 0.44
0.03906 2.48 0.44
0.03907 2.48 0.44
0.03908 2.44 0.44
0.03909 2.44 0.44
0.0391 2.44 0.44
0.03911 2.48 0.44
0.03912 2.48 0.44
0.03913 2.44 0.48
0.03914 2.48 0.48
0.03915 2.48 0.44
0.03916 2.48 0.4
0.03917 2.48 0.48
0.03918 2.48 0.48
0.03919 2.52 0.44
0.0392 2.48 0.44
0.03921 2.52 0.4
0.03922 2.52 0.48
0.03923 2.52 0.44
0.03924 2.52 0.44
0.03925 2.52 0.44
0.03926 2.52 0.44
0.03927 2.52 0.44
0.03928 2.52 0.44
0.03929 2.52 0.44
0.0393 2.52 0.48
0.03931 2.56 0.44
0.03932 2.56 0.44
0.03933 2.52 0.4
0.03934 2.52 0.44
0.03935 2.56 0.44
0.03936 2.56 0.4
0.03937 2.52 0.44
0.03938 0 0.44
0.03939 0 0.48
0.0394 0 0.44
0.03941 0 0.44
0.03942 0 0.48
0.03943 0 0.48
0.03944 0 0.48
0.03945 0.04 0.48
0.03946 0 0.44
0.03947 0.04 0.44
0.03948 0.04 0.44
0.03949 0 0.44
0.0395 0.04 0.4
0.03951 0.04 0.44
0.03952 0.04 0.48
0.03953 0.04 0.44
0.03954 0.04 0.44
0.03955 0.04 0.48
0.03956 0.04 0.44
0.03957 0.04 0.4
0.03958 0.08 0.44
0.03959 0.08 0.44
0.0396 0.08 0.44
0.03961 0.08 0.44
0.03962 0.08 0.4
0.03963 0.08 0.44
0.03964 0.08 0.48
0.03965 0.12 0.44
0.03966 0.12 0.44
0.03967 0.12 0.44
0.03968 0.12 0.48
0.03969 0.12 0.44
0.0397 0.12 0.48
0.03971 0.12 0.44
0.03972 0.12 0.48
0.03973 0.16 0.44
0.03974 0.12 0.4
0.03975 0.12 0.4
0.03976 0.12 0.48
0.03977 0.12 0.48
0.03978 0.12 0.48
0.03979 0.16 0.44
0.0398 0.16 0.44
0.03981 0.12 0.44
0.03982 0.12 0.48
0.03983 0.12 0.48
0.03984 0.16 0.44
0.03985 0.12 0.44
0.03986 0.16 0.48
0.03987 0.16 0.48
0.03988 0.16 0.44
0.03989 0.16 0.44
0.0399 0.16 0.44
0.03991 0.16 0.44
0.03992 0.16 0.44
0.03993 0.2 0.48
0.03994 0.16 0.44
0.03995 0.2 0.44
0.03996 0.2 0.48
0.03997 0.2 0.44
0.03998 0.2 0.44
0.03999 0.24 0.48
