0 0.376 0.48
4e-07 0.376 0.48
8e-07 0.376 0.48
1.2e-06 0.376 0.44
1.6e-06 0.376 0.48
2e-06 0.376 0.48
2.4e-06 0.376 0.48
2.8e-06 0.376 0.52
3.2e-06 0.376 0.44
3.6e-06 0.376 0.44
4e-06 0.376 0.48
4.4e-06 0.376 0.44
4.8e-06 0.376 0.44
5.2e-06 0.376 0.48
5.6e-06 0.376 0.48
6e-06 0.376 0.48
6.4e-06 0.376 0.48
6.8e-06 0.376 0.48
7.2e-06 0.376 0.48
7.6e-06 0.376 0.48
8e-06 0.376 0.48
8.4e-06 0.376 0.48
8.8e-06 0.376 0.44
9.2e-06 0.376 0.48
9.6e-06 0.376 0.44
1e-05 0.376 0.48
1.04e-05 0.376 0.48
1.08e-05 0.376 0.48
1.12e-05 0.376 0.52
1.16e-05 0.376 0.44
1.2e-05 0.376 0.48
1.24e-05 0.376 0.48
1.28e-05 0.376 0.48
1.32e-05 0.376 0.48
1.36e-05 0.376 0.48
1.4e-05 0.376 0.48
1.44e-05 0.376 0.48
1.48e-05 0.376 0.44
1.52e-05 0.376 0.48
1.56e-05 0.376 0.48
1.6e-05 0.376 0.48
1.64e-05 0.376 0.48
1.68e-05 0.376 0.48
1.72e-05 0.376 0.48
1.76e-05 0.376 0.48
1.8e-05 0.376 0.44
1.84e-05 0.376 0.52
1.88e-05 0.376 0.48
1.92e-05 0.376 0.48
1.96e-05 0.376 0.44
2e-05 0.376 0.44
2.04e-05 0.376 0.48
2.08e-05 0.376 0.48
2.12e-05 0.376 0.48
2.16e-05 0.376 0.44
2.2e-05 0.376 0.48
2.24e-05 0.376 0.48
2.28e-05 0.376 0.48
2.32e-05 0.376 0.48
2.36e-05 0.376 0.48
2.4e-05 0.376 0.44
2.44e-05 0.376 0.52
2.48e-05 0.376 0.44
2.52e-05 0.376 0.48
2.56e-05 0.376 0.48
2.6e-05 0.376 0.48
2.64e-05 0.376 0.48
2.68e-05 0.376 0.48
2.72e-05 0.376 0.52
2.76e-05 0.376 0.48
2.8e-05 0.376 0.48
2.84e-05 0.376 0.48
2.88e-05 0.376 0.48
2.92e-05 0.376 0.52
2.96e-05 0.376 0.48
3e-05 0.376 0.44
3.04e-05 0.376 0.48
3.08e-05 0.376 0.48
3.12e-05 0.376 0.48
3.16e-05 0.376 0.48
3.2e-05 0.376 0.44
3.24e-05 0.376 0.52
3.28e-05 0.376 0.48
3.32e-05 0.376 0.48
3.36e-05 0.376 0.48
3.4e-05 0.376 0.44
3.44e-05 0.376 0.48
3.48e-05 0.376 0.48
3.52e-05 0.376 0.44
3.56e-05 0.376 0.48
3.6e-05 0.376 0.44
3.64e-05 0.376 0.48
3.68e-05 0.376 0.48
3.72e-05 0.376 0.48
3.76e-05 0.376 0.48
3.8e-05 0.376 0.48
3.84e-05 0.376 0.48
3.88e-05 0.376 0.48
3.92e-05 0.376 0.48
3.96e-05 0.376 0.52
4e-05 0.376 0.48
4.04e-05 0.376 0.48
4.08e-05 0.376 0.48
4.12e-05 0.376 0.44
4.16e-05 0.376 0.52
4.2e-05 0.376 0.44
4.24e-05 0.376 0.52
4.28e-05 0.376 0.48
4.32e-05 0.376 0.48
4.36e-05 0.376 0.48
4.4e-05 0.376 0.48
4.44e-05 0.376 0.48
4.48e-05 0.376 0.48
4.52e-05 0.376 0.48
4.56e-05 0.376 0.48
4.6e-05 0.376 0.48
4.64e-05 0.376 0.48
4.68e-05 0.376 0.52
4.72e-05 0.376 0.44
4.76e-05 0.376 0.48
4.8e-05 0.376 0.44
4.84e-05 0.376 0.48
4.88e-05 0.376 0.48
4.92e-05 0.376 0.44
4.96e-05 0.376 0.48
5e-05 0.376 0.48
5.04e-05 0.376 0.48
5.08e-05 0.376 0.52
5.12e-05 0.376 0.44
5.16e-05 0.376 0.48
5.2e-05 0.376 0.48
5.24e-05 0.376 0.48
5.28e-05 0.376 0.48
5.32e-05 0.376 0.48
5.36e-05 0.376 0.44
5.4e-05 0.376 0.48
5.44e-05 0.376 0.44
5.48e-05 0.376 0.52
5.52e-05 0.376 0.48
5.56e-05 0.376 0.48
5.6e-05 0.376 0.48
5.64e-05 0.376 0.48
5.68e-05 0.376 0.48
5.72e-05 0.376 0.44
5.76e-05 0.376 0.52
5.8e-05 0.376 0.48
5.84e-05 0.376 0.44
5.88e-05 0.376 0.48
5.92e-05 0.376 0.48
5.96e-05 0.376 0.48
6e-05 0.376 0.48
6.04e-05 0.376 0.48
6.08e-05 0.376 0.48
6.12e-05 0.376 0.48
6.16e-05 0.376 0.44
6.2e-05 0.376 0.48
6.24e-05 0.376 0.44
6.28e-05 0.376 0.48
6.32e-05 0.376 0.52
6.36e-05 0.376 0.44
6.4e-05 0.376 0.48
6.44e-05 0.376 0.48
6.48e-05 0.376 0.48
6.52e-05 0.376 0.48
6.56e-05 0.376 0.48
6.6e-05 0.376 0.48
6.64e-05 0.376 0.48
6.68e-05 0.376 0.48
6.72e-05 0.376 0.48
6.76e-05 0.376 0.44
6.8e-05 0.376 0.48
6.84e-05 0.376 0.44
6.88e-05 0.376 0.44
6.92e-05 0.376 0.48
6.96e-05 0.376 0.44
7e-05 0.376 0.48
7.04e-05 0.376 0.48
7.08e-05 0.376 0.44
7.12e-05 0.376 0.52
7.16e-05 0.376 0.48
7.2e-05 0.376 0.48
7.24e-05 0.376 0.48
7.28e-05 0.376 0.48
7.32e-05 0.376 0.48
7.36e-05 0.376 0.48
7.4e-05 0.376 0.48
7.44e-05 0.376 0.48
7.48e-05 0.376 0.48
7.52e-05 0.376 0.48
7.56e-05 0.376 0.48
7.6e-05 0.376 0.48
7.64e-05 0.376 0.48
7.68e-05 0.376 0.44
7.72e-05 0.376 0.52
7.76e-05 0.376 0.48
7.8e-05 0.376 0.48
7.84e-05 0.376 0.52
7.88e-05 0.376 0.44
7.92e-05 0.376 0.48
7.96e-05 0.376 0.48
8e-05 0.376 0.48
8.04e-05 0.376 0.48
8.08e-05 0.376 0.44
8.12e-05 0.376 0.48
8.16e-05 0.376 0.48
8.2e-05 0.376 0.48
8.24e-05 0.376 0.52
8.28e-05 0.376 0.48
8.32e-05 0.376 0.48
8.36e-05 0.376 0.48
8.4e-05 0.376 0.44
8.44e-05 0.376 0.48
8.48e-05 0.376 0.44
8.52e-05 0.376 0.48
8.56e-05 0.376 0.48
8.6e-05 0.376 0.44
8.64e-05 0.376 0.48
8.68e-05 0.376 0.48
8.72e-05 0.376 0.48
8.76e-05 0.376 0.48
8.8e-05 0.376 0.44
8.84e-05 0.376 0.48
8.88e-05 0.376 0.48
8.92e-05 0.376 0.44
8.96e-05 0.376 0.48
9e-05 0.376 0.48
9.04e-05 0.376 0.48
9.08e-05 0.376 0.48
9.12e-05 0.376 0.48
9.16e-05 0.376 0.48
9.2e-05 0.376 0.44
9.24e-05 0.376 0.44
9.28e-05 0.376 0.48
9.32e-05 0.376 0.44
9.36e-05 0.376 0.48
9.4e-05 0.376 0.48
9.44e-05 0.376 0.48
9.48e-05 0.376 0.48
9.52e-05 0.376 0.48
9.56e-05 0.376 0.48
9.6e-05 0.376 0.48
9.64e-05 0.376 0.48
9.68e-05 0.376 0.48
9.72e-05 0.376 0.44
9.76e-05 0.376 0.48
9.8e-05 0.376 0.52
9.84e-05 0.376 0.48
9.88e-05 0.376 0.48
9.92e-05 0.376 0.44
9.96e-05 0.376 0.48
0.0001 0.376 0.48
0.0001004 0.376 0.48
0.0001008 0.376 0.52
0.0001012 0.376 0.48
0.0001016 0.376 0.48
0.000102 0.376 0.48
0.0001024 0.376 0.48
0.0001028 0.376 0.48
0.0001032 0.376 0.48
0.0001036 0.376 0.52
0.000104 0.376 0.48
0.0001044 0.376 0.48
0.0001048 0.376 0.48
0.0001052 0.376 0.48
0.0001056 0.376 0.48
0.000106 0.376 0.48
0.0001064 0.376 0.48
0.0001068 0.376 0.48
0.0001072 0.376 0.44
0.0001076 0.376 0.48
0.000108 0.376 0.48
0.0001084 0.376 0.44
0.0001088 0.376 0.48
0.0001092 0.376 0.44
0.0001096 0.376 0.48
0.00011 0.376 0.48
0.0001104 0.376 0.44
0.0001108 0.376 0.48
0.0001112 0.376 0.48
0.0001116 0.376 0.48
0.000112 0.376 0.48
0.0001124 0.376 0.48
0.0001128 0.376 0.48
0.0001132 0.376 0.48
0.0001136 0.376 0.48
0.000114 0.376 0.48
0.0001144 0.376 0.48
0.0001148 0.376 0.48
0.0001152 0.376 0.48
0.0001156 0.376 0.44
0.000116 0.376 0.48
0.0001164 0.376 0.48
0.0001168 0.376 0.48
0.0001172 0.376 0.48
0.0001176 0.376 0.44
0.000118 0.376 0.52
0.0001184 0.376 0.48
0.0001188 0.376 0.48
0.0001192 0.376 0.44
0.0001196 0.376 0.44
0.00012 0.376 0.48
0.0001204 0.376 0.48
0.0001208 0.376 0.44
0.0001212 0.376 0.48
0.0001216 0.376 0.48
0.000122 0.376 0.48
0.0001224 0.376 0.48
0.0001228 0.376 0.48
0.0001232 0.376 0.52
0.0001236 0.376 0.48
0.000124 0.376 0.48
0.0001244 0.376 0.48
0.0001248 0.376 0.48
0.0001252 0.376 0.48
0.0001256 0.376 0.44
0.000126 0.376 0.48
0.0001264 0.376 0.48
0.0001268 0.376 0.48
0.0001272 0.376 0.48
0.0001276 0.376 0.48
0.000128 0.376 0.48
0.0001284 0.376 0.48
0.0001288 0.376 0.48
0.0001292 0.376 0.48
0.0001296 0.376 0.48
0.00013 0.376 0.48
0.0001304 0.376 0.48
0.0001308 0.376 0.48
0.0001312 0.376 0.48
0.0001316 0.376 0.44
0.000132 0.376 0.48
0.0001324 0.376 0.48
0.0001328 0.376 0.44
0.0001332 0.376 0.48
0.0001336 0.376 0.48
0.000134 0.376 0.48
0.0001344 0.376 0.48
0.0001348 0.376 0.44
0.0001352 0.376 0.48
0.0001356 0.376 0.48
0.000136 0.376 0.48
0.0001364 0.376 0.48
0.0001368 0.376 0.44
0.0001372 0.376 0.48
0.0001376 0.376 0.48
0.000138 0.376 0.44
0.0001384 0.376 0.48
0.0001388 0.376 0.44
0.0001392 0.376 0.48
0.0001396 0.376 0.44
0.00014 0.376 0.44
0.0001404 0.376 0.48
0.0001408 0.376 0.48
0.0001412 0.376 0.48
0.0001416 0.376 0.48
0.000142 0.376 0.48
0.0001424 0.376 0.48
0.0001428 0.376 0.48
0.0001432 0.376 0.48
0.0001436 0.376 0.48
0.000144 0.376 0.48
0.0001444 0.376 0.48
0.0001448 0.376 0.44
0.0001452 0.376 0.44
0.0001456 0.376 0.48
0.000146 0.376 0.48
0.0001464 0.376 0.48
0.0001468 0.376 0.48
0.0001472 0.376 0.48
0.0001476 0.376 0.52
0.000148 0.376 0.48
0.0001484 0.376 0.48
0.0001488 0.376 0.48
0.0001492 0.376 0.44
0.0001496 0.376 0.48
0.00015 0.376 0.48
0.0001504 0.376 0.44
0.0001508 0.376 0.48
0.0001512 0.376 0.44
0.0001516 0.376 0.48
0.000152 0.376 0.48
0.0001524 0.376 0.48
0.0001528 0.376 0.48
0.0001532 0.376 0.48
0.0001536 0.376 0.48
0.000154 0.376 0.44
0.0001544 0.376 0.48
0.0001548 0.376 0.48
0.0001552 0.376 0.44
0.0001556 0.376 0.48
0.000156 0.376 0.48
0.0001564 0.376 0.48
0.0001568 0.376 0.48
0.0001572 0.376 0.48
0.0001576 0.376 0.48
0.000158 0.376 0.48
0.0001584 0.376 0.44
0.0001588 0.376 0.48
0.0001592 0.376 0.48
0.0001596 0.376 0.48
0.00016 0.376 0.52
0.0001604 0.376 0.48
0.0001608 0.376 0.48
0.0001612 0.376 0.48
0.0001616 0.376 0.48
0.000162 0.376 0.48
0.0001624 0.376 0.48
0.0001628 0.376 0.48
0.0001632 0.376 0.48
0.0001636 0.376 0.48
0.000164 0.376 0.48
0.0001644 0.376 0.48
0.0001648 0.376 0.48
0.0001652 0.376 0.48
0.0001656 0.376 0.48
0.000166 0.376 0.48
0.0001664 0.376 0.48
0.0001668 0.376 0.44
0.0001672 0.376 0.48
0.0001676 0.376 0.48
0.000168 0.376 0.48
0.0001684 0.376 0.44
0.0001688 0.376 0.48
0.0001692 0.376 0.48
0.0001696 0.376 0.48
0.00017 0.376 0.48
0.0001704 0.376 0.48
0.0001708 0.376 0.48
0.0001712 0.376 0.48
0.0001716 0.376 0.48
0.000172 0.376 0.44
0.0001724 0.376 0.48
0.0001728 0.376 0.48
0.0001732 0.376 0.52
0.0001736 0.376 0.44
0.000174 0.376 0.48
0.0001744 0.376 0.48
0.0001748 0.376 0.48
0.0001752 0.376 0.48
0.0001756 0.376 0.48
0.000176 0.376 0.48
0.0001764 0.376 0.48
0.0001768 0.376 0.44
0.0001772 0.376 0.52
0.0001776 0.376 0.48
0.000178 0.376 0.48
0.0001784 0.376 0.48
0.0001788 0.376 0.48
0.0001792 0.376 0.48
0.0001796 0.376 0.48
0.00018 0.376 0.48
0.0001804 0.376 0.48
0.0001808 0.376 0.44
0.0001812 0.376 0.48
0.0001816 0.376 0.48
0.000182 0.376 0.48
0.0001824 0.376 0.48
0.0001828 0.376 0.48
0.0001832 0.376 0.48
0.0001836 0.376 0.48
0.000184 0.376 0.48
0.0001844 0.376 0.48
0.0001848 0.376 0.48
0.0001852 0.376 0.48
0.0001856 0.376 0.48
0.000186 0.376 0.48
0.0001864 0.376 0.48
0.0001868 0.376 0.44
0.0001872 0.376 0.48
0.0001876 0.376 0.48
0.000188 0.376 0.48
0.0001884 0.376 0.48
0.0001888 0.376 0.44
0.0001892 0.376 0.48
0.0001896 0.376 0.48
0.00019 0.376 0.44
0.0001904 0.376 0.48
0.0001908 0.376 0.48
0.0001912 0.376 0.48
0.0001916 0.376 0.48
0.000192 0.376 0.44
0.0001924 0.376 0.52
0.0001928 0.376 0.48
0.0001932 0.376 0.48
0.0001936 0.376 0.48
0.000194 0.376 0.48
0.0001944 0.376 0.52
0.0001948 0.376 0.48
0.0001952 0.376 0.48
0.0001956 0.376 0.48
0.000196 0.376 0.48
0.0001964 0.376 0.48
0.0001968 0.376 0.48
0.0001972 0.376 0.48
0.0001976 0.376 0.48
0.000198 0.376 0.44
0.0001984 0.376 0.48
0.0001988 0.376 0.48
0.0001992 0.376 0.44
0.0001996 0.376 0.48
0.0002 0.376 0.44
0.0002004 0.376 0.48
0.0002008 0.376 0.48
0.0002012 0.376 0.48
0.0002016 0.376 0.52
0.000202 0.376 0.48
0.0002024 0.376 0.48
0.0002028 0.376 0.52
0.0002032 0.376 0.44
0.0002036 0.376 0.48
0.000204 0.376 0.48
0.0002044 0.376 0.44
0.0002048 0.376 0.48
0.0002052 0.376 0.44
0.0002056 0.376 0.52
0.000206 0.376 0.48
0.0002064 0.376 0.48
0.0002068 0.376 0.48
0.0002072 0.376 0.44
0.0002076 0.376 0.52
0.000208 0.376 0.48
0.0002084 0.376 0.48
0.0002088 0.376 0.48
0.0002092 0.376 0.48
0.0002096 0.376 0.48
0.00021 0.376 0.48
0.0002104 0.376 0.48
0.0002108 0.376 0.48
0.0002112 0.376 0.48
0.0002116 0.376 0.48
0.000212 0.376 0.48
0.0002124 0.376 0.48
0.0002128 0.376 0.48
0.0002132 0.376 0.48
0.0002136 0.376 0.48
0.000214 0.376 0.52
0.0002144 0.376 0.48
0.0002148 0.376 0.48
0.0002152 0.376 0.44
0.0002156 0.376 0.48
0.000216 0.376 0.48
0.0002164 0.376 0.44
0.0002168 0.376 0.48
0.0002172 0.376 0.48
0.0002176 0.324 0.48
0.000218 0.088 0.48
0.0002184 -0.076 0.48
0.0002188 0.016 0.48
0.0002192 0.01 0.48
0.0002196 0.01 0.48
0.00022 0.008 0.48
0.0002204 0.008 0.48
0.0002208 0.008 0.48
0.0002212 0.008 0.44
0.0002216 0.008 0.44
0.000222 0.008 0.48
0.0002224 0.008 0.48
0.0002228 0.008 0.48
0.0002232 0.006 0.48
0.0002236 0.008 0.48
0.000224 0.006 0.48
0.0002244 0.006 0.48
0.0002248 0.006 0.48
0.0002252 0.006 0.48
0.0002256 0.002 0.48
0.000226 0.004 0.48
0.0002264 0.004 0.44
0.0002268 0.004 0.48
0.0002272 0.004 0.48
0.0002276 0 0.48
0.000228 -0.004 0.48
0.0002284 0 0.48
0.0002288 -0.004 0.48
0.0002292 0 0.48
0.0002296 -0.004 0.48
0.00023 0 0.48
0.0002304 -0.01 0.48
0.0002308 -0.004 0.44
0.0002312 -0.004 0.48
0.0002316 -0.006 0.48
0.000232 -0.004 0.48
0.0002324 -0.004 0.44
0.0002328 -0.006 0.48
0.0002332 -0.004 0.48
0.0002336 -0.006 0.48
0.000234 -0.004 0.48
0.0002344 -0.006 0.44
0.0002348 -0.004 0.48
0.0002352 -0.006 0.48
0.0002356 -0.006 0.44
0.000236 -0.006 0.48
0.0002364 -0.008 0.48
0.0002368 -0.006 0.48
0.0002372 -0.008 0.48
0.0002376 -0.006 0.48
0.000238 -0.01 0.48
0.0002384 -0.008 0.48
0.0002388 -0.006 0.44
0.0002392 -0.008 0.48
0.0002396 -0.008 0.44
0.00024 -0.008 0.48
0.0002404 -0.008 0.48
0.0002408 -0.01 0.48
0.0002412 -0.01 0.44
0.0002416 -0.008 0.48
0.000242 -0.01 0.48
0.0002424 -0.008 0.48
0.0002428 -0.01 0.48
0.0002432 -0.008 0.48
0.0002436 -0.01 0.48
0.000244 -0.008 0.48
0.0002444 -0.008 0.48
0.0002448 -0.01 0.44
0.0002452 0 0.44
0.0002456 0 0.48
0.000246 0.002 0.44
0.0002464 0.002 0.48
0.0002468 0.002 0.48
0.0002472 0.002 0.44
0.0002476 0.002 0.48
0.000248 0.002 0.48
0.0002484 0 0.48
0.0002488 0.002 0.48
0.0002492 0 0.44
0.0002496 0 0.48
0.00025 0.002 0.44
0.0002504 0 0.48
0.0002508 0.002 0.48
0.0002512 0 0.44
0.0002516 0 0.48
0.000252 0 0.48
0.0002524 0.002 0.48
0.0002528 0.002 0.48
0.0002532 0 0.48
0.0002536 0.004 0.48
0.000254 0 0.48
0.0002544 0 0.48
0.0002548 0.002 0.48
0.0002552 0 0.48
0.0002556 0 0.48
0.000256 0.002 0.48
0.0002564 0 0.48
0.0002568 0 0.48
0.0002572 0 0.44
0.0002576 -0.004 0.48
0.000258 0 0.44
0.0002584 0.004 0.48
0.0002588 0.002 0.48
0.0002592 0 0.48
0.0002596 0 0.44
0.00026 0 0.48
0.0002604 -0.004 0.48
0.0002608 -0.004 0.48
0.0002612 0 0.44
0.0002616 -0.004 0.44
0.000262 0 0.48
0.0002624 0.002 0.48
0.0002628 0 0.48
0.0002632 0 0.44
0.0002636 0 0.48
0.000264 0 0.48
0.0002644 0 0.44
0.0002648 0 0.48
0.0002652 0 0.48
0.0002656 0 0.48
0.000266 0.002 0.52
0.0002664 0 0.48
0.0002668 0.002 0.52
0.0002672 0 0.48
0.0002676 0 0.48
0.000268 0.002 0.48
0.0002684 -0.004 0.52
0.0002688 0.002 0.48
0.0002692 0.002 0.48
0.0002696 0.002 0.44
0.00027 -0.004 0.48
0.0002704 -0.004 0.48
0.0002708 0 0.48
0.0002712 0 0.52
0.0002716 0 0.48
0.000272 -0.004 0.48
0.0002724 0 0.44
0.0002728 0 0.48
0.0002732 -0.004 0.52
0.0002736 0 0.44
0.000274 0 0.48
0.0002744 0.002 0.48
0.0002748 -0.016 0.48
0.0002752 0.002 0.48
0.0002756 0.004 0.44
0.000276 0.01 0.48
0.0002764 0.01 0.48
0.0002768 0.008 0.44
0.0002772 0.008 0.48
0.0002776 0.01 0.48
0.000278 0.01 0.48
0.0002784 0.01 0.44
0.0002788 0.008 0.44
0.0002792 0.012 0.48
0.0002796 0.008 0.48
0.00028 0.01 0.48
0.0002804 0.01 0.44
0.0002808 0.01 0.48
0.0002812 0.01 0.48
0.0002816 0.01 0.44
0.000282 0.01 0.48
0.0002824 0.01 0.48
0.0002828 0.008 0.48
0.0002832 0.01 0.52
0.0002836 0.01 0.52
0.000284 0.012 0.48
0.0002844 0.01 0.48
0.0002848 0.01 0.48
0.0002852 0.01 0.48
0.0002856 0.012 0.44
0.000286 0.01 0.44
0.0002864 0.008 0.48
0.0002868 0.008 0.48
0.0002872 0.008 0.48
0.0002876 0.01 0.48
0.000288 0.01 0.48
0.0002884 0.01 0.48
0.0002888 0.01 0.44
0.0002892 0.008 0.48
0.0002896 0.01 0.48
0.00029 0.01 0.44
0.0002904 0.01 0.48
0.0002908 0.012 0.44
0.0002912 0.03 0.44
0.0002916 0.012 0.48
0.000292 0.01 0.48
0.0002924 0.01 0.48
0.0002928 0.008 0.48
0.0002932 0.008 0.44
0.0002936 0.01 0.44
0.000294 0.008 0.48
0.0002944 0.012 0.48
0.0002948 0.01 0.48
0.0002952 0.012 0.44
0.0002956 0.01 0.48
0.000296 0.008 0.48
0.0002964 0.008 0.48
0.0002968 0.008 0.48
0.0002972 0.01 0.48
0.0002976 0.01 0.48
0.000298 0.012 0.48
0.0002984 0.01 0.48
0.0002988 0.01 0.48
0.0002992 0.01 0.44
0.0002996 0.01 0.48
0.0003 0.008 0.44
0.0003004 0.008 0.52
0.0003008 0.01 0.48
0.0003012 0.01 0.44
0.0003016 0.01 0.48
0.000302 0.01 0.44
0.0003024 0.008 0.48
0.0003028 0.008 0.48
0.0003032 0.006 0.44
0.0003036 0.01 0.52
0.000304 0.01 0.48
0.0003044 0.012 0.48
0.0003048 0.01 0.48
0.0003052 0.008 0.48
0.0003056 0.012 0.48
0.000306 0.01 0.48
0.0003064 0.02 0.48
0.0003068 0.018 0.48
0.0003072 0.022 0.48
0.0003076 0.022 0.48
0.000308 0.02 0.48
0.0003084 0.022 0.48
0.0003088 0.016 0.48
0.0003092 0.02 0.44
0.0003096 0.02 0.48
0.00031 0.018 0.48
0.0003104 0.02 0.48
0.0003108 0.02 0.48
0.0003112 0.022 0.48
0.0003116 0.02 0.48
0.000312 0.02 0.48
0.0003124 0.02 0.44
0.0003128 0.02 0.48
0.0003132 0.02 0.48
0.0003136 0.018 0.48
0.000314 0.022 0.48
0.0003144 0.02 0.44
0.0003148 0.022 0.48
0.0003152 0.02 0.44
0.0003156 0.02 0.48
0.000316 0.02 0.48
0.0003164 0.022 0.48
0.0003168 0.02 0.48
0.0003172 0.022 0.44
0.0003176 0.022 0.44
0.000318 0.02 0.48
0.0003184 0.022 0.48
0.0003188 0.022 0.48
0.0003192 0.018 0.44
0.0003196 0.018 0.48
0.00032 0.018 0.48
0.0003204 0.018 0.48
0.0003208 0.02 0.44
0.0003212 0.02 0.48
0.0003216 0.02 0.48
0.000322 0.016 0.48
0.0003224 0.022 0.44
0.0003228 0.02 0.48
0.0003232 0.02 0.48
0.0003236 0.02 0.48
0.000324 0.022 0.48
0.0003244 0.022 0.48
0.0003248 0.022 0.44
0.0003252 0.018 0.48
0.0003256 0.02 0.44
0.000326 0.02 0.48
0.0003264 0.02 0.48
0.0003268 0.02 0.48
0.0003272 0.018 0.44
0.0003276 0.022 0.44
0.000328 0.022 0.48
0.0003284 0.022 0.48
0.0003288 0.02 0.52
0.0003292 0.02 0.48
0.0003296 0.02 0.48
0.00033 0.02 0.48
0.0003304 0.02 0.48
0.0003308 0.02 0.48
0.0003312 0.024 0.48
0.0003316 0.02 0.48
0.000332 0.022 0.48
0.0003324 0.02 0.48
0.0003328 0.02 0.44
0.0003332 0.018 0.44
0.0003336 0.018 0.48
0.000334 0.022 0.44
0.0003344 0.022 0.48
0.0003348 0.018 0.44
0.0003352 0.018 0.48
0.0003356 0.02 0.48
0.000336 0.032 0.48
0.0003364 0.022 0.48
0.0003368 0.03 0.44
0.0003372 0.024 0.48
0.0003376 0.03 0.44
0.000338 0.03 0.48
0.0003384 0.03 0.44
0.0003388 0.03 0.44
0.0003392 0.03 0.48
0.0003396 0.03 0.48
0.00034 0.03 0.48
0.0003404 0.03 0.48
0.0003408 0.032 0.44
0.0003412 0.032 0.48
0.0003416 0.03 0.48
0.000342 0.03 0.44
0.0003424 0.032 0.52
0.0003428 0.03 0.44
0.0003432 0.03 0.48
0.0003436 0.024 0.48
0.000344 0.03 0.48
0.0003444 0.03 0.52
0.0003448 0.028 0.44
0.0003452 0.032 0.48
0.0003456 0.03 0.48
0.000346 0.03 0.48
0.0003464 0.03 0.48
0.0003468 0.03 0.48
0.0003472 0.03 0.48
0.0003476 0.028 0.48
0.000348 0.03 0.44
0.0003484 0.03 0.48
0.0003488 0.028 0.48
0.0003492 0.03 0.48
0.0003496 0.03 0.48
0.00035 0.03 0.44
0.0003504 0.03 0.48
0.0003508 0.03 0.48
0.0003512 0.03 0.48
0.0003516 0.032 0.48
0.000352 0.03 0.44
0.0003524 0.026 0.48
0.0003528 0.032 0.48
0.0003532 0.03 0.48
0.0003536 0.032 0.48
0.000354 0.032 0.48
0.0003544 0.03 0.48
0.0003548 0.03 0.44
0.0003552 0.03 0.44
0.0003556 0.03 0.48
0.000356 0.03 0.48
0.0003564 0.03 0.44
0.0003568 0.03 0.48
0.0003572 0.032 0.48
0.0003576 0.03 0.48
0.000358 0.03 0.48
0.0003584 0.03 0.48
0.0003588 0.028 0.48
0.0003592 0.03 0.44
0.0003596 0.03 0.48
0.00036 0.03 0.48
0.0003604 0.032 0.44
0.0003608 0.028 0.44
0.0003612 0.032 0.48
0.0003616 0.03 0.48
0.000362 0.03 0.48
0.0003624 0.03 0.44
0.0003628 0.03 0.48
0.0003632 0.03 0.48
0.0003636 0.032 0.48
0.000364 0.032 0.48
0.0003644 0.03 0.48
0.0003648 0.03 0.48
0.0003652 0.03 0.48
0.0003656 0.03 0.48
0.000366 0.03 0.48
0.0003664 0.034 0.48
0.0003668 0.032 0.52
0.0003672 0.038 0.44
0.0003676 0.04 0.48
0.000368 0.04 0.48
0.0003684 0.038 0.48
0.0003688 0.04 0.48
0.0003692 0.04 0.44
0.0003696 0.04 0.48
0.00037 0.042 0.48
0.0003704 0.04 0.44
0.0003708 0.04 0.48
0.0003712 0.04 0.48
0.0003716 0.04 0.48
0.000372 0.04 0.48
0.0003724 0.04 0.48
0.0003728 0.042 0.48
0.0003732 0.042 0.48
0.0003736 0.04 0.48
0.000374 0.04 0.48
0.0003744 0.042 0.44
0.0003748 0.04 0.48
0.0003752 0.04 0.48
0.0003756 0.04 0.48
0.000376 0.042 0.48
0.0003764 0.04 0.48
0.0003768 0.04 0.44
0.0003772 0.04 0.48
0.0003776 0.04 0.48
0.000378 0.04 0.48
0.0003784 0.04 0.48
0.0003788 0.04 0.44
0.0003792 0.04 0.48
0.0003796 0.042 0.44
0.00038 0.042 0.48
0.0003804 0.04 0.48
0.0003808 0.042 0.48
0.0003812 0.04 0.48
0.0003816 0.04 0.44
0.000382 0.04 0.48
0.0003824 0.038 0.48
0.0003828 0.06 0.48
0.0003832 0.04 0.48
0.0003836 0.04 0.48
0.000384 0.038 0.48
0.0003844 0.04 0.44
0.0003848 0.04 0.44
0.0003852 0.04 0.48
0.0003856 0.04 0.48
0.000386 0.04 0.44
0.0003864 0.04 0.48
0.0003868 0.042 0.44
0.0003872 0.038 0.48
0.0003876 0.042 0.44
0.000388 0.04 0.48
0.0003884 0.042 0.48
0.0003888 0.038 0.48
0.0003892 0.04 0.52
0.0003896 0.038 0.48
0.00039 0.04 0.48
0.0003904 0.042 0.48
0.0003908 0.038 0.48
0.0003912 0.04 0.48
0.0003916 0.04 0.48
0.000392 0.04 0.48
0.0003924 0.042 0.48
0.0003928 0.04 0.44
0.0003932 0.042 0.48
0.0003936 0.04 0.44
0.000394 0.04 0.48
0.0003944 0.042 0.48
0.0003948 0.04 0.48
0.0003952 0.04 0.48
0.0003956 0.042 0.44
0.000396 0.038 0.44
0.0003964 0.04 0.48
0.0003968 0.04 0.44
0.0003972 0.044 0.48
0.0003976 0.042 0.48
0.000398 0.05 0.44
0.0003984 0.05 0.48
0.0003988 0.05 0.44
0.0003992 0.05 0.48
0.0003996 0.052 0.48
0.0004 0.052 0.48
0.0004004 0.052 0.48
0.0004008 0.05 0.48
0.0004012 0.05 0.44
0.0004016 0.048 0.48
0.000402 0.048 0.48
0.0004024 0.05 0.48
0.0004028 0.054 0.48
0.0004032 0.05 0.44
0.0004036 0.052 0.48
0.000404 0.052 0.44
0.0004044 0.05 0.44
0.0004048 0.05 0.48
0.0004052 0.05 0.48
0.0004056 0.052 0.44
0.000406 0.05 0.48
0.0004064 0.052 0.48
0.0004068 0.05 0.48
0.0004072 0.054 0.44
0.0004076 0.052 0.48
0.000408 0.052 0.48
0.0004084 0.05 0.44
0.0004088 0.05 0.48
0.0004092 0.054 0.44
0.0004096 0.05 0.48
0.00041 0.052 0.48
0.0004104 0.052 0.44
0.0004108 0.05 0.48
0.0004112 0.05 0.48
0.0004116 0.05 0.48
0.000412 0.052 0.48
0.0004124 0.05 0.48
0.0004128 0.052 0.52
0.0004132 0.05 0.48
0.0004136 0.046 0.48
0.000414 0.052 0.48
0.0004144 0.05 0.44
0.0004148 0.05 0.48
0.0004152 0.052 0.48
0.0004156 0.052 0.48
0.000416 0.052 0.44
0.0004164 0.05 0.44
0.0004168 0.052 0.48
0.0004172 0.05 0.44
0.0004176 0.054 0.48
0.000418 0.05 0.44
0.0004184 0.05 0.44
0.0004188 0.054 0.48
0.0004192 0.048 0.44
0.0004196 0.052 0.48
0.00042 0.054 0.48
0.0004204 0.05 0.48
0.0004208 0.05 0.48
0.0004212 0.052 0.48
0.0004216 0.05 0.44
0.000422 0.052 0.48
0.0004224 0.052 0.48
0.0004228 0.05 0.48
0.0004232 0.052 0.52
0.0004236 0.052 0.48
0.000424 0.05 0.44
0.0004244 0.05 0.48
0.0004248 0.05 0.48
0.0004252 0.05 0.52
0.0004256 0.05 0.48
0.000426 0.052 0.48
0.0004264 0.052 0.44
0.0004268 0.05 0.48
0.0004272 0.05 0.44
0.0004276 0.052 0.48
0.000428 0.052 0.48
0.0004284 0.06 0.44
0.0004288 0.06 0.48
0.0004292 0.062 0.48
0.0004296 0.062 0.48
0.00043 0.062 0.48
0.0004304 0.062 0.48
0.0004308 0.062 0.48
0.0004312 0.062 0.48
0.0004316 0.062 0.44
0.000432 0.062 0.48
0.0004324 0.06 0.48
0.0004328 0.06 0.48
0.0004332 0.062 0.44
0.0004336 0.058 0.48
0.000434 0.062 0.48
0.0004344 0.06 0.48
0.0004348 0.062 0.48
0.0004352 0.058 0.48
0.0004356 0.062 0.48
0.000436 0.062 0.48
0.0004364 0.062 0.48
0.0004368 0.062 0.48
0.0004372 0.058 0.44
0.0004376 0.06 0.48
0.000438 0.062 0.48
0.0004384 0.062 0.48
0.0004388 0.062 0.44
0.0004392 0.062 0.48
0.0004396 0.062 0.44
0.00044 0.062 0.48
0.0004404 0.062 0.48
0.0004408 0.062 0.48
0.0004412 0.06 0.48
0.0004416 0.064 0.44
0.000442 0.062 0.48
0.0004424 0.06 0.48
0.0004428 0.062 0.44
0.0004432 0.062 0.48
0.0004436 0.062 0.44
0.000444 0.058 0.48
0.0004444 0.062 0.48
0.0004448 0.062 0.44
0.0004452 0.062 0.48
0.0004456 0.062 0.48
0.000446 0.062 0.44
0.0004464 0.06 0.48
0.0004468 0.062 0.48
0.0004472 0.062 0.48
0.0004476 0.06 0.48
0.000448 0.062 0.44
0.0004484 0.06 0.52
0.0004488 0.062 0.48
0.0004492 0.062 0.48
0.0004496 0.062 0.48
0.00045 0.062 0.48
0.0004504 0.062 0.48
0.0004508 0.062 0.48
0.0004512 0.06 0.48
0.0004516 0.064 0.48
0.000452 0.06 0.48
0.0004524 0.062 0.48
0.0004528 0.06 0.48
0.0004532 0.062 0.44
0.0004536 0.062 0.48
0.000454 0.062 0.48
0.0004544 0.062 0.48
0.0004548 0.062 0.44
0.0004552 0.062 0.48
0.0004556 0.062 0.48
0.000456 0.062 0.44
0.0004564 0.064 0.48
0.0004568 0.062 0.48
0.0004572 0.068 0.48
0.0004576 0.06 0.44
0.000458 0.048 0.48
0.0004584 0.064 0.48
0.0004588 0.074 0.48
0.0004592 0.07 0.48
0.0004596 0.072 0.48
0.00046 0.07 0.48
0.0004604 0.07 0.48
0.0004608 0.07 0.48
0.0004612 0.072 0.48
0.0004616 0.07 0.48
0.000462 0.07 0.48
0.0004624 0.07 0.48
0.0004628 0.07 0.48
0.0004632 0.072 0.44
0.0004636 0.072 0.48
0.000464 0.07 0.48
0.0004644 0.07 0.44
0.0004648 0.072 0.48
0.0004652 0.07 0.44
0.0004656 0.07 0.44
0.000466 0.072 0.48
0.0004664 0.07 0.44
0.0004668 0.072 0.48
0.0004672 0.07 0.44
0.0004676 0.072 0.48
0.000468 0.072 0.48
0.0004684 0.072 0.48
0.0004688 0.072 0.48
0.0004692 0.072 0.48
0.0004696 0.07 0.48
0.00047 0.072 0.48
0.0004704 0.072 0.44
0.0004708 0.07 0.48
0.0004712 0.07 0.48
0.0004716 0.072 0.48
0.000472 0.072 0.48
0.0004724 0.074 0.48
0.0004728 0.07 0.48
0.0004732 0.072 0.44
0.0004736 0.07 0.44
0.000474 0.072 0.48
0.0004744 0.07 0.48
0.0004748 0.068 0.48
0.0004752 0.072 0.48
0.0004756 0.074 0.48
0.000476 0.072 0.48
0.0004764 0.072 0.44
0.0004768 0.074 0.48
0.0004772 0.072 0.48
0.0004776 0.066 0.44
0.000478 0.072 0.48
0.0004784 0.072 0.48
0.0004788 0.072 0.48
0.0004792 0.07 0.48
0.0004796 0.07 0.48
0.00048 0.072 0.48
0.0004804 0.072 0.48
0.0004808 0.072 0.52
0.0004812 0.07 0.48
0.0004816 0.07 0.44
0.000482 0.072 0.48
0.0004824 0.072 0.48
0.0004828 0.072 0.52
0.0004832 0.07 0.48
0.0004836 0.07 0.44
0.000484 0.07 0.48
0.0004844 0.072 0.48
0.0004848 0.068 0.48
0.0004852 0.07 0.48
0.0004856 0.072 0.44
0.000486 0.072 0.48
0.0004864 0.072 0.48
0.0004868 0.074 0.48
0.0004872 0.072 0.48
0.0004876 0.07 0.44
0.000488 0.072 0.48
0.0004884 0.07 0.48
0.0004888 0.072 0.44
0.0004892 0.074 0.44
0.0004896 0.082 0.48
0.00049 0.08 0.48
0.0004904 0.082 0.44
0.0004908 0.082 0.48
0.0004912 0.076 0.48
0.0004916 0.08 0.48
0.000492 0.08 0.48
0.0004924 0.08 0.44
0.0004928 0.08 0.44
0.0004932 0.084 0.48
0.0004936 0.08 0.44
0.000494 0.08 0.48
0.0004944 0.084 0.48
0.0004948 0.08 0.48
0.0004952 0.082 0.48
0.0004956 0.078 0.48
0.000496 0.082 0.48
0.0004964 0.082 0.48
0.0004968 0.076 0.44
0.0004972 0.082 0.44
0.0004976 0.082 0.44
0.000498 0.084 0.44
0.0004984 0.08 0.48
0.0004988 0.082 0.48
0.0004992 0.082 0.48
0.0004996 0.082 0.48
0.0005 0.082 0.44
0.0005004 0.082 0.48
0.0005008 0.08 0.48
0.0005012 0.08 0.48
0.0005016 0.084 0.44
0.000502 0.082 0.48
0.0005024 0.082 0.48
0.0005028 0.082 0.48
0.0005032 0.082 0.48
0.0005036 0.084 0.44
0.000504 0.082 0.48
0.0005044 0.084 0.48
0.0005048 0.084 0.44
0.0005052 0.078 0.44
0.0005056 0.082 0.48
0.000506 0.082 0.48
0.0005064 0.082 0.48
0.0005068 0.078 0.48
0.0005072 0.082 0.48
0.0005076 0.082 0.48
0.000508 0.08 0.48
0.0005084 0.082 0.48
0.0005088 0.08 0.44
0.0005092 0.084 0.48
0.0005096 0.08 0.48
0.00051 0.082 0.44
0.0005104 0.082 0.48
0.0005108 0.08 0.48
0.0005112 0.082 0.48
0.0005116 0.08 0.48
0.000512 0.084 0.44
0.0005124 0.082 0.52
0.0005128 0.084 0.48
0.0005132 0.082 0.44
0.0005136 0.082 0.48
0.000514 0.082 0.48
0.0005144 0.082 0.48
0.0005148 0.082 0.48
0.0005152 0.082 0.48
0.0005156 0.08 0.44
0.000516 0.082 0.44
0.0005164 0.082 0.48
0.0005168 0.08 0.48
0.0005172 0.082 0.48
0.0005176 0.082 0.48
0.000518 0.082 0.48
0.0005184 0.082 0.48
0.0005188 0.082 0.48
0.0005192 0.088 0.48
0.0005196 0.086 0.48
0.00052 0.09 0.44
0.0005204 0.092 0.44
0.0005208 0.094 0.48
0.0005212 0.092 0.44
0.0005216 0.092 0.48
0.000522 0.094 0.48
0.0005224 0.094 0.48
0.0005228 0.092 0.48
0.0005232 0.092 0.48
0.0005236 0.092 0.48
0.000524 0.092 0.48
0.0005244 0.094 0.44
0.0005248 0.092 0.48
0.0005252 0.094 0.48
0.0005256 0.09 0.44
0.000526 0.094 0.48
0.0005264 0.092 0.48
0.0005268 0.094 0.52
0.0005272 0.094 0.44
0.0005276 0.092 0.44
0.000528 0.092 0.48
0.0005284 0.09 0.44
0.0005288 0.092 0.48
0.0005292 0.094 0.48
0.0005296 0.092 0.48
0.00053 0.094 0.48
0.0005304 0.092 0.44
0.0005308 0.094 0.48
0.0005312 0.094 0.44
0.0005316 0.092 0.48
0.000532 0.09 0.48
0.0005324 0.09 0.44
0.0005328 0.092 0.48
0.0005332 0.092 0.44
0.0005336 0.094 0.48
0.000534 0.092 0.44
0.0005344 0.094 0.44
0.0005348 0.094 0.48
0.0005352 0.09 0.48
0.0005356 0.088 0.48
0.000536 0.092 0.48
0.0005364 0.094 0.44
0.0005368 0.094 0.44
0.0005372 0.094 0.48
0.0005376 0.094 0.44
0.000538 0.092 0.48
0.0005384 0.092 0.44
0.0005388 0.092 0.48
0.0005392 0.094 0.48
0.0005396 0.092 0.44
0.00054 0.094 0.48
0.0005404 0.094 0.48
0.0005408 0.092 0.44
0.0005412 0.094 0.44
0.0005416 0.09 0.44
0.000542 0.092 0.48
0.0005424 0.092 0.48
0.0005428 0.092 0.44
0.0005432 0.092 0.48
0.0005436 0.09 0.44
0.000544 0.094 0.48
0.0005444 0.09 0.48
0.0005448 0.09 0.44
0.0005452 0.094 0.48
0.0005456 0.094 0.44
0.000546 0.094 0.44
0.0005464 0.092 0.48
0.0005468 0.09 0.44
0.0005472 0.094 0.48
0.0005476 0.092 0.44
0.000548 0.092 0.48
0.0005484 0.092 0.48
0.0005488 0.094 0.48
0.0005492 0.094 0.52
0.0005496 0.096 0.44
0.00055 0.094 0.44
0.0005504 0.1 0.48
0.0005508 0.102 0.44
0.0005512 0.102 0.48
0.0005516 0.102 0.48
0.000552 0.102 0.44
0.0005524 0.104 0.48
0.0005528 0.104 0.44
0.0005532 0.102 0.48
0.0005536 0.102 0.48
0.000554 0.102 0.44
0.0005544 0.102 0.48
0.0005548 0.098 0.44
0.0005552 0.104 0.48
0.0005556 0.104 0.48
0.000556 0.102 0.48
0.0005564 0.104 0.48
0.0005568 0.1 0.44
0.0005572 0.104 0.44
0.0005576 0.102 0.48
0.000558 0.102 0.48
0.0005584 0.104 0.48
0.0005588 0.104 0.48
0.0005592 0.104 0.44
0.0005596 0.1 0.48
0.00056 0.104 0.48
0.0005604 0.104 0.48
0.0005608 0.102 0.44
0.0005612 0.104 0.48
0.0005616 0.102 0.48
0.000562 0.102 0.44
0.0005624 0.104 0.48
0.0005628 0.102 0.48
0.0005632 0.102 0.48
0.0005636 0.102 0.48
0.000564 0.102 0.44
0.0005644 0.102 0.44
0.0005648 0.102 0.48
0.0005652 0.102 0.44
0.0005656 0.104 0.48
0.000566 0.098 0.44
0.0005664 0.102 0.44
0.0005668 0.102 0.48
0.0005672 0.102 0.44
0.0005676 0.102 0.48
0.000568 0.102 0.48
0.0005684 0.104 0.44
0.0005688 0.104 0.48
0.0005692 0.102 0.44
0.0005696 0.104 0.44
0.00057 0.102 0.48
0.0005704 0.102 0.44
0.0005708 0.102 0.48
0.0005712 0.104 0.48
0.0005716 0.104 0.52
0.000572 0.102 0.48
0.0005724 0.102 0.44
0.0005728 0.102 0.48
0.0005732 0.104 0.44
0.0005736 0.104 0.44
0.000574 0.102 0.48
0.0005744 0.102 0.44
0.0005748 0.102 0.48
0.0005752 0.104 0.44
0.0005756 0.102 0.48
0.000576 0.102 0.48
0.0005764 0.102 0.44
0.0005768 0.104 0.48
0.0005772 0.102 0.48
0.0005776 0.102 0.48
0.000578 0.102 0.44
0.0005784 0.102 0.48
0.0005788 0.102 0.48
0.0005792 0.106 0.48
0.0005796 0.102 0.48
0.00058 0.068 0.52
0.0005804 0.108 0.44
0.0005808 0.11 0.48
0.0005812 0.114 0.44
0.0005816 0.112 0.44
0.000582 0.114 0.48
0.0005824 0.112 0.48
0.0005828 0.114 0.48
0.0005832 0.112 0.48
0.0005836 0.114 0.48
0.000584 0.11 0.48
0.0005844 0.112 0.48
0.0005848 0.114 0.48
0.0005852 0.112 0.48
0.0005856 0.112 0.48
0.000586 0.112 0.48
0.0005864 0.112 0.44
0.0005868 0.11 0.44
0.0005872 0.114 0.48
0.0005876 0.114 0.44
0.000588 0.114 0.44
0.0005884 0.114 0.44
0.0005888 0.114 0.48
0.0005892 0.114 0.48
0.0005896 0.116 0.48
0.00059 0.112 0.48
0.0005904 0.114 0.44
0.0005908 0.11 0.48
0.0005912 0.114 0.48
0.0005916 0.112 0.44
0.000592 0.112 0.48
0.0005924 0.112 0.44
0.0005928 0.114 0.48
0.0005932 0.114 0.48
0.0005936 0.11 0.44
0.000594 0.112 0.48
0.0005944 0.112 0.48
0.0005948 0.112 0.44
0.0005952 0.114 0.48
0.0005956 0.114 0.44
0.000596 0.112 0.48
0.0005964 0.11 0.48
0.0005968 0.108 0.48
0.0005972 0.112 0.44
0.0005976 0.114 0.44
0.000598 0.114 0.48
0.0005984 0.114 0.48
0.0005988 0.114 0.44
0.0005992 0.112 0.48
0.0005996 0.112 0.48
0.0006 0.112 0.48
0.0006004 0.114 0.48
0.0006008 0.112 0.44
0.0006012 0.112 0.48
0.0006016 0.114 0.48
0.000602 0.112 0.48
0.0006024 0.112 0.44
0.0006028 0.11 0.48
0.0006032 0.114 0.44
0.0006036 0.114 0.48
0.000604 0.114 0.44
0.0006044 0.112 0.48
0.0006048 0.114 0.48
0.0006052 0.114 0.48
0.0006056 0.114 0.44
0.000606 0.114 0.48
0.0006064 0.114 0.48
0.0006068 0.112 0.44
0.0006072 0.114 0.48
0.0006076 0.114 0.44
0.000608 0.114 0.48
0.0006084 0.112 0.48
0.0006088 0.112 0.48
0.0006092 0.114 0.48
0.0006096 0.114 0.48
0.00061 0.112 0.44
0.0006104 0.114 0.48
0.0006108 0.116 0.48
0.0006112 0.116 0.48
0.0006116 0.124 0.48
0.000612 0.124 0.48
0.0006124 0.122 0.48
0.0006128 0.122 0.48
0.0006132 0.124 0.48
0.0006136 0.124 0.48
0.000614 0.124 0.48
0.0006144 0.124 0.44
0.0006148 0.124 0.44
0.0006152 0.124 0.48
0.0006156 0.124 0.48
0.000616 0.124 0.48
0.0006164 0.122 0.48
0.0006168 0.124 0.44
0.0006172 0.126 0.48
0.0006176 0.124 0.48
0.000618 0.124 0.48
0.0006184 0.122 0.48
0.0006188 0.124 0.48
0.0006192 0.122 0.44
0.0006196 0.124 0.48
0.00062 0.124 0.44
0.0006204 0.124 0.48
0.0006208 0.122 0.48
0.0006212 0.124 0.44
0.0006216 0.124 0.48
0.000622 0.122 0.48
0.0006224 0.124 0.48
0.0006228 0.124 0.48
0.0006232 0.12 0.44
0.0006236 0.122 0.48
0.000624 0.122 0.48
0.0006244 0.126 0.44
0.0006248 0.124 0.44
0.0006252 0.124 0.48
0.0006256 0.122 0.48
0.000626 0.124 0.44
0.0006264 0.126 0.44
0.0006268 0.122 0.48
0.0006272 0.118 0.44
0.0006276 0.124 0.48
0.000628 0.124 0.48
0.0006284 0.124 0.44
0.0006288 0.124 0.48
0.0006292 0.124 0.48
0.0006296 0.126 0.48
0.00063 0.124 0.48
0.0006304 0.122 0.48
0.0006308 0.122 0.48
0.0006312 0.124 0.48
0.0006316 0.124 0.48
0.000632 0.122 0.48
0.0006324 0.122 0.44
0.0006328 0.126 0.48
0.0006332 0.122 0.44
0.0006336 0.124 0.44
0.000634 0.122 0.48
0.0006344 0.12 0.48
0.0006348 0.124 0.44
0.0006352 0.122 0.48
0.0006356 0.124 0.48
0.000636 0.122 0.48
0.0006364 0.126 0.48
0.0006368 0.124 0.48
0.0006372 0.122 0.48
0.0006376 0.124 0.48
0.000638 0.124 0.48
0.0006384 0.124 0.44
0.0006388 0.124 0.44
0.0006392 0.12 0.44
0.0006396 0.122 0.44
0.00064 0.122 0.48
0.0006404 0.124 0.48
0.0006408 0.122 0.48
0.0006412 0.132 0.48
0.0006416 0.126 0.48
0.000642 0.132 0.44
0.0006424 0.132 0.48
0.0006428 0.134 0.48
0.0006432 0.132 0.48
0.0006436 0.132 0.44
0.000644 0.134 0.48
0.0006444 0.134 0.44
0.0006448 0.134 0.44
0.0006452 0.134 0.48
0.0006456 0.132 0.44
0.000646 0.134 0.48
0.0006464 0.134 0.44
0.0006468 0.134 0.44
0.0006472 0.134 0.48
0.0006476 0.134 0.44
0.000648 0.134 0.48
0.0006484 0.134 0.48
0.0006488 0.134 0.44
0.0006492 0.132 0.48
0.0006496 0.134 0.48
0.00065 0.132 0.48
0.0006504 0.134 0.48
0.0006508 0.134 0.44
0.0006512 0.134 0.48
0.0006516 0.134 0.44
0.000652 0.134 0.48
0.0006524 0.134 0.48
0.0006528 0.134 0.44
0.0006532 0.134 0.48
0.0006536 0.134 0.48
0.000654 0.134 0.48
0.0006544 0.134 0.48
0.0006548 0.134 0.44
0.0006552 0.134 0.48
0.0006556 0.134 0.48
0.000656 0.134 0.48
0.0006564 0.134 0.44
0.0006568 0.134 0.44
0.0006572 0.134 0.48
0.0006576 0.13 0.48
0.000658 0.134 0.44
0.0006584 0.134 0.48
0.0006588 0.134 0.44
0.0006592 0.134 0.48
0.0006596 0.136 0.48
0.00066 0.134 0.44
0.0006604 0.134 0.48
0.0006608 0.134 0.44
0.0006612 0.134 0.44
0.0006616 0.134 0.48
0.000662 0.134 0.48
0.0006624 0.134 0.48
0.0006628 0.134 0.44
0.0006632 0.134 0.44
0.0006636 0.134 0.48
0.000664 0.134 0.44
0.0006644 0.134 0.48
0.0006648 0.134 0.48
0.0006652 0.132 0.48
0.0006656 0.134 0.48
0.000666 0.134 0.48
0.0006664 0.132 0.48
0.0006668 0.134 0.44
0.0006672 0.134 0.44
0.0006676 0.134 0.48
0.000668 0.132 0.44
0.0006684 0.134 0.48
0.0006688 0.13 0.44
0.0006692 0.132 0.44
0.0006696 0.136 0.48
0.00067 0.134 0.44
0.0006704 0.134 0.48
0.0006708 0.134 0.48
0.0006712 0.134 0.48
0.0006716 0.136 0.48
0.000672 0.134 0.48
0.0006724 0.142 0.44
0.0006728 0.144 0.44
0.0006732 0.144 0.44
0.0006736 0.146 0.48
0.000674 0.142 0.44
0.0006744 0.144 0.44
0.0006748 0.142 0.48
0.0006752 0.144 0.48
0.0006756 0.144 0.48
0.000676 0.144 0.48
0.0006764 0.142 0.44
0.0006768 0.144 0.48
0.0006772 0.146 0.48
0.0006776 0.142 0.52
0.000678 0.144 0.48
0.0006784 0.142 0.48
0.0006788 0.142 0.48
0.0006792 0.144 0.44
0.0006796 0.144 0.48
0.00068 0.144 0.44
0.0006804 0.144 0.48
0.0006808 0.144 0.48
0.0006812 0.144 0.48
0.0006816 0.144 0.48
0.000682 0.144 0.48
0.0006824 0.144 0.44
0.0006828 0.144 0.48
0.0006832 0.144 0.48
0.0006836 0.144 0.48
0.000684 0.142 0.44
0.0006844 0.146 0.44
0.0006848 0.144 0.48
0.0006852 0.144 0.48
0.0006856 0.146 0.44
0.000686 0.142 0.48
0.0006864 0.144 0.44
0.0006868 0.142 0.48
0.0006872 0.144 0.48
0.0006876 0.146 0.44
0.000688 0.156 0.48
0.0006884 0.142 0.44
0.0006888 0.144 0.48
0.0006892 0.142 0.48
0.0006896 0.144 0.48
0.00069 0.144 0.48
0.0006904 0.146 0.44
0.0006908 0.146 0.48
0.0006912 0.146 0.48
0.0006916 0.144 0.44
0.000692 0.146 0.48
0.0006924 0.146 0.44
0.0006928 0.144 0.48
0.0006932 0.144 0.48
0.0006936 0.144 0.44
0.000694 0.144 0.48
0.0006944 0.142 0.44
0.0006948 0.144 0.48
0.0006952 0.144 0.44
0.0006956 0.144 0.44
0.000696 0.146 0.48
0.0006964 0.146 0.48
0.0006968 0.144 0.48
0.0006972 0.144 0.48
0.0006976 0.144 0.48
0.000698 0.144 0.48
0.0006984 0.144 0.48
0.0006988 0.144 0.44
0.0006992 0.146 0.48
0.0006996 0.144 0.44
0.0007 0.144 0.44
0.0007004 0.144 0.48
0.0007008 0.144 0.48
0.0007012 0.144 0.48
0.0007016 0.15 0.48
0.000702 0.144 0.48
0.0007024 0.166 0.44
0.0007028 0.17 0.48
0.0007032 0.156 0.48
0.0007036 0.156 0.44
0.000704 0.158 0.44
0.0007044 0.156 0.48
0.0007048 0.154 0.44
0.0007052 0.154 0.48
0.0007056 0.156 0.44
0.000706 0.156 0.48
0.0007064 0.158 0.48
0.0007068 0.156 0.44
0.0007072 0.156 0.48
0.0007076 0.156 0.44
0.000708 0.156 0.48
0.0007084 0.154 0.44
0.0007088 0.156 0.44
0.0007092 0.156 0.48
0.0007096 0.154 0.48
0.00071 0.156 0.44
0.0007104 0.156 0.48
0.0007108 0.154 0.48
0.0007112 0.156 0.48
0.0007116 0.156 0.44
0.000712 0.156 0.48
0.0007124 0.156 0.48
0.0007128 0.156 0.48
0.0007132 0.154 0.44
0.0007136 0.156 0.48
0.000714 0.156 0.48
0.0007144 0.154 0.48
0.0007148 0.156 0.4
0.0007152 0.154 0.48
0.0007156 0.156 0.48
0.000716 0.154 0.44
0.0007164 0.152 0.44
0.0007168 0.158 0.44
0.0007172 0.154 0.44
0.0007176 0.156 0.44
0.000718 0.154 0.44
0.0007184 0.154 0.48
0.0007188 0.154 0.48
0.0007192 0.158 0.48
0.0007196 0.154 0.48
0.00072 0.154 0.48
0.0007204 0.156 0.48
0.0007208 0.154 0.48
0.0007212 0.154 0.48
0.0007216 0.154 0.44
0.000722 0.154 0.44
0.0007224 0.156 0.48
0.0007228 0.156 0.48
0.0007232 0.156 0.44
0.0007236 0.154 0.48
0.000724 0.154 0.48
0.0007244 0.154 0.48
0.0007248 0.154 0.48
0.0007252 0.156 0.48
0.0007256 0.154 0.48
0.000726 0.158 0.44
0.0007264 0.154 0.44
0.0007268 0.156 0.48
0.0007272 0.156 0.44
0.0007276 0.156 0.48
0.000728 0.156 0.44
0.0007284 0.154 0.48
0.0007288 0.156 0.44
0.0007292 0.156 0.48
0.0007296 0.156 0.44
0.00073 0.156 0.44
0.0007304 0.156 0.48
0.0007308 0.156 0.48
0.0007312 0.154 0.44
0.0007316 0.156 0.44
0.000732 0.158 0.48
0.0007324 0.156 0.44
0.0007328 0.164 0.48
0.0007332 0.156 0.48
0.0007336 0.164 0.48
0.000734 0.164 0.44
0.0007344 0.162 0.44
0.0007348 0.166 0.44
0.0007352 0.166 0.44
0.0007356 0.166 0.48
0.000736 0.166 0.48
0.0007364 0.166 0.44
0.0007368 0.166 0.48
0.0007372 0.164 0.48
0.0007376 0.166 0.44
0.000738 0.166 0.48
0.0007384 0.166 0.44
0.0007388 0.166 0.44
0.0007392 0.164 0.44
0.0007396 0.164 0.44
0.00074 0.164 0.48
0.0007404 0.166 0.44
0.0007408 0.164 0.48
0.0007412 0.164 0.48
0.0007416 0.162 0.48
0.000742 0.166 0.48
0.0007424 0.164 0.44
0.0007428 0.166 0.48
0.0007432 0.166 0.48
0.0007436 0.166 0.48
0.000744 0.166 0.48
0.0007444 0.166 0.44
0.0007448 0.164 0.48
0.0007452 0.164 0.44
0.0007456 0.166 0.48
0.000746 0.166 0.48
0.0007464 0.166 0.44
0.0007468 0.166 0.44
0.0007472 0.166 0.48
0.0007476 0.164 0.44
0.000748 0.166 0.48
0.0007484 0.164 0.44
0.0007488 0.166 0.44
0.0007492 0.164 0.48
0.0007496 0.166 0.44
0.00075 0.166 0.44
0.0007504 0.166 0.44
0.0007508 0.166 0.44
0.0007512 0.166 0.44
0.0007516 0.166 0.44
0.000752 0.162 0.48
0.0007524 0.166 0.48
0.0007528 0.166 0.44
0.0007532 0.166 0.48
0.0007536 0.166 0.48
0.000754 0.166 0.44
0.0007544 0.166 0.48
0.0007548 0.166 0.44
0.0007552 0.166 0.48
0.0007556 0.166 0.44
0.000756 0.166 0.44
0.0007564 0.166 0.48
0.0007568 0.166 0.44
0.0007572 0.166 0.48
0.0007576 0.166 0.44
0.000758 0.164 0.48
0.0007584 0.166 0.48
0.0007588 0.166 0.44
0.0007592 0.166 0.48
0.0007596 0.166 0.44
0.00076 0.166 0.48
0.0007604 0.164 0.48
0.0007608 0.166 0.48
0.0007612 0.166 0.44
0.0007616 0.166 0.48
0.000762 0.166 0.48
0.0007624 0.166 0.48
0.0007628 0.166 0.44
0.0007632 0.182 0.44
0.0007636 0.168 0.44
0.000764 0.172 0.44
0.0007644 0.176 0.48
0.0007648 0.178 0.48
0.0007652 0.176 0.48
0.0007656 0.178 0.48
0.000766 0.174 0.44
0.0007664 0.174 0.48
0.0007668 0.174 0.44
0.0007672 0.176 0.44
0.0007676 0.176 0.44
0.000768 0.176 0.48
0.0007684 0.178 0.48
0.0007688 0.178 0.44
0.0007692 0.176 0.44
0.0007696 0.176 0.48
0.00077 0.174 0.44
0.0007704 0.176 0.48
0.0007708 0.174 0.44
0.0007712 0.174 0.44
0.0007716 0.178 0.48
0.000772 0.174 0.44
0.0007724 0.176 0.48
0.0007728 0.174 0.44
0.0007732 0.176 0.48
0.0007736 0.176 0.48
0.000774 0.174 0.44
0.0007744 0.174 0.44
0.0007748 0.176 0.48
0.0007752 0.174 0.44
0.0007756 0.174 0.48
0.000776 0.174 0.44
0.0007764 0.176 0.44
0.0007768 0.176 0.44
0.0007772 0.178 0.44
0.0007776 0.174 0.48
0.000778 0.176 0.48
0.0007784 0.176 0.44
0.0007788 0.176 0.48
0.0007792 0.176 0.48
0.0007796 0.194 0.48
0.00078 0.174 0.44
0.0007804 0.174 0.48
0.0007808 0.176 0.48
0.0007812 0.176 0.44
0.0007816 0.176 0.48
0.000782 0.178 0.44
0.0007824 0.174 0.48
0.0007828 0.174 0.48
0.0007832 0.176 0.44
0.0007836 0.178 0.48
0.000784 0.174 0.48
0.0007844 0.176 0.44
0.0007848 0.176 0.48
0.0007852 0.174 0.48
0.0007856 0.178 0.48
0.000786 0.176 0.48
0.0007864 0.176 0.48
0.0007868 0.17 0.48
0.0007872 0.176 0.44
0.0007876 0.178 0.48
0.000788 0.174 0.48
0.0007884 0.176 0.44
0.0007888 0.174 0.48
0.0007892 0.178 0.48
0.0007896 0.176 0.48
0.00079 0.176 0.48
0.0007904 0.176 0.48
0.0007908 0.178 0.48
0.0007912 0.176 0.44
0.0007916 0.176 0.44
0.000792 0.176 0.44
0.0007924 0.176 0.44
0.0007928 0.176 0.48
0.0007932 0.176 0.44
0.0007936 0.176 0.44
0.000794 0.178 0.48
0.0007944 0.182 0.48
0.0007948 0.186 0.48
0.0007952 0.186 0.48
0.0007956 0.188 0.48
0.000796 0.188 0.52
0.0007964 0.186 0.44
0.0007968 0.188 0.48
0.0007972 0.186 0.48
0.0007976 0.188 0.48
0.000798 0.184 0.48
0.0007984 0.184 0.44
0.0007988 0.188 0.44
0.0007992 0.186 0.44
0.0007996 0.186 0.48
0.0008 0.186 0.44
0.0008004 0.186 0.44
0.0008008 0.186 0.48
0.0008012 0.188 0.48
0.0008016 0.186 0.44
0.000802 0.184 0.48
0.0008024 0.188 0.44
0.0008028 0.188 0.44
0.0008032 0.186 0.48
0.0008036 0.186 0.44
0.000804 0.184 0.44
0.0008044 0.19 0.48
0.0008048 0.186 0.48
0.0008052 0.184 0.44
0.0008056 0.186 0.44
0.000806 0.19 0.48
0.0008064 0.188 0.48
0.0008068 0.188 0.4
0.0008072 0.19 0.48
0.0008076 0.188 0.44
0.000808 0.186 0.48
0.0008084 0.186 0.44
0.0008088 0.188 0.44
0.0008092 0.186 0.48
0.0008096 0.186 0.44
0.00081 0.188 0.48
0.0008104 0.184 0.44
0.0008108 0.188 0.44
0.0008112 0.188 0.48
0.0008116 0.186 0.44
0.000812 0.188 0.48
0.0008124 0.188 0.44
0.0008128 0.184 0.48
0.0008132 0.186 0.48
0.0008136 0.186 0.48
0.000814 0.184 0.48
0.0008144 0.186 0.44
0.0008148 0.188 0.48
0.0008152 0.184 0.48
0.0008156 0.188 0.48
0.000816 0.19 0.48
0.0008164 0.186 0.48
0.0008168 0.188 0.44
0.0008172 0.188 0.48
0.0008176 0.186 0.48
0.000818 0.186 0.44
0.0008184 0.188 0.48
0.0008188 0.188 0.44
0.0008192 0.186 0.44
0.0008196 0.188 0.48
0.00082 0.184 0.44
0.0008204 0.188 0.48
0.0008208 0.186 0.44
0.0008212 0.188 0.48
0.0008216 0.188 0.48
0.000822 0.186 0.44
0.0008224 0.188 0.44
0.0008228 0.186 0.44
0.0008232 0.19 0.44
0.0008236 0.186 0.48
0.000824 0.186 0.44
0.0008244 0.2 0.48
0.0008248 0.19 0.48
0.0008252 0.196 0.48
0.0008256 0.198 0.48
0.000826 0.196 0.44
0.0008264 0.198 0.48
0.0008268 0.196 0.44
0.0008272 0.196 0.48
0.0008276 0.198 0.48
0.000828 0.196 0.48
0.0008284 0.198 0.44
0.0008288 0.198 0.48
0.0008292 0.196 0.48
0.0008296 0.2 0.48
0.00083 0.198 0.44
0.0008304 0.196 0.48
0.0008308 0.198 0.48
0.0008312 0.196 0.44
0.0008316 0.196 0.48
0.000832 0.196 0.44
0.0008324 0.196 0.48
0.0008328 0.198 0.48
0.0008332 0.196 0.44
0.0008336 0.198 0.44
0.000834 0.2 0.48
0.0008344 0.198 0.48
0.0008348 0.196 0.44
0.0008352 0.196 0.44
0.0008356 0.198 0.48
0.000836 0.192 0.44
0.0008364 0.198 0.44
0.0008368 0.194 0.48
0.0008372 0.198 0.44
0.0008376 0.198 0.48
0.000838 0.196 0.48
0.0008384 0.198 0.44
0.0008388 0.196 0.48
0.0008392 0.196 0.44
0.0008396 0.198 0.44
0.00084 0.196 0.48
0.0008404 0.198 0.44
0.0008408 0.194 0.48
0.0008412 0.2 0.48
0.0008416 0.196 0.48
0.000842 0.196 0.48
0.0008424 0.196 0.44
0.0008428 0.198 0.48
0.0008432 0.198 0.44
0.0008436 0.198 0.44
0.000844 0.2 0.48
0.0008444 0.196 0.48
0.0008448 0.198 0.44
0.0008452 0.196 0.48
0.0008456 0.196 0.44
0.000846 0.196 0.48
0.0008464 0.198 0.44
0.0008468 0.198 0.48
0.0008472 0.196 0.44
0.0008476 0.196 0.44
0.000848 0.198 0.48
0.0008484 0.198 0.48
0.0008488 0.196 0.44
0.0008492 0.198 0.44
0.0008496 0.198 0.48
0.00085 0.196 0.48
0.0008504 0.196 0.44
0.0008508 0.198 0.44
0.0008512 0.198 0.44
0.0008516 0.198 0.44
0.000852 0.196 0.44
0.0008524 0.198 0.44
0.0008528 0.198 0.44
0.0008532 0.198 0.44
0.0008536 0.198 0.48
0.000854 0.198 0.48
0.0008544 0.198 0.48
0.0008548 0.2 0.44
0.0008552 0.196 0.52
0.0008556 0.206 0.44
0.000856 0.21 0.48
0.0008564 0.206 0.44
0.0008568 0.206 0.48
0.0008572 0.208 0.48
0.0008576 0.204 0.44
0.000858 0.206 0.48
0.0008584 0.206 0.44
0.0008588 0.208 0.44
0.0008592 0.21 0.44
0.0008596 0.208 0.44
0.00086 0.206 0.48
0.0008604 0.206 0.44
0.0008608 0.208 0.44
0.0008612 0.208 0.48
0.0008616 0.206 0.44
0.000862 0.21 0.48
0.0008624 0.208 0.48
0.0008628 0.208 0.44
0.0008632 0.206 0.44
0.0008636 0.206 0.44
0.000864 0.206 0.44
0.0008644 0.206 0.44
0.0008648 0.208 0.44
0.0008652 0.206 0.48
0.0008656 0.208 0.48
0.000866 0.21 0.44
0.0008664 0.206 0.48
0.0008668 0.208 0.44
0.0008672 0.206 0.44
0.0008676 0.206 0.44
0.000868 0.208 0.44
0.0008684 0.21 0.48
0.0008688 0.208 0.44
0.0008692 0.206 0.48
0.0008696 0.208 0.48
0.00087 0.208 0.44
0.0008704 0.208 0.48
0.0008708 0.208 0.44
0.0008712 0.204 0.48
0.0008716 0.206 0.48
0.000872 0.206 0.48
0.0008724 0.208 0.48
0.0008728 0.206 0.48
0.0008732 0.208 0.48
0.0008736 0.206 0.48
0.000874 0.204 0.44
0.0008744 0.208 0.44
0.0008748 0.206 0.44
0.0008752 0.208 0.44
0.0008756 0.208 0.44
0.000876 0.206 0.44
0.0008764 0.21 0.44
0.0008768 0.208 0.48
0.0008772 0.208 0.44
0.0008776 0.208 0.48
0.000878 0.208 0.48
0.0008784 0.208 0.44
0.0008788 0.208 0.44
0.0008792 0.208 0.44
0.0008796 0.208 0.48
0.00088 0.208 0.44
0.0008804 0.206 0.48
0.0008808 0.208 0.44
0.0008812 0.208 0.44
0.0008816 0.208 0.48
0.000882 0.208 0.44
0.0008824 0.21 0.44
0.0008828 0.208 0.48
0.0008832 0.206 0.44
0.0008836 0.21 0.48
0.000884 0.206 0.44
0.0008844 0.206 0.48
0.0008848 0.21 0.48
0.0008852 0.208 0.48
0.0008856 0.212 0.44
0.000886 0.212 0.44
0.0008864 0.218 0.48
0.0008868 0.218 0.48
0.0008872 0.218 0.44
0.0008876 0.216 0.48
0.000888 0.216 0.44
0.0008884 0.22 0.48
0.0008888 0.218 0.48
0.0008892 0.22 0.44
0.0008896 0.218 0.48
0.00089 0.216 0.48
0.0008904 0.218 0.48
0.0008908 0.216 0.44
0.0008912 0.216 0.48
0.0008916 0.218 0.44
0.000892 0.218 0.48
0.0008924 0.218 0.44
0.0008928 0.218 0.44
0.0008932 0.22 0.44
0.0008936 0.218 0.48
0.000894 0.218 0.48
0.0008944 0.218 0.44
0.0008948 0.218 0.48
0.0008952 0.222 0.48
0.0008956 0.218 0.44
0.000896 0.22 0.44
0.0008964 0.22 0.44
0.0008968 0.216 0.48
0.0008972 0.218 0.44
0.0008976 0.218 0.44
0.000898 0.218 0.48
0.0008984 0.218 0.44
0.0008988 0.22 0.48
0.0008992 0.216 0.44
0.0008996 0.218 0.44
0.0009 0.216 0.48
0.0009004 0.216 0.44
0.0009008 0.218 0.48
0.0009012 0.22 0.48
0.0009016 0.216 0.44
0.000902 0.216 0.48
0.0009024 0.22 0.44
0.0009028 0.216 0.48
0.0009032 0.218 0.48
0.0009036 0.218 0.44
0.000904 0.216 0.48
0.0009044 0.216 0.44
0.0009048 0.218 0.44
0.0009052 0.218 0.48
0.0009056 0.218 0.44
0.000906 0.22 0.48
0.0009064 0.218 0.48
0.0009068 0.216 0.48
0.0009072 0.218 0.48
0.0009076 0.218 0.44
0.000908 0.22 0.48
0.0009084 0.218 0.44
0.0009088 0.216 0.48
0.0009092 0.218 0.52
0.0009096 0.22 0.44
0.00091 0.218 0.48
0.0009104 0.216 0.44
0.0009108 0.216 0.44
0.0009112 0.218 0.44
0.0009116 0.218 0.44
0.000912 0.218 0.48
0.0009124 0.216 0.48
0.0009128 0.22 0.48
0.0009132 0.218 0.44
0.0009136 0.218 0.44
0.000914 0.218 0.44
0.0009144 0.218 0.52
0.0009148 0.22 0.44
0.0009152 0.216 0.48
0.0009156 0.218 0.44
0.000916 0.222 0.44
0.0009164 0.22 0.48
0.0009168 0.228 0.44
0.0009172 0.226 0.48
0.0009176 0.23 0.44
0.000918 0.228 0.48
0.0009184 0.23 0.48
0.0009188 0.23 0.44
0.0009192 0.228 0.48
0.0009196 0.228 0.48
0.00092 0.228 0.44
0.0009204 0.228 0.44
0.0009208 0.226 0.44
0.0009212 0.228 0.44
0.0009216 0.228 0.44
0.000922 0.228 0.44
0.0009224 0.23 0.48
0.0009228 0.228 0.44
0.0009232 0.23 0.48
0.0009236 0.226 0.48
0.000924 0.228 0.44
0.0009244 0.228 0.48
0.0009248 0.228 0.44
0.0009252 0.23 0.48
0.0009256 0.228 0.44
0.000926 0.228 0.44
0.0009264 0.228 0.48
0.0009268 0.226 0.44
0.0009272 0.228 0.48
0.0009276 0.228 0.48
0.000928 0.228 0.48
0.0009284 0.226 0.44
0.0009288 0.228 0.44
0.0009292 0.228 0.44
0.0009296 0.23 0.44
0.00093 0.226 0.44
0.0009304 0.226 0.48
0.0009308 0.228 0.48
0.0009312 0.228 0.48
0.0009316 0.228 0.48
0.000932 0.226 0.44
0.0009324 0.222 0.44
0.0009328 0.228 0.48
0.0009332 0.226 0.44
0.0009336 0.23 0.48
0.000934 0.226 0.44
0.0009344 0.228 0.48
0.0009348 0.222 0.44
0.0009352 0.23 0.44
0.0009356 0.23 0.44
0.000936 0.228 0.44
0.0009364 0.228 0.48
0.0009368 0.228 0.48
0.0009372 0.23 0.44
0.0009376 0.228 0.48
0.000938 0.228 0.44
0.0009384 0.23 0.48
0.0009388 0.228 0.48
0.0009392 0.23 0.44
0.0009396 0.228 0.48
0.00094 0.226 0.44
0.0009404 0.228 0.44
0.0009408 0.228 0.44
0.0009412 0.228 0.44
0.0009416 0.228 0.48
0.000942 0.228 0.48
0.0009424 0.226 0.44
0.0009428 0.23 0.48
0.0009432 0.23 0.44
0.0009436 0.23 0.48
0.000944 0.228 0.44
0.0009444 0.228 0.44
0.0009448 0.23 0.48
0.0009452 0.228 0.44
0.0009456 0.228 0.48
0.000946 0.226 0.48
0.0009464 0.242 0.44
0.0009468 0.232 0.44
0.0009472 0.24 0.44
0.0009476 0.236 0.48
0.000948 0.24 0.48
0.0009484 0.238 0.44
0.0009488 0.238 0.48
0.0009492 0.236 0.48
0.0009496 0.238 0.44
0.00095 0.236 0.48
0.0009504 0.238 0.44
0.0009508 0.238 0.48
0.0009512 0.238 0.44
0.0009516 0.24 0.44
0.000952 0.238 0.44
0.0009524 0.238 0.44
0.0009528 0.238 0.44
0.0009532 0.238 0.48
0.0009536 0.234 0.44
0.000954 0.238 0.48
0.0009544 0.24 0.48
0.0009548 0.236 0.44
0.0009552 0.238 0.44
0.0009556 0.238 0.44
0.000956 0.24 0.48
0.0009564 0.238 0.44
0.0009568 0.238 0.44
0.0009572 0.238 0.48
0.0009576 0.238 0.44
0.000958 0.24 0.52
0.0009584 0.238 0.44
0.0009588 0.238 0.44
0.0009592 0.236 0.48
0.0009596 0.238 0.48
0.00096 0.24 0.48
0.0009604 0.24 0.48
0.0009608 0.238 0.44
0.0009612 0.238 0.48
0.0009616 0.238 0.44
0.000962 0.238 0.48
0.0009624 0.238 0.48
0.0009628 0.232 0.44
0.0009632 0.236 0.48
0.0009636 0.234 0.44
0.000964 0.24 0.48
0.0009644 0.238 0.48
0.0009648 0.238 0.48
0.0009652 0.24 0.44
0.0009656 0.24 0.44
0.000966 0.236 0.44
0.0009664 0.24 0.48
0.0009668 0.24 0.48
0.0009672 0.238 0.48
0.0009676 0.238 0.48
0.000968 0.238 0.44
0.0009684 0.24 0.48
0.0009688 0.236 0.44
0.0009692 0.238 0.48
0.0009696 0.238 0.44
0.00097 0.238 0.44
0.0009704 0.238 0.44
0.0009708 0.24 0.44
0.0009712 0.24 0.48
0.0009716 0.24 0.44
0.000972 0.238 0.48
0.0009724 0.236 0.44
0.0009728 0.238 0.48
0.0009732 0.238 0.48
0.0009736 0.238 0.48
0.000974 0.24 0.48
0.0009744 0.24 0.48
0.0009748 0.238 0.44
0.0009752 0.24 0.48
0.0009756 0.238 0.44
0.000976 0.238 0.44
0.0009764 0.24 0.48
0.0009768 0.198 0.48
0.0009772 0.24 0.48
0.0009776 0.246 0.48
0.000978 0.25 0.44
0.0009784 0.246 0.48
0.0009788 0.248 0.44
0.0009792 0.248 0.48
0.0009796 0.246 0.48
0.00098 0.25 0.44
0.0009804 0.25 0.48
0.0009808 0.25 0.44
0.0009812 0.248 0.44
0.0009816 0.25 0.48
0.000982 0.246 0.44
0.0009824 0.248 0.44
0.0009828 0.248 0.44
0.0009832 0.246 0.48
0.0009836 0.25 0.48
0.000984 0.25 0.44
0.0009844 0.248 0.44
0.0009848 0.248 0.44
0.0009852 0.248 0.48
0.0009856 0.25 0.48
0.000986 0.248 0.44
0.0009864 0.248 0.48
0.0009868 0.248 0.48
0.0009872 0.248 0.48
0.0009876 0.248 0.48
0.000988 0.248 0.44
0.0009884 0.248 0.44
0.0009888 0.25 0.44
0.0009892 0.25 0.48
0.0009896 0.248 0.48
0.00099 0.25 0.44
0.0009904 0.248 0.44
0.0009908 0.246 0.48
0.0009912 0.248 0.44
0.0009916 0.248 0.44
0.000992 0.25 0.44
0.0009924 0.248 0.44
0.0009928 0.248 0.48
0.0009932 0.248 0.44
0.0009936 0.248 0.48
0.000994 0.248 0.48
0.0009944 0.248 0.44
0.0009948 0.25 0.48
0.0009952 0.25 0.44
0.0009956 0.242 0.48
0.000996 0.252 0.48
0.0009964 0.248 0.44
0.0009968 0.248 0.48
0.0009972 0.248 0.44
0.0009976 0.25 0.44
0.000998 0.248 0.48
0.0009984 0.248 0.44
0.0009988 0.248 0.44
0.0009992 0.248 0.44
0.0009996 0.25 0.48
0.001 0.248 0.48
0.0010004 0.248 0.48
0.0010008 0.246 0.48
0.0010012 0.25 0.48
0.0010016 0.25 0.48
0.001002 0.25 0.48
0.0010024 0.248 0.44
0.0010028 0.25 0.48
0.0010032 0.25 0.44
0.0010036 0.25 0.44
0.001004 0.248 0.48
0.0010044 0.248 0.44
0.0010048 0.248 0.44
0.0010052 0.248 0.48
0.0010056 0.246 0.44
0.001006 0.25 0.52
0.0010064 0.248 0.44
0.0010068 0.25 0.48
0.0010072 0.25 0.48
0.0010076 0.252 0.44
0.001008 0.252 0.48
0.0010084 0.258 0.44
0.0010088 0.258 0.44
0.0010092 0.26 0.48
0.0010096 0.258 0.44
0.00101 0.258 0.44
0.0010104 0.26 0.48
0.0010108 0.26 0.48
0.0010112 0.258 0.48
0.0010116 0.258 0.48
0.001012 0.258 0.44
0.0010124 0.256 0.44
0.0010128 0.258 0.48
0.0010132 0.258 0.48
0.0010136 0.258 0.44
0.001014 0.258 0.44
0.0010144 0.26 0.44
0.0010148 0.258 0.44
0.0010152 0.258 0.44
0.0010156 0.262 0.48
0.001016 0.258 0.48
0.0010164 0.26 0.48
0.0010168 0.26 0.44
0.0010172 0.26 0.48
0.0010176 0.258 0.44
0.001018 0.258 0.44
0.0010184 0.258 0.48
0.0010188 0.258 0.48
0.0010192 0.256 0.48
0.0010196 0.258 0.48
0.00102 0.258 0.44
0.0010204 0.26 0.48
0.0010208 0.258 0.44
0.0010212 0.26 0.48
0.0010216 0.258 0.48
0.001022 0.258 0.44
0.0010224 0.258 0.48
0.0010228 0.26 0.44
0.0010232 0.258 0.48
0.0010236 0.256 0.44
0.001024 0.254 0.44
0.0010244 0.258 0.48
0.0010248 0.258 0.44
0.0010252 0.256 0.44
0.0010256 0.262 0.44
0.001026 0.26 0.44
0.0010264 0.258 0.48
0.0010268 0.258 0.48
0.0010272 0.262 0.48
0.0010276 0.26 0.48
0.001028 0.26 0.44
0.0010284 0.258 0.48
0.0010288 0.258 0.48
0.0010292 0.258 0.44
0.0010296 0.26 0.44
0.00103 0.26 0.44
0.0010304 0.256 0.48
0.0010308 0.258 0.48
0.0010312 0.258 0.44
0.0010316 0.258 0.44
0.001032 0.26 0.44
0.0010324 0.26 0.48
0.0010328 0.258 0.44
0.0010332 0.26 0.44
0.0010336 0.26 0.48
0.001034 0.258 0.44
0.0010344 0.258 0.44
0.0010348 0.26 0.44
0.0010352 0.258 0.44
0.0010356 0.258 0.48
0.001036 0.26 0.48
0.0010364 0.26 0.48
0.0010368 0.26 0.48
0.0010372 0.26 0.44
0.0010376 0.258 0.48
0.001038 0.262 0.48
0.0010384 0.262 0.48
0.0010388 0.268 0.44
0.0010392 0.272 0.48
0.0010396 0.268 0.48
0.00104 0.27 0.44
0.0010404 0.266 0.48
0.0010408 0.268 0.48
0.0010412 0.27 0.48
0.0010416 0.27 0.48
0.001042 0.268 0.48
0.0010424 0.268 0.48
0.0010428 0.27 0.52
0.0010432 0.268 0.48
0.0010436 0.268 0.44
0.001044 0.268 0.44
0.0010444 0.268 0.44
0.0010448 0.268 0.52
0.0010452 0.268 0.44
0.0010456 0.268 0.48
0.001046 0.27 0.48
0.0010464 0.268 0.48
0.0010468 0.27 0.44
0.0010472 0.268 0.44
0.0010476 0.27 0.44
0.001048 0.268 0.44
0.0010484 0.27 0.48
0.0010488 0.27 0.48
0.0010492 0.27 0.44
0.0010496 0.268 0.44
0.00105 0.268 0.48
0.0010504 0.27 0.44
0.0010508 0.268 0.44
0.0010512 0.268 0.44
0.0010516 0.268 0.48
0.001052 0.268 0.48
0.0010524 0.268 0.44
0.0010528 0.27 0.48
0.0010532 0.27 0.44
0.0010536 0.27 0.48
0.001054 0.27 0.48
0.0010544 0.268 0.44
0.0010548 0.268 0.48
0.0010552 0.268 0.48
0.0010556 0.268 0.48
0.001056 0.27 0.48
0.0010564 0.27 0.44
0.0010568 0.27 0.44
0.0010572 0.272 0.48
0.0010576 0.268 0.44
0.001058 0.27 0.48
0.0010584 0.268 0.44
0.0010588 0.27 0.48
0.0010592 0.27 0.44
0.0010596 0.27 0.44
0.00106 0.27 0.48
0.0010604 0.268 0.44
0.0010608 0.27 0.44
0.0010612 0.27 0.44
0.0010616 0.268 0.48
0.001062 0.27 0.48
0.0010624 0.268 0.44
0.0010628 0.27 0.44
0.0010632 0.268 0.48
0.0010636 0.27 0.44
0.001064 0.27 0.44
0.0010644 0.27 0.44
0.0010648 0.27 0.44
0.0010652 0.27 0.44
0.0010656 0.27 0.44
0.001066 0.27 0.48
0.0010664 0.27 0.48
0.0010668 0.27 0.44
0.0010672 0.27 0.48
0.0010676 0.27 0.44
0.001068 0.268 0.48
0.0010684 0.206 0.44
0.0010688 0.274 0.48
0.0010692 0.28 0.48
0.0010696 0.278 0.44
0.00107 0.28 0.48
0.0010704 0.28 0.44
0.0010708 0.278 0.44
0.0010712 0.28 0.48
0.0010716 0.28 0.44
0.001072 0.28 0.48
0.0010724 0.28 0.48
0.0010728 0.278 0.44
0.0010732 0.28 0.48
0.0010736 0.278 0.44
0.001074 0.278 0.48
0.0010744 0.28 0.48
0.0010748 0.278 0.44
0.0010752 0.278 0.44
0.0010756 0.28 0.48
0.001076 0.28 0.44
0.0010764 0.28 0.48
0.0010768 0.278 0.44
0.0010772 0.28 0.48
0.0010776 0.28 0.44
0.001078 0.28 0.48
0.0010784 0.278 0.48
0.0010788 0.28 0.48
0.0010792 0.278 0.48
0.0010796 0.28 0.44
0.00108 0.28 0.4
0.0010804 0.28 0.48
0.0010808 0.278 0.44
0.0010812 0.282 0.48
0.0010816 0.28 0.44
0.001082 0.278 0.44
0.0010824 0.278 0.48
0.0010828 0.274 0.44
0.0010832 0.28 0.44
0.0010836 0.28 0.48
0.001084 0.278 0.44
0.0010844 0.278 0.52
0.0010848 0.314 0.44
0.0010852 0.28 0.48
0.0010856 0.28 0.44
0.001086 0.278 0.48
0.0010864 0.28 0.48
0.0010868 0.284 0.44
0.0010872 0.278 0.48
0.0010876 0.278 0.44
0.001088 0.278 0.44
0.0010884 0.28 0.44
0.0010888 0.278 0.48
0.0010892 0.28 0.48
0.0010896 0.28 0.48
0.00109 0.278 0.44
0.0010904 0.278 0.48
0.0010908 0.28 0.44
0.0010912 0.28 0.44
0.0010916 0.28 0.48
0.001092 0.28 0.44
0.0010924 0.28 0.44
0.0010928 0.278 0.44
0.0010932 0.278 0.44
0.0010936 0.278 0.48
0.001094 0.278 0.44
0.0010944 0.276 0.44
0.0010948 0.28 0.48
0.0010952 0.278 0.44
0.0010956 0.278 0.48
0.001096 0.28 0.48
0.0010964 0.28 0.48
0.0010968 0.282 0.48
0.0010972 0.28 0.44
0.0010976 0.28 0.48
0.001098 0.28 0.48
0.0010984 0.278 0.44
0.0010988 0.28 0.48
0.0010992 0.282 0.44
0.0010996 0.286 0.48
0.0011 0.29 0.48
0.0011004 0.29 0.48
0.0011008 0.29 0.48
0.0011012 0.29 0.44
0.0011016 0.288 0.48
0.001102 0.29 0.48
0.0011024 0.288 0.44
0.0011028 0.288 0.48
0.0011032 0.288 0.44
0.0011036 0.29 0.44
0.001104 0.286 0.48
0.0011044 0.29 0.44
0.0011048 0.288 0.44
0.0011052 0.288 0.48
0.0011056 0.29 0.48
0.001106 0.288 0.48
0.0011064 0.288 0.44
0.0011068 0.288 0.48
0.0011072 0.29 0.44
0.0011076 0.288 0.48
0.001108 0.29 0.48
0.0011084 0.29 0.44
0.0011088 0.288 0.48
0.0011092 0.29 0.44
0.0011096 0.288 0.44
0.00111 0.29 0.48
0.0011104 0.29 0.44
0.0011108 0.29 0.48
0.0011112 0.29 0.48
0.0011116 0.29 0.44
0.001112 0.29 0.48
0.0011124 0.29 0.48
0.0011128 0.29 0.48
0.0011132 0.29 0.48
0.0011136 0.29 0.48
0.001114 0.29 0.48
0.0011144 0.29 0.44
0.0011148 0.288 0.48
0.0011152 0.288 0.48
0.0011156 0.286 0.48
0.001116 0.29 0.48
0.0011164 0.29 0.48
0.0011168 0.288 0.48
0.0011172 0.29 0.44
0.0011176 0.29 0.44
0.001118 0.288 0.44
0.0011184 0.29 0.48
0.0011188 0.288 0.48
0.0011192 0.29 0.48
0.0011196 0.288 0.48
0.00112 0.288 0.48
0.0011204 0.29 0.48
0.0011208 0.288 0.48
0.0011212 0.29 0.48
0.0011216 0.288 0.48
0.001122 0.29 0.44
0.0011224 0.29 0.44
0.0011228 0.288 0.44
0.0011232 0.29 0.48
0.0011236 0.29 0.44
0.001124 0.29 0.48
0.0011244 0.29 0.48
0.0011248 0.29 0.44
0.0011252 0.29 0.48
0.0011256 0.29 0.44
0.001126 0.29 0.44
0.0011264 0.288 0.48
0.0011268 0.29 0.44
0.0011272 0.288 0.48
0.0011276 0.29 0.48
0.001128 0.29 0.48
0.0011284 0.288 0.48
0.0011288 0.29 0.4
0.0011292 0.29 0.48
0.0011296 0.298 0.48
0.00113 0.29 0.48
0.0011304 0.3 0.44
0.0011308 0.3 0.44
0.0011312 0.3 0.48
0.0011316 0.3 0.48
0.001132 0.302 0.44
0.0011324 0.298 0.48
0.0011328 0.3 0.48
0.0011332 0.296 0.48
0.0011336 0.298 0.48
0.001134 0.3 0.44
0.0011344 0.3 0.48
0.0011348 0.3 0.44
0.0011352 0.302 0.48
0.0011356 0.298 0.44
0.001136 0.298 0.44
0.0011364 0.3 0.48
0.0011368 0.298 0.44
0.0011372 0.3 0.44
0.0011376 0.302 0.48
0.001138 0.3 0.48
0.0011384 0.3 0.44
0.0011388 0.3 0.48
0.0011392 0.3 0.48
0.0011396 0.3 0.48
0.00114 0.298 0.48
0.0011404 0.3 0.48
0.0011408 0.3 0.44
0.0011412 0.302 0.48
0.0011416 0.3 0.48
0.001142 0.3 0.48
0.0011424 0.3 0.48
0.0011428 0.3 0.48
0.0011432 0.298 0.44
0.0011436 0.3 0.48
0.001144 0.3 0.44
0.0011444 0.3 0.48
0.0011448 0.302 0.48
0.0011452 0.3 0.44
0.0011456 0.3 0.44
0.001146 0.296 0.44
0.0011464 0.3 0.44
0.0011468 0.298 0.44
0.0011472 0.3 0.44
0.0011476 0.298 0.48
0.001148 0.3 0.48
0.0011484 0.3 0.48
0.0011488 0.302 0.48
0.0011492 0.3 0.44
0.0011496 0.302 0.48
0.00115 0.296 0.44
0.0011504 0.3 0.48
0.0011508 0.3 0.48
0.0011512 0.304 0.44
0.0011516 0.3 0.44
0.001152 0.298 0.48
0.0011524 0.302 0.44
0.0011528 0.3 0.48
0.0011532 0.298 0.44
0.0011536 0.298 0.48
0.001154 0.302 0.44
0.0011544 0.3 0.4
0.0011548 0.3 0.48
0.0011552 0.3 0.48
0.0011556 0.3 0.44
0.001156 0.302 0.48
0.0011564 0.3 0.44
0.0011568 0.302 0.48
0.0011572 0.302 0.44
0.0011576 0.3 0.48
0.001158 0.3 0.48
0.0011584 0.3 0.44
0.0011588 0.3 0.48
0.0011592 0.3 0.44
0.0011596 0.298 0.48
0.00116 0.302 0.48
0.0011604 0.3 0.48
0.0011608 0.308 0.48
0.0011612 0.31 0.44
0.0011616 0.31 0.48
0.001162 0.31 0.48
0.0011624 0.31 0.44
0.0011628 0.312 0.48
0.0011632 0.312 0.48
0.0011636 0.31 0.44
0.001164 0.31 0.48
0.0011644 0.31 0.44
0.0011648 0.31 0.44
0.0011652 0.306 0.44
0.0011656 0.31 0.44
0.001166 0.31 0.48
0.0011664 0.31 0.48
0.0011668 0.31 0.48
0.0011672 0.31 0.44
0.0011676 0.31 0.44
0.001168 0.31 0.44
0.0011684 0.312 0.44
0.0011688 0.308 0.44
0.0011692 0.31 0.44
0.0011696 0.31 0.44
0.00117 0.31 0.48
0.0011704 0.312 0.44
0.0011708 0.31 0.44
0.0011712 0.31 0.48
0.0011716 0.308 0.44
0.001172 0.312 0.44
0.0011724 0.31 0.48
0.0011728 0.31 0.44
0.0011732 0.312 0.48
0.0011736 0.31 0.48
0.001174 0.312 0.48
0.0011744 0.31 0.48
0.0011748 0.31 0.44
0.0011752 0.31 0.48
0.0011756 0.31 0.44
0.001176 0.312 0.48
0.0011764 0.328 0.48
0.0011768 0.31 0.48
0.0011772 0.31 0.48
0.0011776 0.31 0.44
0.001178 0.31 0.48
0.0011784 0.31 0.48
0.0011788 0.312 0.44
0.0011792 0.31 0.44
0.0011796 0.312 0.44
0.00118 0.312 0.48
0.0011804 0.31 0.48
0.0011808 0.31 0.44
0.0011812 0.31 0.44
0.0011816 0.31 0.48
0.001182 0.31 0.44
0.0011824 0.31 0.48
0.0011828 0.31 0.44
0.0011832 0.312 0.44
0.0011836 0.31 0.48
0.001184 0.31 0.44
0.0011844 0.31 0.44
0.0011848 0.31 0.44
0.0011852 0.314 0.48
0.0011856 0.31 0.44
0.001186 0.312 0.44
0.0011864 0.312 0.48
0.0011868 0.31 0.44
0.0011872 0.31 0.48
0.0011876 0.31 0.48
0.001188 0.31 0.44
0.0011884 0.31 0.44
0.0011888 0.31 0.44
0.0011892 0.31 0.48
0.0011896 0.312 0.44
0.00119 0.312 0.48
0.0011904 0.31 0.48
0.0011908 0.306 0.48
0.0011912 0.354 0.44
0.0011916 0.32 0.44
0.001192 0.32 0.44
0.0011924 0.322 0.44
0.0011928 0.32 0.48
0.0011932 0.318 0.44
0.0011936 0.318 0.44
0.001194 0.322 0.48
0.0011944 0.32 0.44
0.0011948 0.32 0.44
0.0011952 0.32 0.48
0.0011956 0.322 0.48
0.001196 0.322 0.44
0.0011964 0.32 0.44
0.0011968 0.32 0.44
0.0011972 0.318 0.4
0.0011976 0.322 0.48
0.001198 0.314 0.4
0.0011984 0.318 0.44
0.0011988 0.322 0.48
0.0011992 0.322 0.44
0.0011996 0.322 0.48
0.0012 0.32 0.44
0.0012004 0.322 0.44
0.0012008 0.32 0.44
0.0012012 0.318 0.44
0.0012016 0.322 0.48
0.001202 0.322 0.44
0.0012024 0.32 0.44
0.0012028 0.32 0.48
0.0012032 0.32 0.44
0.0012036 0.32 0.44
0.001204 0.318 0.48
0.0012044 0.32 0.48
0.0012048 0.318 0.48
0.0012052 0.318 0.44
0.0012056 0.32 0.48
0.001206 0.322 0.48
0.0012064 0.32 0.44
0.0012068 0.32 0.44
0.0012072 0.318 0.48
0.0012076 0.32 0.44
0.001208 0.32 0.48
0.0012084 0.32 0.44
0.0012088 0.32 0.48
0.0012092 0.32 0.44
0.0012096 0.32 0.48
0.00121 0.32 0.48
0.0012104 0.32 0.44
0.0012108 0.32 0.48
0.0012112 0.32 0.44
0.0012116 0.32 0.48
0.001212 0.32 0.44
0.0012124 0.322 0.44
0.0012128 0.318 0.44
0.0012132 0.318 0.48
0.0012136 0.322 0.48
0.001214 0.32 0.48
0.0012144 0.322 0.44
0.0012148 0.32 0.44
0.0012152 0.318 0.44
0.0012156 0.32 0.44
0.001216 0.32 0.48
0.0012164 0.32 0.44
0.0012168 0.318 0.48
0.0012172 0.32 0.48
0.0012176 0.32 0.44
0.001218 0.32 0.48
0.0012184 0.322 0.48
0.0012188 0.32 0.48
0.0012192 0.322 0.48
0.0012196 0.32 0.48
0.00122 0.32 0.48
0.0012204 0.32 0.48
0.0012208 0.318 0.44
0.0012212 0.322 0.48
0.0012216 0.322 0.48
0.001222 0.328 0.48
0.0012224 0.33 0.44
0.0012228 0.328 0.44
0.0012232 0.332 0.52
0.0012236 0.33 0.48
0.001224 0.33 0.48
0.0012244 0.328 0.48
0.0012248 0.326 0.44
0.0012252 0.332 0.48
0.0012256 0.328 0.48
0.001226 0.33 0.48
0.0012264 0.33 0.44
0.0012268 0.33 0.44
0.0012272 0.33 0.48
0.0012276 0.328 0.44
0.001228 0.33 0.44
0.0012284 0.33 0.44
0.0012288 0.33 0.48
0.0012292 0.33 0.48
0.0012296 0.328 0.4
0.00123 0.33 0.44
0.0012304 0.33 0.48
0.0012308 0.328 0.44
0.0012312 0.328 0.48
0.0012316 0.332 0.44
0.001232 0.33 0.44
0.0012324 0.33 0.48
0.0012328 0.33 0.44
0.0012332 0.33 0.48
0.0012336 0.33 0.48
0.001234 0.33 0.48
0.0012344 0.33 0.48
0.0012348 0.328 0.44
0.0012352 0.334 0.48
0.0012356 0.33 0.44
0.001236 0.33 0.48
0.0012364 0.33 0.48
0.0012368 0.328 0.44
0.0012372 0.33 0.48
0.0012376 0.326 0.44
0.001238 0.33 0.44
0.0012384 0.33 0.48
0.0012388 0.328 0.48
0.0012392 0.332 0.48
0.0012396 0.33 0.48
0.00124 0.33 0.44
0.0012404 0.33 0.44
0.0012408 0.33 0.48
0.0012412 0.33 0.48
0.0012416 0.33 0.48
0.001242 0.332 0.44
0.0012424 0.33 0.48
0.0012428 0.33 0.44
0.0012432 0.33 0.44
0.0012436 0.328 0.44
0.001244 0.33 0.44
0.0012444 0.328 0.48
0.0012448 0.33 0.44
0.0012452 0.33 0.44
0.0012456 0.332 0.48
0.001246 0.33 0.44
0.0012464 0.33 0.44
0.0012468 0.33 0.44
0.0012472 0.33 0.44
0.0012476 0.332 0.48
0.001248 0.33 0.48
0.0012484 0.33 0.48
0.0012488 0.33 0.44
0.0012492 0.33 0.44
0.0012496 0.33 0.48
0.00125 0.33 0.44
0.0012504 0.33 0.48
0.0012508 0.33 0.44
0.0012512 0.332 0.48
0.0012516 0.332 0.48
0.001252 0.33 0.44
0.0012524 0.34 0.44
0.0012528 0.34 0.48
0.0012532 0.342 0.48
0.0012536 0.34 0.44
0.001254 0.342 0.44
0.0012544 0.34 0.44
0.0012548 0.342 0.48
0.0012552 0.342 0.44
0.0012556 0.342 0.44
0.001256 0.342 0.44
0.0012564 0.342 0.44
0.0012568 0.342 0.48
0.0012572 0.342 0.44
0.0012576 0.34 0.44
0.001258 0.34 0.44
0.0012584 0.34 0.44
0.0012588 0.342 0.48
0.0012592 0.34 0.44
0.0012596 0.342 0.48
0.00126 0.34 0.48
0.0012604 0.34 0.44
0.0012608 0.342 0.48
0.0012612 0.34 0.48
0.0012616 0.342 0.44
0.001262 0.342 0.48
0.0012624 0.338 0.44
0.0012628 0.342 0.48
0.0012632 0.34 0.44
0.0012636 0.342 0.48
0.001264 0.338 0.48
0.0012644 0.34 0.44
0.0012648 0.34 0.48
0.0012652 0.342 0.44
0.0012656 0.34 0.48
0.001266 0.34 0.44
0.0012664 0.34 0.44
0.0012668 0.338 0.48
0.0012672 0.34 0.48
0.0012676 0.342 0.48
0.001268 0.34 0.52
0.0012684 0.34 0.48
0.0012688 0.342 0.44
0.0012692 0.342 0.48
0.0012696 0.34 0.4
0.00127 0.338 0.48
0.0012704 0.34 0.44
0.0012708 0.34 0.48
0.0012712 0.342 0.48
0.0012716 0.342 0.44
0.001272 0.342 0.48
0.0012724 0.34 0.48
0.0012728 0.342 0.48
0.0012732 0.34 0.48
0.0012736 0.34 0.44
0.001274 0.342 0.48
0.0012744 0.34 0.44
0.0012748 0.34 0.44
0.0012752 0.342 0.48
0.0012756 0.34 0.44
0.001276 0.34 0.48
0.0012764 0.34 0.48
0.0012768 0.342 0.48
0.0012772 0.342 0.48
0.0012776 0.34 0.48
0.001278 0.342 0.48
0.0012784 0.34 0.48
0.0012788 0.342 0.44
0.0012792 0.34 0.48
0.0012796 0.342 0.44
0.00128 0.342 0.44
0.0012804 0.342 0.44
0.0012808 0.342 0.48
0.0012812 0.342 0.48
0.0012816 0.34 0.44
0.001282 0.338 0.48
0.0012824 0.342 0.48
0.0012828 0.346 0.48
0.0012832 0.35 0.48
0.0012836 0.35 0.44
0.001284 0.35 0.48
0.0012844 0.352 0.48
0.0012848 0.35 0.44
0.0012852 0.35 0.48
0.0012856 0.35 0.44
0.001286 0.35 0.44
0.0012864 0.352 0.48
0.0012868 0.35 0.44
0.0012872 0.352 0.48
0.0012876 0.352 0.44
0.001288 0.352 0.44
0.0012884 0.35 0.44
0.0012888 0.35 0.44
0.0012892 0.352 0.44
0.0012896 0.35 0.44
0.00129 0.35 0.44
0.0012904 0.352 0.48
0.0012908 0.35 0.48
0.0012912 0.35 0.44
0.0012916 0.352 0.48
0.001292 0.35 0.44
0.0012924 0.35 0.44
0.0012928 0.348 0.44
0.0012932 0.35 0.48
0.0012936 0.35 0.44
0.001294 0.35 0.44
0.0012944 0.35 0.48
0.0012948 0.356 0.48
0.0012952 0.35 0.48
0.0012956 0.352 0.48
0.001296 0.35 0.48
0.0012964 0.35 0.48
0.0012968 0.352 0.44
0.0012972 0.35 0.48
0.0012976 0.354 0.48
0.001298 0.346 0.44
0.0012984 0.352 0.48
0.0012988 0.348 0.48
0.0012992 0.35 0.44
0.0012996 0.35 0.48
0.0013 0.35 0.44
0.0013004 0.352 0.48
0.0013008 0.354 0.44
0.0013012 0.352 0.44
0.0013016 0.352 0.48
0.001302 0.35 0.44
0.0013024 0.352 0.48
0.0013028 0.35 0.44
0.0013032 0.352 0.44
0.0013036 0.35 0.48
0.001304 0.35 0.44
0.0013044 0.35 0.44
0.0013048 0.354 0.44
0.0013052 0.354 0.48
0.0013056 0.35 0.48
0.001306 0.352 0.48
0.0013064 0.35 0.44
0.0013068 0.35 0.48
0.0013072 0.35 0.44
0.0013076 0.35 0.48
0.001308 0.352 0.48
0.0013084 0.35 0.44
0.0013088 0.352 0.48
0.0013092 0.35 0.44
0.0013096 0.35 0.48
0.00131 0.35 0.48
0.0013104 0.35 0.48
0.0013108 0.352 0.48
0.0013112 0.35 0.44
0.0013116 0.35 0.48
0.001312 0.352 0.48
0.0013124 0.35 0.48
0.0013128 0.366 0.44
0.0013132 0.356 0.48
0.0013136 0.362 0.48
0.001314 0.358 0.48
0.0013144 0.36 0.44
0.0013148 0.362 0.48
0.0013152 0.36 0.48
0.0013156 0.36 0.48
0.001316 0.36 0.48
0.0013164 0.362 0.44
0.0013168 0.36 0.44
0.0013172 0.362 0.48
0.0013176 0.36 0.48
0.001318 0.358 0.44
0.0013184 0.36 0.44
0.0013188 0.36 0.48
0.0013192 0.364 0.48
0.0013196 0.358 0.44
0.00132 0.36 0.48
0.0013204 0.36 0.44
0.0013208 0.362 0.44
0.0013212 0.36 0.44
0.0013216 0.36 0.44
0.001322 0.362 0.48
0.0013224 0.36 0.48
0.0013228 0.36 0.48
0.0013232 0.36 0.48
0.0013236 0.362 0.48
0.001324 0.362 0.52
0.0013244 0.36 0.48
0.0013248 0.358 0.48
0.0013252 0.362 0.48
0.0013256 0.362 0.44
0.001326 0.36 0.48
0.0013264 0.36 0.48
0.0013268 0.36 0.48
0.0013272 0.36 0.44
0.0013276 0.36 0.44
0.001328 0.362 0.48
0.0013284 0.36 0.48
0.0013288 0.36 0.44
0.0013292 0.354 0.44
0.0013296 0.362 0.48
0.00133 0.358 0.44
0.0013304 0.36 0.48
0.0013308 0.362 0.44
0.0013312 0.364 0.48
0.0013316 0.36 0.48
0.001332 0.36 0.44
0.0013324 0.36 0.44
0.0013328 0.364 0.44
0.0013332 0.358 0.48
0.0013336 0.362 0.44
0.001334 0.36 0.48
0.0013344 0.362 0.48
0.0013348 0.358 0.44
0.0013352 0.362 0.48
0.0013356 0.36 0.44
0.001336 0.36 0.44
0.0013364 0.358 0.48
0.0013368 0.36 0.48
0.0013372 0.362 0.48
0.0013376 0.36 0.44
0.001338 0.362 0.48
0.0013384 0.358 0.48
0.0013388 0.36 0.44
0.0013392 0.36 0.48
0.0013396 0.36 0.44
0.00134 0.36 0.48
0.0013404 0.36 0.48
0.0013408 0.362 0.44
0.0013412 0.36 0.48
0.0013416 0.362 0.48
0.001342 0.364 0.48
0.0013424 0.36 0.48
0.0013428 0.364 0.48
0.0013432 0.364 0.48
0.0013436 0.362 0.48
0.001344 0.37 0.44
0.0013444 0.37 0.48
0.0013448 0.374 0.48
0.0013452 0.37 0.44
0.0013456 0.372 0.48
0.001346 0.37 0.44
0.0013464 0.372 0.48
0.0013468 0.37 0.48
0.0013472 0.37 0.48
0.0013476 0.372 0.44
0.001348 0.37 0.44
0.0013484 0.37 0.48
0.0013488 0.37 0.44
0.0013492 0.37 0.48
0.0013496 0.37 0.48
0.00135 0.37 0.44
0.0013504 0.372 0.44
0.0013508 0.37 0.44
0.0013512 0.372 0.44
0.0013516 0.37 0.44
0.001352 0.37 0.44
0.0013524 0.37 0.44
0.0013528 0.368 0.44
0.0013532 0.37 0.44
0.0013536 0.372 0.48
0.001354 0.37 0.44
0.0013544 0.37 0.48
0.0013548 0.372 0.48
0.0013552 0.37 0.44
0.0013556 0.37 0.48
0.001356 0.37 0.48
0.0013564 0.37 0.44
0.0013568 0.372 0.48
0.0013572 0.374 0.48
0.0013576 0.37 0.44
0.001358 0.372 0.44
0.0013584 0.37 0.44
0.0013588 0.37 0.48
0.0013592 0.37 0.44
0.0013596 0.366 0.44
0.00136 0.374 0.44
0.0013604 0.37 0.48
0.0013608 0.374 0.48
0.0013612 0.372 0.44
0.0013616 0.372 0.48
0.001362 0.372 0.44
0.0013624 0.372 0.48
0.0013628 0.37 0.48
0.0013632 0.372 0.44
0.0013636 0.372 0.44
0.001364 0.372 0.44
0.0013644 0.37 0.44
0.0013648 0.368 0.48
0.0013652 0.37 0.44
0.0013656 0.372 0.44
0.001366 0.37 0.48
0.0013664 0.372 0.48
0.0013668 0.37 0.48
0.0013672 0.372 0.48
0.0013676 0.37 0.48
0.001368 0.37 0.48
0.0013684 0.374 0.48
0.0013688 0.37 0.48
0.0013692 0.37 0.48
0.0013696 0.37 0.44
0.00137 0.37 0.48
0.0013704 0.37 0.4
0.0013708 0.372 0.48
0.0013712 0.37 0.48
0.0013716 0.37 0.48
0.001372 0.37 0.44
0.0013724 0.37 0.44
0.0013728 0.37 0.48
0.0013732 0.374 0.48
0.0013736 0.322 0.44
0.001374 0.374 0.48
0.0013744 0.376 0.44
0.0013748 0.376 0.44
0.0013752 0.376 0.48
0.0013756 0.376 0.44
0.001376 0.376 0.48
0.0013764 0.376 0.44
0.0013768 0.376 0.48
0.0013772 0.376 0.48
0.0013776 0.376 0.44
0.001378 0.376 0.48
0.0013784 0.376 0.44
0.0013788 0.374 0.48
0.0013792 0.376 0.44
0.0013796 0.376 0.48
0.00138 0.376 0.48
0.0013804 0.376 0.44
0.0013808 0.376 0.44
0.0013812 0.376 0.44
0.0013816 0.376 0.44
0.001382 0.376 0.48
0.0013824 0.376 0.44
0.0013828 0.376 0.44
0.0013832 0.376 0.48
0.0013836 0.376 0.44
0.001384 0.376 0.48
0.0013844 0.376 0.48
0.0013848 0.376 0.44
0.0013852 0.376 0.48
0.0013856 0.376 0.44
0.001386 0.376 0.48
0.0013864 0.376 0.44
0.0013868 0.376 0.44
0.0013872 0.376 0.48
0.0013876 0.376 0.44
0.001388 0.376 0.44
0.0013884 0.376 0.48
0.0013888 0.376 0.44
0.0013892 0.376 0.44
0.0013896 0.376 0.44
0.00139 0.376 0.48
0.0013904 0.376 0.48
0.0013908 0.376 0.48
0.0013912 0.376 0.48
0.0013916 0.376 0.44
0.001392 0.376 0.48
0.0013924 0.376 0.48
0.0013928 0.376 0.44
0.0013932 0.376 0.44
0.0013936 0.376 0.44
0.001394 0.376 0.44
0.0013944 0.376 0.48
0.0013948 0.376 0.44
0.0013952 0.376 0.48
0.0013956 0.376 0.44
0.001396 0.376 0.48
0.0013964 0.376 0.44
0.0013968 0.376 0.44
0.0013972 0.376 0.48
0.0013976 0.376 0.44
0.001398 0.376 0.48
0.0013984 0.376 0.48
0.0013988 0.376 0.44
0.0013992 0.376 0.44
0.0013996 0.376 0.48
0.0014 0.376 0.44
0.0014004 0.376 0.48
0.0014008 0.376 0.44
0.0014012 0.376 0.48
0.0014016 0.376 0.48
0.001402 0.376 0.44
0.0014024 0.376 0.48
0.0014028 0.376 0.48
0.0014032 0.376 0.48
0.0014036 0.376 0.48
0.001404 0.376 0.48
0.0014044 0.376 0.44
0.0014048 0.376 0.48
0.0014052 0.376 0.48
0.0014056 0.376 0.48
0.001406 0.376 0.48
0.0014064 0.376 0.44
0.0014068 0.376 0.44
0.0014072 0.376 0.44
0.0014076 0.376 0.48
0.001408 0.376 0.4
0.0014084 0.376 0.48
0.0014088 0.376 0.48
0.0014092 0.376 0.44
0.0014096 0.376 0.48
0.00141 0.376 0.44
0.0014104 0.376 0.48
0.0014108 0.376 0.44
0.0014112 0.376 0.48
0.0014116 0.376 0.48
0.001412 0.376 0.44
0.0014124 0.376 0.44
0.0014128 0.376 0.48
0.0014132 0.376 0.44
0.0014136 0.376 0.48
0.001414 0.376 0.44
0.0014144 0.376 0.44
0.0014148 0.376 0.52
0.0014152 0.376 0.44
0.0014156 0.376 0.44
0.001416 0.376 0.48
0.0014164 0.376 0.44
0.0014168 0.376 0.48
0.0014172 0.376 0.48
0.0014176 0.376 0.44
0.001418 0.376 0.44
0.0014184 0.376 0.44
0.0014188 0.376 0.48
0.0014192 0.376 0.44
0.0014196 0.376 0.48
0.00142 0.376 0.48
0.0014204 0.376 0.48
0.0014208 0.376 0.48
0.0014212 0.376 0.48
0.0014216 0.376 0.44
0.001422 0.376 0.48
0.0014224 0.376 0.44
0.0014228 0.376 0.48
0.0014232 0.376 0.44
0.0014236 0.376 0.48
0.001424 0.376 0.44
0.0014244 0.376 0.4
0.0014248 0.376 0.48
0.0014252 0.376 0.48
0.0014256 0.376 0.44
0.001426 0.376 0.48
0.0014264 0.376 0.44
0.0014268 0.376 0.48
0.0014272 0.376 0.44
0.0014276 0.376 0.44
0.001428 0.376 0.48
0.0014284 0.376 0.48
0.0014288 0.376 0.4
0.0014292 0.376 0.44
0.0014296 0.376 0.44
0.00143 0.376 0.44
0.0014304 0.376 0.48
0.0014308 0.376 0.44
0.0014312 0.376 0.44
0.0014316 0.376 0.44
0.001432 0.376 0.48
0.0014324 0.376 0.48
0.0014328 0.376 0.44
0.0014332 0.376 0.48
0.0014336 0.376 0.44
0.001434 0.376 0.48
0.0014344 0.376 0.48
0.0014348 0.376 0.44
0.0014352 0.376 0.48
0.0014356 0.376 0.44
0.001436 0.376 0.48
0.0014364 0.376 0.48
0.0014368 0.376 0.48
0.0014372 0.376 0.48
0.0014376 0.376 0.44
0.001438 0.376 0.44
0.0014384 0.376 0.48
0.0014388 0.376 0.48
0.0014392 0.376 0.48
0.0014396 0.376 0.44
0.00144 0.376 0.44
0.0014404 0.376 0.48
0.0014408 0.376 0.48
0.0014412 0.376 0.48
0.0014416 0.376 0.44
0.001442 0.376 0.44
0.0014424 0.376 0.44
0.0014428 0.376 0.44
0.0014432 0.376 0.48
0.0014436 0.376 0.48
0.001444 0.376 0.44
0.0014444 0.376 0.48
0.0014448 0.376 0.44
0.0014452 0.376 0.48
0.0014456 0.376 0.48
0.001446 0.376 0.44
0.0014464 0.376 0.44
0.0014468 0.376 0.44
0.0014472 0.376 0.48
0.0014476 0.376 0.48
0.001448 0.376 0.48
0.0014484 0.376 0.48
0.0014488 0.376 0.44
0.0014492 0.376 0.48
0.0014496 0.376 0.48
0.00145 0.376 0.44
0.0014504 0.376 0.44
0.0014508 0.376 0.44
0.0014512 0.376 0.48
0.0014516 0.376 0.44
0.001452 0.376 0.48
0.0014524 0.376 0.44
0.0014528 0.376 0.48
0.0014532 0.376 0.48
0.0014536 0.376 0.44
0.001454 0.376 0.44
0.0014544 0.376 0.48
0.0014548 0.376 0.44
0.0014552 0.376 0.48
0.0014556 0.376 0.48
0.001456 0.376 0.48
0.0014564 0.376 0.48
0.0014568 0.376 0.44
0.0014572 0.376 0.44
0.0014576 0.376 0.48
0.001458 0.376 0.44
0.0014584 0.376 0.44
0.0014588 0.376 0.48
0.0014592 0.376 0.44
0.0014596 0.376 0.48
0.00146 0.376 0.44
0.0014604 0.376 0.48
0.0014608 0.376 0.48
0.0014612 0.376 0.44
0.0014616 0.376 0.48
0.001462 0.376 0.48
0.0014624 0.376 0.48
0.0014628 0.376 0.48
0.0014632 0.376 0.48
0.0014636 0.376 0.44
0.001464 0.376 0.44
0.0014644 0.376 0.48
0.0014648 0.376 0.48
0.0014652 0.376 0.48
0.0014656 0.376 0.44
0.001466 0.376 0.44
0.0014664 0.376 0.48
0.0014668 0.376 0.48
0.0014672 0.376 0.44
0.0014676 0.376 0.44
0.001468 0.376 0.48
0.0014684 0.376 0.48
0.0014688 0.376 0.48
0.0014692 0.376 0.44
0.0014696 0.376 0.44
0.00147 0.376 0.44
0.0014704 0.376 0.44
0.0014708 0.376 0.48
0.0014712 0.376 0.44
0.0014716 0.376 0.44
0.001472 0.376 0.48
0.0014724 0.376 0.44
0.0014728 0.376 0.48
0.0014732 0.376 0.48
0.0014736 0.376 0.44
0.001474 0.376 0.48
0.0014744 0.376 0.44
0.0014748 0.376 0.48
0.0014752 0.376 0.48
0.0014756 0.376 0.48
0.001476 0.376 0.48
0.0014764 0.376 0.44
0.0014768 0.376 0.48
0.0014772 0.376 0.48
0.0014776 0.376 0.48
0.001478 0.376 0.48
0.0014784 0.376 0.44
0.0014788 0.376 0.44
0.0014792 0.376 0.48
0.0014796 0.376 0.48
0.00148 0.376 0.44
0.0014804 0.376 0.48
0.0014808 0.376 0.44
0.0014812 0.376 0.48
0.0014816 0.376 0.44
0.001482 0.376 0.48
0.0014824 0.376 0.44
0.0014828 0.376 0.44
0.0014832 0.376 0.44
0.0014836 0.376 0.44
0.001484 0.376 0.48
0.0014844 0.376 0.44
0.0014848 0.376 0.48
0.0014852 0.376 0.44
0.0014856 0.376 0.44
0.001486 0.376 0.48
0.0014864 0.376 0.4
0.0014868 0.376 0.44
0.0014872 0.376 0.48
0.0014876 0.376 0.48
0.001488 0.376 0.48
0.0014884 0.376 0.44
0.0014888 0.376 0.44
0.0014892 0.376 0.44
0.0014896 0.376 0.44
0.00149 0.376 0.48
0.0014904 0.376 0.48
0.0014908 0.376 0.44
0.0014912 0.376 0.48
0.0014916 0.376 0.44
0.001492 0.376 0.48
0.0014924 0.376 0.48
0.0014928 0.376 0.48
0.0014932 0.376 0.48
0.0014936 0.376 0.44
0.001494 0.376 0.44
0.0014944 0.376 0.48
0.0014948 0.376 0.48
0.0014952 0.376 0.44
0.0014956 0.376 0.44
0.001496 0.376 0.44
0.0014964 0.376 0.48
0.0014968 0.376 0.44
0.0014972 0.376 0.48
0.0014976 0.376 0.44
0.001498 0.376 0.48
0.0014984 0.376 0.48
0.0014988 0.376 0.44
0.0014992 0.376 0.48
0.0014996 0.376 0.44
0.0015 0.376 0.48
0.0015004 0.376 0.48
0.0015008 0.376 0.44
0.0015012 0.376 0.48
0.0015016 0.376 0.48
0.001502 0.376 0.44
0.0015024 0.376 0.48
0.0015028 0.376 0.44
0.0015032 0.376 0.44
0.0015036 0.376 0.48
0.001504 0.376 0.44
0.0015044 0.376 0.48
0.0015048 0.376 0.48
0.0015052 0.376 0.44
0.0015056 0.376 0.44
0.001506 0.376 0.44
0.0015064 0.376 0.48
0.0015068 0.376 0.48
0.0015072 0.376 0.44
0.0015076 0.376 0.44
0.001508 0.376 0.44
0.0015084 0.376 0.48
0.0015088 0.376 0.44
0.0015092 0.376 0.44
0.0015096 0.376 0.44
0.00151 0.376 0.48
0.0015104 0.376 0.44
0.0015108 0.376 0.48
0.0015112 0.376 0.44
0.0015116 0.376 0.48
0.001512 0.376 0.44
0.0015124 0.376 0.48
0.0015128 0.376 0.48
0.0015132 0.376 0.44
0.0015136 0.376 0.48
0.001514 0.376 0.48
0.0015144 0.376 0.48
0.0015148 0.376 0.44
0.0015152 0.376 0.48
0.0015156 0.376 0.48
0.001516 0.376 0.44
0.0015164 0.376 0.44
0.0015168 0.376 0.44
0.0015172 0.376 0.44
0.0015176 0.376 0.48
0.001518 0.376 0.44
0.0015184 0.376 0.44
0.0015188 0.376 0.48
0.0015192 0.376 0.44
0.0015196 0.376 0.44
0.00152 0.376 0.44
0.0015204 0.376 0.44
0.0015208 0.376 0.48
0.0015212 0.376 0.44
0.0015216 0.376 0.44
0.001522 0.376 0.48
0.0015224 0.376 0.44
0.0015228 0.376 0.48
0.0015232 0.376 0.48
0.0015236 0.376 0.48
0.001524 0.376 0.48
0.0015244 0.376 0.44
0.0015248 0.376 0.48
0.0015252 0.376 0.44
0.0015256 0.376 0.44
0.001526 0.376 0.48
0.0015264 0.376 0.44
0.0015268 0.376 0.48
0.0015272 0.376 0.44
0.0015276 0.376 0.48
0.001528 0.376 0.48
0.0015284 0.376 0.44
0.0015288 0.376 0.44
0.0015292 0.376 0.48
0.0015296 0.376 0.44
0.00153 0.376 0.44
0.0015304 0.376 0.44
0.0015308 0.376 0.44
0.0015312 0.376 0.48
0.0015316 0.376 0.44
0.001532 0.376 0.44
0.0015324 0.376 0.48
0.0015328 0.376 0.44
0.0015332 0.376 0.44
0.0015336 0.376 0.44
0.001534 0.376 0.48
0.0015344 0.376 0.44
0.0015348 0.376 0.48
0.0015352 0.376 0.48
0.0015356 0.376 0.4
0.001536 0.376 0.48
0.0015364 0.376 0.44
0.0015368 0.376 0.48
0.0015372 0.376 0.48
0.0015376 0.376 0.44
0.001538 0.376 0.48
0.0015384 0.376 0.44
0.0015388 0.376 0.44
0.0015392 0.376 0.48
0.0015396 0.376 0.44
0.00154 0.376 0.44
0.0015404 0.376 0.48
0.0015408 0.376 0.44
0.0015412 0.376 0.44
0.0015416 0.376 0.48
0.001542 0.376 0.48
0.0015424 0.376 0.44
0.0015428 0.376 0.48
0.0015432 0.376 0.48
0.0015436 0.376 0.44
0.001544 0.376 0.48
0.0015444 0.376 0.44
0.0015448 0.376 0.44
0.0015452 0.376 0.48
0.0015456 0.376 0.44
0.001546 0.376 0.44
0.0015464 0.376 0.48
0.0015468 0.376 0.44
0.0015472 0.376 0.44
0.0015476 0.376 0.44
0.001548 0.376 0.44
0.0015484 0.376 0.48
0.0015488 0.376 0.44
0.0015492 0.376 0.44
0.0015496 0.376 0.44
0.00155 0.376 0.44
0.0015504 0.376 0.48
0.0015508 0.376 0.44
0.0015512 0.376 0.48
0.0015516 0.376 0.44
0.001552 0.376 0.44
0.0015524 0.376 0.44
0.0015528 0.376 0.44
0.0015532 0.376 0.48
0.0015536 0.376 0.48
0.001554 0.376 0.48
0.0015544 0.376 0.48
0.0015548 0.376 0.44
0.0015552 0.376 0.48
0.0015556 0.376 0.44
0.001556 0.376 0.48
0.0015564 0.376 0.48
0.0015568 0.376 0.44
0.0015572 0.376 0.44
0.0015576 0.376 0.48
0.001558 0.376 0.4
0.0015584 0.376 0.44
0.0015588 0.376 0.48
0.0015592 0.376 0.48
0.0015596 0.376 0.48
0.00156 0.376 0.48
0.0015604 0.376 0.48
0.0015608 0.376 0.48
0.0015612 0.376 0.44
0.0015616 0.376 0.44
0.001562 0.376 0.44
0.0015624 0.376 0.44
0.0015628 0.376 0.48
0.0015632 0.376 0.44
0.0015636 0.376 0.44
0.001564 0.376 0.44
0.0015644 0.376 0.48
0.0015648 0.376 0.44
0.0015652 0.376 0.44
0.0015656 0.376 0.48
0.001566 0.376 0.44
0.0015664 0.376 0.44
0.0015668 0.376 0.48
0.0015672 0.376 0.44
0.0015676 0.376 0.52
0.001568 0.376 0.44
0.0015684 0.376 0.48
0.0015688 0.376 0.48
0.0015692 0.376 0.48
0.0015696 0.376 0.48
0.00157 0.376 0.44
0.0015704 0.376 0.44
0.0015708 0.376 0.48
0.0015712 0.376 0.44
0.0015716 0.376 0.44
0.001572 0.376 0.44
0.0015724 0.376 0.48
0.0015728 0.376 0.48
0.0015732 0.376 0.44
0.0015736 0.376 0.48
0.001574 0.376 0.44
0.0015744 0.376 0.48
0.0015748 0.376 0.48
0.0015752 0.376 0.44
0.0015756 0.376 0.48
0.001576 0.376 0.44
0.0015764 0.376 0.44
0.0015768 0.376 0.48
0.0015772 0.376 0.44
0.0015776 0.376 0.44
0.001578 0.376 0.48
0.0015784 0.376 0.44
0.0015788 0.376 0.48
0.0015792 0.376 0.44
0.0015796 0.376 0.48
0.00158 0.376 0.48
0.0015804 0.376 0.44
0.0015808 0.376 0.48
0.0015812 0.376 0.44
0.0015816 0.376 0.48
0.001582 0.376 0.44
0.0015824 0.376 0.44
0.0015828 0.376 0.48
0.0015832 0.376 0.48
0.0015836 0.376 0.48
0.001584 0.376 0.44
0.0015844 0.376 0.4
0.0015848 0.376 0.44
0.0015852 0.376 0.48
0.0015856 0.376 0.44
0.001586 0.376 0.48
0.0015864 0.376 0.44
0.0015868 0.376 0.48
0.0015872 0.376 0.48
0.0015876 0.376 0.44
0.001588 0.376 0.48
0.0015884 0.376 0.44
0.0015888 0.376 0.44
0.0015892 0.376 0.44
0.0015896 0.376 0.44
0.00159 0.376 0.44
0.0015904 0.376 0.48
0.0015908 0.376 0.44
0.0015912 0.376 0.44
0.0015916 0.376 0.48
0.001592 0.376 0.44
0.0015924 0.376 0.44
0.0015928 0.376 0.44
0.0015932 0.376 0.44
0.0015936 0.376 0.44
0.001594 0.376 0.44
0.0015944 0.376 0.44
0.0015948 0.376 0.44
0.0015952 0.376 0.48
0.0015956 0.376 0.44
0.001596 0.376 0.44
0.0015964 0.376 0.44
0.0015968 0.376 0.48
0.0015972 0.376 0.48
0.0015976 0.376 0.48
0.001598 0.376 0.48
0.0015984 0.376 0.48
0.0015988 0.376 0.44
0.0015992 0.376 0.48
0.0015996 0.376 0.44
