0 15 0.48
1e-05 15 0.48
2e-05 -12.4 0.48
3e-05 -12.6 0.44
4e-05 -12.8 0.48
5e-05 -12.6 0.48
6e-05 -12.6 0.48
7e-05 -12.6 0.44
8e-05 -12.6 0.48
9e-05 -12.6 0.48
0.0001 -12.6 0.48
0.00011 -12.4 0.48
0.00012 -12.6 0.48
0.00013 -12.6 0.48
0.00014 -12.6 0.48
0.00015 -12.8 0.48
0.00016 -12.6 0.48
0.00017 -12.8 0.48
0.00018 -12.6 0.48
0.00019 -12.6 0.48
0.0002 -12.6 0.48
0.00021 -12.6 0.48
0.00022 -12.4 0.44
0.00023 -12.6 0.44
0.00024 -12.4 0.48
0.00025 -12.4 0.48
0.00026 -12.6 0.44
0.00027 -12.6 0.44
0.00028 -12.6 0.48
0.00029 -12.6 0.48
0.0003 -12.6 0.48
0.00031 -12.6 0.44
0.00032 -12.6 0.48
0.00033 -12.6 0.48
0.00034 -12.4 0.48
0.00035 -12.4 0.48
0.00036 -12.4 0.48
0.00037 -6.4 0.48
0.00038 -0.4 0.48
0.00039 5.6 0.44
0.0004 11.6 0.48
0.00041 15 0.48
0.00042 15 0.44
0.00043 15 0.48
0.00044 15 0.44
0.00045 15 0.48
0.00046 15 0.48
0.00047 15 0.48
0.00048 15 0.48
0.00049 15 0.48
0.0005 15 0.44
0.00051 15 0.44
0.00052 15 0.48
0.00053 15 0.48
0.00054 15 0.44
0.00055 15 0.48
0.00056 15 0.44
0.00057 15 0.48
0.00058 15 0.48
0.00059 15 0.48
0.0006 15 0.48
0.00061 15 0.48
0.00062 14.8 0.48
0.00063 15 0.48
0.00064 15 0.48
0.00065 15 0.48
0.00066 15 0.48
0.00067 15 0.48
0.00068 15 0.48
0.00069 15 0.48
0.0007 15 0.44
0.00071 15 0.44
0.00072 15 0.48
0.00073 15 0.48
0.00074 15 0.48
0.00075 15 0.48
0.00076 15 0.48
0.00077 15 0.48
0.00078 15 0.48
0.00079 15 0.44
0.0008 15 0.48
0.00081 15 0.48
0.00082 15 0.48
0.00083 15 0.48
0.00084 15 0.48
0.00085 15 0.44
0.00086 15 0.48
0.00087 15 0.48
0.00088 14.8 0.48
0.00089 15 0.48
0.0009 14.8 0.48
0.00091 15 0.48
0.00092 15 0.48
0.00093 15 0.48
0.00094 14.8 0.48
0.00095 15 0.44
0.00096 14.8 0.48
0.00097 14.8 0.48
0.00098 15 0.48
0.00099 14.8 0.48
0.001 15 0.48
0.00101 15 0.48
0.00102 15 0.44
0.00103 14.8 0.44
0.00104 15 0.44
0.00105 15 0.48
0.00106 14.8 0.48
0.00107 14.8 0.48
0.00108 15 0.48
0.00109 14.8 0.48
0.0011 14.8 0.44
0.00111 15 0.44
0.00112 15 0.48
0.00113 14.8 0.48
0.00114 14.8 0.44
0.00115 15 0.44
0.00116 14.8 0.48
0.00117 15 0.48
0.00118 15 0.44
0.00119 14.8 0.48
0.0012 14.8 0.48
0.00121 14.8 0.48
0.00122 15 0.48
0.00123 14.8 0.48
0.00124 14.8 0.48
0.00125 15 0.48
0.00126 14.8 0.48
0.00127 14.8 0.48
0.00128 15 0.48
0.00129 14.8 0.48
0.0013 15 0.48
0.00131 15 0.48
0.00132 14.8 0.48
0.00133 14.8 0.48
0.00134 14.8 0.48
0.00135 15 0.44
0.00136 15 0.48
0.00137 14.8 0.48
0.00138 14.6 0.44
0.00139 14.8 0.48
0.0014 14.8 0.48
0.00141 14.8 0.48
0.00142 14.8 0.48
0.00143 14.8 0.44
0.00144 14.8 0.48
0.00145 15 0.48
0.00146 15 0.48
0.00147 14.8 0.44
0.00148 14.8 0.48
0.00149 14.8 0.48
0.0015 14.8 0.48
0.00151 14.8 0.48
0.00152 14.8 0.48
0.00153 14.8 0.48
0.00154 14.8 0.44
0.00155 14.8 0.44
0.00156 14.6 0.48
0.00157 14.8 0.48
0.00158 14.6 0.44
0.00159 14.6 0.44
0.0016 14.8 0.48
0.00161 14.8 0.48
0.00162 14.8 0.44
0.00163 14.8 0.48
0.00164 14.8 0.48
0.00165 14.6 0.48
0.00166 14.8 0.48
0.00167 14.8 0.48
0.00168 14.8 0.48
0.00169 14.8 0.48
0.0017 14.8 0.48
0.00171 14.8 0.44
0.00172 14.8 0.48
0.00173 14.8 0.48
0.00174 14.6 0.48
0.00175 14.6 0.44
0.00176 14.8 0.48
0.00177 14.6 0.48
0.00178 14.8 0.44
0.00179 14.6 0.48
0.0018 14.6 0.48
0.00181 14.8 0.48
0.00182 14.6 0.44
0.00183 14.8 0.48
0.00184 14.8 0.48
0.00185 14.6 0.48
0.00186 14.6 0.48
0.00187 14.6 0.48
0.00188 14.6 0.48
0.00189 14.8 0.48
0.0019 14.8 0.48
0.00191 14.8 0.48
0.00192 14.6 0.48
0.00193 14.8 0.48
0.00194 14.6 0.44
0.00195 14.6 0.44
0.00196 14.6 0.48
0.00197 14.6 0.48
0.00198 14.8 0.44
0.00199 14.6 0.44
0.002 14.6 0.48
0.00201 14.6 0.48
0.00202 14.6 0.48
0.00203 14.6 0.48
0.00204 14.8 0.48
0.00205 14.8 0.48
0.00206 14.8 0.44
0.00207 14.8 0.48
0.00208 14.8 0.48
0.00209 14.6 0.44
0.0021 14.6 0.48
0.00211 14.6 0.48
0.00212 14.6 0.48
0.00213 14.6 0.48
0.00214 14.6 0.44
0.00215 14.6 0.48
0.00216 14.6 0.48
0.00217 14.6 0.48
0.00218 14.6 0.44
0.00219 14.8 0.48
0.0022 14.6 0.48
0.00221 14.6 0.48
0.00222 14.6 0.44
0.00223 14.8 0.48
0.00224 14.6 0.48
0.00225 14.6 0.44
0.00226 14.6 0.48
0.00227 14.6 0.48
0.00228 14.8 0.48
0.00229 14.8 0.48
0.0023 14.6 0.48
0.00231 14.8 0.48
0.00232 14.6 0.48
0.00233 14.6 0.48
0.00234 14.6 0.48
0.00235 14.6 0.48
0.00236 14.6 0.48
0.00237 14.8 0.44
0.00238 14.4 0.44
0.00239 14.6 0.48
0.0024 14.8 0.48
0.00241 14.6 0.48
0.00242 14.8 0.44
0.00243 14.6 0.48
0.00244 14.6 0.48
0.00245 14.6 0.44
0.00246 14.6 0.48
0.00247 14.8 0.48
0.00248 14.6 0.48
0.00249 14.6 0.48
0.0025 14.6 0.44
0.00251 14.6 0.48
0.00252 14.6 0.44
0.00253 14.6 0.48
0.00254 14.6 0.48
0.00255 14.6 0.48
0.00256 14.8 0.48
0.00257 14.6 0.48
0.00258 14.6 0.48
0.00259 14.8 0.44
0.0026 14.6 0.48
0.00261 14.4 0.48
0.00262 14.6 0.48
0.00263 14.6 0.48
0.00264 14.6 0.48
0.00265 14.6 0.48
0.00266 14.6 0.48
0.00267 14.6 0.48
0.00268 14.6 0.48
0.00269 14.6 0.48
0.0027 14.6 0.48
0.00271 14.6 0.48
0.00272 14.6 0.48
0.00273 14.6 0.44
0.00274 14.6 0.44
0.00275 14.6 0.48
0.00276 14.6 0.48
0.00277 14.6 0.48
0.00278 14.6 0.48
0.00279 14.6 0.48
0.0028 14.4 0.44
0.00281 14.4 0.44
0.00282 14.6 0.48
0.00283 14.6 0.48
0.00284 14.6 0.48
0.00285 14.6 0.48
0.00286 14.6 0.44
0.00287 14.6 0.48
0.00288 14.6 0.48
0.00289 14.6 0.48
0.0029 14.6 0.44
0.00291 14.6 0.48
0.00292 14.6 0.48
0.00293 14.6 0.44
0.00294 14.6 0.48
0.00295 14.6 0.48
0.00296 14.6 0.48
0.00297 14.6 0.48
0.00298 14.4 0.44
0.00299 14.6 0.48
0.003 14.6 0.48
0.00301 14.6 0.48
0.00302 14.6 0.48
0.00303 14.6 0.48
0.00304 14.6 0.48
0.00305 14.6 0.44
0.00306 14.4 0.48
0.00307 14.6 0.48
0.00308 14.6 0.48
0.00309 14.6 0.48
0.0031 14.6 0.48
0.00311 14.6 0.48
0.00312 14.6 0.48
0.00313 14.6 0.44
0.00314 14.6 0.44
0.00315 14.6 0.48
0.00316 14.6 0.48
0.00317 14.4 0.48
0.00318 14.6 0.48
0.00319 14.6 0.48
0.0032 14.6 0.48
0.00321 14.6 0.48
0.00322 14.4 0.44
0.00323 14.6 0.48
0.00324 14.6 0.48
0.00325 14.6 0.48
0.00326 14.6 0.48
0.00327 14.6 0.48
0.00328 14.4 0.48
0.00329 14.6 0.48
0.0033 14.6 0.48
0.00331 14.6 0.48
0.00332 14.6 0.48
0.00333 14.8 0.44
0.00334 14.6 0.44
0.00335 14.6 0.48
0.00336 14.6 0.48
0.00337 14.6 0.44
0.00338 14.6 0.48
0.00339 14.6 0.48
0.0034 14.6 0.48
0.00341 14.6 0.48
0.00342 14.6 0.48
0.00343 14.6 0.48
0.00344 14.6 0.48
0.00345 14.6 0.48
0.00346 14.4 0.48
0.00347 14.6 0.48
0.00348 14.4 0.48
0.00349 14.6 0.48
0.0035 14.6 0.48
0.00351 14.6 0.48
0.00352 14.4 0.48
0.00353 14.4 0.48
0.00354 14.6 0.48
0.00355 14.6 0.48
0.00356 14.6 0.48
0.00357 14.6 0.48
0.00358 14.6 0.48
0.00359 14.6 0.48
0.0036 14.6 0.44
0.00361 14.6 0.48
0.00362 14.6 0.48
0.00363 14.6 0.44
0.00364 14.4 0.48
0.00365 14.6 0.48
0.00366 14.6 0.48
0.00367 14.6 0.48
0.00368 14.4 0.48
0.00369 14.6 0.48
0.0037 14.6 0.48
0.00371 14.4 0.48
0.00372 14.6 0.48
0.00373 14.6 0.48
0.00374 14.6 0.48
0.00375 14.6 0.48
0.00376 14.6 0.48
0.00377 14.6 0.44
0.00378 14.6 0.48
0.00379 14.6 0.48
0.0038 14.4 0.48
0.00381 14.6 0.44
0.00382 14.4 0.48
0.00383 14.4 0.48
0.00384 14.6 0.48
0.00385 14.6 0.48
0.00386 14.6 0.48
0.00387 14.6 0.48
0.00388 14.4 0.48
0.00389 14.6 0.48
0.0039 14.4 0.48
0.00391 14.6 0.48
0.00392 14.6 0.48
0.00393 14.6 0.48
0.00394 14.6 0.48
0.00395 14.4 0.48
0.00396 14.6 0.44
0.00397 14.6 0.48
0.00398 14.6 0.48
0.00399 14.4 0.44
0.004 14.6 0.48
0.00401 14.6 0.44
0.00402 14.6 0.48
0.00403 14.4 0.48
0.00404 14.6 0.48
0.00405 14.6 0.44
0.00406 14.6 0.48
0.00407 14.6 0.48
0.00408 14.6 0.48
0.00409 14.6 0.48
0.0041 14.4 0.48
0.00411 14.6 0.48
0.00412 14.6 0.48
0.00413 14.6 0.44
0.00414 14.4 0.48
0.00415 14.6 0.48
0.00416 14.6 0.48
0.00417 14.6 0.48
0.00418 14 0.48
0.00419 12.8 0.48
0.0042 11.6 0.48
0.00421 10 0.44
0.00422 8.2 0.48
0.00423 6.6 0.48
0.00424 4.4 0.44
0.00425 2.2 0.44
0.00426 -0.4 4.4
0.00427 -3.2 0.56
0.00428 -6 0.48
0.00429 -9 0.44
0.0043 -11.8 0.48
0.00431 -13.2 0.48
0.00432 -13.2 0.48
0.00433 -13 0.48
0.00434 -13 0.48
0.00435 -13.2 0.48
0.00436 -13 0.48
0.00437 -13 0.48
0.00438 -13.2 0.48
0.00439 -13 0.48
0.0044 -13.2 0.48
0.00441 -13 0.48
0.00442 -13 0.48
0.00443 -13.2 0.48
0.00444 -13 0.48
0.00445 -13 0.44
0.00446 -13 0.48
0.00447 -13 0.48
0.00448 -13 0.44
0.00449 -13 0.48
0.0045 -13 0.48
0.00451 -13.2 0.48
0.00452 -13 0.44
0.00453 -13.2 0.48
0.00454 -13.2 0.44
0.00455 -13 0.48
0.00456 -13 0.48
0.00457 -13 0.44
0.00458 -13 0.48
0.00459 -13 0.48
0.0046 -13 0.48
0.00461 -13.2 0.48
0.00462 -13 0.48
0.00463 -13 0.48
0.00464 -13 0.48
0.00465 -13 0.44
0.00466 -13 0.48
0.00467 -13 0.48
0.00468 -13 0.48
0.00469 -13 0.48
0.0047 -13 0.48
0.00471 -13.2 0.48
0.00472 -13 0.44
0.00473 -13 0.44
0.00474 -13 0.48
0.00475 -13 0.48
0.00476 -13 0.48
0.00477 -13 0.48
0.00478 -13 0.44
0.00479 -13 0.48
0.0048 -13 0.48
0.00481 -13 0.48
0.00482 -13 0.48
0.00483 -13 0.48
0.00484 -13 0.48
0.00485 -13 0.48
0.00486 -13 0.48
0.00487 -13 0.48
0.00488 -13 0.48
0.00489 -13 0.48
0.0049 -13 0.48
0.00491 -13 0.48
0.00492 -13 0.48
0.00493 -13 0.48
0.00494 -13 0.48
0.00495 -13 0.48
0.00496 -13 0.48
0.00497 -13 0.44
0.00498 -13 0.48
0.00499 -13 0.48
0.005 -12.8 0.48
0.00501 -13 0.48
0.00502 -13 0.48
0.00503 -13 0.48
0.00504 -13 0.48
0.00505 -13 0.48
0.00506 -13 0.48
0.00507 -13 0.48
0.00508 -13 0.44
0.00509 -13 0.48
0.0051 -13 0.48
0.00511 -13 0.48
0.00512 -13 0.48
0.00513 -12.8 0.44
0.00514 -13 0.48
0.00515 -13 0.48
0.00516 -13 0.44
0.00517 -12.8 0.44
0.00518 -13 0.48
0.00519 -13 0.44
0.0052 -12.8 0.48
0.00521 -12.8 0.44
0.00522 -12.8 0.48
0.00523 -12.8 0.48
0.00524 -12.8 0.48
0.00525 -12.8 0.48
0.00526 -13 0.48
0.00527 -13 0.48
0.00528 -12.8 0.44
0.00529 -12.8 0.44
0.0053 -13 0.48
0.00531 -12.8 0.44
0.00532 -12.8 0.44
0.00533 -13 0.48
0.00534 -13 0.48
0.00535 -12.8 0.48
0.00536 -12.8 0.48
0.00537 -12.8 0.48
0.00538 -12.8 0.48
0.00539 -13 0.48
0.0054 -12.8 0.44
0.00541 -12.8 0.48
0.00542 -12.8 0.48
0.00543 -12.8 0.48
0.00544 -12.8 0.44
0.00545 -12.8 0.44
0.00546 -12.8 0.48
0.00547 -12.8 0.48
0.00548 -12.8 0.48
0.00549 -12.8 0.48
0.0055 -12.8 0.48
0.00551 -12.8 0.48
0.00552 -13 0.48
0.00553 -13 0.48
0.00554 -12.8 0.48
0.00555 -12.8 0.48
0.00556 -12.8 0.44
0.00557 -12.8 0.48
0.00558 -13 0.48
0.00559 -12.8 0.44
0.0056 -13 0.44
0.00561 -12.8 0.48
0.00562 -12.8 0.48
0.00563 -12.8 0.44
0.00564 -12.8 0.48
0.00565 -12.8 0.44
0.00566 -13 0.48
0.00567 -12.8 0.48
0.00568 -12.8 0.44
0.00569 -12.8 0.48
0.0057 -13 0.48
0.00571 -12.6 0.48
0.00572 -12.8 0.48
0.00573 -12.8 0.48
0.00574 -12.8 0.48
0.00575 -12.8 0.48
0.00576 -12.8 0.48
0.00577 -12.8 0.48
0.00578 -12.8 0.48
0.00579 -12.8 0.44
0.0058 -12.8 0.48
0.00581 -12.8 0.48
0.00582 -12.6 0.48
0.00583 -12.8 0.48
0.00584 -12.8 0.48
0.00585 -12.8 0.48
0.00586 -12.8 0.48
0.00587 -12.8 0.48
0.00588 -12.8 0.44
0.00589 -12.8 0.48
0.0059 -12.8 0.48
0.00591 -12.8 0.48
0.00592 -13 0.44
0.00593 -12.8 0.48
0.00594 -12.8 0.48
0.00595 -12.8 0.48
0.00596 -12.8 0.44
0.00597 -12.8 0.48
0.00598 -12.8 0.48
0.00599 -12.8 0.44
0.006 -12.8 0.44
0.00601 -12.8 0.48
0.00602 -12.8 0.48
0.00603 -12.6 0.48
0.00604 -12.6 0.48
0.00605 -13 0.48
0.00606 -12.8 0.48
0.00607 -12.6 0.44
0.00608 -12.6 0.44
0.00609 -12.6 0.48
0.0061 -12.8 0.48
0.00611 -12.8 0.48
0.00612 -12.8 0.44
0.00613 -12.6 0.48
0.00614 -12.6 0.48
0.00615 -12.8 0.48
0.00616 -12.6 0.44
0.00617 -12.8 0.48
0.00618 -12.8 0.48
0.00619 -12.8 0.44
0.0062 -12.8 0.44
0.00621 -12.8 0.48
0.00622 -12.8 0.48
0.00623 -12.6 0.44
0.00624 -12.8 0.48
0.00625 -12.6 0.48
0.00626 -12.6 0.48
0.00627 -12.6 0.48
0.00628 -12.8 0.48
0.00629 -12.8 0.48
0.0063 -12.8 0.48
0.00631 -12.8 0.44
0.00632 -12.8 0.48
0.00633 -12.6 0.48
0.00634 -12.8 0.48
0.00635 -12.8 0.48
0.00636 -12.8 0.48
0.00637 -12.6 0.48
0.00638 -12.6 0.48
0.00639 -12.6 0.44
0.0064 -12.6 0.48
0.00641 -12.8 0.48
0.00642 -12.6 0.48
0.00643 -12.8 0.48
0.00644 -12.8 0.48
0.00645 -12.6 0.48
0.00646 -12.6 0.48
0.00647 -12.6 0.4
0.00648 -12.6 0.48
0.00649 -12.8 0.48
0.0065 -12.6 0.48
0.00651 -12.6 0.48
0.00652 -12.8 0.48
0.00653 -12.8 0.44
0.00654 -12.6 0.48
0.00655 -12.6 0.48
0.00656 -12.8 0.48
0.00657 -12.8 0.48
0.00658 -12.6 0.48
0.00659 -12.8 0.48
0.0066 -12.6 0.48
0.00661 -12.6 0.48
0.00662 -12.6 0.48
0.00663 -12.8 0.44
0.00664 -12.6 0.44
0.00665 -12.8 0.48
0.00666 -12.6 0.48
0.00667 -12.6 0.48
0.00668 -12.6 0.48
0.00669 -12.6 0.48
0.0067 -12.8 0.48
0.00671 -12.6 0.44
0.00672 -12.8 0.48
0.00673 -12.6 0.48
0.00674 -12.6 0.48
0.00675 -12.6 0.48
0.00676 -12.6 0.44
0.00677 -12.8 0.48
0.00678 -12.8 0.48
0.00679 -12.6 0.48
0.0068 -12.6 0.48
0.00681 -12.6 0.48
0.00682 -12.6 0.48
0.00683 -12.6 0.48
0.00684 -12.6 0.48
0.00685 -12.6 0.48
0.00686 -12.6 0.48
0.00687 -12.8 0.44
0.00688 -12.6 0.44
0.00689 -12.4 0.48
0.0069 -12.6 0.48
0.00691 -12.6 0.44
0.00692 -12.6 0.48
0.00693 -12.6 0.48
0.00694 -12.6 0.48
0.00695 -12.6 0.48
0.00696 -12.6 0.48
0.00697 -12.6 0.48
0.00698 -12.6 0.48
0.00699 -12.6 0.48
0.007 -12.6 0.48
0.00701 -12.6 0.48
0.00702 -12.8 0.48
0.00703 -12.6 0.48
0.00704 -12.6 0.48
0.00705 -12.8 0.48
0.00706 -12.6 0.48
0.00707 -12.6 0.48
0.00708 -12.8 0.44
0.00709 -12.6 0.48
0.0071 -12.6 0.48
0.00711 -12.6 0.48
0.00712 -12.6 0.48
0.00713 -12.8 0.48
0.00714 -12.6 0.48
0.00715 -12.6 0.44
0.00716 -12.6 0.48
0.00717 -12.6 0.48
0.00718 -12.6 0.48
0.00719 -12.6 0.44
0.0072 -12.6 0.48
0.00721 -12.6 0.48
0.00722 -12.6 0.48
0.00723 -12.6 0.44
0.00724 -12.8 0.48
0.00725 -12.6 0.48
0.00726 -12.6 0.48
0.00727 -12.8 0.48
0.00728 -12.8 0.44
0.00729 -12.6 0.48
0.0073 -12.6 0.44
0.00731 -12.8 0.44
0.00732 -12.6 0.48
0.00733 -12.6 0.48
0.00734 -12.6 0.44
0.00735 -12.6 0.4
0.00736 -12.6 0.48
0.00737 -12.6 0.48
0.00738 -12.6 0.48
0.00739 -12.6 0.48
0.0074 -12.6 0.48
0.00741 -12.6 0.48
0.00742 -12.4 0.44
0.00743 -12.6 0.48
0.00744 -12.8 0.44
0.00745 -12.6 0.48
0.00746 -12.6 0.48
0.00747 -12.6 0.48
0.00748 -12.6 0.48
0.00749 -12.6 0.48
0.0075 -12.6 0.48
0.00751 -12.6 0.48
0.00752 -12.8 0.48
0.00753 -12.8 0.48
0.00754 -12.6 0.48
0.00755 -12.6 0.44
0.00756 -12.6 0.48
0.00757 -12.6 0.48
0.00758 -12.8 0.44
0.00759 -12.6 0.44
0.0076 -12.6 0.48
0.00761 -12.6 0.48
0.00762 -12.6 0.48
0.00763 -12.6 0.48
0.00764 -12.6 0.48
0.00765 -12.6 0.48
0.00766 -12.6 0.48
0.00767 -12.6 0.44
0.00768 -12.8 0.48
0.00769 -12.6 0.48
0.0077 -12.4 0.44
0.00771 -12.6 0.48
0.00772 -12.4 0.48
0.00773 -12.6 0.48
0.00774 -12.6 0.48
0.00775 -12.6 0.44
0.00776 -12.6 0.48
0.00777 -12.6 0.48
0.00778 -12.6 0.44
0.00779 -12.6 0.48
0.0078 -12.6 0.48
0.00781 -12.6 0.48
0.00782 -12.6 0.48
0.00783 -12.6 0.48
0.00784 -12.6 0.48
0.00785 -12.6 0.48
0.00786 -12.4 0.44
0.00787 -12.6 0.44
0.00788 -12.8 0.48
0.00789 -12.8 0.48
0.0079 -12.6 0.48
0.00791 -12.8 0.48
0.00792 -12.6 0.48
0.00793 -12.6 0.48
0.00794 -12.6 0.48
0.00795 -12.6 0.48
0.00796 -12.6 0.48
0.00797 -12.4 0.48
0.00798 -12.8 0.48
0.00799 -12.8 0.44
0.008 -12.6 0.48
0.00801 -12.6 0.48
0.00802 -12.4 0.48
0.00803 -12.8 0.48
0.00804 -12.6 0.48
0.00805 -12.6 0.48
0.00806 -12.6 0.44
0.00807 -12.6 0.48
0.00808 -12.6 0.48
0.00809 -12.4 0.48
0.0081 -12.6 0.48
0.00811 -12.6 0.48
0.00812 -12.6 0.48
0.00813 -12.6 0.44
0.00814 -12.6 0.44
0.00815 -12.8 0.48
0.00816 -12.6 0.48
0.00817 -12.6 0.44
0.00818 -8.6 0.48
0.00819 -2.8 0.48
0.0082 3.4 0.48
0.00821 9.4 0.48
0.00822 15 0.44
0.00823 14.8 0.48
0.00824 15 0.48
0.00825 15 0.48
0.00826 15 0.48
0.00827 15 0.48
0.00828 15 0.48
0.00829 15 0.48
0.0083 15 0.44
0.00831 15 0.48
0.00832 15 0.48
0.00833 15 0.48
0.00834 15 0.44
0.00835 15 0.48
0.00836 14.8 0.48
0.00837 15 0.48
0.00838 15 0.48
0.00839 14.8 0.48
0.0084 14.8 0.48
0.00841 15 0.48
0.00842 15 0.44
0.00843 15 0.44
0.00844 15 0.48
0.00845 15 0.48
0.00846 15 0.48
0.00847 15 0.48
0.00848 15 0.48
0.00849 15 0.44
0.0085 15 0.48
0.00851 15 0.48
0.00852 14.8 0.48
0.00853 15 0.48
0.00854 15 0.48
0.00855 14.8 0.48
0.00856 15 0.48
0.00857 15 0.44
0.00858 15 0.48
0.00859 15 0.48
0.0086 15 0.48
0.00861 15 0.48
0.00862 15 0.44
0.00863 14.8 0.44
0.00864 15 0.48
0.00865 15 0.48
0.00866 14.8 0.44
0.00867 14.8 0.48
0.00868 14.8 0.48
0.00869 15 0.48
0.0087 15 0.44
0.00871 14.8 0.48
0.00872 15 0.48
0.00873 15 0.48
0.00874 15 0.44
0.00875 15 0.48
0.00876 14.8 0.48
0.00877 14.8 0.48
0.00878 14.8 0.48
0.00879 15 0.48
0.0088 15 0.48
0.00881 14.8 0.48
0.00882 15 0.48
0.00883 15 0.48
0.00884 14.8 0.48
0.00885 14.8 0.48
0.00886 15 0.44
0.00887 14.8 0.48
0.00888 14.8 0.48
0.00889 14.8 0.48
0.0089 15 0.48
0.00891 14.8 0.48
0.00892 14.8 0.48
0.00893 14.8 0.48
0.00894 15 0.44
0.00895 14.8 0.48
0.00896 14.8 0.48
0.00897 14.8 0.48
0.00898 14.8 0.44
0.00899 14.8 0.44
0.009 14.8 0.48
0.00901 14.8 0.48
0.00902 14.8 0.44
0.00903 14.8 0.48
0.00904 14.8 0.48
0.00905 14.8 0.48
0.00906 14.8 0.48
0.00907 15 0.44
0.00908 14.8 0.48
0.00909 14.8 0.48
0.0091 14.6 0.44
0.00911 14.8 0.48
0.00912 14.8 0.48
0.00913 14.8 0.48
0.00914 14.6 0.48
0.00915 15 0.48
0.00916 14.8 0.48
0.00917 14.8 0.48
0.00918 15 0.48
0.00919 14.8 0.48
0.0092 14.8 0.44
0.00921 14.8 0.44
0.00922 14.8 0.48
0.00923 14.8 0.48
0.00924 15 0.48
0.00925 14.8 0.48
0.00926 14.8 0.48
0.00927 14.8 0.48
0.00928 14.8 0.48
0.00929 14.8 0.48
0.0093 14.8 0.44
0.00931 14.8 0.48
0.00932 14.8 0.48
0.00933 14.6 0.48
0.00934 14.8 0.44
0.00935 14.8 0.48
0.00936 14.8 0.48
0.00937 14.8 0.44
0.00938 14.8 0.48
0.00939 14.8 0.48
0.0094 14.8 0.48
0.00941 14.8 0.48
0.00942 14.8 0.48
0.00943 14.8 0.48
0.00944 14.8 0.48
0.00945 15 0.48
0.00946 14.8 0.48
0.00947 14.8 0.48
0.00948 14.8 0.48
0.00949 14.8 0.48
0.0095 15 0.48
0.00951 14.6 0.48
0.00952 14.8 0.48
0.00953 14.8 0.48
0.00954 14.8 0.48
0.00955 14.8 0.48
0.00956 14.6 0.48
0.00957 14.8 0.44
0.00958 14.6 0.48
0.00959 14.6 0.48
0.0096 14.8 0.48
0.00961 14.8 0.48
0.00962 14.8 0.48
0.00963 14.8 0.48
0.00964 14.6 0.48
0.00965 14.6 0.44
0.00966 14.8 0.44
0.00967 14.8 0.48
0.00968 14.8 0.48
0.00969 14.8 0.48
0.0097 14.6 0.48
0.00971 14.6 0.48
0.00972 14.6 0.48
0.00973 14.8 0.48
0.00974 14.6 0.48
0.00975 14.6 0.48
0.00976 14.6 0.48
0.00977 14.8 0.48
0.00978 14.8 0.44
0.00979 14.8 0.48
0.0098 14.8 0.48
0.00981 14.6 0.48
0.00982 14.8 0.44
0.00983 14.8 0.48
0.00984 14.6 0.48
0.00985 14.8 0.48
0.00986 14.6 0.48
0.00987 14.6 0.48
0.00988 14.8 0.48
0.00989 14.6 0.48
0.0099 14.8 0.48
0.00991 14.6 0.48
0.00992 14.6 0.48
0.00993 14.8 0.48
0.00994 14.6 0.44
0.00995 14.6 0.48
0.00996 14.6 0.48
0.00997 14.6 0.44
0.00998 14.8 0.48
0.00999 14.6 0.48
0.01 14.6 0.48
0.01001 14.8 0.44
0.01002 14.6 0.48
0.01003 14.6 0.48
0.01004 14.6 0.48
0.01005 14.8 0.48
0.01006 14.6 0.48
0.01007 14.8 0.48
0.01008 14.6 0.48
0.01009 14.8 0.48
0.0101 14.8 0.48
0.01011 14.8 0.48
0.01012 14.8 0.48
0.01013 14.6 0.48
0.01014 14.6 0.48
0.01015 14.6 0.48
0.01016 14.6 0.44
0.01017 14.8 0.44
0.01018 14.6 0.48
0.01019 14.6 0.48
0.0102 14.6 0.48
0.01021 14.8 0.44
0.01022 14.8 0.48
0.01023 14.6 0.48
0.01024 14.6 0.48
0.01025 14.6 0.48
0.01026 14.6 0.48
0.01027 14.6 0.48
0.01028 14.6 0.48
0.01029 14.6 0.48
0.0103 14.6 0.48
0.01031 14.6 0.48
0.01032 14.6 0.48
0.01033 14.8 0.48
0.01034 14.6 0.44
0.01035 14.6 0.48
0.01036 14.6 0.48
0.01037 14.6 0.48
0.01038 14.6 0.48
0.01039 14.6 0.48
0.0104 14.6 0.44
0.01041 14.6 0.44
0.01042 14.6 0.48
0.01043 14.8 0.48
0.01044 14.6 0.48
0.01045 14.6 0.48
0.01046 14.6 0.48
0.01047 14.6 0.48
0.01048 14.6 0.48
0.01049 14.6 0.44
0.0105 14.6 0.48
0.01051 14.6 0.48
0.01052 14.6 0.44
0.01053 14.6 0.44
0.01054 14.6 0.48
0.01055 14.6 0.48
0.01056 14.6 0.48
0.01057 14.6 0.48
0.01058 14.6 0.48
0.01059 14.4 0.48
0.0106 14.6 0.48
0.01061 14.6 0.48
0.01062 14.6 0.48
0.01063 14.6 0.48
0.01064 14.6 0.44
0.01065 14.8 0.48
0.01066 14.6 0.48
0.01067 14.6 0.48
0.01068 14.6 0.48
0.01069 14.6 0.44
0.0107 14.4 0.48
0.01071 14.6 0.48
0.01072 14.6 0.48
0.01073 14.6 0.48
0.01074 14.6 0.48
0.01075 14.6 0.48
0.01076 14.6 0.44
0.01077 14.6 0.44
0.01078 14.6 0.44
0.01079 14.6 0.48
0.0108 14.6 0.48
0.01081 14.6 0.48
0.01082 14.6 0.44
0.01083 14.6 0.48
0.01084 14.6 0.44
0.01085 14.4 0.44
0.01086 14.6 0.48
0.01087 14.6 0.48
0.01088 14.8 0.44
0.01089 14.6 0.44
0.0109 14.6 0.48
0.01091 14.6 0.48
0.01092 14.6 0.48
0.01093 14.6 0.48
0.01094 14.6 0.48
0.01095 14.6 0.48
0.01096 14.6 0.44
0.01097 14.6 0.48
0.01098 14.6 0.48
0.01099 14.6 0.48
0.011 14.4 0.48
0.01101 14.6 0.44
0.01102 14.4 0.48
0.01103 14.6 0.48
0.01104 14.6 0.48
0.01105 14.6 0.48
0.01106 14.6 0.48
0.01107 14.6 0.48
0.01108 14.6 0.48
0.01109 14.6 0.44
0.0111 14.4 0.48
0.01111 14.6 0.48
0.01112 14.6 0.44
0.01113 14.6 0.48
0.01114 14.6 0.48
0.01115 14.4 0.48
0.01116 14.6 0.48
0.01117 14.6 0.48
0.01118 14.6 0.48
0.01119 14.6 0.48
0.0112 14.6 0.48
0.01121 14.6 0.44
0.01122 14.4 0.48
0.01123 14.6 0.48
0.01124 14.6 0.48
0.01125 14.4 0.48
0.01126 14.6 0.48
0.01127 14.6 0.48
0.01128 14.6 0.48
0.01129 14.6 0.48
0.0113 14.4 0.48
0.01131 14.6 0.48
0.01132 14.6 0.44
0.01133 14.6 0.44
0.01134 14.6 0.48
0.01135 14.6 0.48
0.01136 14.6 0.44
0.01137 14.6 0.44
0.01138 14.4 0.48
0.01139 14.6 0.48
0.0114 14.6 0.48
0.01141 14.4 0.48
0.01142 14.4 0.48
0.01143 14.6 0.48
0.01144 14.6 0.48
0.01145 14.6 0.48
0.01146 14.6 0.48
0.01147 14.6 0.48
0.01148 14.6 0.48
0.01149 14.6 0.48
0.0115 14.6 0.48
0.01151 14.6 0.48
0.01152 14.6 0.48
0.01153 14.6 0.48
0.01154 14.4 0.48
0.01155 14.4 0.48
0.01156 14.6 0.44
0.01157 14.6 0.44
0.01158 14.6 0.48
0.01159 14.6 0.48
0.0116 14.6 0.48
0.01161 14.6 0.48
0.01162 14.4 0.48
0.01163 14.4 0.44
0.01164 14.6 0.48
0.01165 14.6 0.48
0.01166 14.6 0.48
0.01167 14.6 0.48
0.01168 14.6 0.48
0.01169 14.6 0.48
0.0117 14.6 0.48
0.01171 14.6 0.48
0.01172 14.6 0.48
0.01173 14.6 0.48
0.01174 14.4 0.48
0.01175 14.8 0.48
0.01176 14.4 0.44
0.01177 14.6 0.44
0.01178 14.6 0.48
0.01179 14.6 0.48
0.0118 14.6 0.44
0.01181 14.6 0.48
0.01182 14.6 0.48
0.01183 14.6 0.48
0.01184 14.6 0.48
0.01185 14.4 0.48
0.01186 14.6 0.48
0.01187 14.6 0.48
0.01188 14.6 0.44
0.01189 14.6 0.48
0.0119 14.6 0.48
0.01191 14.6 0.48
0.01192 14.4 0.48
0.01193 14.6 0.44
0.01194 14.6 0.48
0.01195 14.6 0.48
0.01196 14.4 0.44
0.01197 14.4 0.48
0.01198 14.6 0.48
0.01199 14.4 0.48
0.012 13.4 0.44
0.01201 12.2 0.48
0.01202 10.6 0.48
0.01203 8.8 0.48
0.01204 7 0.48
0.01205 5.2 0.48
0.01206 3 0.48
0.01207 0.6 0.48
0.01208 -2.4 4.44
0.01209 -5.2 0.48
0.0121 -8 0.48
0.01211 -10.8 0.48
0.01212 -13.2 0.48
0.01213 -13 0.48
0.01214 -13 0.48
0.01215 -13 0.48
0.01216 -13 0.48
0.01217 -13.2 0.48
0.01218 -13 0.48
0.01219 -13.2 0.48
0.0122 -13.2 0.44
0.01221 -13.2 0.44
0.01222 -13.2 0.48
0.01223 -13 0.48
0.01224 -13 0.44
0.01225 -13 0.48
0.01226 -13 0.48
0.01227 -13 0.48
0.01228 -13 0.44
0.01229 -13 0.48
0.0123 -13 0.48
0.01231 -13.2 0.48
0.01232 -13 0.44
0.01233 -13 0.48
0.01234 -13 0.48
0.01235 -13 0.44
0.01236 -13.2 0.48
0.01237 -13.2 0.48
0.01238 -13 0.48
0.01239 -12.8 0.48
0.0124 -13 0.48
0.01241 -13 0.44
0.01242 -13 0.48
0.01243 -13 0.48
0.01244 -13 0.44
0.01245 -13 0.48
0.01246 -13 0.48
0.01247 -13 0.44
0.01248 -13 0.48
0.01249 -13 0.48
0.0125 -13 0.48
0.01251 -13 0.48
0.01252 -13 0.44
0.01253 -13 0.48
0.01254 -13 0.48
0.01255 -13 0.48
0.01256 -13 0.44
0.01257 -13.2 0.48
0.01258 -13 0.48
0.01259 -13 0.48
0.0126 -13 0.48
0.01261 -13 0.48
0.01262 -13 0.48
0.01263 -13 0.48
0.01264 -13 0.48
0.01265 -13 0.48
0.01266 -13 0.48
0.01267 -13 0.44
0.01268 -13 0.44
0.01269 -13 0.48
0.0127 -13 0.48
0.01271 -13 0.48
0.01272 -13 0.48
0.01273 -13 0.48
0.01274 -13 0.48
0.01275 -13 0.48
0.01276 -13 0.48
0.01277 -13 0.48
0.01278 -13 0.48
0.01279 -13 0.44
0.0128 -13 0.44
0.01281 -13 0.48
0.01282 -12.8 0.48
0.01283 -13 0.48
0.01284 -13 0.44
0.01285 -13 0.48
0.01286 -13 0.48
0.01287 -13 0.44
0.01288 -13 0.44
0.01289 -13 0.48
0.0129 -13 0.48
0.01291 -12.8 0.48
0.01292 -13 0.48
0.01293 -12.8 0.48
0.01294 -12.8 0.48
0.01295 -13 0.44
0.01296 -13 0.44
0.01297 -13 0.48
0.01298 -13 0.48
0.01299 -12.8 0.48
0.013 -13 0.44
0.01301 -12.8 0.48
0.01302 -13 0.48
0.01303 -12.8 0.48
0.01304 -13 0.44
0.01305 -13 0.48
0.01306 -12.8 0.48
0.01307 -12.8 0.48
0.01308 -12.8 0.44
0.01309 -12.8 0.48
0.0131 -13 0.48
0.01311 -12.8 0.44
0.01312 -13 0.44
0.01313 -12.8 0.48
0.01314 -13 0.48
0.01315 -12.8 0.44
0.01316 -12.8 0.48
0.01317 -12.8 0.48
0.01318 -13 0.48
0.01319 -13 0.48
0.0132 -12.8 0.44
0.01321 -12.8 0.44
0.01322 -13 0.44
0.01323 -12.8 0.48
0.01324 -12.8 0.44
0.01325 -12.8 0.44
0.01326 -12.8 0.48
0.01327 -12.8 0.44
0.01328 -13 0.48
0.01329 -12.8 0.48
0.0133 -12.8 0.48
0.01331 -12.8 0.44
0.01332 -12.8 0.48
0.01333 -12.8 0.48
0.01334 -12.8 0.48
0.01335 -12.8 0.48
0.01336 -12.8 0.48
0.01337 -12.8 0.48
0.01338 -12.8 0.48
0.01339 -12.8 0.48
0.0134 -12.8 0.48
0.01341 -12.8 0.48
0.01342 -12.8 0.48
0.01343 -12.8 0.48
0.01344 -13 0.44
0.01345 -12.8 0.44
0.01346 -12.8 0.48
0.01347 -12.8 0.48
0.01348 -12.8 0.48
0.01349 -12.8 0.48
0.0135 -12.8 0.48
0.01351 -12.8 0.44
0.01352 -12.8 0.44
0.01353 -12.8 0.48
0.01354 -12.8 0.48
0.01355 -12.6 0.44
0.01356 -12.8 0.48
0.01357 -12.8 0.48
0.01358 -12.8 0.48
0.01359 -12.8 0.48
0.0136 -12.8 0.44
0.01361 -12.8 0.48
0.01362 -12.8 0.44
0.01363 -12.8 0.44
0.01364 -12.6 0.48
0.01365 -12.8 0.48
0.01366 -12.6 0.48
0.01367 -12.8 0.48
0.01368 -12.8 0.48
0.01369 -12.8 0.48
0.0137 -12.8 0.48
0.01371 -12.8 0.44
0.01372 -12.8 0.48
0.01373 -12.8 0.48
0.01374 -12.6 0.48
0.01375 -12.8 0.44
0.01376 -12.6 0.44
0.01377 -12.8 0.48
0.01378 -12.8 0.44
0.01379 -12.6 0.48
0.0138 -12.6 0.48
0.01381 -12.6 0.48
0.01382 -12.8 0.48
0.01383 -12.8 0.44
0.01384 -12.6 0.48
0.01385 -12.8 0.48
0.01386 -12.6 0.48
0.01387 -12.6 0.48
0.01388 -12.8 0.48
0.01389 -12.8 0.48
0.0139 -12.6 0.48
0.01391 -12.8 0.48
0.01392 -12.6 0.48
0.01393 -12.8 0.48
0.01394 -12.8 0.48
0.01395 -12.6 0.44
0.01396 -12.6 0.48
0.01397 -12.8 0.48
0.01398 -12.6 0.48
0.01399 -12.6 0.44
0.014 -12.6 0.48
0.01401 -12.8 0.48
0.01402 -12.8 0.48
0.01403 -12.8 0.48
0.01404 -12.8 0.48
0.01405 -12.6 0.48
0.01406 -12.8 0.48
0.01407 -12.8 0.44
0.01408 -12.6 0.48
0.01409 -12.6 0.48
0.0141 -12.6 0.48
0.01411 -12.8 0.44
0.01412 -12.6 0.48
0.01413 -12.6 0.48
0.01414 -12.6 0.48
0.01415 -12.6 0.48
0.01416 -12.6 0.48
0.01417 -12.6 0.48
0.01418 -12.6 0.48
0.01419 -12.6 0.44
0.0142 -12.8 0.48
0.01421 -12.8 0.48
0.01422 -12.6 0.48
0.01423 -12.6 0.48
0.01424 -12.8 0.48
0.01425 -12.6 0.48
0.01426 -12.8 0.48
0.01427 -12.6 0.48
0.01428 -12.8 0.48
0.01429 -12.6 0.48
0.0143 -12.6 0.48
0.01431 -12.8 0.48
0.01432 -12.6 0.44
0.01433 -12.8 0.48
0.01434 -12.6 0.44
0.01435 -12.6 0.44
0.01436 -12.6 0.48
0.01437 -12.6 0.48
0.01438 -12.6 0.48
0.01439 -12.6 0.44
0.0144 -12.8 0.48
0.01441 -12.6 0.48
0.01442 -12.6 0.48
0.01443 -12.6 0.48
0.01444 -12.6 0.48
0.01445 -12.6 0.48
0.01446 -12.6 0.48
0.01447 -12.6 0.44
0.01448 -12.6 0.48
0.01449 -12.6 0.48
0.0145 -12.8 0.48
0.01451 -12.6 0.48
0.01452 -12.6 0.48
0.01453 -12.6 0.48
0.01454 -12.8 0.44
0.01455 -12.6 0.48
0.01456 -12.6 0.48
0.01457 -12.6 0.48
0.01458 -12.8 0.44
0.01459 -12.6 0.48
0.0146 -12.6 0.48
0.01461 -12.6 0.48
0.01462 -12.6 0.48
0.01463 -12.6 0.48
0.01464 -12.6 0.44
0.01465 -12.6 0.44
0.01466 -12.6 0.44
0.01467 -12.6 0.48
0.01468 -12.6 0.44
0.01469 -12.6 0.48
0.0147 -12.6 0.48
0.01471 -12.6 0.44
0.01472 -12.8 0.48
0.01473 -12.6 0.48
0.01474 -12.6 0.48
0.01475 -12.8 0.48
0.01476 -12.6 0.48
0.01477 -12.6 0.48
0.01478 -12.8 0.48
0.01479 -12.4 0.48
0.0148 -12.4 0.48
0.01481 -12.6 0.48
0.01482 -12.8 0.44
0.01483 -12.6 0.44
0.01484 -12.6 0.48
0.01485 -12.6 0.48
0.01486 -12.6 0.48
0.01487 -12.6 0.44
0.01488 -12.6 0.48
0.01489 -12.6 0.48
0.0149 -12.6 0.44
0.01491 -12.6 0.44
0.01492 -12.6 0.48
0.01493 -12.6 0.48
0.01494 -12.6 0.48
0.01495 -12.6 0.48
0.01496 -12.6 0.48
0.01497 -12.6 0.48
0.01498 -12.6 0.48
0.01499 -12.6 0.44
0.015 -12.6 0.48
0.01501 -12.6 0.48
0.01502 -12.6 0.48
0.01503 -12.6 0.48
0.01504 -12.6 0.48
0.01505 -12.6 0.48
0.01506 -12.6 0.48
0.01507 -12.6 0.44
0.01508 -12.6 0.48
0.01509 -12.6 0.48
0.0151 -12.6 0.44
0.01511 -12.6 0.44
0.01512 -12.6 0.48
0.01513 -12.4 0.48
0.01514 -12.4 0.44
0.01515 -12.8 0.44
0.01516 -12.6 0.48
0.01517 -12.6 0.48
0.01518 -12.6 0.48
0.01519 -12.6 0.48
0.0152 -12.6 0.48
0.01521 -12.6 0.44
0.01522 -12.6 0.48
0.01523 -12.6 0.48
0.01524 -12.6 0.48
0.01525 -12.6 0.48
0.01526 -12.6 0.48
0.01527 -12.6 0.44
0.01528 -12.4 0.48
0.01529 -12.4 0.48
0.0153 -12.6 0.44
0.01531 -12.4 0.48
0.01532 -12.6 0.48
0.01533 -12.6 0.48
0.01534 -12.6 0.48
0.01535 -12.4 0.48
0.01536 -12.6 0.48
0.01537 -12.6 0.48
0.01538 -12.4 0.48
0.01539 -12.4 0.44
0.0154 -12.6 0.48
0.01541 -12.6 0.44
0.01542 -12.4 0.48
0.01543 -12.4 0.44
0.01544 -12.8 0.48
0.01545 -12.4 0.44
0.01546 -12.6 0.48
0.01547 -12.4 0.44
0.01548 -12.6 0.48
0.01549 -12.6 0.48
0.0155 -12.6 0.48
0.01551 -12.6 0.44
0.01552 -12.6 0.48
0.01553 -12.6 0.48
0.01554 -12.4 0.48
0.01555 -12.6 0.48
0.01556 -12.6 0.48
0.01557 -12.6 0.48
0.01558 -12.6 0.48
0.01559 -12.6 0.48
0.0156 -12.6 0.48
0.01561 -12.6 0.48
0.01562 -12.4 0.48
0.01563 -12.6 0.48
0.01564 -12.4 0.48
0.01565 -12.6 0.48
0.01566 -12.6 0.48
0.01567 -12.6 0.48
0.01568 -12.6 0.48
0.01569 -12.6 0.48
0.0157 -12.6 0.48
0.01571 -12.4 0.48
0.01572 -12.6 0.48
0.01573 -12.4 0.48
0.01574 -12.4 0.44
0.01575 -12.6 0.44
0.01576 -12.6 0.48
0.01577 -12.4 0.48
0.01578 -12.4 0.48
0.01579 -12.6 0.48
0.0158 -12.4 0.48
0.01581 -12.6 0.48
0.01582 -12.6 0.48
0.01583 -12.6 0.48
0.01584 -12.4 0.48
0.01585 -12.6 0.48
0.01586 -12.6 0.48
0.01587 -12.6 0.44
0.01588 -12.6 0.48
0.01589 -12.6 0.48
0.0159 -12.6 0.44
0.01591 -12.6 0.44
0.01592 -12.6 0.48
0.01593 -12.6 0.48
0.01594 -12.6 0.48
0.01595 -12.6 0.48
0.01596 -12.6 0.48
0.01597 -12.4 0.48
0.01598 -12.6 0.44
0.01599 -10.8 0.48
0.016 -5 0.48
0.01601 1 0.48
0.01602 7.2 0.44
0.01603 13.2 0.44
0.01604 15 0.48
0.01605 15 0.48
0.01606 15 0.48
0.01607 15 0.48
0.01608 15 0.48
0.01609 15 0.48
0.0161 15 0.48
0.01611 15.2 0.48
0.01612 15 0.48
0.01613 15 0.48
0.01614 15 0.48
0.01615 15 0.48
0.01616 15 0.48
0.01617 15 0.48
0.01618 15 0.44
0.01619 15 0.44
0.0162 15 0.48
0.01621 15 0.48
0.01622 15 0.44
0.01623 15 0.48
0.01624 15 0.48
0.01625 15.2 0.48
0.01626 14.8 0.48
0.01627 15 0.48
0.01628 15 0.48
0.01629 15 0.48
0.0163 15 0.48
0.01631 15 0.48
0.01632 15 0.48
0.01633 15 0.44
0.01634 15 0.48
0.01635 15 0.48
0.01636 15 0.48
0.01637 15 0.48
0.01638 15 0.44
0.01639 15 0.48
0.0164 15 0.48
0.01641 15 0.48
0.01642 15 0.48
0.01643 14.8 0.48
0.01644 15 0.48
0.01645 15 0.48
0.01646 15 0.44
0.01647 15 0.48
0.01648 15 0.48
0.01649 15 0.48
0.0165 15 0.48
0.01651 14.8 0.48
0.01652 15 0.48
0.01653 14.8 0.48
0.01654 15 0.44
0.01655 15 0.48
0.01656 15 0.48
0.01657 15 0.48
0.01658 15 0.48
0.01659 15 0.48
0.0166 15 0.48
0.01661 15 0.48
0.01662 15 0.44
0.01663 15 0.48
0.01664 15 0.48
0.01665 15 0.48
0.01666 15 0.48
0.01667 15 0.44
0.01668 15 0.48
0.01669 14.8 0.48
0.0167 15 0.48
0.01671 14.8 0.44
0.01672 15 0.48
0.01673 14.8 0.48
0.01674 14.8 0.48
0.01675 15 0.48
0.01676 15 0.48
0.01677 15 0.48
0.01678 14.8 0.48
0.01679 15 0.48
0.0168 14.8 0.48
0.01681 15 0.48
0.01682 15 0.44
0.01683 14.8 0.48
0.01684 14.8 0.48
0.01685 14.8 0.44
0.01686 14.8 0.44
0.01687 14.8 0.48
0.01688 14.8 0.48
0.01689 14.8 0.44
0.0169 15 0.48
0.01691 14.8 0.48
0.01692 14.8 0.48
0.01693 15 0.48
0.01694 14.8 0.44
0.01695 15 0.48
0.01696 15 0.48
0.01697 14.8 0.48
0.01698 14.8 0.48
0.01699 14.8 0.48
0.017 14.8 0.48
0.01701 15 0.48
0.01702 14.8 0.48
0.01703 14.8 0.44
0.01704 14.8 0.48
0.01705 15 0.48
0.01706 14.8 0.48
0.01707 14.8 0.48
0.01708 14.8 0.48
0.01709 14.8 0.48
0.0171 14.8 0.44
0.01711 14.8 0.48
0.01712 14.8 0.48
0.01713 14.8 0.48
0.01714 14.8 0.48
0.01715 14.8 0.48
0.01716 14.8 0.48
0.01717 14.8 0.48
0.01718 14.8 0.44
0.01719 14.8 0.48
0.0172 14.8 0.48
0.01721 14.8 0.48
0.01722 14.8 0.44
0.01723 14.8 0.48
0.01724 14.8 0.48
0.01725 14.8 0.48
0.01726 14.8 0.48
0.01727 14.8 0.48
0.01728 14.8 0.48
0.01729 14.8 0.44
0.0173 14.8 0.44
0.01731 14.8 0.48
0.01732 14.6 0.48
0.01733 14.8 0.48
0.01734 14.8 0.44
0.01735 14.8 0.48
0.01736 14.8 0.48
0.01737 14.8 0.48
0.01738 14.6 0.48
0.01739 14.8 0.48
0.0174 14.6 0.48
0.01741 14.8 0.48
0.01742 14.8 0.44
0.01743 14.6 0.48
0.01744 14.8 0.48
0.01745 14.8 0.48
0.01746 14.8 0.48
0.01747 14.6 0.48
0.01748 14.8 0.48
0.01749 14.8 0.48
0.0175 14.6 0.48
0.01751 14.8 0.48
0.01752 14.8 0.48
0.01753 14.8 0.48
0.01754 14.6 0.48
0.01755 14.6 0.48
0.01756 14.8 0.48
0.01757 14.6 0.48
0.01758 14.8 0.48
0.01759 14.6 0.48
0.0176 14.6 0.48
0.01761 14.8 0.48
0.01762 14.8 0.48
0.01763 14.8 0.48
0.01764 14.8 0.48
0.01765 14.8 0.48
0.01766 14.8 0.48
0.01767 14.6 0.48
0.01768 14.8 0.48
0.01769 14.6 0.48
0.0177 14.6 0.44
0.01771 14.8 0.48
0.01772 14.6 0.48
0.01773 14.6 0.48
0.01774 14.6 0.44
0.01775 14.8 0.48
0.01776 14.8 0.48
0.01777 14.6 0.48
0.01778 14.6 0.48
0.01779 14.8 0.48
0.0178 14.6 0.48
0.01781 14.6 0.48
0.01782 14.6 0.44
0.01783 14.6 0.48
0.01784 14.6 0.48
0.01785 14.8 0.48
0.01786 14.6 0.48
0.01787 14.8 0.48
0.01788 14.6 0.48
0.01789 14.6 0.48
0.0179 14.8 0.48
0.01791 14.8 0.48
0.01792 14.8 0.48
0.01793 14.6 0.48
0.01794 14.6 0.48
0.01795 14.6 0.48
0.01796 14.6 0.48
0.01797 14.8 0.48
0.01798 14.6 0.44
0.01799 14.6 0.48
0.018 14.6 0.48
0.01801 14.6 0.48
0.01802 14.6 0.48
0.01803 14.8 0.48
0.01804 14.6 0.48
0.01805 14.6 0.48
0.01806 14.6 0.48
0.01807 14.6 0.48
0.01808 14.6 0.48
0.01809 14.8 0.48
0.0181 14.8 0.48
0.01811 14.6 0.48
0.01812 14.4 0.48
0.01813 14.8 0.48
0.01814 14.6 0.48
0.01815 14.6 0.48
0.01816 14.6 0.48
0.01817 14.6 0.48
0.01818 14.6 0.48
0.01819 14.6 0.48
0.0182 14.6 0.48
0.01821 14.6 0.48
0.01822 14.6 0.48
0.01823 14.6 0.48
0.01824 14.6 0.48
0.01825 14.6 0.48
0.01826 14.6 0.44
0.01827 14.6 0.48
0.01828 14.6 0.48
0.01829 14.6 0.48
0.0183 14.6 0.48
0.01831 14.6 0.48
0.01832 14.6 0.48
0.01833 14.6 0.44
0.01834 14.6 0.48
0.01835 14.6 0.48
0.01836 14.6 0.48
0.01837 14.6 0.48
0.01838 14.6 0.44
0.01839 14.6 0.48
0.0184 14.6 0.48
0.01841 14.6 0.44
0.01842 14.6 0.48
0.01843 14.6 0.48
0.01844 14.6 0.48
0.01845 14.6 0.48
0.01846 14.6 0.48
0.01847 14.6 0.48
0.01848 14.6 0.48
0.01849 14.6 0.48
0.0185 14.6 0.48
0.01851 14.6 0.48
0.01852 14.8 0.48
0.01853 14.6 0.44
0.01854 14.6 0.48
0.01855 14.4 0.48
0.01856 14.6 0.48
0.01857 14.6 0.44
0.01858 14.6 0.48
0.01859 14.4 0.48
0.0186 14.6 0.48
0.01861 14.6 0.48
0.01862 14.6 0.44
0.01863 14.4 0.48
0.01864 14.6 0.48
0.01865 14.6 0.48
0.01866 14.6 0.44
0.01867 14.6 0.48
0.01868 14.6 0.48
0.01869 14.6 0.48
0.0187 14.6 0.48
0.01871 14.6 0.48
0.01872 14.6 0.48
0.01873 14.6 0.44
0.01874 14.6 0.44
0.01875 14.6 0.48
0.01876 14.6 0.48
0.01877 14.4 0.44
0.01878 14.6 0.48
0.01879 14.4 0.48
0.0188 14.6 0.44
0.01881 14.6 0.44
0.01882 14.4 0.48
0.01883 14.6 0.48
0.01884 14.6 0.48
0.01885 14.6 0.48
0.01886 14.6 0.48
0.01887 14.6 0.48
0.01888 14.6 0.48
0.01889 14.6 0.48
0.0189 14.6 0.48
0.01891 14.6 0.48
0.01892 14.6 0.48
0.01893 14.6 0.44
0.01894 14.6 0.48
0.01895 14.8 0.48
0.01896 14.6 0.48
0.01897 14.4 0.44
0.01898 14.6 0.48
0.01899 14.6 0.44
0.019 14.4 0.48
0.01901 14.6 0.48
0.01902 14.6 0.48
0.01903 14.6 0.48
0.01904 14.6 0.48
0.01905 14.6 0.44
0.01906 14.6 0.48
0.01907 14.6 0.48
0.01908 14.6 0.44
0.01909 14.6 0.44
0.0191 14.6 0.48
0.01911 14.6 0.48
0.01912 14.6 0.48
0.01913 14.6 0.44
0.01914 14.6 0.48
0.01915 14.6 0.48
0.01916 14.6 0.48
0.01917 14.6 0.48
0.01918 14.6 0.44
0.01919 14.6 0.48
0.0192 14.6 0.48
0.01921 14.8 0.48
0.01922 14.6 0.48
0.01923 14.6 0.48
0.01924 14.6 0.48
0.01925 14.6 0.44
0.01926 14.6 0.44
0.01927 14.4 0.48
0.01928 14.6 0.48
0.01929 14.6 0.44
0.0193 14.6 0.48
0.01931 14.6 0.48
0.01932 14.6 0.48
0.01933 14.6 0.48
0.01934 14.6 0.48
0.01935 14.4 0.48
0.01936 14.6 0.44
0.01937 14.6 0.48
0.01938 14.4 0.48
0.01939 14.6 0.48
0.0194 14.6 0.48
0.01941 14.4 0.48
0.01942 14.6 0.48
0.01943 14.6 0.48
0.01944 14.6 0.44
0.01945 14.6 0.48
0.01946 14.6 0.44
0.01947 14.6 0.48
0.01948 14.6 0.44
0.01949 14.6 0.48
0.0195 14.6 0.44
0.01951 14.6 0.48
0.01952 14.6 0.44
0.01953 14.6 0.48
0.01954 14.6 0.44
0.01955 14.4 0.48
0.01956 14.6 0.48
0.01957 14.6 0.44
0.01958 14.6 0.44
0.01959 14.6 0.48
0.0196 14.6 0.48
0.01961 14.6 0.48
0.01962 14.6 0.48
0.01963 14.6 0.48
0.01964 14.6 0.44
0.01965 14.6 0.48
0.01966 14.6 0.48
0.01967 14.6 0.48
0.01968 14.6 0.44
0.01969 14.6 0.44
0.0197 14.6 0.48
0.01971 14.6 0.48
0.01972 14.4 0.48
0.01973 14.6 0.44
0.01974 14.4 0.48
0.01975 14.6 0.48
0.01976 14.6 0.48
0.01977 14.4 0.48
0.01978 14.6 0.48
0.01979 14.6 0.48
0.0198 14.6 0.48
0.01981 13.8 0.44
0.01982 12.4 0.48
0.01983 11 0.48
0.01984 9.4 0.48
0.01985 7.6 0.48
0.01986 5.8 0.48
0.01987 3.6 0.48
0.01988 1.4 0.48
0.01989 -1.4 4.44
0.0199 -4.4 0.48
0.01991 -7.2 0.48
0.01992 -9.8 0.48
0.01993 -13.2 0.48
0.01994 -13 0.48
0.01995 -13.2 0.48
0.01996 -13 0.48
0.01997 -13 0.48
0.01998 -13 0.48
0.01999 -13.2 0.48
0.02 -13 0.44
0.02001 -13 0.48
0.02002 -13.2 0.48
0.02003 -13 0.48
0.02004 -13 0.48
0.02005 -13 0.44
0.02006 -13 0.48
0.02007 -13 0.48
0.02008 -13 0.48
0.02009 -13 0.48
0.0201 -13 0.48
0.02011 -13 0.48
0.02012 -13 0.44
0.02013 -13 0.44
0.02014 -13.2 0.48
0.02015 -13 0.48
0.02016 -13 0.48
0.02017 -13 0.48
0.02018 -13 0.48
0.02019 -13.2 0.48
0.0202 -13 0.44
0.02021 -13 0.44
0.02022 -13 0.48
0.02023 -13 0.48
0.02024 -13 0.44
0.02025 -13 0.44
0.02026 -13 0.44
0.02027 -13 0.48
0.02028 -13 0.48
0.02029 -13 0.44
0.0203 -13 0.48
0.02031 -13 0.44
0.02032 -13 0.48
0.02033 -13 0.44
0.02034 -13 0.48
0.02035 -13 0.48
0.02036 -13 0.48
0.02037 -13 0.48
0.02038 -13 0.48
0.02039 -13 0.48
0.0204 -13 0.44
0.02041 -13 0.48
0.02042 -13 0.48
0.02043 -13 0.48
0.02044 -13 0.44
0.02045 -13 0.48
0.02046 -13 0.48
0.02047 -13 0.48
0.02048 -13 0.44
0.02049 -13 0.48
0.0205 -13 0.48
0.02051 -13 0.48
0.02052 -13 0.48
0.02053 -13 0.48
0.02054 -13 0.48
0.02055 -13 0.44
0.02056 -12.8 0.48
0.02057 -13 0.48
0.02058 -13 0.48
0.02059 -13 0.48
0.0206 -13 0.48
0.02061 -13 0.48
0.02062 -13 0.48
0.02063 -13 0.48
0.02064 -13 0.48
0.02065 -13 0.48
0.02066 -13 0.48
0.02067 -13 0.48
0.02068 -13 0.44
0.02069 -12.8 0.48
0.0207 -13 0.48
0.02071 -13 0.48
0.02072 -13 0.44
0.02073 -12.8 0.48
0.02074 -12.8 0.44
0.02075 -12.8 0.48
0.02076 -12.8 0.48
0.02077 -13 0.48
0.02078 -12.8 0.48
0.02079 -12.8 0.48
0.0208 -13 0.44
0.02081 -12.8 0.48
0.02082 -12.8 0.48
0.02083 -13 0.48
0.02084 -12.8 0.44
0.02085 -13 0.48
0.02086 -13 0.48
0.02087 -13 0.48
0.02088 -13 0.44
0.02089 -13 0.48
0.0209 -13 0.48
0.02091 -12.8 0.44
0.02092 -12.8 0.48
0.02093 -12.8 0.48
0.02094 -12.8 0.48
0.02095 -12.8 0.48
0.02096 -12.6 0.48
0.02097 -12.8 0.48
0.02098 -12.8 0.48
0.02099 -13 0.48
0.021 -12.8 0.48
0.02101 -13 0.48
0.02102 -12.8 0.48
0.02103 -13 0.48
0.02104 -12.8 0.44
0.02105 -13 0.44
0.02106 -13 0.48
0.02107 -12.8 0.48
0.02108 -12.8 0.44
0.02109 -12.8 0.48
0.0211 -13 0.48
0.02111 -12.8 0.48
0.02112 -12.8 0.44
0.02113 -12.8 0.48
0.02114 -13 0.48
0.02115 -12.8 0.48
0.02116 -12.6 0.48
0.02117 -12.8 0.44
0.02118 -12.8 0.48
0.02119 -12.8 0.48
0.0212 -12.8 0.48
0.02121 -12.8 0.48
0.02122 -12.8 0.48
0.02123 -12.8 0.48
0.02124 -13 0.44
0.02125 -13 0.48
0.02126 -12.8 0.48
0.02127 -12.8 0.48
0.02128 -12.8 0.44
0.02129 -12.8 0.48
0.0213 -12.8 0.48
0.02131 -12.8 0.48
0.02132 -12.8 0.48
0.02133 -12.8 0.48
0.02134 -13 0.48
0.02135 -12.8 0.48
0.02136 -12.8 0.48
0.02137 -12.8 0.48
0.02138 -12.8 0.48
0.02139 -12.8 0.44
0.0214 -12.8 0.48
0.02141 -12.8 0.48
0.02142 -12.6 0.48
0.02143 -13 0.48
0.02144 -12.6 0.44
0.02145 -12.6 0.44
0.02146 -12.6 0.48
0.02147 -12.8 0.48
0.02148 -12.8 0.44
0.02149 -12.8 0.48
0.0215 -12.8 0.48
0.02151 -12.8 0.48
0.02152 -12.6 0.48
0.02153 -12.8 0.48
0.02154 -12.8 0.48
0.02155 -12.8 0.48
0.02156 -12.8 0.48
0.02157 -12.8 0.48
0.02158 -12.8 0.48
0.02159 -12.8 0.48
0.0216 -12.8 0.44
0.02161 -12.8 0.48
0.02162 -12.8 0.48
0.02163 -12.6 0.48
0.02164 -12.6 0.44
0.02165 -12.6 0.48
0.02166 -12.8 0.48
0.02167 -12.8 0.44
0.02168 -12.8 0.44
0.02169 -12.8 0.48
0.0217 -12.8 0.48
0.02171 -12.6 0.44
0.02172 -12.8 0.44
0.02173 -12.6 0.48
0.02174 -12.8 0.48
0.02175 -12.6 0.48
0.02176 -12.8 0.48
0.02177 -12.6 0.48
0.02178 -12.8 0.48
0.02179 -12.6 0.48
0.0218 -12.6 0.48
0.02181 -12.6 0.48
0.02182 -12.6 0.48
0.02183 -12.6 0.48
0.02184 -12.6 0.48
0.02185 -12.6 0.48
0.02186 -12.8 0.48
0.02187 -12.6 0.48
0.02188 -12.8 0.44
0.02189 -12.8 0.48
0.0219 -12.8 0.48
0.02191 -12.8 0.48
0.02192 -12.8 0.44
0.02193 -12.8 0.48
0.02194 -12.6 0.48
0.02195 -12.8 0.48
0.02196 -12.8 0.48
0.02197 -12.6 0.44
0.02198 -12.6 0.48
0.02199 -12.6 0.48
0.022 -12.8 0.48
0.02201 -12.6 0.44
0.02202 -12.8 0.48
0.02203 -12.6 0.48
0.02204 -12.6 0.44
0.02205 -12.6 0.48
0.02206 -12.6 0.48
0.02207 -12.6 0.48
0.02208 -12.8 0.48
0.02209 -12.6 0.44
0.0221 -12.8 0.48
0.02211 -12.6 0.48
0.02212 -12.8 0.48
0.02213 -12.8 0.48
0.02214 -12.6 0.48
0.02215 -12.8 0.48
0.02216 -12.6 0.44
0.02217 -12.6 0.48
0.02218 -12.8 0.48
0.02219 -12.8 0.48
0.0222 -12.6 0.48
0.02221 -12.6 0.48
0.02222 -12.6 0.48
0.02223 -12.8 0.48
0.02224 -12.6 0.48
0.02225 -12.6 0.48
0.02226 -12.6 0.48
0.02227 -12.6 0.48
0.02228 -12.6 0.48
0.02229 -12.6 0.48
0.0223 -12.6 0.52
0.02231 -12.6 0.48
0.02232 -12.6 0.48
0.02233 -12.6 0.44
0.02234 -12.6 0.48
0.02235 -12.6 0.48
0.02236 -12.6 0.44
0.02237 -12.8 0.48
0.02238 -12.6 0.48
0.02239 -12.6 0.48
0.0224 -12.6 0.48
0.02241 -12.6 0.48
0.02242 -12.6 0.48
0.02243 -12.6 0.48
0.02244 -12.6 0.48
0.02245 -12.6 0.48
0.02246 -12.6 0.48
0.02247 -12.6 0.44
0.02248 -12.6 0.44
0.02249 -12.6 0.48
0.0225 -12.6 0.48
0.02251 -12.6 0.48
0.02252 -12.8 0.48
0.02253 -12.6 0.48
0.02254 -12.6 0.48
0.02255 -12.8 0.48
0.02256 -12.6 0.48
0.02257 -12.8 0.48
0.02258 -12.6 0.48
0.02259 -12.8 0.44
0.0226 -12.6 0.44
0.02261 -12.6 0.48
0.02262 -12.6 0.48
0.02263 -12.6 0.44
0.02264 -12.6 0.48
0.02265 -12.6 0.48
0.02266 -12.6 0.48
0.02267 -12.6 0.48
0.02268 -12.6 0.44
0.02269 -12.6 0.48
0.0227 -12.6 0.48
0.02271 -12.6 0.48
0.02272 -12.6 0.44
0.02273 -12.6 0.48
0.02274 -12.6 0.48
0.02275 -12.6 0.48
0.02276 -12.6 0.48
0.02277 -12.6 0.48
0.02278 -12.6 0.48
0.02279 -12.6 0.44
0.0228 -12.6 0.44
0.02281 -12.6 0.48
0.02282 -12.6 0.48
0.02283 -12.6 0.48
0.02284 -12.6 0.48
0.02285 -12.6 0.48
0.02286 -12.6 0.48
0.02287 -12.6 0.48
0.02288 -12.6 0.48
0.02289 -12.6 0.48
0.0229 -12.6 0.48
0.02291 -12.6 0.48
0.02292 -12.8 0.48
0.02293 -12.4 0.48
0.02294 -12.6 0.48
0.02295 -12.6 0.44
0.02296 -12.6 0.48
0.02297 -12.6 0.48
0.02298 -12.6 0.48
0.02299 -12.6 0.44
0.023 -12.6 0.48
0.02301 -12.6 0.48
0.02302 -12.4 0.48
0.02303 -12.6 0.44
0.02304 -12.6 0.48
0.02305 -12.6 0.48
0.02306 -12.6 0.48
0.02307 -12.6 0.44
0.02308 -12.6 0.48
0.02309 -12.4 0.48
0.0231 -12.6 0.48
0.02311 -12.6 0.48
0.02312 -12.6 0.48
0.02313 -12.6 0.48
0.02314 -12.6 0.48
0.02315 -12.6 0.48
0.02316 -12.8 0.44
0.02317 -12.6 0.48
0.02318 -12.6 0.48
0.02319 -12.6 0.44
0.0232 -12.8 0.48
0.02321 -12.6 0.48
0.02322 -12.6 0.48
0.02323 -12.6 0.44
0.02324 -12.6 0.48
0.02325 -12.6 0.48
0.02326 -12.6 0.48
0.02327 -12.6 0.44
0.02328 -12.4 0.48
0.02329 -12.6 0.48
0.0233 -12.8 0.48
0.02331 -12.6 0.48
0.02332 -12.6 0.48
0.02333 -12.6 0.48
0.02334 -12.6 0.44
0.02335 -12.6 0.48
0.02336 -12.6 0.48
0.02337 -12.6 0.48
0.02338 -12.6 0.48
0.02339 -12.8 0.48
0.0234 -12.6 0.48
0.02341 -12.6 0.48
0.02342 -12.6 0.48
0.02343 -12.8 0.48
0.02344 -12.4 0.48
0.02345 -12.6 0.48
0.02346 -12.8 0.44
0.02347 -12.6 0.44
0.02348 -12.4 0.48
0.02349 -12.6 0.48
0.0235 -12.6 0.48
0.02351 -12.6 0.48
0.02352 -12.4 0.48
0.02353 -12.6 0.48
0.02354 -12.6 0.48
0.02355 -12.6 0.44
0.02356 -12.6 0.48
0.02357 -12.6 0.48
0.02358 -12.4 0.48
0.02359 -12.6 0.48
0.0236 -12.4 0.48
0.02361 -12.6 0.48
0.02362 -12.6 0.48
0.02363 -12.4 0.48
0.02364 -12.6 0.48
0.02365 -12.6 0.48
0.02366 -12.6 0.44
0.02367 -12.4 0.48
0.02368 -12.6 0.48
0.02369 -12.4 0.48
0.0237 -12.6 0.44
0.02371 -12.4 0.48
0.02372 -12.6 0.48
0.02373 -12.4 0.48
0.02374 -12.6 0.48
0.02375 -12.6 0.44
0.02376 -12.6 0.48
0.02377 -12.4 0.48
0.02378 -12.6 0.44
0.02379 -12.6 0.44
0.0238 -12.6 0.48
0.02381 -7.2 0.48
0.02382 -1.2 0.48
0.02383 5 0.48
0.02384 11 0.48
0.02385 15 0.48
0.02386 15 0.48
0.02387 15 0.48
0.02388 15 0.48
0.02389 15 0.48
0.0239 15 0.48
0.02391 15 0.48
0.02392 15 0.48
0.02393 15 0.48
0.02394 15 0.48
0.02395 15 0.48
0.02396 15 0.48
0.02397 15 0.48
0.02398 15 0.48
0.02399 15 0.48
0.024 15 0.48
0.02401 15 0.48
0.02402 15 0.48
0.02403 15 0.48
0.02404 15 0.48
0.02405 15 0.48
0.02406 15 0.48
0.02407 15 0.48
0.02408 15 0.48
0.02409 15 0.48
0.0241 15 0.48
0.02411 14.8 0.48
0.02412 15 0.48
0.02413 15 0.48
0.02414 15 0.44
0.02415 15 0.44
0.02416 15 0.48
0.02417 15 0.48
0.02418 15 0.44
0.02419 15 0.48
0.0242 15 0.48
0.02421 15 0.48
0.02422 15 0.48
0.02423 15 0.44
0.02424 15 0.48
0.02425 15 0.48
0.02426 15 0.48
0.02427 15 0.48
0.02428 15 0.48
0.02429 15 0.48
0.0243 15 0.48
0.02431 15 0.48
0.02432 15 0.48
0.02433 15 0.44
0.02434 15 0.48
0.02435 15 0.48
0.02436 15 0.48
0.02437 15 0.48
0.02438 15 0.48
0.02439 15 0.48
0.0244 14.8 0.48
0.02441 15 0.48
0.02442 15 0.48
0.02443 15 0.48
0.02444 15 0.48
0.02445 15 0.48
0.02446 14.8 0.48
0.02447 15 0.48
0.02448 15 0.48
0.02449 14.8 0.48
0.0245 15 0.44
0.02451 14.8 0.48
0.02452 15 0.48
0.02453 14.8 0.48
0.02454 15 0.48
0.02455 14.8 0.48
0.02456 15 0.48
0.02457 15 0.48
0.02458 15 0.44
0.02459 15 0.48
0.0246 15 0.48
0.02461 15 0.44
0.02462 15 0.48
0.02463 15 0.48
0.02464 15 0.48
0.02465 15 0.48
0.02466 15 0.48
0.02467 15 0.48
0.02468 15 0.48
0.02469 14.8 0.48
0.0247 14.8 0.48
0.02471 15 0.48
0.02472 14.8 0.48
0.02473 14.8 0.48
0.02474 15 0.48
0.02475 14.8 0.48
0.02476 14.8 0.48
0.02477 15 0.48
0.02478 14.8 0.48
0.02479 15 0.48
0.0248 15 0.48
0.02481 14.8 0.44
0.02482 14.8 0.48
0.02483 15 0.48
0.02484 14.8 0.48
0.02485 15 0.44
0.02486 15 0.48
0.02487 15 0.48
0.02488 14.8 0.48
0.02489 14.8 0.48
0.0249 15 0.48
0.02491 14.8 0.48
0.02492 15 0.48
0.02493 14.8 0.48
0.02494 15 0.48
0.02495 15 0.48
0.02496 15 0.48
0.02497 15 0.48
0.02498 14.8 0.44
0.02499 14.8 0.48
0.025 14.8 0.48
0.02501 14.8 0.44
0.02502 14.8 0.44
0.02503 14.8 0.48
0.02504 14.8 0.48
0.02505 14.8 0.48
0.02506 14.8 0.48
0.02507 14.6 0.48
0.02508 15 0.48
0.02509 14.6 0.48
0.0251 14.8 0.48
0.02511 14.8 0.44
0.02512 14.8 0.48
0.02513 14.8 0.48
0.02514 14.8 0.48
0.02515 14.8 0.44
0.02516 15 0.48
0.02517 14.8 0.44
0.02518 14.8 0.48
0.02519 14.8 0.48
0.0252 14.8 0.48
0.02521 14.8 0.48
0.02522 14.8 0.44
0.02523 14.8 0.48
0.02524 14.8 0.48
0.02525 14.8 0.44
0.02526 14.8 0.44
0.02527 14.8 0.48
0.02528 14.8 0.48
0.02529 14.8 0.48
0.0253 14.6 0.48
0.02531 14.8 0.48
0.02532 14.8 0.48
0.02533 14.8 0.48
0.02534 14.8 0.48
0.02535 14.8 0.48
0.02536 14.8 0.48
0.02537 15 0.44
0.02538 14.6 0.48
0.02539 14.8 0.48
0.0254 14.8 0.44
0.02541 14.8 0.48
0.02542 14.8 0.48
0.02543 14.8 0.48
0.02544 14.8 0.48
0.02545 14.8 0.48
0.02546 14.8 0.48
0.02547 14.8 0.48
0.02548 14.8 0.48
0.02549 14.6 0.48
0.0255 14.8 0.48
0.02551 14.8 0.48
0.02552 14.6 0.48
0.02553 14.6 0.48
0.02554 14.8 0.48
0.02555 14.8 0.48
0.02556 14.8 0.48
0.02557 14.6 0.48
0.02558 14.6 0.44
0.02559 14.8 0.48
0.0256 14.8 0.48
0.02561 14.6 0.48
0.02562 14.8 0.48
0.02563 14.8 0.44
0.02564 14.6 0.48
0.02565 14.8 0.44
0.02566 14.8 0.44
0.02567 14.6 0.48
0.02568 14.6 0.48
0.02569 14.8 0.44
0.0257 14.6 0.48
0.02571 14.6 0.48
0.02572 14.6 0.48
0.02573 14.8 0.48
0.02574 14.8 0.48
0.02575 14.6 0.48
0.02576 14.8 0.48
0.02577 14.6 0.44
0.02578 14.6 0.44
0.02579 14.6 0.48
0.0258 14.8 0.48
0.02581 14.6 0.48
0.02582 14.8 0.48
0.02583 14.6 0.48
0.02584 14.6 0.48
0.02585 14.6 0.48
0.02586 14.6 0.44
0.02587 14.8 0.48
0.02588 14.8 0.48
0.02589 14.8 0.48
0.0259 14.6 0.48
0.02591 14.6 0.48
0.02592 14.6 0.48
0.02593 14.6 0.44
0.02594 14.8 0.48
0.02595 14.6 0.48
0.02596 14.6 0.48
0.02597 14.6 0.48
0.02598 14.6 0.44
0.02599 14.6 0.48
0.026 14.8 0.48
0.02601 14.6 0.48
0.02602 14.6 0.44
0.02603 14.6 0.48
0.02604 14.6 0.48
0.02605 14.6 0.44
0.02606 14.6 0.48
0.02607 14.8 0.48
0.02608 14.6 0.48
0.02609 14.8 0.48
0.0261 14.6 0.48
0.02611 14.6 0.48
0.02612 14.6 0.48
0.02613 14.8 0.44
0.02614 14.6 0.44
0.02615 14.6 0.48
0.02616 14.6 0.48
0.02617 14.6 0.44
0.02618 14.6 0.48
0.02619 14.6 0.48
0.0262 14.6 0.48
0.02621 14.6 0.44
0.02622 14.6 0.48
0.02623 14.6 0.48
0.02624 14.6 0.48
0.02625 14.6 0.48
0.02626 14.6 0.44
0.02627 14.6 0.48
0.02628 14.6 0.48
0.02629 14.6 0.48
0.0263 14.6 0.48
0.02631 14.8 0.48
0.02632 14.6 0.48
0.02633 14.6 0.44
0.02634 14.8 0.48
0.02635 14.6 0.48
0.02636 14.6 0.48
0.02637 14.6 0.44
0.02638 14.4 0.44
0.02639 14.6 0.48
0.0264 14.6 0.48
0.02641 14.6 0.44
0.02642 14.8 0.48
0.02643 14.6 0.48
0.02644 14.6 0.48
0.02645 14.6 0.48
0.02646 14.6 0.48
0.02647 14.6 0.48
0.02648 14.6 0.48
0.02649 14.6 0.48
0.0265 14.6 0.48
0.02651 14.6 0.48
0.02652 14.6 0.48
0.02653 14.6 0.48
0.02654 14.6 0.44
0.02655 14.6 0.48
0.02656 14.6 0.48
0.02657 14.4 0.44
0.02658 14.8 0.48
0.02659 14.6 0.48
0.0266 14.6 0.48
0.02661 14.6 0.48
0.02662 14.6 0.48
0.02663 14.4 0.48
0.02664 14.6 0.48
0.02665 14.6 0.48
0.02666 14.6 0.48
0.02667 14.6 0.48
0.02668 14.6 0.44
0.02669 14.6 0.48
0.0267 14.4 0.48
0.02671 14.6 0.48
0.02672 14.6 0.48
0.02673 14.6 0.48
0.02674 14.4 0.48
0.02675 14.6 0.48
0.02676 14.6 0.44
0.02677 14.6 0.44
0.02678 14.6 0.48
0.02679 14.6 0.48
0.0268 14.4 0.48
0.02681 14.6 0.44
0.02682 14.6 0.48
0.02683 14.6 0.48
0.02684 14.6 0.44
0.02685 14.6 0.48
0.02686 14.6 0.48
0.02687 14.6 0.48
0.02688 14.6 0.48
0.02689 14.6 0.48
0.0269 14.6 0.48
0.02691 14.6 0.48
0.02692 14.4 0.48
0.02693 14.6 0.48
0.02694 14.6 0.48
0.02695 14.6 0.48
0.02696 14.6 0.48
0.02697 14.6 0.48
0.02698 14.6 0.48
0.02699 14.6 0.48
0.027 14.4 0.48
0.02701 14.6 0.48
0.02702 14.4 0.48
0.02703 14.6 0.48
0.02704 14.4 0.48
0.02705 14.6 0.44
0.02706 14.6 0.48
0.02707 14.8 0.48
0.02708 14.6 0.48
0.02709 14.6 0.44
0.0271 14.6 0.48
0.02711 14.6 0.48
0.02712 14.6 0.48
0.02713 14.8 0.48
0.02714 14.6 0.48
0.02715 14.6 0.48
0.02716 14.6 0.48
0.02717 14.6 0.48
0.02718 14.6 0.48
0.02719 14.6 0.48
0.0272 14.6 0.48
0.02721 14.4 0.48
0.02722 14.6 0.48
0.02723 14.6 0.48
0.02724 14.6 0.48
0.02725 14.6 0.48
0.02726 14.6 0.48
0.02727 14.6 0.44
0.02728 14.4 0.48
0.02729 14.6 0.48
0.0273 14.6 0.48
0.02731 14.4 0.48
0.02732 14.4 0.48
0.02733 14.6 0.48
0.02734 14.6 0.48
0.02735 14.4 0.48
0.02736 14.6 0.44
0.02737 14.6 0.48
0.02738 14.6 0.48
0.02739 14.6 0.48
0.0274 14.4 0.48
0.02741 14.6 0.44
0.02742 14.6 0.48
0.02743 14.6 0.48
0.02744 14.4 0.48
0.02745 14.6 0.48
0.02746 14.6 0.48
0.02747 14.4 0.48
0.02748 14.6 0.48
0.02749 14.6 0.48
0.0275 14.6 0.48
0.02751 14.6 0.48
0.02752 14.6 0.48
0.02753 14.4 0.44
0.02754 14.6 0.48
0.02755 14.6 0.48
0.02756 14.6 0.48
0.02757 14.6 0.48
0.02758 14.6 0.48
0.02759 14.6 0.48
0.0276 14.4 0.48
0.02761 14.6 0.48
0.02762 14.6 0.48
0.02763 13.4 0.48
0.02764 12.2 0.48
0.02765 10.8 0.44
0.02766 9 0.48
0.02767 7.4 0.48
0.02768 5.4 0.44
0.02769 3.2 0.48
0.0277 0.8 0.48
0.02771 -2.2 4.48
0.02772 -5 0.48
0.02773 -7.6 0.48
0.02774 -10.6 0.48
0.02775 -13 0.48
0.02776 -13.2 0.48
0.02777 -13 0.44
0.02778 -13 0.48
0.02779 -13 0.48
0.0278 -13 0.48
0.02781 -13.2 0.48
0.02782 -13 0.48
0.02783 -13 0.48
0.02784 -13 0.48
0.02785 -13 0.48
0.02786 -13.2 0.48
0.02787 -13 0.48
0.02788 -13 0.48
0.02789 -13 0.48
0.0279 -13.2 0.48
0.02791 -13 0.48
0.02792 -13 0.44
0.02793 -13 0.48
0.02794 -13 0.48
0.02795 -13 0.48
0.02796 -13 0.48
0.02797 -13 0.48
0.02798 -13 0.48
0.02799 -13 0.48
0.028 -12.8 0.48
0.02801 -13 0.48
0.02802 -13 0.48
0.02803 -13 0.48
0.02804 -13 0.48
0.02805 -12.8 0.48
0.02806 -13 0.48
0.02807 -13 0.48
0.02808 -13 0.48
0.02809 -13 0.48
0.0281 -13 0.48
0.02811 -13 0.48
0.02812 -13.2 0.44
0.02813 -13 0.44
0.02814 -13 0.48
0.02815 -13.2 0.48
0.02816 -13 0.44
0.02817 -12.8 0.48
0.02818 -13 0.48
0.02819 -13 0.48
0.0282 -13 0.48
0.02821 -13.2 0.44
0.02822 -13 0.48
0.02823 -13 0.48
0.02824 -13 0.48
0.02825 -13 0.48
0.02826 -13 0.44
0.02827 -13 0.48
0.02828 -13 0.48
0.02829 -13 0.48
0.0283 -13 0.48
0.02831 -13 0.48
0.02832 -13 0.44
0.02833 -13.2 0.48
0.02834 -13 0.48
0.02835 -13 0.44
0.02836 -13 0.48
0.02837 -13 0.48
0.02838 -13 0.48
0.02839 -13 0.48
0.0284 -13 0.48
0.02841 -13 0.48
0.02842 -13 0.48
0.02843 -13 0.48
0.02844 -12.8 0.48
0.02845 -13 0.48
0.02846 -13 0.48
0.02847 -13 0.48
0.02848 -13 0.48
0.02849 -13 0.48
0.0285 -12.8 0.48
0.02851 -12.8 0.48
0.02852 -13 0.48
0.02853 -13 0.48
0.02854 -13 0.48
0.02855 -12.8 0.48
0.02856 -13 0.48
0.02857 -13 0.48
0.02858 -12.8 0.48
0.02859 -12.8 0.48
0.0286 -13.2 0.48
0.02861 -12.8 0.48
0.02862 -12.8 0.48
0.02863 -12.8 0.44
0.02864 -13 0.48
0.02865 -13 0.48
0.02866 -13 0.48
0.02867 -12.8 0.48
0.02868 -12.8 0.44
0.02869 -13 0.48
0.0287 -12.8 0.48
0.02871 -12.8 0.48
0.02872 -12.8 0.48
0.02873 -13 0.48
0.02874 -13 0.48
0.02875 -12.8 0.48
0.02876 -12.8 0.44
0.02877 -12.8 0.48
0.02878 -12.8 0.48
0.02879 -13 0.48
0.0288 -13 0.44
0.02881 -12.8 0.48
0.02882 -13 0.48
0.02883 -12.8 0.48
0.02884 -12.8 0.48
0.02885 -13 0.48
0.02886 -13 0.48
0.02887 -13 0.48
0.02888 -12.8 0.48
0.02889 -12.8 0.44
0.0289 -13 0.48
0.02891 -13 0.48
0.02892 -12.8 0.44
0.02893 -12.8 0.48
0.02894 -12.8 0.48
0.02895 -12.8 0.48
0.02896 -12.8 0.48
0.02897 -12.8 0.48
0.02898 -12.8 0.48
0.02899 -12.8 0.48
0.029 -12.8 0.48
0.02901 -12.8 0.48
0.02902 -12.8 0.48
0.02903 -12.8 0.48
0.02904 -13 0.48
0.02905 -12.8 0.48
0.02906 -12.8 0.44
0.02907 -12.8 0.48
0.02908 -12.8 0.44
0.02909 -12.8 0.48
0.0291 -12.8 0.48
0.02911 -12.8 0.48
0.02912 -13 0.48
0.02913 -12.8 0.48
0.02914 -12.8 0.48
0.02915 -12.8 0.48
0.02916 -12.8 0.48
0.02917 -12.8 0.44
0.02918 -12.8 0.48
0.02919 -12.8 0.48
0.0292 -12.8 0.44
0.02921 -13 0.48
0.02922 -12.8 0.48
0.02923 -12.8 0.48
0.02924 -12.8 0.48
0.02925 -12.8 0.48
0.02926 -12.8 0.48
0.02927 -12.8 0.44
0.02928 -12.8 0.48
0.02929 -12.8 0.48
0.0293 -12.8 0.48
0.02931 -12.6 0.48
0.02932 -12.6 0.48
0.02933 -13 0.48
0.02934 -12.8 0.48
0.02935 -12.8 0.48
0.02936 -12.8 0.48
0.02937 -12.8 0.48
0.02938 -12.8 0.48
0.02939 -12.6 0.48
0.0294 -12.8 0.48
0.02941 -12.8 0.48
0.02942 -12.8 0.48
0.02943 -12.8 0.48
0.02944 -12.8 0.48
0.02945 -12.8 0.48
0.02946 -12.8 0.48
0.02947 -12.6 0.44
0.02948 -12.6 0.48
0.02949 -12.6 0.48
0.0295 -12.8 0.48
0.02951 -12.6 0.48
0.02952 -12.6 0.48
0.02953 -12.8 0.48
0.02954 -12.8 0.44
0.02955 -12.8 0.48
0.02956 -12.8 0.44
0.02957 -12.8 0.48
0.02958 -12.8 0.48
0.02959 -12.8 0.48
0.0296 -12.6 0.48
0.02961 -12.6 0.48
0.02962 -12.6 0.48
0.02963 -12.8 0.44
0.02964 -12.8 0.48
0.02965 -12.6 0.48
0.02966 -12.8 0.48
0.02967 -12.6 0.44
0.02968 -12.8 0.44
0.02969 -12.8 0.48
0.0297 -12.6 0.48
0.02971 -12.8 0.44
0.02972 -12.6 0.48
0.02973 -12.6 0.48
0.02974 -12.6 0.44
0.02975 -12.8 0.48
0.02976 -12.8 0.48
0.02977 -12.6 0.48
0.02978 -12.8 0.48
0.02979 -12.8 0.48
0.0298 -12.8 0.48
0.02981 -12.8 0.48
0.02982 -12.6 0.48
0.02983 -12.6 0.48
0.02984 -12.6 0.48
0.02985 -12.6 0.48
0.02986 -12.8 0.48
0.02987 -12.6 0.44
0.02988 -12.8 0.48
0.02989 -12.6 0.48
0.0299 -12.6 0.48
0.02991 -12.8 0.44
0.02992 -12.6 0.48
0.02993 -12.6 0.48
0.02994 -12.6 0.48
0.02995 -12.8 0.44
0.02996 -12.8 0.48
0.02997 -12.8 0.48
0.02998 -12.8 0.48
0.02999 -12.8 0.44
0.03 -12.8 0.48
0.03001 -12.6 0.48
0.03002 -12.8 0.48
0.03003 -12.6 0.48
0.03004 -12.8 0.48
0.03005 -12.6 0.48
0.03006 -12.6 0.44
0.03007 -12.8 0.48
0.03008 -12.6 0.48
0.03009 -12.6 0.48
0.0301 -12.8 0.48
0.03011 -12.6 0.44
0.03012 -12.8 0.48
0.03013 -12.8 0.48
0.03014 -12.8 0.44
0.03015 -12.6 0.44
0.03016 -12.6 0.48
0.03017 -12.6 0.48
0.03018 -12.6 0.48
0.03019 -12.6 0.48
0.0302 -12.8 0.44
0.03021 -12.6 0.48
0.03022 -12.6 0.48
0.03023 -12.6 0.44
0.03024 -12.8 0.44
0.03025 -12.6 0.48
0.03026 -12.8 0.48
0.03027 -12.6 0.48
0.03028 -12.8 0.44
0.03029 -12.8 0.48
0.0303 -12.6 0.48
0.03031 -12.6 0.44
0.03032 -12.8 0.48
0.03033 -12.6 0.48
0.03034 -12.6 0.48
0.03035 -12.6 0.44
0.03036 -12.8 0.48
0.03037 -12.6 0.52
0.03038 -12.6 0.44
0.03039 -12.8 0.44
0.0304 -12.6 0.48
0.03041 -12.6 0.48
0.03042 -12.6 0.48
0.03043 -12.8 0.48
0.03044 -12.6 0.44
0.03045 -12.6 0.48
0.03046 -12.6 0.44
0.03047 -12.8 0.48
0.03048 -12.6 0.48
0.03049 -12.6 0.48
0.0305 -12.6 0.48
0.03051 -12.6 0.44
0.03052 -12.6 0.48
0.03053 -12.8 0.48
0.03054 -12.6 0.44
0.03055 -12.6 0.48
0.03056 -12.6 0.48
0.03057 -12.6 0.48
0.03058 -12.6 0.48
0.03059 -12.6 0.48
0.0306 -12.6 0.48
0.03061 -12.4 0.48
0.03062 -12.6 0.48
0.03063 -12.6 0.48
0.03064 -12.8 0.48
0.03065 -12.6 0.48
0.03066 -12.8 0.48
0.03067 -12.6 0.44
0.03068 -12.6 0.48
0.03069 -12.6 0.48
0.0307 -12.6 0.44
0.03071 -12.6 0.48
0.03072 -12.6 0.44
0.03073 -12.6 0.48
0.03074 -12.6 0.44
0.03075 -12.6 0.44
0.03076 -12.6 0.48
0.03077 -12.6 0.48
0.03078 -12.8 0.48
0.03079 -12.6 0.48
0.0308 -12.6 0.48
0.03081 -12.6 0.48
0.03082 -12.6 0.48
0.03083 -12.6 0.44
0.03084 -12.6 0.48
0.03085 -12.6 0.48
0.03086 -12.6 0.48
0.03087 -12.6 0.44
0.03088 -12.6 0.48
0.03089 -12.6 0.48
0.0309 -12.6 0.48
0.03091 -12.6 0.44
0.03092 -12.6 0.44
0.03093 -12.6 0.48
0.03094 -12.6 0.48
0.03095 -12.6 0.44
0.03096 -12.6 0.48
0.03097 -12.6 0.48
0.03098 -12.6 0.44
0.03099 -12.6 0.48
0.031 -12.8 0.48
0.03101 -12.6 0.48
0.03102 -12.6 0.48
0.03103 -12.6 0.48
0.03104 -12.6 0.48
0.03105 -12.6 0.48
0.03106 -12.6 0.44
0.03107 -12.6 0.48
0.03108 -12.6 0.48
0.03109 -12.6 0.48
0.0311 -12.4 0.48
0.03111 -12.6 0.48
0.03112 -12.4 0.48
0.03113 -12.6 0.48
0.03114 -12.6 0.48
0.03115 -12.6 0.48
0.03116 -12.6 0.48
0.03117 -12.6 0.48
0.03118 -12.6 0.48
0.03119 -12.6 0.44
0.0312 -12.6 0.48
0.03121 -12.6 0.48
0.03122 -12.4 0.44
0.03123 -12.6 0.48
0.03124 -12.6 0.48
0.03125 -12.6 0.48
0.03126 -12.6 0.44
0.03127 -12.6 0.44
0.03128 -12.6 0.48
0.03129 -12.4 0.48
0.0313 -12.6 0.48
0.03131 -12.6 0.48
0.03132 -12.6 0.48
0.03133 -12.6 0.48
0.03134 -12.6 0.44
0.03135 -12.4 0.48
0.03136 -12.4 0.48
0.03137 -12.6 0.48
0.03138 -12.6 0.44
0.03139 -12.6 0.48
0.0314 -12.6 0.48
0.03141 -12.4 0.48
0.03142 -12.6 0.44
0.03143 -12.6 0.48
0.03144 -12.6 0.48
0.03145 -12.6 0.48
0.03146 -12.6 0.44
0.03147 -12.6 0.48
0.03148 -12.6 0.48
0.03149 -12.6 0.44
0.0315 -12.6 0.48
0.03151 -12.4 0.48
0.03152 -12.6 0.48
0.03153 -12.6 0.48
0.03154 -12.6 0.48
0.03155 -12.6 0.48
0.03156 -12.6 0.48
0.03157 -12.4 0.48
0.03158 -12.6 0.48
0.03159 -12.6 0.48
0.0316 -12.6 0.48
0.03161 -12.6 0.48
0.03162 -9.4 0.48
0.03163 -3.6 0.48
0.03164 2.6 0.48
0.03165 8.6 0.48
0.03166 14.6 0.44
0.03167 15 0.48
0.03168 15 0.48
0.03169 15 0.48
0.0317 15 0.44
0.03171 15 0.48
0.03172 15 0.48
0.03173 15 0.48
0.03174 15 0.48
0.03175 15 0.44
0.03176 15 0.48
0.03177 15 0.48
0.03178 15 0.44
0.03179 15.2 0.48
0.0318 15 0.48
0.03181 15 0.48
0.03182 15 0.44
0.03183 15 0.48
0.03184 15 0.48
0.03185 15 0.48
0.03186 15 0.44
0.03187 15 0.48
0.03188 15 0.48
0.03189 15 0.44
0.0319 15 0.44
0.03191 15 0.48
0.03192 15 0.48
0.03193 15 0.44
0.03194 15 0.48
0.03195 15 0.48
0.03196 15 0.48
0.03197 15 0.48
0.03198 15 0.48
0.03199 15 0.44
0.032 15 0.48
0.03201 15 0.48
0.03202 15 0.44
0.03203 15 0.48
0.03204 15 0.48
0.03205 15 0.48
0.03206 15 0.44
0.03207 15 0.48
0.03208 14.8 0.44
0.03209 14.8 0.48
0.0321 15 0.44
0.03211 14.8 0.48
0.03212 15 0.48
0.03213 15 0.48
0.03214 15 0.48
0.03215 15 0.44
0.03216 15 0.48
0.03217 15 0.48
0.03218 15 0.48
0.03219 14.8 0.48
0.0322 15 0.48
0.03221 15 0.48
0.03222 15 0.48
0.03223 14.8 0.48
0.03224 15 0.48
0.03225 14.8 0.48
0.03226 15 0.48
0.03227 15 0.48
0.03228 14.8 0.48
0.03229 14.8 0.48
0.0323 15 0.48
0.03231 15 0.48
0.03232 15 0.48
0.03233 15 0.44
0.03234 14.8 0.44
0.03235 14.8 0.48
0.03236 15 0.48
0.03237 15 0.48
0.03238 14.8 0.48
0.03239 14.8 0.48
0.0324 15 0.48
0.03241 15 0.48
0.03242 14.8 0.48
0.03243 15 0.48
0.03244 14.8 0.48
0.03245 14.8 0.48
0.03246 15 0.48
0.03247 14.8 0.48
0.03248 15 0.48
0.03249 14.8 0.48
0.0325 15 0.48
0.03251 14.8 0.48
0.03252 14.8 0.48
0.03253 14.8 0.48
0.03254 15 0.44
0.03255 15 0.48
0.03256 15 0.48
0.03257 14.8 0.44
0.03258 15 0.48
0.03259 14.8 0.44
0.0326 14.8 0.48
0.03261 14.8 0.44
0.03262 14.8 0.44
0.03263 14.8 0.48
0.03264 14.8 0.48
0.03265 14.8 0.48
0.03266 14.8 0.44
0.03267 14.8 0.48
0.03268 14.8 0.48
0.03269 14.8 0.48
0.0327 14.8 0.48
0.03271 14.6 0.48
0.03272 14.6 0.48
0.03273 14.8 0.48
0.03274 14.8 0.44
0.03275 14.8 0.48
0.03276 14.8 0.48
0.03277 14.8 0.44
0.03278 14.8 0.44
0.03279 14.8 0.48
0.0328 14.8 0.48
0.03281 14.8 0.48
0.03282 15 0.48
0.03283 14.8 0.48
0.03284 14.6 0.48
0.03285 14.8 0.48
0.03286 14.8 0.44
0.03287 14.8 0.48
0.03288 14.6 0.48
0.03289 14.8 0.48
0.0329 14.8 0.48
0.03291 14.8 0.48
0.03292 14.8 0.48
0.03293 14.8 0.48
0.03294 14.8 0.44
0.03295 14.6 0.44
0.03296 14.8 0.48
0.03297 14.8 0.48
0.03298 14.6 0.48
0.03299 14.8 0.48
0.033 14.6 0.48
0.03301 14.6 0.48
0.03302 14.8 0.48
0.03303 14.8 0.48
0.03304 14.8 0.48
0.03305 14.8 0.48
0.03306 14.8 0.48
0.03307 14.8 0.48
0.03308 14.6 0.48
0.03309 14.8 0.48
0.0331 14.8 0.48
0.03311 14.8 0.48
0.03312 14.6 0.48
0.03313 14.6 0.48
0.03314 14.8 0.48
0.03315 14.8 0.48
0.03316 14.6 0.48
0.03317 14.6 0.48
0.03318 14.6 0.44
0.03319 14.6 0.48
0.0332 14.8 0.48
0.03321 14.8 0.48
0.03322 14.6 0.48
0.03323 14.8 0.48
0.03324 14.8 0.48
0.03325 14.6 0.48
0.03326 14.8 0.44
0.03327 14.8 0.48
0.03328 14.8 0.48
0.03329 14.8 0.48
0.0333 14.6 0.48
0.03331 14.8 0.48
0.03332 14.6 0.48
0.03333 14.8 0.44
0.03334 14.6 0.48
0.03335 14.6 0.48
0.03336 14.6 0.48
0.03337 14.8 0.48
0.03338 14.6 0.48
0.03339 14.6 0.48
0.0334 14.8 0.48
0.03341 14.6 0.48
0.03342 14.8 0.44
0.03343 14.6 0.48
0.03344 14.8 0.44
0.03345 14.8 0.48
0.03346 14.6 0.48
0.03347 14.8 0.48
0.03348 14.6 0.48
0.03349 14.6 0.44
0.0335 14.8 0.48
0.03351 14.6 0.48
0.03352 14.6 0.48
0.03353 14.6 0.48
0.03354 14.6 0.44
0.03355 14.8 0.48
0.03356 14.8 0.48
0.03357 14.6 0.48
0.03358 14.6 0.48
0.03359 14.8 0.48
0.0336 14.6 0.44
0.03361 14.6 0.48
0.03362 14.8 0.48
0.03363 14.8 0.48
0.03364 14.6 0.48
0.03365 14.6 0.44
0.03366 14.8 0.48
0.03367 14.6 0.48
0.03368 14.8 0.48
0.03369 14.8 0.48
0.0337 14.6 0.48
0.03371 14.6 0.48
0.03372 14.8 0.48
0.03373 14.6 0.48
0.03374 14.6 0.48
0.03375 14.6 0.48
0.03376 14.6 0.48
0.03377 14.6 0.48
0.03378 14.6 0.44
0.03379 14.8 0.48
0.0338 14.6 0.48
0.03381 14.6 0.48
0.03382 14.6 0.48
0.03383 14.6 0.48
0.03384 14.6 0.48
0.03385 14.6 0.44
0.03386 14.6 0.48
0.03387 14.6 0.48
0.03388 14.8 0.48
0.03389 14.6 0.48
0.0339 14.6 0.48
0.03391 14.6 0.48
0.03392 14.8 0.48
0.03393 14.6 0.48
0.03394 14.6 0.48
0.03395 14.6 0.48
0.03396 14.6 0.48
0.03397 14.6 0.48
0.03398 14.8 0.48
0.03399 14.6 0.48
0.034 14.6 0.48
0.03401 14.8 0.44
0.03402 14.6 0.48
0.03403 14.6 0.48
0.03404 14.6 0.48
0.03405 14.6 0.48
0.03406 14.6 0.48
0.03407 14.6 0.48
0.03408 14.6 0.48
0.03409 14.6 0.44
0.0341 14.6 0.48
0.03411 14.4 0.48
0.03412 14.6 0.48
0.03413 14.6 0.48
0.03414 14.8 0.48
0.03415 14.6 0.48
0.03416 14.6 0.48
0.03417 14.6 0.48
0.03418 14.6 0.48
0.03419 14.6 0.48
0.0342 14.6 0.48
0.03421 14.6 0.48
0.03422 14.6 0.48
0.03423 14.6 0.48
0.03424 14.6 0.48
0.03425 14.6 0.48
0.03426 14.6 0.48
0.03427 14.6 0.48
0.03428 14.6 0.48
0.03429 14.6 0.44
0.0343 14.6 0.48
0.03431 14.6 0.48
0.03432 14.6 0.44
0.03433 14.6 0.48
0.03434 14.6 0.48
0.03435 14.6 0.48
0.03436 14.6 0.48
0.03437 14.6 0.48
0.03438 14.6 0.48
0.03439 14.6 0.48
0.0344 14.6 0.48
0.03441 14.6 0.48
0.03442 14.4 0.48
0.03443 14.8 0.48
0.03444 14.6 0.48
0.03445 14.6 0.48
0.03446 14.8 0.48
0.03447 14.6 0.48
0.03448 14.4 0.48
0.03449 14.6 0.44
0.0345 14.6 0.48
0.03451 14.6 0.48
0.03452 14.6 0.44
0.03453 14.6 0.48
0.03454 14.6 0.48
0.03455 14.6 0.48
0.03456 14.6 0.48
0.03457 14.6 0.48
0.03458 14.4 0.48
0.03459 14.6 0.48
0.0346 14.6 0.48
0.03461 14.6 0.48
0.03462 14.6 0.48
0.03463 14.4 0.48
0.03464 14.6 0.48
0.03465 14.6 0.44
0.03466 14.6 0.48
0.03467 14.4 0.48
0.03468 14.6 0.48
0.03469 14.4 0.48
0.0347 14.6 0.48
0.03471 14.6 0.48
0.03472 14.6 0.44
0.03473 14.6 0.48
0.03474 14.6 0.48
0.03475 14.6 0.48
0.03476 14.6 0.48
0.03477 14.6 0.48
0.03478 14.6 0.48
0.03479 14.6 0.48
0.0348 14.6 0.48
0.03481 14.4 0.48
0.03482 14.6 0.48
0.03483 14.6 0.48
0.03484 14.4 0.48
0.03485 14.6 0.48
0.03486 14.4 0.48
0.03487 14.6 0.48
0.03488 14.4 0.48
0.03489 14.4 0.44
0.0349 14.4 0.48
0.03491 14.6 0.48
0.03492 14.6 0.48
0.03493 14.6 0.48
0.03494 14.6 0.48
0.03495 14.6 0.48
0.03496 14.4 0.48
0.03497 14.6 0.44
0.03498 14.6 0.48
0.03499 14.6 0.48
0.035 14.4 0.48
0.03501 14.6 0.48
0.03502 14.4 0.48
0.03503 14.6 0.48
0.03504 14.6 0.48
0.03505 14.6 0.48
0.03506 14.4 0.48
0.03507 14.6 0.48
0.03508 14.6 0.48
0.03509 14.4 0.44
0.0351 14.6 0.48
0.03511 14.6 0.48
0.03512 14.4 0.48
0.03513 14.6 0.48
0.03514 14.6 0.48
0.03515 14.6 0.48
0.03516 14.6 0.48
0.03517 14.6 0.48
0.03518 14.6 0.48
0.03519 14.6 0.48
0.0352 14.6 0.48
0.03521 14.6 0.48
0.03522 14.6 0.48
0.03523 14.6 0.48
0.03524 14.4 0.44
0.03525 14.6 0.48
0.03526 14.6 0.48
0.03527 14.6 0.48
0.03528 14.4 0.44
0.03529 14.6 0.48
0.0353 14.4 0.48
0.03531 14.6 0.48
0.03532 14.6 0.48
0.03533 14.6 0.44
0.03534 14.6 0.44
0.03535 14.6 0.48
0.03536 14.8 0.48
0.03537 14.6 0.48
0.03538 14.4 0.48
0.03539 14.6 0.48
0.0354 14.6 0.48
0.03541 14.4 0.48
0.03542 14.6 0.48
0.03543 14.4 0.48
0.03544 13.4 0.44
0.03545 12 0.48
0.03546 10.6 0.48
0.03547 8.8 0.48
0.03548 7 0.48
0.03549 5 0.48
0.0355 2.8 0.48
0.03551 0.6 0.48
0.03552 -2.4 4.48
0.03553 -5.2 0.48
0.03554 -8 0.48
0.03555 -10.8 0.48
0.03556 -13.2 0.48
0.03557 -13 0.44
0.03558 -13 0.44
0.03559 -13.2 0.44
0.0356 -13.2 0.48
0.03561 -13 0.48
0.03562 -13 0.48
0.03563 -13 0.48
0.03564 -13 0.44
0.03565 -13 0.44
0.03566 -13 0.48
0.03567 -13 0.48
0.03568 -13 0.48
0.03569 -13 0.44
0.0357 -13 0.48
0.03571 -13 0.48
0.03572 -13.2 0.44
0.03573 -13 0.4
0.03574 -13 0.48
0.03575 -13.2 0.48
0.03576 -13 0.48
0.03577 -13 0.44
0.03578 -13 0.44
0.03579 -13 0.48
0.0358 -13 0.48
0.03581 -13 0.48
0.03582 -13 0.48
0.03583 -13 0.48
0.03584 -13 0.48
0.03585 -12.8 0.48
0.03586 -13.2 0.48
0.03587 -13 0.44
0.03588 -13 0.44
0.03589 -13 0.44
0.0359 -13 0.48
0.03591 -13 0.48
0.03592 -13 0.48
0.03593 -13 0.48
0.03594 -13 0.48
0.03595 -13 0.48
0.03596 -13 0.48
0.03597 -13 0.48
0.03598 -13 0.48
0.03599 -13 0.48
0.036 -13 0.44
0.03601 -13 0.48
0.03602 -13 0.48
0.03603 -13 0.48
0.03604 -13 0.48
0.03605 -13 0.48
0.03606 -13 0.48
0.03607 -13 0.44
0.03608 -13 0.48
0.03609 -13 0.44
0.0361 -13 0.48
0.03611 -13 0.44
0.03612 -13 0.44
0.03613 -12.8 0.48
0.03614 -13 0.48
0.03615 -13 0.48
0.03616 -13 0.48
0.03617 -12.8 0.48
0.03618 -13 0.48
0.03619 -13 0.48
0.0362 -13 0.48
0.03621 -12.8 0.48
0.03622 -13 0.48
0.03623 -13 0.48
0.03624 -13 0.48
0.03625 -13 0.48
0.03626 -13 0.48
0.03627 -13 0.48
0.03628 -12.8 0.44
0.03629 -13 0.48
0.0363 -13 0.48
0.03631 -13 0.48
0.03632 -13 0.48
0.03633 -13 0.48
0.03634 -13 0.48
0.03635 -13 0.48
0.03636 -12.8 0.48
0.03637 -12.8 0.48
0.03638 -13 0.48
0.03639 -13 0.48
0.0364 -13 0.44
0.03641 -12.8 0.48
0.03642 -13 0.48
0.03643 -12.8 0.48
0.03644 -13 0.48
0.03645 -12.8 0.44
0.03646 -13 0.48
0.03647 -12.8 0.48
0.03648 -12.8 0.44
0.03649 -12.8 0.48
0.0365 -12.8 0.48
0.03651 -12.8 0.48
0.03652 -13 0.44
0.03653 -12.8 0.44
0.03654 -12.8 0.48
0.03655 -12.8 0.48
0.03656 -12.8 0.44
0.03657 -12.8 0.48
0.03658 -12.8 0.48
0.03659 -12.8 0.48
0.0366 -12.8 0.48
0.03661 -12.8 0.48
0.03662 -12.8 0.48
0.03663 -12.8 0.48
0.03664 -13 0.48
0.03665 -12.8 0.48
0.03666 -12.8 0.48
0.03667 -12.8 0.48
0.03668 -12.8 0.44
0.03669 -12.8 0.44
0.0367 -12.8 0.48
0.03671 -12.6 0.48
0.03672 -13 0.44
0.03673 -12.8 0.48
0.03674 -12.8 0.48
0.03675 -12.8 0.48
0.03676 -12.8 0.48
0.03677 -12.8 0.48
0.03678 -12.8 0.48
0.03679 -12.8 0.44
0.0368 -12.8 0.48
0.03681 -12.6 0.48
0.03682 -13 0.48
0.03683 -12.8 0.48
0.03684 -12.8 0.44
0.03685 -12.8 0.48
0.03686 -12.8 0.48
0.03687 -12.8 0.48
0.03688 -12.8 0.48
0.03689 -12.8 0.48
0.0369 -12.8 0.48
0.03691 -12.8 0.48
0.03692 -12.8 0.48
0.03693 -12.8 0.48
0.03694 -12.8 0.48
0.03695 -12.8 0.48
0.03696 -12.8 0.48
0.03697 -12.8 0.48
0.03698 -12.8 0.48
0.03699 -12.8 0.48
0.037 -12.8 0.48
0.03701 -12.8 0.48
0.03702 -12.8 0.48
0.03703 -12.8 0.48
0.03704 -12.6 0.48
0.03705 -12.8 0.44
0.03706 -12.8 0.48
0.03707 -12.8 0.44
0.03708 -12.8 0.44
0.03709 -12.8 0.48
0.0371 -12.6 0.48
0.03711 -13 0.44
0.03712 -12.8 0.44
0.03713 -12.8 0.44
0.03714 -12.8 0.48
0.03715 -12.8 0.48
0.03716 -12.8 0.48
0.03717 -12.6 0.48
0.03718 -12.8 0.48
0.03719 -12.6 0.48
0.0372 -12.6 0.44
0.03721 -12.8 0.48
0.03722 -12.6 0.48
0.03723 -12.8 0.48
0.03724 -12.8 0.48
0.03725 -12.8 0.48
0.03726 -12.8 0.48
0.03727 -12.8 0.48
0.03728 -12.8 0.44
0.03729 -12.8 0.48
0.0373 -12.8 0.48
0.03731 -12.8 0.48
0.03732 -12.8 0.48
0.03733 -12.8 0.48
0.03734 -12.6 0.48
0.03735 -12.8 0.48
0.03736 -12.8 0.44
0.03737 -12.8 0.48
0.03738 -12.8 0.48
0.03739 -12.8 0.48
0.0374 -12.8 0.48
0.03741 -12.8 0.48
0.03742 -12.8 0.48
0.03743 -12.8 0.48
0.03744 -12.8 0.48
0.03745 -12.8 0.48
0.03746 -12.8 0.48
0.03747 -12.8 0.48
0.03748 -12.8 0.44
0.03749 -12.8 0.48
0.0375 -12.8 0.48
0.03751 -12.6 0.48
0.03752 -12.6 0.48
0.03753 -12.6 0.48
0.03754 -12.6 0.48
0.03755 -12.6 0.48
0.03756 -12.8 0.48
0.03757 -12.6 0.48
0.03758 -12.8 0.48
0.03759 -12.8 0.48
0.0376 -12.6 0.44
0.03761 -12.8 0.48
0.03762 -12.8 0.48
0.03763 -12.6 0.44
0.03764 -12.8 0.44
0.03765 -12.8 0.48
0.03766 -12.6 0.48
0.03767 -12.8 0.48
0.03768 -12.8 0.48
0.03769 -12.8 0.48
0.0377 -12.6 0.48
0.03771 -12.8 0.48
0.03772 -12.6 0.44
0.03773 -12.6 0.48
0.03774 -12.6 0.48
0.03775 -12.6 0.48
0.03776 -12.6 0.48
0.03777 -12.6 0.48
0.03778 -12.8 0.48
0.03779 -12.6 0.48
0.0378 -12.6 0.48
0.03781 -12.8 0.48
0.03782 -12.8 0.48
0.03783 -12.6 0.48
0.03784 -12.8 0.48
0.03785 -12.6 0.48
0.03786 -12.6 0.48
0.03787 -12.8 0.48
0.03788 -12.8 0.48
0.03789 -12.6 0.48
0.0379 -12.6 0.44
0.03791 -12.6 0.48
0.03792 -12.6 0.48
0.03793 -12.6 0.48
0.03794 -12.6 0.48
0.03795 -12.6 0.48
0.03796 -12.6 0.48
0.03797 -12.6 0.44
0.03798 -12.6 0.48
0.03799 -12.6 0.48
0.038 -12.6 0.48
0.03801 -12.8 0.48
0.03802 -12.8 0.48
0.03803 -12.8 0.48
0.03804 -12.6 0.48
0.03805 -12.6 0.48
0.03806 -12.8 0.48
0.03807 -12.6 0.44
0.03808 -12.6 0.44
0.03809 -12.4 0.48
0.0381 -12.6 0.48
0.03811 -12.8 0.44
0.03812 -12.4 0.48
0.03813 -12.6 0.48
0.03814 -12.6 0.48
0.03815 -12.6 0.48
0.03816 -12.6 0.48
0.03817 -12.6 0.48
0.03818 -12.6 0.48
0.03819 -12.6 0.44
0.0382 -12.6 0.48
0.03821 -12.6 0.44
0.03822 -12.8 0.48
0.03823 -12.8 0.48
0.03824 -12.6 0.48
0.03825 -12.8 0.48
0.03826 -12.8 0.48
0.03827 -12.6 0.48
0.03828 -12.6 0.48
0.03829 -12.8 0.48
0.0383 -12.6 0.48
0.03831 -12.6 0.44
0.03832 -12.6 0.48
0.03833 -12.6 0.48
0.03834 -12.6 0.48
0.03835 -12.8 0.44
0.03836 -12.6 0.48
0.03837 -12.6 0.48
0.03838 -12.6 0.48
0.03839 -12.6 0.44
0.0384 -12.8 0.48
0.03841 -12.6 0.48
0.03842 -12.6 0.48
0.03843 -12.6 0.48
0.03844 -12.6 0.48
0.03845 -12.6 0.48
0.03846 -12.6 0.48
0.03847 -12.6 0.48
0.03848 -12.6 0.48
0.03849 -12.6 0.48
0.0385 -12.6 0.48
0.03851 -12.4 0.44
0.03852 -12.6 0.48
0.03853 -12.6 0.48
0.03854 -12.6 0.48
0.03855 -12.6 0.44
0.03856 -12.6 0.44
0.03857 -12.6 0.48
0.03858 -12.8 0.48
0.03859 -12.4 0.44
0.0386 -12.8 0.48
0.03861 -12.6 0.48
0.03862 -12.8 0.48
0.03863 -12.6 0.48
0.03864 -12.6 0.48
0.03865 -12.6 0.48
0.03866 -12.6 0.48
0.03867 -12.6 0.48
0.03868 -12.6 0.44
0.03869 -12.6 0.48
0.0387 -12.4 0.48
0.03871 -12.6 0.44
0.03872 -12.6 0.48
0.03873 -12.6 0.48
0.03874 -12.6 0.48
0.03875 -12.6 0.44
0.03876 -12.6 0.48
0.03877 -12.8 0.48
0.03878 -12.6 0.48
0.03879 -12.6 0.48
0.0388 -12.6 0.48
0.03881 -12.6 0.48
0.03882 -12.6 0.48
0.03883 -12.6 0.48
0.03884 -12.6 0.48
0.03885 -12.8 0.48
0.03886 -12.6 0.48
0.03887 -12.8 0.48
0.03888 -12.6 0.48
0.03889 -12.6 0.48
0.0389 -12.6 0.48
0.03891 -12.6 0.48
0.03892 -12.6 0.48
0.03893 -12.6 0.48
0.03894 -12.6 0.48
0.03895 -12.6 0.44
0.03896 -12.6 0.48
0.03897 -12.6 0.48
0.03898 -12.6 0.48
0.03899 -12.6 0.48
0.039 -12.6 0.48
0.03901 -12.4 0.48
0.03902 -12.6 0.48
0.03903 -13 0.44
0.03904 -12.6 0.44
0.03905 -12.6 0.48
0.03906 -12.6 0.48
0.03907 -12.6 0.44
0.03908 -12.4 0.48
0.03909 -12.6 0.48
0.0391 -12.6 0.48
0.03911 -12.6 0.44
0.03912 -12.6 0.48
0.03913 -12.6 0.48
0.03914 -12.8 0.48
0.03915 -12.6 0.48
0.03916 -12.6 0.44
0.03917 -12.6 0.48
0.03918 -12.4 0.44
0.03919 -12.8 0.48
0.0392 -12.6 0.48
0.03921 -12.6 0.48
0.03922 -12.6 0.48
0.03923 -12.8 0.48
0.03924 -12.6 0.48
0.03925 -12.6 0.48
0.03926 -12.8 0.48
0.03927 -12.6 0.48
0.03928 -12.6 0.48
0.03929 -12.8 0.48
0.0393 -12.6 0.44
0.03931 -12.8 0.48
0.03932 -12.6 0.44
0.03933 -12.6 0.48
0.03934 -12.6 0.48
0.03935 -12.6 0.48
0.03936 -12.6 0.44
0.03937 -12.6 0.48
0.03938 -12.6 0.48
0.03939 -12.6 0.48
0.0394 -12.6 0.48
0.03941 -12.8 0.44
0.03942 -12.6 0.48
0.03943 -11.6 0.44
0.03944 -5.8 0.48
0.03945 0.2 0.48
0.03946 6.2 0.48
0.03947 12.2 0.48
0.03948 15 0.48
0.03949 15 0.48
0.0395 15 0.44
0.03951 15 0.48
0.03952 15 0.48
0.03953 15 0.44
0.03954 15 0.48
0.03955 15 0.44
0.03956 15 0.48
0.03957 15 0.44
0.03958 15 0.44
0.03959 15 0.44
0.0396 15 0.48
0.03961 15 0.48
0.03962 15 0.44
0.03963 15 0.48
0.03964 15 0.48
0.03965 15 0.48
0.03966 15 0.48
0.03967 15 0.48
0.03968 15 0.48
0.03969 15 0.48
0.0397 15 0.48
0.03971 15 0.48
0.03972 15 0.48
0.03973 15 0.48
0.03974 15 0.44
0.03975 15 0.48
0.03976 15 0.48
0.03977 15 0.48
0.03978 14.8 0.44
0.03979 15 0.48
0.0398 15 0.48
0.03981 15 0.48
0.03982 15 0.48
0.03983 15 0.48
0.03984 15 0.48
0.03985 15 0.48
0.03986 15 0.48
0.03987 15 0.44
0.03988 15 0.48
0.03989 15 0.48
0.0399 15 0.48
0.03991 15 0.44
0.03992 15 0.48
0.03993 15 0.48
0.03994 15 0.48
0.03995 15 0.48
0.03996 15 0.48
0.03997 14.8 0.48
0.03998 14.8 0.48
0.03999 15 0.48
