0 6 0.48
1e-05 6 0.48
2e-05 -0.4 0.48
3e-05 -0.4 0.44
4e-05 -0.6 0.44
5e-05 -0.4 0.48
6e-05 -0.4 0.48
7e-05 -0.4 0.48
8e-05 -0.4 0.44
9e-05 -0.6 0.44
0.0001 -0.6 0.48
0.00011 -0.4 0.48
0.00012 -0.4 0.48
0.00013 -0.4 0.44
0.00014 -0.4 0.48
0.00015 -0.4 0.48
0.00016 -0.4 0.44
0.00017 -0.4 0.48
0.00018 -0.4 0.48
0.00019 -0.4 0.48
0.0002 -0.4 0.44
0.00021 -0.4 0.48
0.00022 -0.4 0.48
0.00023 -0.4 0.48
0.00024 -0.4 0.48
0.00025 -0.6 0.44
0.00026 -0.4 0.48
0.00027 -0.4 0.48
0.00028 -0.4 0.48
0.00029 -0.6 0.44
0.0003 -0.4 0.48
0.00031 -0.6 0.48
0.00032 -0.4 0.48
0.00033 -0.6 0.48
0.00034 -0.6 0.48
0.00035 -0.6 0.48
0.00036 -0.4 0.48
0.00037 -0.4 0.44
0.00038 -0.4 0.48
0.00039 2.4 0.48
0.0004 6 0.48
0.00041 6 0.44
0.00042 6.2 0.48
0.00043 6.2 0.48
0.00044 6.2 0.48
0.00045 6.2 0.44
0.00046 6 0.48
0.00047 6 0.48
0.00048 6.2 0.48
0.00049 6 0.48
0.0005 6.2 0.48
0.00051 6 0.48
0.00052 6 0.44
0.00053 6 0.48
0.00054 6 0.44
0.00055 6 0.48
0.00056 6.2 0.48
0.00057 6 0.48
0.00058 6 0.48
0.00059 6 0.48
0.0006 6 0.48
0.00061 6 0.44
0.00062 6.2 0.48
0.00063 6.2 0.48
0.00064 6 0.48
0.00065 6.2 0.48
0.00066 6.2 0.48
0.00067 6 0.48
0.00068 6 0.48
0.00069 6 0.48
0.0007 6 0.48
0.00071 6 0.48
0.00072 6 0.48
0.00073 6 0.48
0.00074 6 0.48
0.00075 6 0.48
0.00076 6 0.48
0.00077 6 0.48
0.00078 6 0.48
0.00079 6 0.44
0.0008 6.2 0.48
0.00081 6.2 0.48
0.00082 6 0.48
0.00083 6 0.44
0.00084 6.2 0.48
0.00085 6 0.48
0.00086 6.2 0.48
0.00087 6.2 0.48
0.00088 6 0.48
0.00089 6.2 0.48
0.0009 6.2 0.48
0.00091 6.2 0.48
0.00092 6 0.48
0.00093 6 0.48
0.00094 6.2 0.44
0.00095 6 0.48
0.00096 6 0.48
0.00097 6 0.48
0.00098 6 0.48
0.00099 5.8 0.48
0.001 5.8 0.44
0.00101 6 0.48
0.00102 6 0.48
0.00103 6 0.48
0.00104 6.2 0.44
0.00105 6 0.48
0.00106 6.2 0.48
0.00107 6.2 0.48
0.00108 6 0.44
0.00109 6 0.48
0.0011 6 0.48
0.00111 6 0.44
0.00112 6 0.44
0.00113 6 0.48
0.00114 6 0.48
0.00115 6 0.48
0.00116 6 0.48
0.00117 6 0.48
0.00118 6.2 0.48
0.00119 6 0.48
0.0012 6 0.48
0.00121 6 0.48
0.00122 6 0.48
0.00123 6 0.48
0.00124 6 0.44
0.00125 6 0.48
0.00126 6 0.48
0.00127 6 0.48
0.00128 6 0.48
0.00129 6.2 0.48
0.0013 6 0.48
0.00131 6 0.48
0.00132 5.8 0.44
0.00133 6 0.48
0.00134 6 0.48
0.00135 6 0.48
0.00136 6 0.48
0.00137 6 0.48
0.00138 6 0.48
0.00139 6 0.48
0.0014 6.2 0.48
0.00141 6 0.48
0.00142 6 0.44
0.00143 6 0.48
0.00144 6 0.48
0.00145 6 0.44
0.00146 6 0.48
0.00147 6 0.44
0.00148 6.2 0.48
0.00149 6 0.48
0.0015 5.8 0.48
0.00151 6 0.48
0.00152 6 0.48
0.00153 6 0.48
0.00154 6.2 0.44
0.00155 6 0.48
0.00156 6.2 0.48
0.00157 6 0.48
0.00158 6 0.44
0.00159 6 0.48
0.0016 6 0.48
0.00161 6 0.48
0.00162 6.2 0.48
0.00163 6 0.48
0.00164 5.8 0.48
0.00165 6 0.48
0.00166 6 0.48
0.00167 6 0.44
0.00168 6 0.48
0.00169 6.2 0.48
0.0017 6 0.48
0.00171 6.2 0.48
0.00172 6 0.48
0.00173 6 0.44
0.00174 5.8 0.48
0.00175 6 0.44
0.00176 6 0.48
0.00177 6 0.48
0.00178 6 0.48
0.00179 6 0.48
0.0018 6 0.48
0.00181 5.8 0.48
0.00182 6 0.48
0.00183 6.2 0.48
0.00184 6 0.48
0.00185 6 0.48
0.00186 6 0.48
0.00187 6.2 0.48
0.00188 6 0.48
0.00189 6 0.48
0.0019 6 0.48
0.00191 6 0.48
0.00192 6 0.48
0.00193 6 0.48
0.00194 6 0.44
0.00195 5.8 0.48
0.00196 6 0.48
0.00197 6.2 0.48
0.00198 6 0.48
0.00199 6 0.48
0.002 6.2 0.44
0.00201 5.8 0.48
0.00202 6 0.48
0.00203 6 0.48
0.00204 5.8 0.48
0.00205 6 0.48
0.00206 6 0.48
0.00207 6 0.48
0.00208 5.8 0.44
0.00209 6 0.48
0.0021 6 0.48
0.00211 6 0.48
0.00212 5.8 0.48
0.00213 6 0.48
0.00214 6 0.48
0.00215 6 0.48
0.00216 6 0.48
0.00217 6 0.48
0.00218 6 0.48
0.00219 6 0.48
0.0022 6 0.48
0.00221 6 0.48
0.00222 6 0.48
0.00223 6 0.48
0.00224 6.2 0.48
0.00225 5.8 0.48
0.00226 6 0.48
0.00227 6 0.48
0.00228 6 0.48
0.00229 6 0.48
0.0023 6 0.48
0.00231 6 0.48
0.00232 6 0.48
0.00233 6 0.48
0.00234 6 0.48
0.00235 6 0.48
0.00236 6 0.48
0.00237 6 0.48
0.00238 6 0.48
0.00239 6 0.48
0.0024 6 0.48
0.00241 6 0.48
0.00242 6 0.44
0.00243 6 0.48
0.00244 6 0.48
0.00245 6 0.48
0.00246 6 0.48
0.00247 5.8 0.48
0.00248 5.8 0.48
0.00249 6 0.48
0.0025 6 0.48
0.00251 6 0.48
0.00252 6 0.48
0.00253 6 0.48
0.00254 6 0.48
0.00255 6 0.48
0.00256 6 0.48
0.00257 6 0.48
0.00258 5.8 0.48
0.00259 6 0.48
0.0026 5.8 0.48
0.00261 6 0.48
0.00262 5.8 0.48
0.00263 6 0.48
0.00264 6 0.48
0.00265 5.8 0.48
0.00266 6 0.48
0.00267 6 0.48
0.00268 6 0.48
0.00269 5.8 0.48
0.0027 6 0.48
0.00271 6 0.48
0.00272 6 0.48
0.00273 6.2 0.48
0.00274 6 0.44
0.00275 6 0.48
0.00276 5.8 0.48
0.00277 5.8 0.48
0.00278 6 0.48
0.00279 6 0.48
0.0028 6 0.48
0.00281 6 0.48
0.00282 6 0.48
0.00283 6 0.48
0.00284 6 0.48
0.00285 6 0.48
0.00286 6 0.48
0.00287 5.8 0.48
0.00288 6 0.48
0.00289 6 0.48
0.0029 6 0.48
0.00291 6 0.48
0.00292 6 0.48
0.00293 6 0.48
0.00294 6 0.48
0.00295 5.8 0.48
0.00296 6 0.48
0.00297 6 0.48
0.00298 6 0.48
0.00299 6 0.44
0.003 6.2 0.44
0.00301 6 0.48
0.00302 6 0.48
0.00303 6 0.48
0.00304 6 0.48
0.00305 6 0.48
0.00306 6.2 0.48
0.00307 6 0.48
0.00308 6 0.48
0.00309 6.2 0.48
0.0031 5.8 0.48
0.00311 6 0.48
0.00312 5.8 0.48
0.00313 5.8 0.48
0.00314 6 0.48
0.00315 5.8 0.48
0.00316 6 0.48
0.00317 6 0.48
0.00318 5.8 0.48
0.00319 6.2 0.48
0.0032 6 0.48
0.00321 5.8 0.48
0.00322 6 0.48
0.00323 6 0.48
0.00324 6 0.44
0.00325 5.8 0.44
0.00326 6 0.48
0.00327 6 0.48
0.00328 6 0.48
0.00329 5.8 0.48
0.0033 5.8 0.48
0.00331 6 0.48
0.00332 6 0.48
0.00333 6 0.44
0.00334 5.8 0.44
0.00335 5.8 0.48
0.00336 5.8 0.48
0.00337 6 0.48
0.00338 6 0.48
0.00339 6 0.48
0.0034 6 0.48
0.00341 6 0.48
0.00342 6 0.48
0.00343 5.8 0.48
0.00344 6 0.48
0.00345 5.8 0.48
0.00346 6 0.48
0.00347 6 0.48
0.00348 6 0.48
0.00349 6 0.48
0.0035 5.8 0.44
0.00351 6 0.48
0.00352 6 0.48
0.00353 5.8 0.48
0.00354 6 0.48
0.00355 6 0.44
0.00356 6 0.48
0.00357 6.2 0.48
0.00358 6 0.48
0.00359 6 0.48
0.0036 6 0.48
0.00361 6 0.48
0.00362 6 0.48
0.00363 6 0.48
0.00364 5.8 0.48
0.00365 5.8 0.48
0.00366 6 0.48
0.00367 6 0.48
0.00368 5.8 0.48
0.00369 5.8 0.48
0.0037 6 0.44
0.00371 5.8 0.48
0.00372 6 0.48
0.00373 6 0.48
0.00374 6 0.48
0.00375 6 0.44
0.00376 5.8 0.48
0.00377 6 0.48
0.00378 5.8 0.48
0.00379 6 0.44
0.0038 6 0.48
0.00381 6 0.48
0.00382 6 0.48
0.00383 6 0.44
0.00384 5.8 0.48
0.00385 5.8 0.48
0.00386 6 0.48
0.00387 6 0.44
0.00388 6 0.48
0.00389 6 0.48
0.0039 5.8 0.48
0.00391 5.8 0.48
0.00392 5.8 0.48
0.00393 6 0.48
0.00394 6 0.48
0.00395 5.8 0.48
0.00396 6 0.48
0.00397 6 0.48
0.00398 6 0.48
0.00399 6 0.48
0.004 6 0.44
0.00401 5.8 0.48
0.00402 6 0.48
0.00403 6 0.48
0.00404 6 0.48
0.00405 5.8 0.48
0.00406 6 0.48
0.00407 6 0.48
0.00408 6 0.44
0.00409 6 0.48
0.0041 5.8 0.48
0.00411 6 0.48
0.00412 6 0.48
0.00413 6 0.48
0.00414 6 0.44
0.00415 6.2 0.48
0.00416 6 0.48
0.00417 5.8 0.44
0.00418 6 0.48
0.00419 6 0.48
0.0042 5.8 0.44
0.00421 5.8 0.48
0.00422 6 0.48
0.00423 5.8 0.48
0.00424 4.8 0.44
0.00425 2.6 0.48
0.00426 1.2 4.36
0.00427 -0.4 4.48
0.00428 -0.4 0.48
0.00429 -0.6 0.48
0.0043 -0.8 0.48
0.00431 -0.6 0.48
0.00432 -0.6 0.48
0.00433 -0.6 0.48
0.00434 -0.6 0.48
0.00435 -0.6 0.48
0.00436 -0.6 0.48
0.00437 -0.6 0.48
0.00438 -0.4 0.48
0.00439 -0.6 0.48
0.0044 -0.6 0.48
0.00441 -0.6 0.48
0.00442 -0.6 0.48
0.00443 -0.4 0.48
0.00444 -0.4 0.48
0.00445 -0.6 0.48
0.00446 -0.6 0.48
0.00447 -0.4 0.48
0.00448 -0.6 0.48
0.00449 -0.4 0.48
0.0045 -0.6 0.48
0.00451 -0.4 0.48
0.00452 -0.6 0.48
0.00453 -0.6 0.48
0.00454 -0.6 0.48
0.00455 -0.6 0.48
0.00456 -0.6 0.48
0.00457 -0.6 0.48
0.00458 -0.6 0.48
0.00459 -0.6 0.48
0.0046 -0.4 0.48
0.00461 -0.6 0.48
0.00462 -0.6 0.48
0.00463 -0.6 0.48
0.00464 -0.4 0.48
0.00465 -0.6 0.48
0.00466 -0.4 0.48
0.00467 -0.6 0.48
0.00468 -0.4 0.48
0.00469 -0.6 0.48
0.0047 -0.6 0.48
0.00471 -0.6 0.48
0.00472 -0.6 0.48
0.00473 -0.6 0.48
0.00474 -0.6 0.48
0.00475 -0.4 0.48
0.00476 -0.6 0.44
0.00477 -0.4 0.44
0.00478 -0.4 0.48
0.00479 -0.6 0.48
0.0048 -0.6 0.48
0.00481 -0.6 0.48
0.00482 -0.6 0.48
0.00483 -0.4 0.44
0.00484 -0.6 0.44
0.00485 -0.6 0.48
0.00486 -0.4 0.48
0.00487 -0.6 0.48
0.00488 -0.6 0.48
0.00489 -0.6 0.48
0.0049 -0.6 0.48
0.00491 -0.6 0.48
0.00492 -0.4 0.48
0.00493 -0.6 0.48
0.00494 -0.6 0.48
0.00495 -0.4 0.48
0.00496 -0.6 0.48
0.00497 -0.6 0.48
0.00498 -0.6 0.48
0.00499 -0.4 0.48
0.005 -0.4 0.48
0.00501 -0.6 0.48
0.00502 -0.4 0.48
0.00503 -0.6 0.48
0.00504 -0.6 0.44
0.00505 -0.6 0.48
0.00506 -0.4 0.48
0.00507 -0.6 0.48
0.00508 -0.6 0.44
0.00509 -0.6 0.48
0.0051 -0.4 0.48
0.00511 -0.6 0.48
0.00512 -0.6 0.48
0.00513 -0.6 0.48
0.00514 -0.4 0.48
0.00515 -0.4 0.48
0.00516 -0.4 0.48
0.00517 -0.6 0.48
0.00518 -0.6 0.48
0.00519 -0.6 0.48
0.0052 -0.4 0.48
0.00521 -0.4 0.48
0.00522 -0.4 0.48
0.00523 -0.6 0.48
0.00524 -0.4 0.48
0.00525 -0.6 0.44
0.00526 -0.6 0.48
0.00527 -0.6 0.48
0.00528 -0.4 0.48
0.00529 -0.4 0.48
0.0053 -0.6 0.48
0.00531 -0.6 0.48
0.00532 -0.6 0.48
0.00533 -0.6 0.48
0.00534 -0.4 0.48
0.00535 -0.6 0.48
0.00536 -0.4 0.48
0.00537 -0.4 0.48
0.00538 -0.4 0.48
0.00539 -0.4 0.48
0.0054 -0.6 0.48
0.00541 -0.4 0.48
0.00542 -0.6 0.48
0.00543 -0.6 0.48
0.00544 -0.4 0.48
0.00545 -0.6 0.44
0.00546 -0.6 0.44
0.00547 -0.4 0.44
0.00548 -0.6 0.48
0.00549 -0.4 0.48
0.0055 -0.4 0.48
0.00551 -0.6 0.48
0.00552 -0.4 0.48
0.00553 -0.4 0.48
0.00554 -0.4 0.48
0.00555 -0.4 0.48
0.00556 -0.6 0.48
0.00557 -0.4 0.48
0.00558 -0.4 0.48
0.00559 -0.4 0.44
0.0056 -0.4 0.48
0.00561 -0.4 0.48
0.00562 -0.6 0.48
0.00563 -0.4 0.48
0.00564 -0.6 0.48
0.00565 -0.4 0.48
0.00566 -0.4 0.48
0.00567 -0.4 0.44
0.00568 -0.4 0.48
0.00569 -0.4 0.52
0.0057 -0.4 0.48
0.00571 -0.4 0.48
0.00572 -0.4 0.48
0.00573 -0.6 0.48
0.00574 -0.4 0.48
0.00575 -0.4 0.48
0.00576 -0.4 0.48
0.00577 -0.4 0.48
0.00578 -0.4 0.48
0.00579 -0.4 0.48
0.0058 -0.6 0.48
0.00581 -0.4 0.48
0.00582 -0.4 0.48
0.00583 -0.4 0.44
0.00584 -0.4 0.48
0.00585 -0.4 0.48
0.00586 -0.4 0.48
0.00587 -0.4 0.48
0.00588 -0.4 0.48
0.00589 -0.6 0.48
0.0059 -0.4 0.48
0.00591 -0.6 0.44
0.00592 -0.4 0.48
0.00593 -0.4 0.48
0.00594 -0.4 0.48
0.00595 -0.4 0.48
0.00596 -0.4 0.48
0.00597 -0.6 0.48
0.00598 -0.4 0.48
0.00599 -0.4 0.48
0.006 -0.6 0.48
0.00601 -0.4 0.48
0.00602 -0.4 0.48
0.00603 -0.6 0.48
0.00604 -0.4 0.48
0.00605 -0.4 0.48
0.00606 -0.4 0.48
0.00607 -0.4 0.48
0.00608 -0.4 0.48
0.00609 -0.4 0.48
0.0061 -0.4 0.48
0.00611 -0.4 0.48
0.00612 -0.6 0.48
0.00613 -0.4 0.44
0.00614 -0.4 0.48
0.00615 -0.4 0.48
0.00616 -0.6 0.48
0.00617 -0.6 0.48
0.00618 -0.6 0.48
0.00619 -0.4 0.48
0.0062 -0.4 0.48
0.00621 -0.6 0.48
0.00622 -0.4 0.48
0.00623 -0.4 0.48
0.00624 -0.4 0.48
0.00625 -0.4 0.44
0.00626 -0.4 0.48
0.00627 -0.4 0.48
0.00628 -0.4 0.48
0.00629 -0.6 0.48
0.0063 -0.4 0.48
0.00631 -0.4 0.48
0.00632 -0.6 0.48
0.00633 -0.4 0.48
0.00634 -0.4 0.48
0.00635 -0.4 0.48
0.00636 -0.4 0.48
0.00637 -0.4 0.48
0.00638 -0.6 0.48
0.00639 -0.4 0.48
0.0064 -0.4 0.48
0.00641 -0.4 0.48
0.00642 -0.4 0.48
0.00643 -0.4 0.48
0.00644 -0.6 0.48
0.00645 -0.4 0.48
0.00646 -0.4 0.48
0.00647 -0.4 0.48
0.00648 -0.4 0.48
0.00649 -0.4 0.48
0.0065 -0.4 0.48
0.00651 -0.4 0.48
0.00652 -0.4 0.48
0.00653 -0.4 0.48
0.00654 -0.6 0.44
0.00655 -0.4 0.48
0.00656 -0.6 0.48
0.00657 -0.4 0.48
0.00658 -0.4 0.48
0.00659 -0.4 0.48
0.0066 -0.4 0.44
0.00661 -0.4 0.48
0.00662 -0.4 0.48
0.00663 -0.4 0.44
0.00664 -0.4 0.48
0.00665 -0.4 0.48
0.00666 -0.4 0.48
0.00667 -0.4 0.44
0.00668 -0.4 0.48
0.00669 -0.4 0.48
0.0067 -0.4 0.48
0.00671 -0.4 0.44
0.00672 -0.4 0.48
0.00673 -0.4 0.48
0.00674 -0.4 0.48
0.00675 -0.4 0.48
0.00676 -0.4 0.48
0.00677 -0.4 0.48
0.00678 -0.4 0.44
0.00679 -0.4 0.48
0.0068 -0.4 0.48
0.00681 -0.4 0.48
0.00682 -0.4 0.48
0.00683 -0.4 0.48
0.00684 -0.4 0.48
0.00685 -0.4 0.48
0.00686 -0.4 0.44
0.00687 -0.4 0.48
0.00688 0 0.48
0.00689 -0.6 0.48
0.0069 -0.4 0.48
0.00691 -0.4 0.48
0.00692 -0.4 0.44
0.00693 -0.4 0.48
0.00694 -0.4 0.48
0.00695 -0.6 0.48
0.00696 -0.4 0.44
0.00697 -0.4 0.48
0.00698 -0.4 0.48
0.00699 -0.4 0.48
0.007 -0.4 0.48
0.00701 -0.4 0.48
0.00702 -0.6 0.48
0.00703 -0.4 0.48
0.00704 0 0.44
0.00705 -0.4 0.48
0.00706 -0.4 0.48
0.00707 -0.4 0.48
0.00708 -0.4 0.48
0.00709 -0.4 0.48
0.0071 -0.4 0.48
0.00711 -0.4 0.48
0.00712 -0.4 0.48
0.00713 -0.4 0.48
0.00714 -0.6 0.48
0.00715 -0.4 0.48
0.00716 -0.4 0.48
0.00717 -0.4 0.48
0.00718 -0.4 0.48
0.00719 -0.4 0.48
0.0072 -0.4 0.48
0.00721 -0.4 0.44
0.00722 -0.4 0.48
0.00723 -0.4 0.48
0.00724 -0.4 0.48
0.00725 -0.4 0.44
0.00726 -0.4 0.48
0.00727 -0.6 0.48
0.00728 -0.4 0.52
0.00729 -0.6 0.48
0.0073 -0.4 0.48
0.00731 -0.4 0.48
0.00732 -0.4 0.48
0.00733 -0.4 0.48
0.00734 -0.4 0.48
0.00735 -0.6 0.48
0.00736 -0.4 0.48
0.00737 -0.6 0.44
0.00738 -0.6 0.48
0.00739 -0.4 0.48
0.0074 -0.4 0.48
0.00741 -0.4 0.44
0.00742 -0.4 0.48
0.00743 -0.6 0.48
0.00744 -0.4 0.48
0.00745 -0.4 0.44
0.00746 -0.4 0.44
0.00747 -0.4 0.44
0.00748 -0.4 0.48
0.00749 -0.4 0.48
0.0075 -0.4 0.48
0.00751 -0.4 0.48
0.00752 -0.4 0.48
0.00753 -0.6 0.48
0.00754 -0.4 0.48
0.00755 -0.4 0.44
0.00756 -0.4 0.48
0.00757 -0.4 0.48
0.00758 -0.4 0.44
0.00759 -0.4 0.44
0.0076 -0.4 0.48
0.00761 -0.4 0.48
0.00762 -0.4 0.48
0.00763 -0.4 0.44
0.00764 -0.6 0.48
0.00765 -0.4 0.48
0.00766 -0.4 0.48
0.00767 -0.6 0.48
0.00768 -0.4 0.48
0.00769 -0.6 0.48
0.0077 -0.4 0.48
0.00771 -0.6 0.48
0.00772 -0.4 0.48
0.00773 -0.6 0.48
0.00774 -0.4 0.48
0.00775 -0.4 0.48
0.00776 -0.4 0.48
0.00777 -0.6 0.48
0.00778 -0.4 0.48
0.00779 -0.6 0.44
0.0078 -0.6 0.44
0.00781 -0.6 0.48
0.00782 -0.4 0.48
0.00783 -0.4 0.48
0.00784 -0.6 0.44
0.00785 -0.6 0.48
0.00786 -0.6 0.48
0.00787 -0.6 0.48
0.00788 -0.4 0.44
0.00789 -0.6 0.48
0.0079 -0.4 0.48
0.00791 -0.6 0.44
0.00792 -0.6 0.48
0.00793 -0.6 0.48
0.00794 -0.6 0.48
0.00795 -0.4 0.44
0.00796 -0.4 0.48
0.00797 -0.4 0.48
0.00798 -0.4 0.48
0.00799 -0.4 0.44
0.008 -0.6 0.44
0.00801 -0.6 0.48
0.00802 -0.4 0.48
0.00803 -0.6 0.44
0.00804 -0.4 0.48
0.00805 -0.4 0.48
0.00806 -0.4 0.48
0.00807 -0.4 0.48
0.00808 -0.4 0.48
0.00809 -0.4 0.48
0.0081 -0.4 0.48
0.00811 -0.6 0.48
0.00812 -0.6 0.48
0.00813 -0.6 0.48
0.00814 -0.6 0.48
0.00815 -0.6 0.48
0.00816 -0.4 0.48
0.00817 -0.6 0.48
0.00818 -0.4 0.48
0.00819 -0.4 0.48
0.0082 1 0.48
0.00821 5.8 0.44
0.00822 5.8 0.48
0.00823 6 0.48
0.00824 6.2 0.48
0.00825 6 0.44
0.00826 6 0.44
0.00827 6 0.48
0.00828 6 0.48
0.00829 6.2 0.48
0.0083 6 0.48
0.00831 6 0.44
0.00832 6 0.48
0.00833 6 0.48
0.00834 6 0.44
0.00835 6.2 0.48
0.00836 6 0.48
0.00837 6 0.48
0.00838 6 0.48
0.00839 6 0.48
0.0084 6 0.48
0.00841 6 0.48
0.00842 6.2 0.48
0.00843 6 0.48
0.00844 6 0.48
0.00845 6 0.48
0.00846 6 0.48
0.00847 6 0.48
0.00848 6 0.48
0.00849 6 0.48
0.0085 6 0.48
0.00851 6 0.48
0.00852 5.8 0.48
0.00853 6 0.48
0.00854 6 0.48
0.00855 6.2 0.48
0.00856 5.8 0.44
0.00857 6 0.48
0.00858 6 0.48
0.00859 6 0.48
0.0086 6 0.48
0.00861 6 0.48
0.00862 5.8 0.48
0.00863 6 0.48
0.00864 6 0.48
0.00865 6.2 0.48
0.00866 6 0.48
0.00867 6 0.48
0.00868 6.2 0.48
0.00869 6 0.48
0.0087 6 0.48
0.00871 6 0.48
0.00872 6 0.48
0.00873 6.2 0.48
0.00874 6 0.48
0.00875 6 0.44
0.00876 6 0.48
0.00877 6 0.48
0.00878 6 0.48
0.00879 6 0.48
0.0088 6 0.48
0.00881 6 0.48
0.00882 6 0.48
0.00883 6 0.48
0.00884 6 0.48
0.00885 6 0.48
0.00886 6 0.48
0.00887 6 0.48
0.00888 6 0.44
0.00889 6 0.48
0.0089 6 0.48
0.00891 6 0.48
0.00892 6 0.48
0.00893 6 0.48
0.00894 6 0.48
0.00895 6 0.48
0.00896 6 0.48
0.00897 6 0.48
0.00898 5.8 0.48
0.00899 6 0.48
0.009 6 0.48
0.00901 6 0.48
0.00902 6 0.48
0.00903 6.2 0.48
0.00904 6.2 0.48
0.00905 5.8 0.48
0.00906 5.8 0.48
0.00907 6 0.48
0.00908 6 0.44
0.00909 6 0.48
0.0091 6 0.48
0.00911 6 0.48
0.00912 6 0.48
0.00913 6 0.48
0.00914 6 0.48
0.00915 6 0.48
0.00916 5.8 0.48
0.00917 6 0.44
0.00918 6 0.48
0.00919 6 0.48
0.0092 6 0.48
0.00921 6 0.48
0.00922 6 0.48
0.00923 6 0.48
0.00924 6 0.48
0.00925 6 0.44
0.00926 6 0.48
0.00927 6 0.48
0.00928 6 0.48
0.00929 6 0.44
0.0093 6.2 0.48
0.00931 6 0.48
0.00932 6 0.48
0.00933 6 0.48
0.00934 6 0.48
0.00935 6 0.48
0.00936 5.8 0.48
0.00937 6 0.48
0.00938 5.8 0.44
0.00939 6 0.44
0.0094 6 0.48
0.00941 6 0.48
0.00942 6 0.48
0.00943 6 0.48
0.00944 6 0.48
0.00945 6 0.44
0.00946 6 0.44
0.00947 6 0.48
0.00948 6 0.48
0.00949 6 0.48
0.0095 6 0.44
0.00951 6 0.48
0.00952 6 0.48
0.00953 6 0.48
0.00954 6 0.44
0.00955 6 0.48
0.00956 5.8 0.48
0.00957 5.8 0.48
0.00958 5.8 0.48
0.00959 6 0.44
0.0096 6 0.48
0.00961 6 0.48
0.00962 6 0.48
0.00963 6 0.48
0.00964 6 0.48
0.00965 6 0.48
0.00966 6 0.48
0.00967 5.8 0.48
0.00968 6 0.48
0.00969 6 0.48
0.0097 6 0.44
0.00971 5.8 0.44
0.00972 6 0.48
0.00973 5.8 0.48
0.00974 6 0.48
0.00975 5.8 0.44
0.00976 5.8 0.48
0.00977 5.8 0.48
0.00978 6 0.48
0.00979 6.2 0.48
0.0098 6 0.48
0.00981 5.8 0.48
0.00982 6 0.48
0.00983 5.8 0.48
0.00984 5.8 0.48
0.00985 5.8 0.48
0.00986 6 0.48
0.00987 6 0.48
0.00988 6 0.44
0.00989 6.2 0.48
0.0099 6 0.48
0.00991 6 0.48
0.00992 6 0.44
0.00993 6 0.48
0.00994 6 0.48
0.00995 5.8 0.48
0.00996 5.8 0.48
0.00997 6 0.48
0.00998 6 0.48
0.00999 6 0.48
0.01 6 0.48
0.01001 6 0.48
0.01002 6 0.48
0.01003 6 0.48
0.01004 5.8 0.48
0.01005 6 0.48
0.01006 6 0.48
0.01007 6 0.48
0.01008 6 0.48
0.01009 6.2 0.48
0.0101 6 0.48
0.01011 5.8 0.48
0.01012 5.8 0.48
0.01013 6 0.44
0.01014 6 0.48
0.01015 6 0.48
0.01016 6 0.44
0.01017 6 0.44
0.01018 5.8 0.48
0.01019 6 0.48
0.0102 6 0.48
0.01021 6 0.44
0.01022 6 0.48
0.01023 6 0.48
0.01024 5.8 0.48
0.01025 6 0.48
0.01026 6 0.48
0.01027 6 0.48
0.01028 6 0.48
0.01029 6 0.48
0.0103 6 0.48
0.01031 6 0.48
0.01032 6 0.48
0.01033 5.8 0.44
0.01034 6 0.44
0.01035 6 0.48
0.01036 6 0.48
0.01037 6 0.44
0.01038 6 0.48
0.01039 5.8 0.48
0.0104 5.8 0.48
0.01041 6 0.48
0.01042 6 0.44
0.01043 6 0.48
0.01044 6 0.48
0.01045 6 0.48
0.01046 6 0.48
0.01047 6 0.48
0.01048 6 0.48
0.01049 6 0.48
0.0105 6 0.44
0.01051 6 0.48
0.01052 5.8 0.48
0.01053 6 0.48
0.01054 6 0.44
0.01055 6 0.48
0.01056 5.8 0.48
0.01057 6 0.48
0.01058 6 0.48
0.01059 6 0.44
0.0106 6 0.48
0.01061 5.8 0.48
0.01062 6 0.48
0.01063 5.8 0.48
0.01064 6 0.48
0.01065 6 0.48
0.01066 6.2 0.48
0.01067 6 0.48
0.01068 6 0.48
0.01069 6 0.48
0.0107 6 0.48
0.01071 6 0.48
0.01072 6 0.48
0.01073 6 0.48
0.01074 5.8 0.48
0.01075 6 0.44
0.01076 6 0.48
0.01077 6 0.48
0.01078 6 0.48
0.01079 6 0.44
0.0108 6.2 0.44
0.01081 6 0.48
0.01082 5.8 0.48
0.01083 5.8 0.48
0.01084 6 0.48
0.01085 5.8 0.48
0.01086 5.8 0.48
0.01087 6 0.48
0.01088 6 0.44
0.01089 6 0.48
0.0109 6 0.48
0.01091 6 0.44
0.01092 6 0.48
0.01093 6 0.48
0.01094 6 0.48
0.01095 5.8 0.48
0.01096 6 0.44
0.01097 6 0.48
0.01098 5.8 0.48
0.01099 6 0.48
0.011 6 0.48
0.01101 6 0.48
0.01102 6 0.48
0.01103 5.8 0.48
0.01104 5.8 0.48
0.01105 6 0.44
0.01106 6 0.48
0.01107 6 0.48
0.01108 6 0.48
0.01109 5.8 0.44
0.0111 6 0.48
0.01111 5.8 0.44
0.01112 6 0.48
0.01113 6 0.44
0.01114 6 0.48
0.01115 6 0.48
0.01116 5.8 0.48
0.01117 5.8 0.48
0.01118 6 0.48
0.01119 5.8 0.44
0.0112 6 0.48
0.01121 5.8 0.48
0.01122 5.8 0.48
0.01123 5.8 0.48
0.01124 5.8 0.48
0.01125 6 0.48
0.01126 6 0.48
0.01127 5.8 0.48
0.01128 5.8 0.48
0.01129 6 0.48
0.0113 6 0.44
0.01131 6 0.48
0.01132 6 0.48
0.01133 6 0.48
0.01134 6 0.48
0.01135 6 0.48
0.01136 6 0.48
0.01137 6 0.48
0.01138 5.8 0.48
0.01139 6 0.48
0.0114 5.8 0.48
0.01141 6 0.48
0.01142 6 0.48
0.01143 5.8 0.48
0.01144 6 0.48
0.01145 5.8 0.48
0.01146 6 0.48
0.01147 6 0.44
0.01148 5.8 0.48
0.01149 6 0.48
0.0115 5.8 0.48
0.01151 6 0.48
0.01152 6 0.48
0.01153 5.8 0.48
0.01154 6 0.48
0.01155 5.8 0.48
0.01156 5.8 0.44
0.01157 5.8 0.48
0.01158 5.8 0.44
0.01159 6 0.44
0.0116 5.8 0.48
0.01161 5.8 0.48
0.01162 5.8 0.48
0.01163 5.8 0.48
0.01164 5.8 0.48
0.01165 6 0.48
0.01166 6 0.48
0.01167 6 0.44
0.01168 6 0.48
0.01169 5.8 0.48
0.0117 6 0.48
0.01171 5.8 0.44
0.01172 6 0.48
0.01173 5.8 0.48
0.01174 6 0.48
0.01175 5.8 0.44
0.01176 5.8 0.48
0.01177 5.8 0.48
0.01178 6 0.48
0.01179 6 0.44
0.0118 6 0.48
0.01181 6 0.48
0.01182 6 0.48
0.01183 6 0.44
0.01184 5.8 0.48
0.01185 5.8 0.48
0.01186 6 0.48
0.01187 6 0.48
0.01188 5.8 0.48
0.01189 5.8 0.48
0.0119 5.8 0.48
0.01191 5.8 0.48
0.01192 6 0.44
0.01193 5.8 0.48
0.01194 6 0.48
0.01195 5.8 0.44
0.01196 6 0.48
0.01197 6 0.48
0.01198 5.8 0.48
0.01199 6 0.48
0.012 5.8 0.44
0.01201 5.8 0.48
0.01202 5.8 0.48
0.01203 6 0.44
0.01204 5.8 0.44
0.01205 5.8 0.48
0.01206 4.4 0.48
0.01207 2.4 0.48
0.01208 0.8 4.2
0.01209 -0.4 0.52
0.0121 -0.4 0.48
0.01211 -0.6 0.48
0.01212 -0.4 0.48
0.01213 -0.8 0.48
0.01214 -0.8 0.48
0.01215 -0.6 0.48
0.01216 -0.4 0.48
0.01217 -0.6 0.48
0.01218 -0.6 0.44
0.01219 -0.6 0.48
0.0122 -0.6 0.48
0.01221 -0.6 0.44
0.01222 -0.6 0.48
0.01223 -0.4 0.48
0.01224 -0.4 0.48
0.01225 -0.4 0.48
0.01226 -0.6 0.48
0.01227 -0.6 0.48
0.01228 -0.4 0.48
0.01229 -0.6 0.44
0.0123 -0.6 0.48
0.01231 -0.6 0.48
0.01232 -0.6 0.48
0.01233 -0.6 0.48
0.01234 -0.4 0.44
0.01235 -0.4 0.48
0.01236 -0.8 0.48
0.01237 -0.6 0.44
0.01238 -0.6 0.44
0.01239 -0.6 0.48
0.0124 -0.6 0.48
0.01241 -0.6 0.44
0.01242 -0.6 0.48
0.01243 -0.6 0.48
0.01244 -0.6 0.48
0.01245 -0.6 0.44
0.01246 -0.4 0.48
0.01247 -0.6 0.48
0.01248 -0.4 0.48
0.01249 -0.4 0.48
0.0125 -0.6 0.48
0.01251 -0.6 0.48
0.01252 -0.6 0.48
0.01253 -0.6 0.44
0.01254 -0.6 0.48
0.01255 -0.4 0.48
0.01256 -0.6 0.48
0.01257 -0.6 0.48
0.01258 -0.6 0.48
0.01259 -0.4 0.48
0.0126 -0.6 0.48
0.01261 -0.6 0.48
0.01262 -0.6 0.48
0.01263 -0.6 0.44
0.01264 -0.6 0.48
0.01265 -0.4 0.48
0.01266 -0.6 0.48
0.01267 -0.6 0.44
0.01268 -0.6 0.48
0.01269 -0.6 0.48
0.0127 -0.4 0.44
0.01271 -0.4 0.44
0.01272 -0.6 0.48
0.01273 -0.6 0.48
0.01274 -0.6 0.48
0.01275 -0.6 0.44
0.01276 -0.4 0.48
0.01277 -0.6 0.48
0.01278 -0.6 0.48
0.01279 -0.4 0.48
0.0128 -0.4 0.48
0.01281 -0.6 0.48
0.01282 -0.6 0.48
0.01283 -0.8 0.48
0.01284 -0.6 0.44
0.01285 -0.4 0.48
0.01286 -0.6 0.48
0.01287 -0.6 0.44
0.01288 -0.6 0.48
0.01289 -0.6 0.48
0.0129 -0.6 0.48
0.01291 -0.6 0.48
0.01292 -0.6 0.48
0.01293 -0.6 0.48
0.01294 -0.4 0.48
0.01295 -0.4 0.48
0.01296 -0.6 0.44
0.01297 -0.4 0.48
0.01298 -0.6 0.48
0.01299 -0.4 0.48
0.013 -0.6 0.48
0.01301 -0.4 0.48
0.01302 -0.6 0.48
0.01303 -0.4 0.48
0.01304 -0.6 0.48
0.01305 -0.6 0.48
0.01306 -0.4 0.48
0.01307 -0.6 0.48
0.01308 -0.6 0.44
0.01309 -0.6 0.48
0.0131 -0.6 0.48
0.01311 -0.4 0.48
0.01312 -0.6 0.48
0.01313 -0.4 0.48
0.01314 -0.4 0.48
0.01315 -0.6 0.48
0.01316 -0.4 0.48
0.01317 -0.6 0.48
0.01318 -0.6 0.48
0.01319 -0.4 0.48
0.0132 -0.4 0.48
0.01321 -0.4 0.44
0.01322 -0.4 0.48
0.01323 -0.4 0.48
0.01324 -0.6 0.48
0.01325 -0.6 0.48
0.01326 -0.6 0.48
0.01327 -0.4 0.48
0.01328 -0.4 0.48
0.01329 -0.6 0.44
0.0133 -0.6 0.48
0.01331 -0.4 0.48
0.01332 -0.4 0.48
0.01333 -0.6 0.48
0.01334 -0.6 0.48
0.01335 -0.4 0.48
0.01336 -0.4 0.48
0.01337 -0.4 0.48
0.01338 -0.6 0.48
0.01339 -0.6 0.48
0.0134 -0.4 0.48
0.01341 -0.4 0.48
0.01342 -0.4 0.48
0.01343 -0.4 0.48
0.01344 -0.4 0.48
0.01345 -0.6 0.48
0.01346 -0.6 0.44
0.01347 -0.6 0.48
0.01348 -0.4 0.44
0.01349 -0.6 0.48
0.0135 -0.4 0.48
0.01351 -0.6 0.48
0.01352 -0.6 0.48
0.01353 -0.6 0.44
0.01354 -0.6 0.48
0.01355 -0.4 0.48
0.01356 -0.4 0.48
0.01357 -0.6 0.48
0.01358 -0.6 0.48
0.01359 -0.6 0.48
0.0136 -0.6 0.48
0.01361 -0.4 0.48
0.01362 -0.4 0.48
0.01363 -0.4 0.48
0.01364 -0.6 0.48
0.01365 -0.4 0.48
0.01366 -0.4 0.48
0.01367 -0.6 0.48
0.01368 -0.6 0.48
0.01369 -0.4 0.48
0.0137 -0.4 0.48
0.01371 -0.4 0.44
0.01372 -0.6 0.48
0.01373 -0.4 0.48
0.01374 -0.4 0.44
0.01375 -0.4 0.48
0.01376 -0.4 0.48
0.01377 -0.4 0.48
0.01378 -0.4 0.48
0.01379 -0.4 0.48
0.0138 -0.6 0.48
0.01381 -0.6 0.48
0.01382 -0.4 0.48
0.01383 -0.6 0.48
0.01384 -0.6 0.48
0.01385 -0.6 0.48
0.01386 -0.4 0.48
0.01387 -0.6 0.48
0.01388 -0.6 0.48
0.01389 -0.4 0.48
0.0139 -0.4 0.48
0.01391 -0.6 0.44
0.01392 -0.4 0.48
0.01393 -0.4 0.48
0.01394 -0.6 0.48
0.01395 -0.4 0.44
0.01396 -0.4 0.48
0.01397 -0.6 0.48
0.01398 -0.4 0.48
0.01399 -0.4 0.48
0.014 -0.4 0.48
0.01401 -0.4 0.48
0.01402 -0.4 0.48
0.01403 -0.6 0.48
0.01404 -0.4 0.48
0.01405 -0.6 0.48
0.01406 -0.4 0.48
0.01407 -0.4 0.48
0.01408 -0.4 0.48
0.01409 -0.4 0.48
0.0141 -0.4 0.48
0.01411 -0.4 0.48
0.01412 -0.4 0.44
0.01413 -0.4 0.48
0.01414 -0.4 0.48
0.01415 -0.4 0.48
0.01416 -0.4 0.44
0.01417 -0.4 0.48
0.01418 -0.4 0.48
0.01419 -0.6 0.48
0.0142 -0.6 0.44
0.01421 -0.4 0.48
0.01422 -0.6 0.48
0.01423 -0.4 0.48
0.01424 -0.6 0.48
0.01425 -0.4 0.48
0.01426 -0.6 0.48
0.01427 -0.4 0.48
0.01428 -0.4 0.48
0.01429 -0.4 0.48
0.0143 -0.4 0.48
0.01431 -0.4 0.48
0.01432 -0.4 0.48
0.01433 -0.4 0.44
0.01434 -0.4 0.48
0.01435 -0.4 0.48
0.01436 -0.4 0.48
0.01437 -0.6 0.48
0.01438 -0.4 0.48
0.01439 -0.6 0.48
0.0144 -0.4 0.48
0.01441 -0.6 0.48
0.01442 -0.4 0.48
0.01443 -0.4 0.48
0.01444 -0.4 0.44
0.01445 -0.4 0.48
0.01446 -0.4 0.48
0.01447 -0.4 0.48
0.01448 -0.4 0.48
0.01449 -0.6 0.44
0.0145 -0.6 0.48
0.01451 -0.6 0.48
0.01452 -0.4 0.48
0.01453 -0.6 0.48
0.01454 -0.4 0.44
0.01455 -0.6 0.48
0.01456 0 0.48
0.01457 -0.4 0.48
0.01458 -0.4 0.44
0.01459 -0.4 0.48
0.0146 -0.6 0.48
0.01461 -0.6 0.48
0.01462 -0.4 0.48
0.01463 -0.6 0.48
0.01464 -0.4 0.48
0.01465 -0.4 0.48
0.01466 -0.6 0.48
0.01467 -0.4 0.44
0.01468 -0.4 0.48
0.01469 -0.4 0.48
0.0147 -0.6 0.48
0.01471 -0.4 0.48
0.01472 -0.6 0.48
0.01473 -0.4 0.48
0.01474 -0.4 0.48
0.01475 -0.4 0.48
0.01476 -0.4 0.48
0.01477 -0.4 0.48
0.01478 -0.4 0.48
0.01479 -0.4 0.44
0.0148 -0.6 0.48
0.01481 -0.4 0.48
0.01482 -0.6 0.48
0.01483 -0.6 0.44
0.01484 -0.6 0.48
0.01485 -0.4 0.48
0.01486 -0.4 0.48
0.01487 -0.4 0.48
0.01488 -0.4 0.48
0.01489 -0.4 0.48
0.0149 -0.4 0.48
0.01491 -0.4 0.44
0.01492 -0.6 0.44
0.01493 -0.4 0.48
0.01494 -0.4 0.48
0.01495 -0.4 0.48
0.01496 -0.4 0.48
0.01497 -0.6 0.48
0.01498 -0.4 0.48
0.01499 -0.4 0.44
0.015 -0.4 0.44
0.01501 -0.6 0.48
0.01502 -0.6 0.48
0.01503 -0.6 0.48
0.01504 -0.4 0.44
0.01505 -0.6 0.48
0.01506 -0.4 0.48
0.01507 -0.4 0.48
0.01508 -0.4 0.48
0.01509 -0.4 0.48
0.0151 -0.6 0.48
0.01511 -0.4 0.48
0.01512 -0.6 0.48
0.01513 -0.4 0.48
0.01514 -0.6 0.48
0.01515 -0.4 0.44
0.01516 -0.4 0.44
0.01517 -0.4 0.44
0.01518 -0.4 0.48
0.01519 -0.6 0.48
0.0152 -0.4 0.44
0.01521 -0.4 0.48
0.01522 -0.4 0.48
0.01523 0 0.48
0.01524 -0.4 0.44
0.01525 -0.4 0.48
0.01526 -0.4 0.48
0.01527 -0.4 0.48
0.01528 -0.4 0.48
0.01529 -0.4 0.48
0.0153 -0.4 0.48
0.01531 -0.4 0.48
0.01532 -0.4 0.48
0.01533 -0.6 0.44
0.01534 -0.4 0.48
0.01535 -0.4 0.48
0.01536 -0.6 0.48
0.01537 -0.4 0.48
0.01538 -0.4 0.48
0.01539 -0.6 0.48
0.0154 -0.4 0.48
0.01541 -0.6 0.44
0.01542 -0.4 0.48
0.01543 -0.4 0.48
0.01544 -0.4 0.48
0.01545 -0.6 0.48
0.01546 -0.4 0.44
0.01547 -0.4 0.48
0.01548 -0.6 0.48
0.01549 -0.6 0.44
0.0155 -0.4 0.48
0.01551 -0.4 0.48
0.01552 -0.4 0.48
0.01553 -0.4 0.48
0.01554 -0.4 0.48
0.01555 -0.4 0.48
0.01556 -0.4 0.48
0.01557 -0.6 0.48
0.01558 -0.6 0.48
0.01559 -0.6 0.48
0.0156 -0.4 0.48
0.01561 -0.4 0.48
0.01562 -0.4 0.44
0.01563 -0.6 0.44
0.01564 -0.4 0.48
0.01565 -0.4 0.48
0.01566 -0.4 0.48
0.01567 -0.6 0.48
0.01568 -0.4 0.44
0.01569 -0.6 0.48
0.0157 -0.6 0.48
0.01571 -0.6 0.48
0.01572 -0.6 0.48
0.01573 -0.4 0.48
0.01574 -0.6 0.48
0.01575 -0.4 0.48
0.01576 -0.4 0.48
0.01577 -0.4 0.48
0.01578 -0.4 0.44
0.01579 -0.4 0.48
0.0158 -0.4 0.48
0.01581 -0.4 0.48
0.01582 -0.4 0.48
0.01583 -0.6 0.48
0.01584 -0.4 0.48
0.01585 -0.6 0.48
0.01586 -0.4 0.48
0.01587 -0.4 0.48
0.01588 -0.6 0.44
0.01589 -0.4 0.48
0.0159 -0.4 0.48
0.01591 -0.4 0.48
0.01592 -0.4 0.48
0.01593 -0.4 0.48
0.01594 -0.6 0.48
0.01595 -0.4 0.48
0.01596 -0.4 0.48
0.01597 -0.4 0.48
0.01598 -0.4 0.48
0.01599 -0.6 0.48
0.016 -0.4 0.48
0.01601 -0.4 0.48
0.01602 3.6 0.48
0.01603 6 0.48
0.01604 6 0.44
0.01605 6.2 0.48
0.01606 6.2 0.48
0.01607 6.2 0.48
0.01608 6 0.44
0.01609 6 0.48
0.0161 6.2 0.48
0.01611 6.2 0.48
0.01612 6.2 0.48
0.01613 6 0.48
0.01614 6 0.48
0.01615 6 0.48
0.01616 6 0.44
0.01617 6 0.48
0.01618 6 0.48
0.01619 6.2 0.48
0.0162 6 0.48
0.01621 6 0.48
0.01622 6 0.48
0.01623 6 0.48
0.01624 6.2 0.48
0.01625 6 0.48
0.01626 6.2 0.48
0.01627 6 0.48
0.01628 6 0.44
0.01629 6 0.48
0.0163 6 0.48
0.01631 6 0.48
0.01632 6 0.48
0.01633 6.2 0.44
0.01634 6.2 0.48
0.01635 6 0.48
0.01636 5.8 0.48
0.01637 6 0.44
0.01638 6 0.48
0.01639 6 0.48
0.0164 6 0.48
0.01641 6 0.48
0.01642 6 0.48
0.01643 6.2 0.48
0.01644 6 0.48
0.01645 6.2 0.48
0.01646 6 0.48
0.01647 6 0.48
0.01648 6 0.48
0.01649 6 0.48
0.0165 6 0.48
0.01651 5.8 0.48
0.01652 6.2 0.48
0.01653 6.2 0.48
0.01654 6 0.48
0.01655 6.2 0.48
0.01656 6 0.48
0.01657 6 0.48
0.01658 6 0.48
0.01659 6 0.48
0.0166 6 0.48
0.01661 6 0.48
0.01662 6 0.48
0.01663 5.8 0.48
0.01664 6 0.48
0.01665 6 0.48
0.01666 6 0.44
0.01667 6 0.48
0.01668 6 0.48
0.01669 6 0.48
0.0167 6 0.44
0.01671 6 0.48
0.01672 6 0.48
0.01673 6 0.48
0.01674 6 0.48
0.01675 6 0.48
0.01676 6 0.48
0.01677 6 0.48
0.01678 6 0.48
0.01679 6 0.48
0.0168 6.2 0.48
0.01681 6 0.48
0.01682 6 0.48
0.01683 6 0.48
0.01684 6 0.48
0.01685 6.2 0.48
0.01686 6 0.48
0.01687 6 0.44
0.01688 6 0.48
0.01689 6 0.52
0.0169 6 0.48
0.01691 5.8 0.44
0.01692 6 0.44
0.01693 6 0.48
0.01694 6 0.48
0.01695 6 0.48
0.01696 6 0.48
0.01697 6 0.48
0.01698 6 0.48
0.01699 6 0.48
0.017 6 0.48
0.01701 6 0.48
0.01702 6 0.48
0.01703 6 0.48
0.01704 5.8 0.48
0.01705 6 0.44
0.01706 6 0.48
0.01707 6 0.48
0.01708 6 0.44
0.01709 5.8 0.48
0.0171 6 0.48
0.01711 6 0.48
0.01712 6 0.44
0.01713 6 0.48
0.01714 6 0.48
0.01715 6 0.48
0.01716 5.8 0.48
0.01717 6 0.48
0.01718 5.8 0.44
0.01719 5.8 0.48
0.0172 5.8 0.48
0.01721 5.8 0.48
0.01722 6 0.48
0.01723 6 0.48
0.01724 6 0.48
0.01725 6 0.48
0.01726 5.8 0.48
0.01727 5.8 0.48
0.01728 6 0.44
0.01729 6 0.44
0.0173 6 0.48
0.01731 6 0.48
0.01732 6 0.44
0.01733 6 0.44
0.01734 5.8 0.48
0.01735 6 0.48
0.01736 6 0.48
0.01737 6 0.48
0.01738 6 0.48
0.01739 6 0.48
0.0174 5.8 0.48
0.01741 5.8 0.48
0.01742 6 0.48
0.01743 6.2 0.48
0.01744 5.8 0.48
0.01745 6 0.44
0.01746 6 0.48
0.01747 6 0.48
0.01748 6 0.48
0.01749 6 0.44
0.0175 6.2 0.44
0.01751 6 0.48
0.01752 5.8 0.48
0.01753 5.8 0.48
0.01754 6 0.44
0.01755 6 0.44
0.01756 6 0.48
0.01757 6 0.44
0.01758 6 0.48
0.01759 6 0.48
0.0176 6 0.48
0.01761 6 0.48
0.01762 6 0.44
0.01763 6 0.48
0.01764 6 0.48
0.01765 5.8 0.48
0.01766 6 0.48
0.01767 6 0.48
0.01768 5.8 0.48
0.01769 6 0.48
0.0177 6 0.44
0.01771 6 0.44
0.01772 5.8 0.48
0.01773 6 0.48
0.01774 6 0.44
0.01775 6 0.48
0.01776 6 0.48
0.01777 6 0.48
0.01778 6 0.48
0.01779 6.2 0.44
0.0178 6 0.48
0.01781 6 0.52
0.01782 6 0.48
0.01783 5.8 0.48
0.01784 6 0.48
0.01785 6 0.48
0.01786 6 0.48
0.01787 5.8 0.44
0.01788 5.8 0.48
0.01789 6 0.48
0.0179 5.8 0.48
0.01791 5.8 0.44
0.01792 5.8 0.48
0.01793 6 0.48
0.01794 5.8 0.48
0.01795 6 0.44
0.01796 6 0.48
0.01797 6 0.48
0.01798 6 0.48
0.01799 5.8 0.48
0.018 6 0.48
0.01801 6 0.48
0.01802 5.8 0.48
0.01803 5.8 0.44
0.01804 5.8 0.44
0.01805 6 0.48
0.01806 6 0.48
0.01807 6 0.48
0.01808 5.8 0.44
0.01809 6 0.48
0.0181 5.8 0.48
0.01811 6 0.48
0.01812 6 0.48
0.01813 6 0.48
0.01814 6 0.48
0.01815 6 0.48
0.01816 6 0.44
0.01817 6 0.48
0.01818 6 0.48
0.01819 5.8 0.48
0.0182 6 0.48
0.01821 5.8 0.48
0.01822 5.8 0.48
0.01823 5.8 0.48
0.01824 6 0.48
0.01825 5.8 0.48
0.01826 6 0.48
0.01827 5.8 0.48
0.01828 5.8 0.48
0.01829 5.8 0.48
0.0183 6 0.48
0.01831 6 0.48
0.01832 5.8 0.48
0.01833 5.8 0.48
0.01834 6 0.48
0.01835 6 0.48
0.01836 6 0.48
0.01837 6 0.44
0.01838 6 0.48
0.01839 5.8 0.48
0.0184 5.8 0.48
0.01841 6 0.44
0.01842 6 0.48
0.01843 6 0.48
0.01844 6 0.48
0.01845 6 0.48
0.01846 5.8 0.48
0.01847 5.8 0.48
0.01848 6 0.48
0.01849 6 0.48
0.0185 6 0.48
0.01851 6 0.48
0.01852 6 0.48
0.01853 6 0.48
0.01854 5.8 0.48
0.01855 6 0.48
0.01856 5.8 0.48
0.01857 6 0.48
0.01858 5.8 0.48
0.01859 5.8 0.48
0.0186 6 0.48
0.01861 6 0.48
0.01862 6 0.44
0.01863 6 0.48
0.01864 5.8 0.48
0.01865 6 0.48
0.01866 5.8 0.48
0.01867 6 0.48
0.01868 6 0.48
0.01869 6 0.48
0.0187 6 0.48
0.01871 6 0.48
0.01872 6 0.48
0.01873 6 0.48
0.01874 6 0.48
0.01875 5.8 0.48
0.01876 5.8 0.48
0.01877 6 0.48
0.01878 5.8 0.48
0.01879 5.8 0.48
0.0188 6 0.48
0.01881 6 0.48
0.01882 5.8 0.48
0.01883 6 0.44
0.01884 6 0.48
0.01885 6 0.48
0.01886 5.8 0.48
0.01887 5.8 0.44
0.01888 5.8 0.48
0.01889 5.8 0.48
0.0189 6 0.48
0.01891 6 0.48
0.01892 6 0.48
0.01893 5.8 0.48
0.01894 6 0.48
0.01895 5.8 0.44
0.01896 6 0.48
0.01897 6 0.48
0.01898 6 0.48
0.01899 6 0.48
0.019 5.8 0.48
0.01901 6 0.48
0.01902 6 0.48
0.01903 6 0.44
0.01904 5.8 0.48
0.01905 6 0.48
0.01906 5.8 0.48
0.01907 5.8 0.48
0.01908 6 0.48
0.01909 6 0.48
0.0191 6 0.48
0.01911 5.8 0.48
0.01912 5.8 0.48
0.01913 6 0.48
0.01914 6 0.48
0.01915 6 0.48
0.01916 5.8 0.48
0.01917 6 0.48
0.01918 6 0.48
0.01919 6 0.48
0.0192 6 0.48
0.01921 6 0.48
0.01922 5.8 0.48
0.01923 6 0.48
0.01924 6 0.44
0.01925 5.8 0.48
0.01926 6 0.48
0.01927 6 0.48
0.01928 6 0.48
0.01929 6 0.48
0.0193 5.8 0.48
0.01931 6 0.48
0.01932 6 0.48
0.01933 6 0.48
0.01934 6 0.48
0.01935 6 0.48
0.01936 5.8 0.48
0.01937 5.8 0.48
0.01938 5.8 0.44
0.01939 6 0.48
0.0194 6 0.48
0.01941 5.8 0.48
0.01942 6 0.48
0.01943 5.8 0.48
0.01944 6 0.48
0.01945 6 0.48
0.01946 6 0.48
0.01947 6 0.48
0.01948 6 0.48
0.01949 6 0.48
0.0195 6 0.48
0.01951 6 0.48
0.01952 6 0.48
0.01953 6 0.48
0.01954 6 0.48
0.01955 6 0.48
0.01956 6 0.48
0.01957 6 0.48
0.01958 6 0.48
0.01959 6 0.48
0.0196 6 0.48
0.01961 6 0.48
0.01962 5.8 0.44
0.01963 6 0.48
0.01964 6 0.48
0.01965 6 0.48
0.01966 6 0.44
0.01967 5.8 0.48
0.01968 6 0.48
0.01969 5.8 0.48
0.0197 5.8 0.48
0.01971 6 0.48
0.01972 6 0.48
0.01973 6 0.48
0.01974 6 0.48
0.01975 6 0.48
0.01976 6 0.48
0.01977 5.8 0.48
0.01978 6 0.48
0.01979 6 0.48
0.0198 6 0.44
0.01981 6.2 0.48
0.01982 6 0.44
0.01983 5.8 0.48
0.01984 5.8 0.48
0.01985 5.8 0.48
0.01986 5.8 0.48
0.01987 5 0.44
0.01988 2.6 0.48
0.01989 1.2 4.32
0.0199 -0.4 4.44
0.01991 -0.4 0.48
0.01992 -0.6 0.48
0.01993 -0.6 0.48
0.01994 -0.6 0.48
0.01995 -0.6 0.48
0.01996 -0.6 0.48
0.01997 -0.6 0.48
0.01998 -0.6 0.44
0.01999 -0.6 0.48
0.02 -0.6 0.48
0.02001 -0.6 0.48
0.02002 -0.6 0.44
0.02003 -0.6 0.48
0.02004 -0.8 0.48
0.02005 -0.4 0.48
0.02006 -0.6 0.48
0.02007 -0.4 0.48
0.02008 -0.6 0.44
0.02009 -0.6 0.48
0.0201 -0.6 0.48
0.02011 -0.6 0.48
0.02012 -0.6 0.48
0.02013 -0.6 0.48
0.02014 -0.6 0.48
0.02015 -0.6 0.48
0.02016 -0.6 0.48
0.02017 -0.6 0.44
0.02018 -0.6 0.48
0.02019 -0.6 0.44
0.0202 -0.6 0.48
0.02021 -0.4 0.48
0.02022 -0.6 0.48
0.02023 -0.6 0.48
0.02024 -0.4 0.48
0.02025 -0.6 0.48
0.02026 -0.6 0.48
0.02027 -0.6 0.48
0.02028 -0.4 0.48
0.02029 -0.8 0.44
0.0203 -0.4 0.48
0.02031 -0.6 0.48
0.02032 -0.6 0.48
0.02033 -0.6 0.48
0.02034 -0.6 0.48
0.02035 -0.6 0.48
0.02036 -0.6 0.48
0.02037 -0.6 0.48
0.02038 -0.8 0.48
0.02039 -0.6 0.48
0.0204 -0.4 0.48
0.02041 -0.6 0.48
0.02042 -0.6 0.48
0.02043 -0.4 0.48
0.02044 -0.6 0.48
0.02045 -0.6 0.44
0.02046 -0.4 0.48
0.02047 -0.6 0.48
0.02048 -0.6 0.48
0.02049 -0.6 0.48
0.0205 -0.6 0.48
0.02051 -0.6 0.48
0.02052 -0.4 0.48
0.02053 -0.6 0.44
0.02054 -0.6 0.48
0.02055 -0.6 0.48
0.02056 -0.6 0.48
0.02057 -0.6 0.48
0.02058 -0.6 0.48
0.02059 -0.6 0.48
0.0206 -0.4 0.48
0.02061 -0.6 0.48
0.02062 -0.4 0.44
0.02063 -0.4 0.48
0.02064 -0.6 0.48
0.02065 -0.6 0.48
0.02066 -0.6 0.48
0.02067 -0.8 0.48
0.02068 -0.6 0.48
0.02069 -0.4 0.48
0.0207 -0.4 0.48
0.02071 -0.6 0.44
0.02072 -0.4 0.48
0.02073 -0.4 0.48
0.02074 -0.6 0.44
0.02075 -0.4 0.44
0.02076 -0.4 0.48
0.02077 -0.6 0.48
0.02078 -0.8 0.44
0.02079 -0.6 0.48
0.0208 -0.6 0.48
0.02081 -0.8 0.48
0.02082 -0.6 0.48
0.02083 -0.6 0.48
0.02084 -0.6 0.48
0.02085 -0.6 0.48
0.02086 -0.6 0.48
0.02087 -0.6 0.44
0.02088 -0.4 0.48
0.02089 -0.4 0.48
0.0209 -0.6 0.48
0.02091 -0.6 0.44
0.02092 -0.4 0.44
0.02093 -0.6 0.48
0.02094 -0.4 0.48
0.02095 -0.6 0.48
0.02096 -0.4 0.48
0.02097 -0.4 0.48
0.02098 -0.6 0.48
0.02099 -0.4 0.48
0.021 -0.6 0.48
0.02101 -0.6 0.48
0.02102 -0.4 0.48
0.02103 -0.4 0.48
0.02104 -0.4 0.48
0.02105 -0.6 0.48
0.02106 -0.6 0.48
0.02107 -0.6 0.48
0.02108 -0.6 0.48
0.02109 -0.4 0.48
0.0211 -0.6 0.48
0.02111 -0.4 0.48
0.02112 -0.6 0.48
0.02113 -0.6 0.48
0.02114 -0.4 0.48
0.02115 -0.4 0.48
0.02116 -0.6 0.48
0.02117 -0.6 0.48
0.02118 -0.4 0.48
0.02119 -0.6 0.48
0.0212 -0.6 0.48
0.02121 -0.4 0.48
0.02122 -0.4 0.48
0.02123 -0.6 0.48
0.02124 -0.6 0.48
0.02125 -0.4 0.48
0.02126 -0.6 0.48
0.02127 -0.4 0.48
0.02128 -0.4 0.48
0.02129 -0.4 0.48
0.0213 -0.4 0.48
0.02131 -0.6 0.48
0.02132 -0.6 0.48
0.02133 -0.4 0.44
0.02134 -0.6 0.48
0.02135 -0.4 0.48
0.02136 -0.4 0.48
0.02137 -0.6 0.48
0.02138 -0.6 0.44
0.02139 -0.4 0.48
0.0214 -0.4 0.48
0.02141 -0.4 0.48
0.02142 -0.4 0.48
0.02143 -0.6 0.48
0.02144 -0.6 0.48
0.02145 -0.6 0.48
0.02146 -0.4 0.48
0.02147 -0.6 0.48
0.02148 -0.4 0.48
0.02149 -0.6 0.48
0.0215 -0.4 0.48
0.02151 -0.4 0.48
0.02152 -0.6 0.48
0.02153 -0.4 0.48
0.02154 -0.4 0.48
0.02155 -0.4 0.48
0.02156 -0.6 0.48
0.02157 -0.4 0.48
0.02158 -0.6 0.48
0.02159 -0.4 0.48
0.0216 -0.4 0.48
0.02161 -0.6 0.48
0.02162 -0.4 0.44
0.02163 -0.6 0.44
0.02164 -0.6 0.48
0.02165 -0.6 0.48
0.02166 -0.4 0.48
0.02167 -0.6 0.48
0.02168 -0.6 0.48
0.02169 -0.4 0.48
0.0217 -0.4 0.48
0.02171 -0.4 0.44
0.02172 -0.4 0.48
0.02173 -0.6 0.48
0.02174 -0.6 0.48
0.02175 -0.4 0.44
0.02176 -0.6 0.48
0.02177 -0.6 0.48
0.02178 -0.4 0.44
0.02179 -0.6 0.44
0.0218 -0.6 0.48
0.02181 -0.6 0.48
0.02182 -0.4 0.48
0.02183 -0.6 0.48
0.02184 -0.4 0.44
0.02185 -0.6 0.48
0.02186 -0.4 0.48
0.02187 -0.4 0.48
0.02188 -0.4 0.44
0.02189 -0.6 0.48
0.0219 -0.4 0.48
0.02191 -0.6 0.44
0.02192 -0.6 0.48
0.02193 -0.4 0.48
0.02194 -0.4 0.48
0.02195 -0.4 0.48
0.02196 -0.4 0.44
0.02197 -0.6 0.48
0.02198 -0.6 0.48
0.02199 -0.4 0.48
0.022 -0.6 0.48
0.02201 -0.4 0.44
0.02202 -0.4 0.48
0.02203 -0.6 0.48
0.02204 -0.4 0.48
0.02205 -0.6 0.48
0.02206 -0.6 0.48
0.02207 -0.4 0.48
0.02208 -0.6 0.48
0.02209 -0.4 0.48
0.0221 -0.4 0.48
0.02211 -0.4 0.48
0.02212 -0.4 0.48
0.02213 -0.6 0.48
0.02214 -0.4 0.48
0.02215 -0.6 0.48
0.02216 -0.4 0.48
0.02217 -0.4 0.48
0.02218 -0.4 0.48
0.02219 -0.4 0.48
0.0222 -0.4 0.44
0.02221 -0.4 0.48
0.02222 -0.6 0.48
0.02223 -0.4 0.48
0.02224 -0.4 0.48
0.02225 -0.4 0.48
0.02226 -0.6 0.48
0.02227 -0.6 0.48
0.02228 -0.6 0.48
0.02229 -0.6 0.48
0.0223 -0.4 0.48
0.02231 -0.6 0.48
0.02232 -0.4 0.48
0.02233 -0.4 0.48
0.02234 -0.6 0.48
0.02235 -0.6 0.48
0.02236 -0.4 0.48
0.02237 -0.6 0.48
0.02238 -0.4 0.48
0.02239 -0.4 0.48
0.0224 -0.4 0.48
0.02241 -0.6 0.44
0.02242 -0.4 0.48
0.02243 -0.6 0.48
0.02244 -0.4 0.48
0.02245 -0.4 0.48
0.02246 -0.6 0.48
0.02247 -0.4 0.48
0.02248 -0.4 0.48
0.02249 -0.4 0.48
0.0225 -0.4 0.48
0.02251 -0.6 0.48
0.02252 -0.6 0.48
0.02253 -0.4 0.48
0.02254 -0.4 0.48
0.02255 -0.4 0.48
0.02256 -0.4 0.48
0.02257 -0.4 0.48
0.02258 -0.4 0.44
0.02259 -0.4 0.48
0.0226 -0.4 0.48
0.02261 -0.4 0.48
0.02262 -0.4 0.44
0.02263 -0.4 0.48
0.02264 -0.6 0.48
0.02265 -0.4 0.48
0.02266 -0.4 0.48
0.02267 -0.4 0.48
0.02268 -0.4 0.48
0.02269 -0.6 0.48
0.0227 -0.4 0.44
0.02271 -0.4 0.48
0.02272 -0.4 0.48
0.02273 -0.6 0.48
0.02274 -0.4 0.48
0.02275 -0.4 0.48
0.02276 -0.4 0.44
0.02277 -0.4 0.48
0.02278 -0.4 0.44
0.02279 -0.6 0.48
0.0228 -0.4 0.48
0.02281 -0.4 0.48
0.02282 -0.4 0.48
0.02283 -0.4 0.44
0.02284 -0.4 0.48
0.02285 -0.4 0.48
0.02286 -0.4 0.48
0.02287 -0.6 0.48
0.02288 -0.4 0.48
0.02289 -0.4 0.48
0.0229 -0.6 0.48
0.02291 -0.4 0.48
0.02292 -0.4 0.48
0.02293 -0.4 0.48
0.02294 -0.4 0.44
0.02295 -0.4 0.48
0.02296 -0.4 0.48
0.02297 -0.4 0.48
0.02298 -0.4 0.48
0.02299 -0.4 0.44
0.023 -0.4 0.44
0.02301 -0.4 0.48
0.02302 -0.4 0.48
0.02303 -0.4 0.44
0.02304 -0.4 0.48
0.02305 -0.4 0.48
0.02306 -0.4 0.48
0.02307 -0.4 0.48
0.02308 -0.4 0.48
0.02309 -0.4 0.48
0.0231 -0.4 0.48
0.02311 -0.4 0.48
0.02312 -0.4 0.44
0.02313 -0.4 0.44
0.02314 -0.4 0.48
0.02315 -0.4 0.48
0.02316 -0.4 0.48
0.02317 -0.4 0.48
0.02318 -0.4 0.48
0.02319 -0.4 0.48
0.0232 -0.4 0.48
0.02321 -0.4 0.44
0.02322 -0.6 0.48
0.02323 -0.4 0.48
0.02324 -0.4 0.48
0.02325 -0.4 0.48
0.02326 -0.6 0.48
0.02327 -0.4 0.48
0.02328 -0.4 0.48
0.02329 -0.6 0.44
0.0233 -0.6 0.48
0.02331 -0.4 0.48
0.02332 -0.4 0.48
0.02333 -0.4 0.44
0.02334 -0.4 0.48
0.02335 -0.4 0.48
0.02336 -0.4 0.48
0.02337 -0.4 0.48
0.02338 -0.4 0.48
0.02339 -0.4 0.48
0.0234 -0.4 0.48
0.02341 -0.4 0.44
0.02342 -0.6 0.44
0.02343 -0.4 0.48
0.02344 -0.4 0.48
0.02345 -0.6 0.48
0.02346 -0.6 0.44
0.02347 -0.4 0.48
0.02348 -0.4 0.48
0.02349 -0.6 0.48
0.0235 -0.4 0.48
0.02351 -0.6 0.48
0.02352 -0.4 0.48
0.02353 -0.4 0.48
0.02354 -0.4 0.48
0.02355 -0.4 0.48
0.02356 -0.4 0.48
0.02357 -0.6 0.48
0.02358 -0.4 0.48
0.02359 -0.4 0.48
0.0236 -0.4 0.48
0.02361 -0.4 0.48
0.02362 -0.4 0.48
0.02363 -0.4 0.44
0.02364 -0.4 0.48
0.02365 -0.4 0.48
0.02366 -0.4 0.48
0.02367 -0.4 0.44
0.02368 -0.4 0.48
0.02369 -0.4 0.48
0.0237 -0.4 0.44
0.02371 -0.4 0.48
0.02372 -0.6 0.48
0.02373 -0.4 0.48
0.02374 -0.4 0.48
0.02375 -0.4 0.48
0.02376 -0.4 0.48
0.02377 -0.4 0.48
0.02378 -0.6 0.48
0.02379 -0.6 0.48
0.0238 -0.4 0.48
0.02381 -0.4 0.48
0.02382 -0.4 0.48
0.02383 1.6 0.48
0.02384 6 0.48
0.02385 6.2 0.48
0.02386 6.2 0.48
0.02387 6 0.48
0.02388 6.2 0.44
0.02389 6 0.48
0.0239 6 0.48
0.02391 6 0.48
0.02392 6 0.48
0.02393 6 0.48
0.02394 6.2 0.48
0.02395 6.2 0.48
0.02396 6.2 0.48
0.02397 6.2 0.48
0.02398 6.2 0.48
0.02399 6 0.48
0.024 6.2 0.48
0.02401 6.2 0.48
0.02402 6 0.48
0.02403 6.2 0.48
0.02404 6 0.48
0.02405 6 0.48
0.02406 6.2 0.48
0.02407 6 0.48
0.02408 6 0.48
0.02409 6 0.44
0.0241 6.2 0.48
0.02411 6 0.48
0.02412 6 0.48
0.02413 6.2 0.48
0.02414 6.2 0.48
0.02415 6.2 0.48
0.02416 6 0.48
0.02417 6 0.48
0.02418 6 0.48
0.02419 6.2 0.48
0.0242 6 0.48
0.02421 6 0.48
0.02422 6 0.48
0.02423 6 0.48
0.02424 6 0.48
0.02425 6.2 0.48
0.02426 6 0.48
0.02427 6.2 0.48
0.02428 6.2 0.48
0.02429 6.2 0.44
0.0243 6 0.48
0.02431 6 0.48
0.02432 6.2 0.48
0.02433 6 0.44
0.02434 6 0.48
0.02435 6 0.44
0.02436 6 0.44
0.02437 6 0.48
0.02438 6 0.48
0.02439 6 0.48
0.0244 6 0.48
0.02441 6 0.48
0.02442 6 0.44
0.02443 6.2 0.48
0.02444 6 0.48
0.02445 6 0.48
0.02446 5.8 0.48
0.02447 6 0.48
0.02448 6 0.48
0.02449 6.2 0.48
0.0245 6 0.44
0.02451 6 0.48
0.02452 5.8 0.48
0.02453 6.2 0.48
0.02454 6 0.44
0.02455 6 0.48
0.02456 6 0.48
0.02457 6 0.48
0.02458 6 0.48
0.02459 6 0.44
0.0246 6 0.48
0.02461 6 0.48
0.02462 6 0.48
0.02463 6 0.48
0.02464 6.2 0.48
0.02465 6 0.48
0.02466 6 0.44
0.02467 6.2 0.48
0.02468 6 0.48
0.02469 6 0.48
0.0247 5.8 0.48
0.02471 6 0.48
0.02472 6 0.48
0.02473 6 0.48
0.02474 6 0.48
0.02475 6 0.48
0.02476 6 0.48
0.02477 6.2 0.48
0.02478 6.2 0.48
0.02479 6.2 0.48
0.0248 6 0.48
0.02481 6.2 0.48
0.02482 6.2 0.48
0.02483 6.2 0.48
0.02484 6 0.44
0.02485 5.8 0.48
0.02486 6.2 0.48
0.02487 6 0.48
0.02488 5.8 0.44
0.02489 6 0.48
0.0249 6 0.48
0.02491 6 0.44
0.02492 6 0.44
0.02493 6 0.48
0.02494 6 0.48
0.02495 6 0.48
0.02496 6 0.44
0.02497 6 0.48
0.02498 6 0.48
0.02499 6 0.48
0.025 6 0.48
0.02501 6 0.48
0.02502 6 0.48
0.02503 6 0.48
0.02504 6 0.48
0.02505 5.8 0.44
0.02506 6 0.48
0.02507 5.8 0.48
0.02508 6.2 0.48
0.02509 6 0.48
0.0251 6 0.48
0.02511 6 0.48
0.02512 6 0.48
0.02513 6 0.48
0.02514 6 0.48
0.02515 6 0.48
0.02516 6 0.48
0.02517 5.8 0.48
0.02518 6 0.48
0.02519 6 0.48
0.0252 6 0.48
0.02521 6 0.48
0.02522 6.2 0.48
0.02523 5.8 0.48
0.02524 6 0.48
0.02525 6 0.48
0.02526 5.8 0.48
0.02527 6 0.48
0.02528 6 0.48
0.02529 6 0.48
0.0253 5.8 0.44
0.02531 6.2 0.48
0.02532 6 0.48
0.02533 6 0.44
0.02534 6 0.48
0.02535 6 0.52
0.02536 6 0.48
0.02537 5.8 0.48
0.02538 6 0.44
0.02539 5.8 0.48
0.0254 5.8 0.48
0.02541 6 0.48
0.02542 5.8 0.48
0.02543 5.8 0.48
0.02544 6 0.48
0.02545 6 0.48
0.02546 5.8 0.44
0.02547 5.8 0.44
0.02548 6 0.48
0.02549 6 0.48
0.0255 6.2 0.48
0.02551 6 0.48
0.02552 6 0.48
0.02553 6 0.48
0.02554 6 0.44
0.02555 6 0.44
0.02556 6.2 0.52
0.02557 6 0.48
0.02558 5.8 0.44
0.02559 6 0.48
0.0256 6 0.48
0.02561 6 0.48
0.02562 5.8 0.48
0.02563 5.8 0.48
0.02564 6 0.48
0.02565 5.8 0.48
0.02566 5.8 0.44
0.02567 6 0.48
0.02568 6 0.48
0.02569 6 0.48
0.0257 6.2 0.48
0.02571 5.8 0.48
0.02572 6 0.48
0.02573 5.8 0.48
0.02574 6 0.48
0.02575 6 0.44
0.02576 6.2 0.48
0.02577 6 0.48
0.02578 6 0.48
0.02579 6 0.48
0.0258 6 0.48
0.02581 6 0.48
0.02582 5.8 0.48
0.02583 6 0.48
0.02584 6 0.44
0.02585 6 0.48
0.02586 6.2 0.44
0.02587 6 0.44
0.02588 6 0.48
0.02589 6 0.48
0.0259 6 0.48
0.02591 6 0.48
0.02592 6 0.44
0.02593 6 0.48
0.02594 6 0.48
0.02595 5.8 0.48
0.02596 6 0.48
0.02597 5.8 0.48
0.02598 5.8 0.48
0.02599 6 0.48
0.026 6 0.44
0.02601 6 0.48
0.02602 6 0.48
0.02603 6 0.48
0.02604 6.2 0.48
0.02605 6 0.48
0.02606 5.8 0.48
0.02607 6 0.48
0.02608 6 0.48
0.02609 6 0.48
0.0261 5.8 0.48
0.02611 6 0.48
0.02612 6 0.48
0.02613 6 0.48
0.02614 6 0.48
0.02615 6 0.48
0.02616 5.8 0.48
0.02617 5.8 0.44
0.02618 6 0.48
0.02619 6 0.48
0.0262 6 0.48
0.02621 6 0.44
0.02622 6 0.48
0.02623 6 0.48
0.02624 6 0.48
0.02625 6 0.48
0.02626 6 0.48
0.02627 6 0.48
0.02628 5.8 0.48
0.02629 6 0.48
0.0263 6 0.48
0.02631 6 0.48
0.02632 5.8 0.48
0.02633 5.8 0.48
0.02634 6 0.48
0.02635 6 0.48
0.02636 5.8 0.48
0.02637 6 0.48
0.02638 6 0.48
0.02639 5.8 0.48
0.0264 6 0.48
0.02641 6 0.48
0.02642 6 0.44
0.02643 5.8 0.48
0.02644 6 0.48
0.02645 5.8 0.44
0.02646 6 0.44
0.02647 5.8 0.48
0.02648 6 0.48
0.02649 5.8 0.48
0.0265 5.8 0.48
0.02651 5.8 0.44
0.02652 5.8 0.48
0.02653 5.8 0.48
0.02654 6 0.48
0.02655 5.8 0.44
0.02656 6 0.48
0.02657 6 0.48
0.02658 5.8 0.48
0.02659 5.8 0.48
0.0266 6 0.48
0.02661 6 0.48
0.02662 5.8 0.44
0.02663 6 0.44
0.02664 6 0.48
0.02665 6 0.48
0.02666 5.8 0.48
0.02667 6 0.48
0.02668 6 0.48
0.02669 6 0.48
0.0267 6 0.48
0.02671 5.8 0.48
0.02672 5.8 0.48
0.02673 5.8 0.48
0.02674 5.8 0.48
0.02675 5.8 0.48
0.02676 6 0.48
0.02677 5.8 0.44
0.02678 5.8 0.48
0.02679 5.8 0.44
0.0268 6 0.44
0.02681 6 0.48
0.02682 6.2 0.48
0.02683 6 0.48
0.02684 5.8 0.48
0.02685 6 0.48
0.02686 6 0.48
0.02687 6 0.48
0.02688 6 0.48
0.02689 6 0.48
0.0269 5.8 0.48
0.02691 6 0.48
0.02692 6 0.44
0.02693 6 0.44
0.02694 5.8 0.48
0.02695 6 0.48
0.02696 5.8 0.48
0.02697 6 0.48
0.02698 6 0.48
0.02699 5.8 0.48
0.027 6 0.48
0.02701 6 0.48
0.02702 6 0.48
0.02703 5.8 0.48
0.02704 6 0.44
0.02705 6 0.44
0.02706 6 0.48
0.02707 6 0.48
0.02708 5.8 0.48
0.02709 5.8 0.44
0.0271 6 0.48
0.02711 5.8 0.48
0.02712 5.8 0.48
0.02713 5.8 0.44
0.02714 6 0.48
0.02715 5.8 0.48
0.02716 6 0.48
0.02717 6 0.48
0.02718 6 0.48
0.02719 6 0.48
0.0272 6 0.48
0.02721 6 0.48
0.02722 5.8 0.48
0.02723 5.8 0.48
0.02724 6 0.48
0.02725 6 0.44
0.02726 5.8 0.44
0.02727 6 0.48
0.02728 6 0.48
0.02729 5.8 0.48
0.0273 5.8 0.48
0.02731 6 0.48
0.02732 6 0.48
0.02733 5.8 0.44
0.02734 5.8 0.48
0.02735 5.8 0.48
0.02736 5.8 0.48
0.02737 6 0.48
0.02738 5.8 0.48
0.02739 5.8 0.44
0.0274 6 0.48
0.02741 5.8 0.48
0.02742 5.8 0.48
0.02743 6 0.48
0.02744 5.8 0.48
0.02745 5.8 0.48
0.02746 5.8 0.48
0.02747 5.8 0.48
0.02748 5.8 0.48
0.02749 6 0.48
0.0275 5.8 0.48
0.02751 6 0.48
0.02752 5.8 0.48
0.02753 6 0.48
0.02754 5.8 0.48
0.02755 5.8 0.44
0.02756 5.8 0.48
0.02757 6 0.48
0.02758 5.8 0.48
0.02759 5.8 0.44
0.0276 5.8 0.48
0.02761 6 0.48
0.02762 5.8 0.48
0.02763 6 0.48
0.02764 6 0.48
0.02765 6 0.48
0.02766 6 0.44
0.02767 5.8 0.44
0.02768 5.6 0.48
0.02769 3.6 0.48
0.0277 1.4 0.48
0.02771 -0.4 4.44
0.02772 -0.6 0.48
0.02773 -0.6 0.48
0.02774 -0.6 0.48
0.02775 -0.8 0.48
0.02776 -0.6 0.48
0.02777 -0.6 0.48
0.02778 -0.6 0.48
0.02779 -0.6 0.48
0.0278 -0.6 0.48
0.02781 -0.6 0.48
0.02782 -0.6 0.48
0.02783 -0.8 0.48
0.02784 -0.4 0.44
0.02785 -0.8 0.48
0.02786 -0.6 0.48
0.02787 -0.6 0.44
0.02788 -0.8 0.48
0.02789 -0.6 0.48
0.0279 -0.6 0.48
0.02791 -0.8 0.48
0.02792 -0.6 0.44
0.02793 -0.6 0.48
0.02794 -0.6 0.48
0.02795 -0.6 0.48
0.02796 -0.6 0.44
0.02797 -0.4 0.48
0.02798 -0.6 0.48
0.02799 -0.6 0.48
0.028 -0.8 0.44
0.02801 -0.6 0.48
0.02802 -0.4 0.48
0.02803 -0.6 0.48
0.02804 -0.6 0.48
0.02805 -0.6 0.48
0.02806 -0.6 0.48
0.02807 -0.6 0.48
0.02808 -0.6 0.44
0.02809 -0.6 0.48
0.0281 -0.6 0.48
0.02811 -0.6 0.48
0.02812 -0.6 0.48
0.02813 -0.6 0.48
0.02814 -0.6 0.48
0.02815 -0.8 0.48
0.02816 -0.6 0.44
0.02817 -0.6 0.48
0.02818 -0.6 0.48
0.02819 -0.6 0.48
0.0282 -0.6 0.48
0.02821 -0.6 0.48
0.02822 -0.6 0.48
0.02823 -0.6 0.48
0.02824 -0.6 0.44
0.02825 -0.6 0.48
0.02826 -0.6 0.48
0.02827 -0.6 0.44
0.02828 -0.6 0.48
0.02829 -0.6 0.44
0.0283 -0.6 0.48
0.02831 -0.6 0.48
0.02832 -0.4 0.48
0.02833 -0.6 0.48
0.02834 -0.6 0.48
0.02835 -0.6 0.48
0.02836 -0.6 0.48
0.02837 -0.4 0.48
0.02838 -0.6 0.48
0.02839 -0.6 0.48
0.0284 -0.6 0.48
0.02841 -0.6 0.48
0.02842 -0.6 0.48
0.02843 -0.6 0.48
0.02844 -0.6 0.48
0.02845 -0.6 0.48
0.02846 -0.4 0.44
0.02847 -0.4 0.48
0.02848 -0.6 0.48
0.02849 -0.6 0.48
0.0285 -0.6 0.44
0.02851 -0.4 0.44
0.02852 -0.6 0.48
0.02853 -0.6 0.48
0.02854 -0.6 0.44
0.02855 -0.6 0.48
0.02856 -0.6 0.48
0.02857 -0.6 0.48
0.02858 -0.6 0.44
0.02859 -0.4 0.48
0.0286 -0.6 0.48
0.02861 -0.4 0.48
0.02862 -0.4 0.48
0.02863 -0.6 0.48
0.02864 -0.6 0.44
0.02865 -0.6 0.48
0.02866 -0.8 0.44
0.02867 -0.6 0.48
0.02868 -0.6 0.48
0.02869 -0.4 0.48
0.0287 -0.6 0.48
0.02871 -0.6 0.44
0.02872 -0.6 0.44
0.02873 -0.6 0.48
0.02874 -0.6 0.48
0.02875 -0.6 0.44
0.02876 -0.6 0.48
0.02877 -0.4 0.48
0.02878 -0.6 0.48
0.02879 -0.4 0.48
0.0288 -0.6 0.48
0.02881 -0.6 0.48
0.02882 -0.4 0.48
0.02883 -0.4 0.48
0.02884 -0.6 0.44
0.02885 -0.6 0.48
0.02886 -0.4 0.48
0.02887 -0.6 0.48
0.02888 -0.4 0.48
0.02889 -0.4 0.48
0.0289 -0.6 0.48
0.02891 -0.6 0.44
0.02892 -0.4 0.48
0.02893 -0.4 0.48
0.02894 -0.6 0.48
0.02895 -0.6 0.44
0.02896 -0.6 0.44
0.02897 -0.6 0.48
0.02898 -0.4 0.48
0.02899 -0.6 0.48
0.029 -0.6 0.44
0.02901 -0.6 0.48
0.02902 -0.4 0.48
0.02903 -0.6 0.48
0.02904 -0.4 0.44
0.02905 -0.6 0.48
0.02906 -0.6 0.48
0.02907 -0.6 0.48
0.02908 -0.6 0.48
0.02909 -0.6 0.48
0.0291 -0.6 0.48
0.02911 -0.6 0.48
0.02912 -0.6 0.48
0.02913 -0.6 0.44
0.02914 -0.6 0.48
0.02915 -0.6 0.48
0.02916 -0.6 0.48
0.02917 -0.4 0.48
0.02918 -0.4 0.48
0.02919 -0.4 0.48
0.0292 -0.4 0.44
0.02921 -0.4 0.48
0.02922 -0.6 0.48
0.02923 -0.4 0.48
0.02924 -0.6 0.48
0.02925 -0.6 0.44
0.02926 -0.4 0.48
0.02927 -0.4 0.48
0.02928 -0.6 0.48
0.02929 -0.6 0.44
0.0293 -0.4 0.48
0.02931 -0.4 0.48
0.02932 -0.6 0.48
0.02933 -0.4 0.48
0.02934 -0.6 0.44
0.02935 -0.6 0.48
0.02936 -0.4 0.48
0.02937 -0.4 0.48
0.02938 -0.4 0.44
0.02939 -0.6 0.48
0.0294 -0.6 0.48
0.02941 -0.4 0.48
0.02942 -0.6 0.48
0.02943 -0.6 0.48
0.02944 -0.6 0.48
0.02945 -0.6 0.48
0.02946 -0.6 0.44
0.02947 -0.6 0.48
0.02948 -0.4 0.48
0.02949 -0.4 0.48
0.0295 -0.6 0.48
0.02951 -0.4 0.48
0.02952 -0.4 0.48
0.02953 -0.6 0.48
0.02954 -0.6 0.48
0.02955 -0.4 0.48
0.02956 -0.4 0.48
0.02957 -0.4 0.48
0.02958 -0.4 0.44
0.02959 -0.6 0.44
0.0296 -0.6 0.48
0.02961 -0.4 0.48
0.02962 -0.6 0.44
0.02963 -0.4 0.48
0.02964 -0.4 0.48
0.02965 -0.4 0.48
0.02966 -0.4 0.48
0.02967 -0.6 0.48
0.02968 -0.4 0.48
0.02969 -0.4 0.48
0.0297 -0.6 0.44
0.02971 -0.4 0.48
0.02972 -0.4 0.48
0.02973 -0.4 0.48
0.02974 -0.4 0.48
0.02975 -0.4 0.48
0.02976 -0.4 0.44
0.02977 -0.4 0.48
0.02978 -0.4 0.48
0.02979 -0.4 0.44
0.0298 -0.4 0.48
0.02981 -0.4 0.48
0.02982 -0.4 0.48
0.02983 -0.4 0.48
0.02984 -0.4 0.48
0.02985 -0.4 0.48
0.02986 -0.6 0.48
0.02987 -0.6 0.48
0.02988 -0.6 0.44
0.02989 -0.4 0.48
0.0299 -0.4 0.48
0.02991 -0.6 0.44
0.02992 -0.6 0.44
0.02993 -0.6 0.44
0.02994 -0.4 0.48
0.02995 -0.4 0.48
0.02996 -0.6 0.48
0.02997 -0.6 0.48
0.02998 -0.4 0.48
0.02999 -0.4 0.48
0.03 -0.6 0.48
0.03001 -0.6 0.44
0.03002 -0.4 0.48
0.03003 -0.4 0.48
0.03004 -0.4 0.48
0.03005 -0.6 0.48
0.03006 -0.6 0.48
0.03007 -0.4 0.48
0.03008 -0.4 0.48
0.03009 -0.6 0.44
0.0301 -0.4 0.44
0.03011 -0.6 0.48
0.03012 -0.4 0.48
0.03013 -0.4 0.48
0.03014 -0.4 0.48
0.03015 -0.4 0.48
0.03016 -0.4 0.48
0.03017 -0.4 0.48
0.03018 -0.4 0.48
0.03019 -0.4 0.48
0.0302 -0.6 0.48
0.03021 -0.4 0.48
0.03022 -0.6 0.48
0.03023 -0.4 0.48
0.03024 -0.4 0.48
0.03025 -0.4 0.48
0.03026 -0.4 0.48
0.03027 -0.4 0.48
0.03028 -0.4 0.48
0.03029 -0.4 0.48
0.0303 -0.4 0.48
0.03031 -0.6 0.48
0.03032 -0.4 0.48
0.03033 -0.4 0.48
0.03034 -0.6 0.48
0.03035 -0.4 0.48
0.03036 -0.4 0.48
0.03037 -0.4 0.48
0.03038 -0.4 0.44
0.03039 -0.6 0.48
0.0304 -0.4 0.48
0.03041 -0.4 0.48
0.03042 -0.4 0.44
0.03043 -0.4 0.48
0.03044 -0.6 0.48
0.03045 -0.4 0.48
0.03046 -0.6 0.48
0.03047 -0.4 0.44
0.03048 -0.4 0.48
0.03049 -0.4 0.48
0.0305 -0.4 0.44
0.03051 -0.4 0.44
0.03052 -0.4 0.48
0.03053 -0.4 0.48
0.03054 -0.4 0.48
0.03055 -0.4 0.48
0.03056 -0.4 0.48
0.03057 -0.6 0.48
0.03058 -0.4 0.48
0.03059 -0.6 0.44
0.0306 -0.4 0.48
0.03061 -0.4 0.48
0.03062 -0.4 0.48
0.03063 -0.6 0.44
0.03064 -0.4 0.48
0.03065 -0.4 0.48
0.03066 -0.6 0.48
0.03067 -0.4 0.48
0.03068 -0.4 0.48
0.03069 -0.6 0.48
0.0307 -0.4 0.48
0.03071 -0.4 0.48
0.03072 -0.4 0.48
0.03073 -0.4 0.48
0.03074 -0.4 0.48
0.03075 -0.4 0.44
0.03076 -0.4 0.48
0.03077 -0.4 0.48
0.03078 -0.4 0.44
0.03079 -0.6 0.48
0.0308 -0.4 0.48
0.03081 -0.4 0.48
0.03082 -0.6 0.48
0.03083 -0.4 0.44
0.03084 -0.4 0.48
0.03085 -0.4 0.48
0.03086 -0.4 0.48
0.03087 -0.4 0.48
0.03088 -0.4 0.48
0.03089 -0.6 0.44
0.0309 -0.4 0.48
0.03091 -0.4 0.48
0.03092 -0.4 0.44
0.03093 -0.4 0.48
0.03094 -0.4 0.48
0.03095 -0.4 0.48
0.03096 -0.4 0.44
0.03097 -0.4 0.48
0.03098 -0.4 0.48
0.03099 -0.4 0.48
0.031 -0.4 0.48
0.03101 -0.4 0.48
0.03102 -0.4 0.48
0.03103 -0.6 0.48
0.03104 -0.6 0.44
0.03105 -0.6 0.44
0.03106 -0.4 0.48
0.03107 -0.4 0.48
0.03108 -0.4 0.48
0.03109 -0.4 0.48
0.0311 -0.4 0.48
0.03111 -0.6 0.44
0.03112 -0.6 0.48
0.03113 -0.4 0.48
0.03114 -0.4 0.48
0.03115 -0.4 0.48
0.03116 -0.4 0.48
0.03117 -0.4 0.48
0.03118 -0.4 0.44
0.03119 -0.4 0.48
0.0312 -0.4 0.44
0.03121 -0.4 0.44
0.03122 -0.4 0.48
0.03123 -0.4 0.48
0.03124 -0.4 0.48
0.03125 -0.4 0.44
0.03126 -0.4 0.48
0.03127 -0.4 0.48
0.03128 -0.4 0.48
0.03129 -0.4 0.48
0.0313 -0.4 0.48
0.03131 -0.6 0.48
0.03132 -0.4 0.48
0.03133 -0.6 0.48
0.03134 -0.6 0.44
0.03135 -0.4 0.48
0.03136 -0.6 0.48
0.03137 -0.4 0.48
0.03138 -0.4 0.48
0.03139 -0.4 0.48
0.0314 -0.4 0.48
0.03141 -0.4 0.48
0.03142 -0.4 0.44
0.03143 -0.6 0.48
0.03144 -0.4 0.48
0.03145 -0.4 0.48
0.03146 -0.4 0.48
0.03147 -0.4 0.48
0.03148 -0.4 0.48
0.03149 -0.6 0.48
0.0315 -0.4 0.48
0.03151 -0.4 0.48
0.03152 -0.4 0.48
0.03153 -0.4 0.48
0.03154 -0.6 0.48
0.03155 -0.4 0.48
0.03156 -0.4 0.48
0.03157 -0.4 0.48
0.03158 -0.4 0.48
0.03159 -0.6 0.48
0.0316 -0.4 0.48
0.03161 -0.4 0.48
0.03162 -0.6 0.44
0.03163 -0.4 0.48
0.03164 0.4 0.48
0.03165 5 0.52
0.03166 6 0.48
0.03167 6.2 0.44
0.03168 6 0.48
0.03169 6.2 0.48
0.0317 6.2 0.48
0.03171 6.2 0.44
0.03172 6.2 0.48
0.03173 6 0.48
0.03174 6.2 0.48
0.03175 6 0.48
0.03176 6 0.48
0.03177 6 0.48
0.03178 6 0.48
0.03179 6 0.48
0.0318 6.2 0.48
0.03181 6 0.48
0.03182 6.2 0.48
0.03183 6 0.48
0.03184 6 0.48
0.03185 6 0.48
0.03186 6 0.48
0.03187 6 0.48
0.03188 6.2 0.48
0.03189 6 0.48
0.0319 6 0.48
0.03191 6 0.48
0.03192 6 0.48
0.03193 6 0.48
0.03194 6 0.48
0.03195 6 0.48
0.03196 6 0.48
0.03197 6 0.48
0.03198 6 0.48
0.03199 6 0.48
0.032 6 0.48
0.03201 6 0.48
0.03202 6.2 0.48
0.03203 6.2 0.48
0.03204 5.8 0.48
0.03205 6 0.48
0.03206 6 0.48
0.03207 6 0.48
0.03208 6 0.48
0.03209 6 0.44
0.0321 6 0.48
0.03211 6 0.48
0.03212 6 0.48
0.03213 6 0.48
0.03214 6 0.48
0.03215 6 0.48
0.03216 6 0.48
0.03217 6 0.48
0.03218 6.2 0.48
0.03219 6 0.48
0.0322 6.2 0.48
0.03221 6 0.44
0.03222 6.2 0.48
0.03223 6 0.48
0.03224 6 0.48
0.03225 6 0.44
0.03226 6 0.48
0.03227 6.2 0.44
0.03228 6 0.44
0.03229 6 0.48
0.0323 6.2 0.48
0.03231 6 0.48
0.03232 6 0.48
0.03233 5.8 0.48
0.03234 6 0.48
0.03235 6 0.48
0.03236 6.2 0.48
0.03237 6 0.48
0.03238 6.2 0.48
0.03239 6 0.48
0.0324 6 0.48
0.03241 6 0.48
0.03242 6 0.44
0.03243 6.2 0.48
0.03244 6 0.48
0.03245 6 0.48
0.03246 6 0.48
0.03247 6 0.48
0.03248 6 0.48
0.03249 6 0.48
0.0325 6.2 0.48
0.03251 6 0.48
0.03252 5.8 0.48
0.03253 6 0.48
0.03254 6.2 0.48
0.03255 6 0.48
0.03256 6 0.48
0.03257 6.2 0.48
0.03258 6 0.48
0.03259 6.2 0.44
0.0326 6 0.48
0.03261 5.8 0.48
0.03262 6 0.48
0.03263 6 0.48
0.03264 6 0.48
0.03265 6 0.48
0.03266 6 0.48
0.03267 6.2 0.44
0.03268 6 0.48
0.03269 6 0.48
0.0327 6 0.48
0.03271 6 0.48
0.03272 6 0.48
0.03273 6 0.48
0.03274 6 0.48
0.03275 6 0.48
0.03276 6 0.48
0.03277 6 0.48
0.03278 6 0.48
0.03279 6 0.44
0.0328 6 0.48
0.03281 6 0.48
0.03282 6 0.48
0.03283 6 0.48
0.03284 6 0.44
0.03285 6 0.48
0.03286 6 0.48
0.03287 6 0.48
0.03288 6 0.44
0.03289 6 0.48
0.0329 6 0.48
0.03291 6 0.44
0.03292 5.8 0.48
0.03293 6 0.48
0.03294 6 0.48
0.03295 6 0.48
0.03296 6 0.44
0.03297 6 0.48
0.03298 5.8 0.48
0.03299 5.8 0.48
0.033 6 0.48
0.03301 6 0.48
0.03302 5.8 0.48
0.03303 5.8 0.48
0.03304 6 0.48
0.03305 5.8 0.48
0.03306 6 0.48
0.03307 6 0.48
0.03308 5.8 0.44
0.03309 6 0.44
0.0331 6 0.48
0.03311 6 0.48
0.03312 6.2 0.48
0.03313 6 0.48
0.03314 6 0.48
0.03315 6 0.48
0.03316 6 0.48
0.03317 5.8 0.48
0.03318 5.8 0.48
0.03319 5.8 0.48
0.0332 5.8 0.44
0.03321 6 0.48
0.03322 6 0.48
0.03323 5.8 0.48
0.03324 6 0.48
0.03325 6 0.48
0.03326 6 0.48
0.03327 5.8 0.48
0.03328 6.2 0.48
0.03329 6 0.48
0.0333 6 0.48
0.03331 6 0.48
0.03332 6 0.48
0.03333 6 0.48
0.03334 6 0.48
0.03335 5.8 0.48
0.03336 6 0.48
0.03337 6 0.44
0.03338 6 0.48
0.03339 6 0.48
0.0334 5.8 0.48
0.03341 6 0.48
0.03342 6 0.48
0.03343 6 0.48
0.03344 6 0.48
0.03345 5.8 0.48
0.03346 6 0.48
0.03347 6 0.48
0.03348 6 0.48
0.03349 6 0.48
0.0335 6 0.48
0.03351 6 0.48
0.03352 6 0.48
0.03353 5.8 0.48
0.03354 5.8 0.48
0.03355 6 0.48
0.03356 6 0.48
0.03357 5.8 0.48
0.03358 6.2 0.48
0.03359 6 0.48
0.0336 6 0.48
0.03361 6 0.48
0.03362 6 0.44
0.03363 6 0.48
0.03364 6 0.48
0.03365 6 0.48
0.03366 5.8 0.44
0.03367 6 0.48
0.03368 5.8 0.48
0.03369 5.8 0.48
0.0337 6 0.48
0.03371 6 0.48
0.03372 6 0.44
0.03373 6 0.48
0.03374 6 0.48
0.03375 6 0.48
0.03376 6 0.48
0.03377 6 0.48
0.03378 6 0.48
0.03379 6 0.48
0.0338 5.8 0.48
0.03381 6 0.48
0.03382 6 0.44
0.03383 6 0.44
0.03384 6 0.48
0.03385 6 0.48
0.03386 6 0.44
0.03387 6 0.48
0.03388 5.8 0.48
0.03389 6 0.48
0.0339 6 0.48
0.03391 5.8 0.48
0.03392 6 0.48
0.03393 6 0.48
0.03394 6 0.48
0.03395 6 0.48
0.03396 6 0.48
0.03397 6 0.48
0.03398 6 0.48
0.03399 5.8 0.48
0.034 6 0.48
0.03401 5.8 0.48
0.03402 6 0.48
0.03403 5.8 0.48
0.03404 6 0.48
0.03405 6 0.48
0.03406 6 0.48
0.03407 6 0.48
0.03408 5.8 0.44
0.03409 6 0.48
0.0341 6 0.48
0.03411 5.8 0.44
0.03412 6 0.48
0.03413 5.8 0.48
0.03414 6 0.48
0.03415 6 0.48
0.03416 6.2 0.48
0.03417 6 0.44
0.03418 5.8 0.44
0.03419 5.8 0.48
0.0342 5.8 0.48
0.03421 6 0.48
0.03422 6 0.48
0.03423 5.8 0.52
0.03424 6 0.48
0.03425 6 0.44
0.03426 6 0.48
0.03427 6 0.48
0.03428 6 0.48
0.03429 5.8 0.48
0.0343 6 0.48
0.03431 6 0.48
0.03432 6 0.48
0.03433 6 0.48
0.03434 6 0.48
0.03435 6 0.48
0.03436 5.8 0.48
0.03437 6 0.48
0.03438 6 0.48
0.03439 6 0.48
0.0344 5.8 0.48
0.03441 6 0.44
0.03442 5.8 0.44
0.03443 6 0.48
0.03444 5.8 0.48
0.03445 5.8 0.48
0.03446 6 0.48
0.03447 6 0.48
0.03448 6 0.48
0.03449 6 0.44
0.0345 6 0.48
0.03451 5.8 0.48
0.03452 5.8 0.48
0.03453 5.8 0.48
0.03454 5.8 0.44
0.03455 6 0.48
0.03456 5.8 0.48
0.03457 6 0.48
0.03458 6 0.48
0.03459 5.8 0.48
0.0346 6 0.48
0.03461 6 0.48
0.03462 6 0.48
0.03463 5.8 0.48
0.03464 5.8 0.48
0.03465 6 0.48
0.03466 6.2 0.48
0.03467 6 0.48
0.03468 6 0.48
0.03469 6 0.48
0.0347 6 0.48
0.03471 5.8 0.48
0.03472 6 0.48
0.03473 5.8 0.48
0.03474 6 0.48
0.03475 5.8 0.48
0.03476 6 0.48
0.03477 5.8 0.48
0.03478 5.8 0.48
0.03479 6 0.48
0.0348 6 0.48
0.03481 6 0.48
0.03482 5.8 0.48
0.03483 6 0.48
0.03484 5.8 0.48
0.03485 6 0.48
0.03486 5.8 0.48
0.03487 6 0.48
0.03488 6 0.48
0.03489 5.8 0.48
0.0349 6 0.48
0.03491 6 0.44
0.03492 6 0.44
0.03493 5.8 0.48
0.03494 6 0.48
0.03495 6 0.48
0.03496 5.8 0.48
0.03497 6 0.48
0.03498 6 0.48
0.03499 6 0.48
0.035 6 0.44
0.03501 6 0.48
0.03502 6 0.48
0.03503 6 0.48
0.03504 6 0.48
0.03505 6 0.48
0.03506 6 0.48
0.03507 5.8 0.48
0.03508 6 0.48
0.03509 5.8 0.48
0.0351 5.8 0.48
0.03511 6 0.48
0.03512 6 0.48
0.03513 5.8 0.48
0.03514 6 0.48
0.03515 6 0.48
0.03516 6 0.44
0.03517 6 0.48
0.03518 6 0.48
0.03519 6 0.48
0.0352 6 0.48
0.03521 6 0.48
0.03522 6 0.48
0.03523 6 0.48
0.03524 6 0.48
0.03525 5.8 0.48
0.03526 6 0.48
0.03527 6 0.48
0.03528 5.8 0.48
0.03529 6 0.48
0.0353 5.8 0.48
0.03531 5.8 0.48
0.03532 6 0.48
0.03533 6 0.48
0.03534 6 0.48
0.03535 6 0.48
0.03536 6 0.48
0.03537 5.8 0.48
0.03538 5.8 0.48
0.03539 5.8 0.48
0.0354 6 0.48
0.03541 6 0.44
0.03542 5.8 0.48
0.03543 6 0.48
0.03544 6 0.48
0.03545 5.8 0.44
0.03546 5.8 0.48
0.03547 5.8 0.48
0.03548 5.8 0.48
0.03549 6 0.48
0.0355 5 0.48
0.03551 2.8 0.48
0.03552 1.4 4.32
0.03553 -0.4 4.44
0.03554 -0.4 0.48
0.03555 -0.6 0.48
0.03556 -0.4 0.44
0.03557 -0.6 0.48
0.03558 -0.6 0.48
0.03559 -0.6 0.48
0.0356 -0.6 0.52
0.03561 -0.6 0.48
0.03562 -0.6 0.48
0.03563 -0.6 0.44
0.03564 -0.8 0.48
0.03565 -0.4 0.48
0.03566 -0.4 0.48
0.03567 -0.4 0.48
0.03568 -0.6 0.48
0.03569 -0.4 0.48
0.0357 -0.6 0.48
0.03571 -0.6 0.44
0.03572 -0.4 0.48
0.03573 -0.4 0.48
0.03574 -0.6 0.48
0.03575 -0.6 0.48
0.03576 -0.6 0.48
0.03577 -0.6 0.48
0.03578 -0.4 0.48
0.03579 -0.6 0.48
0.0358 -0.6 0.44
0.03581 -0.6 0.48
0.03582 -0.4 0.48
0.03583 -0.6 0.48
0.03584 -0.6 0.48
0.03585 -0.6 0.48
0.03586 -0.6 0.48
0.03587 -0.4 0.48
0.03588 -0.4 0.48
0.03589 -0.6 0.48
0.0359 -0.6 0.48
0.03591 -0.6 0.48
0.03592 -0.6 0.48
0.03593 -0.6 0.48
0.03594 -0.6 0.48
0.03595 -0.4 0.48
0.03596 -0.6 0.48
0.03597 -0.6 0.48
0.03598 -0.4 0.48
0.03599 -0.4 0.48
0.036 -0.6 0.48
0.03601 -0.6 0.48
0.03602 -0.6 0.48
0.03603 -0.4 0.48
0.03604 -0.6 0.48
0.03605 -0.4 0.48
0.03606 -0.6 0.48
0.03607 -0.6 0.48
0.03608 -0.6 0.48
0.03609 -0.4 0.48
0.0361 -0.6 0.48
0.03611 -0.6 0.48
0.03612 -0.6 0.48
0.03613 -0.6 0.48
0.03614 -0.6 0.48
0.03615 -0.4 0.48
0.03616 -0.6 0.48
0.03617 -0.6 0.44
0.03618 -0.6 0.48
0.03619 -0.6 0.48
0.0362 -0.6 0.44
0.03621 -0.6 0.48
0.03622 -0.4 0.48
0.03623 -0.6 0.48
0.03624 -0.6 0.48
0.03625 -0.6 0.44
0.03626 -0.4 0.48
0.03627 -0.6 0.48
0.03628 -0.4 0.48
0.03629 -0.6 0.48
0.0363 -0.6 0.48
0.03631 -0.6 0.48
0.03632 -0.4 0.48
0.03633 -0.6 0.48
0.03634 -0.6 0.48
0.03635 -0.6 0.52
0.03636 -0.4 0.48
0.03637 -0.6 0.48
0.03638 -0.6 0.48
0.03639 -0.6 0.48
0.0364 -0.4 0.48
0.03641 -0.6 0.48
0.03642 -0.6 0.48
0.03643 -0.6 0.44
0.03644 -0.6 0.48
0.03645 -0.6 0.48
0.03646 -0.4 0.44
0.03647 -0.6 0.48
0.03648 -0.4 0.48
0.03649 -0.4 0.48
0.0365 -0.4 0.44
0.03651 -0.4 0.48
0.03652 -0.6 0.48
0.03653 -0.4 0.48
0.03654 -0.6 0.44
0.03655 -0.6 0.48
0.03656 -0.4 0.48
0.03657 -0.4 0.48
0.03658 -0.6 0.44
0.03659 -0.4 0.48
0.0366 -0.4 0.48
0.03661 -0.4 0.48
0.03662 -0.4 0.48
0.03663 -0.6 0.48
0.03664 -0.4 0.48
0.03665 -0.4 0.48
0.03666 -0.4 0.44
0.03667 -0.4 0.44
0.03668 -0.6 0.48
0.03669 -0.4 0.48
0.0367 -0.6 0.48
0.03671 -0.4 0.48
0.03672 -0.4 0.44
0.03673 -0.4 0.48
0.03674 -0.6 0.48
0.03675 -0.4 0.44
0.03676 -0.6 0.48
0.03677 -0.6 0.52
0.03678 -0.4 0.48
0.03679 -0.6 0.44
0.0368 -0.4 0.48
0.03681 -0.4 0.48
0.03682 -0.4 0.48
0.03683 -0.4 0.48
0.03684 -0.4 0.48
0.03685 -0.4 0.48
0.03686 -0.6 0.48
0.03687 -0.4 0.48
0.03688 -0.6 0.48
0.03689 -0.4 0.48
0.0369 -0.4 0.48
0.03691 -0.4 0.48
0.03692 -0.6 0.48
0.03693 -0.4 0.48
0.03694 -0.4 0.48
0.03695 -0.4 0.48
0.03696 -0.4 0.48
0.03697 -0.4 0.48
0.03698 -0.6 0.48
0.03699 -0.6 0.44
0.037 -0.6 0.44
0.03701 -0.4 0.48
0.03702 -0.4 0.48
0.03703 -0.4 0.44
0.03704 -0.6 0.44
0.03705 -0.4 0.48
0.03706 -0.6 0.48
0.03707 -0.6 0.48
0.03708 -0.6 0.44
0.03709 -0.4 0.48
0.0371 -0.6 0.48
0.03711 -0.4 0.48
0.03712 -0.4 0.48
0.03713 -0.6 0.48
0.03714 -0.4 0.48
0.03715 -0.4 0.48
0.03716 -0.4 0.48
0.03717 -0.4 0.48
0.03718 -0.4 0.48
0.03719 -0.6 0.48
0.0372 -0.4 0.44
0.03721 -0.6 0.44
0.03722 -0.4 0.48
0.03723 0 0.48
0.03724 -0.6 0.44
0.03725 -0.4 0.48
0.03726 -0.4 0.48
0.03727 -0.4 0.48
0.03728 -0.4 0.48
0.03729 -0.4 0.44
0.0373 -0.4 0.48
0.03731 -0.6 0.48
0.03732 -0.4 0.48
0.03733 -0.4 0.48
0.03734 -0.4 0.48
0.03735 -0.4 0.48
0.03736 -0.4 0.48
0.03737 -0.4 0.48
0.03738 -0.4 0.48
0.03739 -0.4 0.48
0.0374 -0.4 0.48
0.03741 -0.6 0.44
0.03742 -0.4 0.44
0.03743 -0.6 0.48
0.03744 -0.4 0.48
0.03745 -0.6 0.48
0.03746 -0.4 0.48
0.03747 -0.4 0.48
0.03748 -0.4 0.48
0.03749 -0.4 0.48
0.0375 -0.4 0.48
0.03751 -0.4 0.48
0.03752 -0.4 0.48
0.03753 -0.6 0.48
0.03754 -0.4 0.48
0.03755 -0.4 0.48
0.03756 -0.4 0.48
0.03757 -0.4 0.48
0.03758 -0.4 0.48
0.03759 -0.6 0.48
0.0376 -0.4 0.48
0.03761 -0.4 0.48
0.03762 0 0.48
0.03763 -0.4 0.48
0.03764 -0.4 0.48
0.03765 -0.4 0.48
0.03766 -0.4 0.48
0.03767 -0.4 0.48
0.03768 -0.4 0.48
0.03769 -0.4 0.48
0.0377 -0.6 0.48
0.03771 -0.6 0.48
0.03772 -0.4 0.48
0.03773 -0.4 0.48
0.03774 -0.4 0.44
0.03775 -0.6 0.48
0.03776 -0.4 0.48
0.03777 -0.6 0.48
0.03778 -0.4 0.48
0.03779 -0.4 0.48
0.0378 -0.4 0.48
0.03781 -0.4 0.48
0.03782 -0.4 0.48
0.03783 -0.4 0.48
0.03784 -0.4 0.44
0.03785 -0.4 0.48
0.03786 -0.4 0.48
0.03787 -0.4 0.48
0.03788 -0.4 0.48
0.03789 -0.4 0.48
0.0379 -0.4 0.48
0.03791 -0.4 0.48
0.03792 -0.4 0.48
0.03793 -0.4 0.48
0.03794 -0.4 0.48
0.03795 -0.4 0.48
0.03796 -0.4 0.48
0.03797 -0.4 0.48
0.03798 -0.4 0.48
0.03799 -0.4 0.48
0.038 -0.4 0.48
0.03801 -0.4 0.48
0.03802 -0.6 0.48
0.03803 -0.6 0.48
0.03804 -0.4 0.48
0.03805 -0.4 0.48
0.03806 -0.4 0.48
0.03807 -0.4 0.48
0.03808 -0.6 0.48
0.03809 -0.4 0.44
0.0381 -0.4 0.44
0.03811 -0.4 0.48
0.03812 -0.4 0.48
0.03813 -0.4 0.44
0.03814 -0.4 0.48
0.03815 -0.4 0.48
0.03816 -0.4 0.44
0.03817 -0.4 0.48
0.03818 -0.4 0.48
0.03819 -0.4 0.48
0.0382 -0.4 0.48
0.03821 -0.4 0.48
0.03822 -0.4 0.48
0.03823 -0.4 0.48
0.03824 -0.6 0.48
0.03825 -0.6 0.48
0.03826 -0.4 0.48
0.03827 -0.4 0.48
0.03828 -0.4 0.44
0.03829 -0.4 0.44
0.0383 -0.4 0.48
0.03831 -0.4 0.48
0.03832 -0.4 0.48
0.03833 -0.4 0.48
0.03834 -0.4 0.44
0.03835 -0.4 0.48
0.03836 -0.4 0.48
0.03837 -0.4 0.48
0.03838 -0.4 0.44
0.03839 -0.4 0.48
0.0384 -0.4 0.48
0.03841 -0.4 0.48
0.03842 -0.4 0.48
0.03843 -0.4 0.48
0.03844 -0.4 0.48
0.03845 -0.4 0.44
0.03846 -0.4 0.48
0.03847 -0.4 0.44
0.03848 -0.4 0.48
0.03849 -0.6 0.44
0.0385 -0.6 0.44
0.03851 -0.4 0.48
0.03852 -0.4 0.48
0.03853 -0.4 0.48
0.03854 -0.4 0.44
0.03855 -0.4 0.48
0.03856 -0.4 0.48
0.03857 -0.4 0.48
0.03858 -0.4 0.48
0.03859 -0.6 0.44
0.0386 -0.4 0.48
0.03861 -0.4 0.48
0.03862 -0.4 0.44
0.03863 -0.4 0.48
0.03864 -0.4 0.48
0.03865 -0.4 0.48
0.03866 -0.4 0.44
0.03867 -0.4 0.48
0.03868 -0.4 0.48
0.03869 -0.4 0.48
0.0387 -0.4 0.48
0.03871 -0.4 0.48
0.03872 -0.4 0.48
0.03873 -0.6 0.48
0.03874 -0.4 0.48
0.03875 -0.4 0.48
0.03876 -0.4 0.48
0.03877 -0.6 0.44
0.03878 -0.4 0.48
0.03879 -0.4 0.48
0.0388 -0.6 0.48
0.03881 -0.4 0.48
0.03882 -0.4 0.48
0.03883 -0.4 0.48
0.03884 -0.4 0.48
0.03885 -0.4 0.48
0.03886 -0.6 0.48
0.03887 -0.4 0.44
0.03888 -0.4 0.44
0.03889 -0.4 0.48
0.0389 -0.4 0.48
0.03891 -0.4 0.48
0.03892 -0.4 0.48
0.03893 0 0.48
0.03894 -0.4 0.48
0.03895 -0.4 0.48
0.03896 -0.4 0.44
0.03897 -0.6 0.48
0.03898 -0.4 0.48
0.03899 -0.4 0.48
0.039 -0.6 0.48
0.03901 -0.4 0.48
0.03902 -0.6 0.48
0.03903 -0.4 0.48
0.03904 -0.6 0.48
0.03905 -0.4 0.48
0.03906 -0.4 0.48
0.03907 -0.4 0.48
0.03908 -0.4 0.44
0.03909 -0.4 0.48
0.0391 -0.4 0.48
0.03911 -0.4 0.48
0.03912 -0.4 0.48
0.03913 -0.4 0.48
0.03914 -0.6 0.48
0.03915 -0.6 0.44
0.03916 -0.4 0.48
0.03917 -0.4 0.48
0.03918 -0.6 0.48
0.03919 -0.4 0.48
0.0392 -0.4 0.48
0.03921 -0.4 0.44
0.03922 -0.4 0.48
0.03923 -0.6 0.48
0.03924 -0.6 0.48
0.03925 -0.4 0.44
0.03926 -0.4 0.48
0.03927 -0.4 0.48
0.03928 -0.4 0.48
0.03929 -0.4 0.44
0.0393 -0.6 0.44
0.03931 -0.6 0.48
0.03932 -0.4 0.48
0.03933 -0.6 0.44
0.03934 -0.4 0.48
0.03935 -0.4 0.48
0.03936 -0.4 0.48
0.03937 -0.6 0.48
0.03938 -0.4 0.44
0.03939 -0.4 0.48
0.0394 -0.4 0.48
0.03941 -0.4 0.48
0.03942 -0.4 0.48
0.03943 -0.4 0.48
0.03944 -0.4 0.48
0.03945 -0.4 0.48
0.03946 3 0.48
0.03947 6 0.48
0.03948 6.2 0.48
0.03949 6.2 0.48
0.0395 6.2 0.44
0.03951 6 0.44
0.03952 6.2 0.48
0.03953 6 0.48
0.03954 6.2 0.44
0.03955 6.2 0.48
0.03956 6.2 0.48
0.03957 6.2 0.48
0.03958 6 0.44
0.03959 6.2 0.48
0.0396 6 0.48
0.03961 6.2 0.48
0.03962 6 0.48
0.03963 6 0.48
0.03964 6 0.48
0.03965 6 0.48
0.03966 6 0.48
0.03967 6 0.48
0.03968 6.2 0.48
0.03969 6 0.48
0.0397 6.2 0.48
0.03971 6 0.44
0.03972 6 0.48
0.03973 6.2 0.48
0.03974 6.2 0.48
0.03975 6.2 0.44
0.03976 6 0.48
0.03977 6.2 0.48
0.03978 6 0.44
0.03979 6 0.48
0.0398 6.2 0.48
0.03981 6 0.48
0.03982 6 0.48
0.03983 5.8 0.48
0.03984 6.2 0.48
0.03985 6 0.48
0.03986 6 0.44
0.03987 6 0.48
0.03988 6 0.48
0.03989 6.2 0.48
0.0399 6 0.48
0.03991 6 0.48
0.03992 6.2 0.44
0.03993 6 0.48
0.03994 6.2 0.48
0.03995 6.2 0.44
0.03996 6 0.48
0.03997 6 0.48
0.03998 6 0.48
0.03999 6 0.44
