0 0.084 5
1e-08 0.084 5
2e-08 0.084 5
3e-08 0.084 5.2
4e-08 0.084 5.2
5e-08 0.084 5.4
6e-08 0.084 5.4
7e-08 0.084 5.6
8e-08 0.084 5.8
9e-08 0.084 5.8
1e-07 0.084 5.8
1.1e-07 0.084 6.2
1.2e-07 0.084 6.2
1.3e-07 0.084 6.2
1.4e-07 0.08 6.6
1.5e-07 0.076 6.4
1.6e-07 0.076 6.4
1.7e-07 0.076 6.6
1.8e-07 0.076 6.8
1.9e-07 0.076 6.8
2e-07 0.076 6.8
2.1e-07 0.076 7
2.2e-07 0.072 7
2.3e-07 0.076 7.2
2.4e-07 0.076 7.4
2.5e-07 0.072 7.4
2.6e-07 0.072 7.4
2.7e-07 0.072 7.4
2.8e-07 0.072 7.6
2.9e-07 0.072 7.6
3e-07 0.072 7.6
3.1e-07 0.072 7.8
3.2e-07 0.068 8
3.3e-07 0.068 8
3.4e-07 0.068 8
3.5e-07 0.068 8.2
3.6e-07 0.068 8
3.7e-07 0.068 8.2
3.8e-07 0.068 8
3.9e-07 0.064 8.4
4e-07 0.06 8.2
4.1e-07 0.06 8.2
4.2e-07 0.06 8.2
4.3e-07 0.06 8.2
4.4e-07 0.06 8.4
4.5e-07 0.056 8.4
4.6e-07 0.056 8.6
4.7e-07 0.056 8.6
4.8e-07 0.052 8.6
4.9e-07 0.056 8.8
5e-07 0.052 8.6
5.1e-07 0.052 8.8
5.2e-07 0.052 8.8
5.3e-07 0.052 8.8
5.4e-07 0.044 8.8
5.5e-07 0.052 8.8
5.6e-07 0.044 8.8
5.7e-07 0.044 8.8
5.8e-07 0.044 8.8
5.9e-07 0.044 8.8
6e-07 0.04 8.8
6.1e-07 0.04 8.8
6.2e-07 0.04 8.8
6.3e-07 0.04 8.8
6.4e-07 0.036 9
6.5e-07 0.036 8.8
6.6e-07 0.036 9
6.7e-07 0.036 8.8
6.8e-07 0.036 8.8
6.9e-07 0.028 8.8
7e-07 0.028 8.8
7.1e-07 0.028 9
7.2e-07 0.024 8.8
7.3e-07 0.024 8.8
7.4e-07 0.024 8.6
7.5e-07 0.024 8.8
7.6e-07 0.024 8.6
7.7e-07 0.02 8.6
7.8e-07 0.02 8.8
7.9e-07 0.02 8.6
8e-07 0.02 8.6
8.1e-07 0.012 8.4
8.2e-07 0.012 8.6
8.3e-07 0.012 8.4
8.4e-07 0.012 8.4
8.5e-07 0.008 8.4
8.6e-07 0.008 8.4
8.7e-07 0.004 8.2
8.8e-07 0.004 8.4
8.9e-07 0.004 8.2
9e-07 0.004 8.2
9.1e-07 0.004 8
9.2e-07 0.004 8
9.3e-07 0 7.8
9.4e-07 -0.008 7.8
9.5e-07 -0.008 7.8
9.6e-07 -0.012 7.8
9.7e-07 -0.012 7.6
9.8e-07 -0.012 7.6
9.9e-07 -0.012 7.4
1e-06 -0.016 7.6
1.01e-06 -0.016 7.4
1.02e-06 -0.016 7.4
1.03e-06 -0.024 7.2
1.04e-06 -0.016 7.2
1.05e-06 -0.02 7
1.06e-06 -0.024 7
1.07e-06 -0.02 7.2
1.08e-06 -0.024 6.6
1.09e-06 -0.028 6.6
1.1e-06 -0.028 6.6
1.11e-06 -0.032 6.4
1.12e-06 -0.028 6.4
1.13e-06 -0.032 6.4
1.14e-06 -0.032 6
1.15e-06 -0.032 6.2
1.16e-06 -0.036 6
1.17e-06 -0.036 5.8
1.18e-06 -0.04 5.8
1.19e-06 -0.04 5.6
1.2e-06 -0.04 5.6
1.21e-06 -0.04 5.6
1.22e-06 -0.044 5.2
1.23e-06 -0.044 5.4
1.24e-06 -0.048 5
1.25e-06 -0.048 5
1.26e-06 -0.048 5
1.27e-06 -0.048 4.8
1.28e-06 -0.048 4.6
1.29e-06 -0.052 4.4
1.3e-06 -0.052 4.4
1.31e-06 -0.056 4.4
1.32e-06 -0.056 4.2
1.33e-06 -0.056 4
1.34e-06 -0.056 3.8
1.35e-06 -0.06 3.8
1.36e-06 -0.06 3.6
1.37e-06 -0.06 3.4
1.38e-06 -0.064 3.4
1.39e-06 -0.064 3.2
1.4e-06 -0.064 3.2
1.41e-06 -0.064 3.2
1.42e-06 -0.064 3
1.43e-06 -0.068 2.8
1.44e-06 -0.072 2.6
1.45e-06 -0.068 2.6
1.46e-06 -0.068 2.4
1.47e-06 -0.072 2.2
1.48e-06 -0.072 2
1.49e-06 -0.072 2
1.5e-06 -0.072 1.8
1.51e-06 -0.072 1.6
1.52e-06 -0.076 1.6
1.53e-06 -0.076 1.6
1.54e-06 -0.08 1.2
1.55e-06 -0.08 1.2
1.56e-06 -0.08 1.2
1.57e-06 -0.08 1
1.58e-06 -0.08 0.8
1.59e-06 -0.08 0.6
1.6e-06 -0.08 0.4
1.61e-06 -0.08 0.4
1.62e-06 -0.084 0.2
1.63e-06 -0.084 0.2
1.64e-06 -0.084 -0.4
1.65e-06 -0.088 -0.6
1.66e-06 -0.088 -0.6
1.67e-06 -0.088 -0.6
1.68e-06 -0.088 -1
1.69e-06 -0.088 -1
1.7e-06 -0.092 -1
1.71e-06 -0.088 -1.2
1.72e-06 -0.088 -1.4
1.73e-06 -0.092 -1.6
1.74e-06 -0.092 -1.6
1.75e-06 -0.092 -1.8
1.76e-06 -0.092 -2
1.77e-06 -0.092 -2.2
1.78e-06 -0.092 -2.4
1.79e-06 -0.092 -2.4
1.8e-06 -0.096 -2.6
1.81e-06 -0.096 -2.6
1.82e-06 -0.092 -3
1.83e-06 -0.096 -3
1.84e-06 -0.096 -3.2
1.85e-06 -0.096 -3.4
1.86e-06 -0.096 -3.4
1.87e-06 -0.096 -3.4
1.88e-06 -0.096 -3.8
1.89e-06 -0.096 -3.8
1.9e-06 -0.096 -3.8
1.91e-06 -0.096 -4
1.92e-06 -0.096 -4.2
1.93e-06 -0.096 -4.2
1.94e-06 -0.096 -4.2
1.95e-06 -0.096 -4.6
1.96e-06 -0.096 -4.6
1.97e-06 -0.096 -4.8
1.98e-06 -0.096 -4.8
1.99e-06 -0.096 -5
2e-06 -0.096 -5.2
2.01e-06 -0.096 -5.2
2.02e-06 -0.096 -5.4
2.03e-06 -0.096 -5.6
2.04e-06 -0.096 -5.6
2.05e-06 -0.096 -5.8
2.06e-06 -0.096 -5.8
2.07e-06 -0.096 -5.8
2.08e-06 -0.096 -6
2.09e-06 -0.096 -6.2
2.1e-06 -0.096 -6.2
2.11e-06 -0.092 -6.2
2.12e-06 -0.092 -6.4
2.13e-06 -0.092 -6.4
2.14e-06 -0.096 -6.6
2.15e-06 -0.092 -6.6
2.16e-06 -0.096 -7
2.17e-06 -0.096 -7
2.18e-06 -0.092 -7.2
2.19e-06 -0.092 -7.2
2.2e-06 -0.092 -7.2
2.21e-06 -0.092 -7.4
2.22e-06 -0.092 -7.4
2.23e-06 -0.092 -7.4
2.24e-06 -0.088 -7.4
2.25e-06 -0.088 -7.6
2.26e-06 -0.088 -7.8
2.27e-06 -0.088 -7.8
2.28e-06 -0.088 -7.8
2.29e-06 -0.088 -8
2.3e-06 -0.088 -8
2.31e-06 -0.088 -8
2.32e-06 -0.084 -8.2
2.33e-06 -0.08 -8.2
2.34e-06 -0.08 -8.2
2.35e-06 -0.08 -8.4
2.36e-06 -0.08 -8.6
2.37e-06 -0.08 -8.6
2.38e-06 -0.08 -8.6
2.39e-06 -0.076 -8.8
2.4e-06 -0.08 -9
2.41e-06 -0.08 -8.8
2.42e-06 -0.076 -8.8
2.43e-06 -0.076 -9
2.44e-06 -0.076 -8.8
2.45e-06 -0.076 -9
2.46e-06 -0.072 -8.8
2.47e-06 -0.072 -8.8
2.48e-06 -0.072 -9.2
2.49e-06 -0.072 -9.2
2.5e-06 -0.072 -9
2.51e-06 -0.068 -9.2
2.52e-06 -0.068 -9.4
2.53e-06 -0.064 -9.4
2.54e-06 -0.064 -9.4
2.55e-06 -0.064 -9.2
2.56e-06 -0.064 -9.4
2.57e-06 -0.06 -9.4
2.58e-06 -0.064 -9.4
2.59e-06 -0.06 -9.4
2.6e-06 -0.056 -9.4
2.61e-06 -0.06 -9.6
2.62e-06 -0.06 -9.4
2.63e-06 -0.056 -9.6
2.64e-06 -0.056 -9.4
2.65e-06 -0.052 -9.4
2.66e-06 -0.052 -9.6
2.67e-06 -0.048 -9.6
2.68e-06 -0.048 -9.6
2.69e-06 -0.048 -9.4
2.7e-06 -0.048 -9.6
2.71e-06 -0.044 -9.6
2.72e-06 -0.048 -9.6
2.73e-06 -0.044 -9.6
2.74e-06 -0.044 -9.6
2.75e-06 -0.04 -9.4
2.76e-06 -0.04 -9.6
2.77e-06 -0.036 -9.4
2.78e-06 -0.036 -9.4
2.79e-06 -0.032 -9.4
2.8e-06 -0.032 -9.2
2.81e-06 -0.032 -9.2
2.82e-06 -0.032 -9.4
2.83e-06 -0.028 -9.2
2.84e-06 -0.028 -9.2
2.85e-06 -0.028 -9
2.86e-06 -0.024 -9
2.87e-06 -0.024 -9
2.88e-06 -0.024 -9
2.89e-06 -0.024 -9
2.9e-06 -0.02 -9
2.91e-06 -0.02 -8.8
2.92e-06 -0.016 -8.8
2.93e-06 -0.016 -8.8
2.94e-06 -0.016 -8.8
2.95e-06 -0.012 -8.6
2.96e-06 -0.012 -8.6
2.97e-06 -0.008 -8.6
2.98e-06 -0.008 -8.2
2.99e-06 -0.008 -8.2
3e-06 -0.008 -8.4
3.01e-06 -0.008 -8.2
3.02e-06 0 -8
3.03e-06 0.004 -8
3.04e-06 0.004 -8
3.05e-06 0.004 -8
3.06e-06 0.004 -7.8
3.07e-06 0.004 -7.8
3.08e-06 0.008 -7.8
3.09e-06 0.008 -7.6
3.1e-06 0.008 -7.6
3.11e-06 0.012 -7.4
3.12e-06 0.012 -7.2
3.13e-06 0.012 -7.2
3.14e-06 0.02 -7.4
3.15e-06 0.02 -7.2
3.16e-06 0.02 -7
3.17e-06 0.02 -7
3.18e-06 0.02 -6.6
3.19e-06 0.024 -6.6
3.2e-06 0.024 -6.6
3.21e-06 0.024 -6.4
3.22e-06 0.024 -6.4
3.23e-06 0.024 -6.2
3.24e-06 0.028 -6.4
3.25e-06 0.032 -6
3.26e-06 0.028 -6
3.27e-06 0.036 -6
3.28e-06 0.036 -5.6
3.29e-06 0.036 -5.6
3.3e-06 0.036 -5.6
3.31e-06 0.04 -5.4
3.32e-06 0.04 -5.2
3.33e-06 0.04 -5
3.34e-06 0.04 -5
3.35e-06 0.04 -4.8
3.36e-06 0.044 -4.8
3.37e-06 0.044 -4.6
3.38e-06 0.044 -4.4
3.39e-06 0.044 -4.4
3.4e-06 0.048 -4.2
3.41e-06 0.052 -4.2
3.42e-06 0.052 -4
3.43e-06 0.052 -4
3.44e-06 0.052 -3.8
3.45e-06 0.052 -3.8
3.46e-06 0.056 -3.4
3.47e-06 0.056 -3.4
3.48e-06 0.056 -3.2
3.49e-06 0.06 -3.2
3.5e-06 0.06 -3
3.51e-06 0.06 -2.8
3.52e-06 0.06 -2.6
3.53e-06 0.06 -2.6
3.54e-06 0.06 -2.4
3.55e-06 0.068 -2.4
3.56e-06 0.068 -2.2
3.57e-06 0.068 -2
3.58e-06 0.068 -2
3.59e-06 0.068 -1.8
3.6e-06 0.068 -1.8
3.61e-06 0.068 -1.6
3.62e-06 0.068 -1.4
3.63e-06 0.068 -1.2
3.64e-06 0.068 -1
3.65e-06 0.068 -1
3.66e-06 0.072 -0.8
3.67e-06 0.072 -0.6
3.68e-06 0.072 -0.6
3.69e-06 0.072 0
3.7e-06 0.072 0
3.71e-06 0.076 0
3.72e-06 0.076 0.2
3.73e-06 0.076 0.4
3.74e-06 0.076 0.6
3.75e-06 0.076 0.6
3.76e-06 0.076 0.8
3.77e-06 0.076 0.8
3.78e-06 0.08 0.8
3.79e-06 0.076 1
3.8e-06 0.08 1.2
3.81e-06 0.08 1.4
3.82e-06 0.08 1.6
3.83e-06 0.084 1.8
3.84e-06 0.084 1.8
3.85e-06 0.084 1.8
3.86e-06 0.084 2.2
3.87e-06 0.084 2.4
3.88e-06 0.084 2.4
3.89e-06 0.084 2.6
3.9e-06 0.084 2.6
3.91e-06 0.084 2.6
3.92e-06 0.084 3
3.93e-06 0.084 3
3.94e-06 0.084 3
3.95e-06 0.084 3.2
3.96e-06 0.084 3.4
3.97e-06 0.084 3.4
3.98e-06 0.084 3.4
3.99e-06 0.084 3.8
4e-06 0.084 4
4.01e-06 0.084 4
4.02e-06 0.088 4.2
4.03e-06 0.084 4.4
4.04e-06 0.084 4.4
4.05e-06 0.084 4.4
4.06e-06 0.088 4.8
4.07e-06 0.088 4.8
4.08e-06 0.084 4.8
4.09e-06 0.084 5
4.1e-06 0.084 5.2
4.11e-06 0.084 5.2
4.12e-06 0.084 5.2
4.13e-06 0.08 5.4
4.14e-06 0.084 5.6
4.15e-06 0.084 5.8
4.16e-06 0.084 5.8
4.17e-06 0.084 5.8
4.18e-06 0.084 5.8
4.19e-06 0.084 6
4.2e-06 0.08 6
4.21e-06 0.08 6
4.22e-06 0.08 6.4
4.23e-06 0.08 6.4
4.24e-06 0.08 6.6
4.25e-06 0.076 6.8
4.26e-06 0.076 6.8
4.27e-06 0.076 6.8
4.28e-06 0.076 6.8
4.29e-06 0.076 6.8
4.3e-06 0.076 7
4.31e-06 0.076 7.2
4.32e-06 0.072 7
4.33e-06 0.076 7.2
4.34e-06 0.072 7.4
4.35e-06 0.072 7.4
4.36e-06 0.068 7.6
4.37e-06 0.072 7.6
4.38e-06 0.068 7.6
4.39e-06 0.068 7.8
4.4e-06 0.068 8
4.41e-06 0.068 8
4.42e-06 0.068 7.8
4.43e-06 0.068 8
4.44e-06 0.068 8.2
4.45e-06 0.068 8.2
4.46e-06 0.064 8.2
4.47e-06 0.064 8.2
4.48e-06 0.064 8.4
4.49e-06 0.06 8.2
4.5e-06 0.06 8.2
4.51e-06 0.06 8.4
4.52e-06 0.06 8.4
4.53e-06 0.06 8.4
4.54e-06 0.056 8.6
4.55e-06 0.06 8.6
4.56e-06 0.056 8.6
4.57e-06 0.052 8.8
4.58e-06 0.052 8.8
4.59e-06 0.052 8.8
4.6e-06 0.052 8.8
4.61e-06 0.052 8.8
4.62e-06 0.048 8.8
4.63e-06 0.048 8.8
4.64e-06 0.044 8.8
4.65e-06 0.044 9
4.66e-06 0.044 8.8
4.67e-06 0.04 8.8
4.68e-06 0.04 8.8
4.69e-06 0.04 8.8
4.7e-06 0.04 8.8
4.71e-06 0.04 9
4.72e-06 0.036 9
4.73e-06 0.036 8.8
4.74e-06 0.036 8.8
4.75e-06 0.036 9
4.76e-06 0.036 8.8
4.77e-06 0.032 8.8
4.78e-06 0.028 9
4.79e-06 0.028 8.8
4.8e-06 0.028 9
4.81e-06 0.024 9
4.82e-06 0.024 8.8
4.83e-06 0.024 8.8
4.84e-06 0.02 8.8
4.85e-06 0.02 8.6
4.86e-06 0.02 8.6
4.87e-06 0.02 8.4
4.88e-06 0.02 8.6
4.89e-06 0.012 8.4
4.9e-06 0.016 8.4
4.91e-06 0.012 8.4
4.92e-06 0.008 8.4
4.93e-06 0.008 8.4
4.94e-06 0.008 8.2
4.95e-06 0.008 8.4
4.96e-06 0.004 8.4
4.97e-06 0.004 8.2
4.98e-06 0.004 8.2
4.99e-06 0.004 8.2
5e-06 0 8.2
5.01e-06 -0.008 8
5.02e-06 -0.008 7.8
5.03e-06 -0.008 7.8
5.04e-06 -0.012 7.8
5.05e-06 -0.012 7.6
5.06e-06 -0.012 7.6
5.07e-06 -0.016 7.6
5.08e-06 -0.016 7.4
5.09e-06 -0.016 7.4
5.1e-06 -0.016 7.4
5.11e-06 -0.016 7.4
5.12e-06 -0.02 7.2
5.13e-06 -0.02 7
5.14e-06 -0.024 7
5.15e-06 -0.028 6.8
5.16e-06 -0.024 6.8
5.17e-06 -0.028 6.6
5.18e-06 -0.028 6.6
5.19e-06 -0.028 6.6
5.2e-06 -0.032 6.4
5.21e-06 -0.032 6.4
5.22e-06 -0.032 6.2
5.23e-06 -0.032 6
5.24e-06 -0.04 5.8
5.25e-06 -0.04 6
5.26e-06 -0.036 5.8
5.27e-06 -0.04 5.6
5.28e-06 -0.04 5.6
5.29e-06 -0.04 5.6
5.3e-06 -0.044 5.2
5.31e-06 -0.044 5.2
5.32e-06 -0.044 5.2
5.33e-06 -0.048 5
5.34e-06 -0.048 5
5.35e-06 -0.048 4.8
5.36e-06 -0.048 4.8
5.37e-06 -0.052 4.6
5.38e-06 -0.052 4.4
5.39e-06 -0.056 4.4
5.4e-06 -0.056 4.2
5.41e-06 -0.06 4
5.42e-06 -0.06 3.8
5.43e-06 -0.06 3.8
5.44e-06 -0.06 3.6
5.45e-06 -0.064 3.4
5.46e-06 -0.064 3.4
5.47e-06 -0.064 3.4
5.48e-06 -0.064 3.2
5.49e-06 -0.064 3
5.5e-06 -0.064 3
5.51e-06 -0.064 3
5.52e-06 -0.068 2.8
5.53e-06 -0.068 2.6
5.54e-06 -0.072 2.4
5.55e-06 -0.068 2.2
5.56e-06 -0.072 2
5.57e-06 -0.076 2
5.58e-06 -0.076 1.8
5.59e-06 -0.076 1.8
5.6e-06 -0.076 1.4
5.61e-06 -0.08 1.4
5.62e-06 -0.08 1.4
5.63e-06 -0.08 1
5.64e-06 -0.08 1
5.65e-06 -0.08 0.8
5.66e-06 -0.08 0.8
5.67e-06 -0.08 0.6
5.68e-06 -0.08 0.4
5.69e-06 -0.08 0.4
5.7e-06 -0.08 0.2
5.71e-06 -0.088 0
5.72e-06 -0.084 0
5.73e-06 -0.088 -0.6
5.74e-06 -0.088 -0.8
5.75e-06 -0.088 -0.8
5.76e-06 -0.088 -1
5.77e-06 -0.088 -1
5.78e-06 -0.088 -1.2
5.79e-06 -0.088 -1.2
5.8e-06 -0.088 -1.4
5.81e-06 -0.092 -1.6
5.82e-06 -0.092 -1.6
5.83e-06 -0.092 -1.8
5.84e-06 -0.092 -1.8
5.85e-06 -0.092 -2
5.86e-06 -0.092 -2.2
5.87e-06 -0.092 -2.4
5.88e-06 -0.092 -2.4
5.89e-06 -0.096 -2.6
5.9e-06 -0.092 -2.8
5.91e-06 -0.096 -3
5.92e-06 -0.096 -3
5.93e-06 -0.096 -3.2
5.94e-06 -0.096 -3.2
5.95e-06 -0.096 -3.6
5.96e-06 -0.096 -3.8
5.97e-06 -0.096 -3.8
5.98e-06 -0.096 -4
5.99e-06 -0.096 -4
6e-06 -0.096 -4
6.01e-06 -0.096 -4.4
6.02e-06 -0.096 -4.2
6.03e-06 -0.096 -4.4
6.04e-06 -0.096 -4.6
6.05e-06 -0.096 -4.6
6.06e-06 -0.096 -4.8
6.07e-06 -0.096 -4.8
6.08e-06 -0.096 -5
6.09e-06 -0.096 -5.2
6.1e-06 -0.096 -5.4
6.11e-06 -0.096 -5.4
6.12e-06 -0.096 -5.4
6.13e-06 -0.096 -5.6
6.14e-06 -0.096 -5.8
6.15e-06 -0.096 -5.8
6.16e-06 -0.096 -6
6.17e-06 -0.096 -6.2
6.18e-06 -0.092 -6.4
6.19e-06 -0.096 -6.4
6.2e-06 -0.092 -6.4
6.21e-06 -0.092 -6.6
6.22e-06 -0.092 -6.6
6.23e-06 -0.092 -6.6
6.24e-06 -0.092 -6.8
6.25e-06 -0.092 -7
6.26e-06 -0.092 -7
6.27e-06 -0.092 -7.2
6.28e-06 -0.088 -7.2
6.29e-06 -0.092 -7.4
6.3e-06 -0.088 -7.4
6.31e-06 -0.092 -7.4
6.32e-06 -0.092 -7.4
6.33e-06 -0.088 -7.6
6.34e-06 -0.088 -7.8
6.35e-06 -0.088 -7.8
6.36e-06 -0.088 -7.8
6.37e-06 -0.088 -8
6.38e-06 -0.088 -8
6.39e-06 -0.088 -8
6.4e-06 -0.088 -8.2
6.41e-06 -0.08 -8.2
6.42e-06 -0.084 -8.4
6.43e-06 -0.08 -8.4
6.44e-06 -0.08 -8.4
6.45e-06 -0.08 -8.4
6.46e-06 -0.08 -8.6
6.47e-06 -0.08 -8.8
6.48e-06 -0.08 -8.8
6.49e-06 -0.08 -8.8
6.5e-06 -0.076 -8.6
6.51e-06 -0.076 -9
6.52e-06 -0.076 -8.8
6.53e-06 -0.076 -8.8
6.54e-06 -0.072 -9
6.55e-06 -0.076 -9
6.56e-06 -0.072 -9
6.57e-06 -0.072 -9
6.58e-06 -0.072 -9.2
6.59e-06 -0.064 -9.2
6.6e-06 -0.064 -9.2
6.61e-06 -0.064 -9.2
6.62e-06 -0.064 -9.4
6.63e-06 -0.064 -9.4
6.64e-06 -0.064 -9.4
6.65e-06 -0.06 -9.4
6.66e-06 -0.064 -9.4
6.67e-06 -0.06 -9.4
6.68e-06 -0.06 -9.4
6.69e-06 -0.056 -9.6
6.7e-06 -0.056 -9.4
6.71e-06 -0.056 -9.4
6.72e-06 -0.056 -9.4
6.73e-06 -0.052 -9.6
6.74e-06 -0.052 -9.6
6.75e-06 -0.048 -9.6
6.76e-06 -0.048 -9.6
6.77e-06 -0.048 -9.6
6.78e-06 -0.048 -9.4
6.79e-06 -0.048 -9.4
6.8e-06 -0.044 -9.6
6.81e-06 -0.044 -9.4
6.82e-06 -0.04 -9.6
6.83e-06 -0.04 -9.4
6.84e-06 -0.04 -9.4
6.85e-06 -0.036 -9.4
6.86e-06 -0.04 -9.4
6.87e-06 -0.032 -9.4
6.88e-06 -0.036 -9.4
6.89e-06 -0.032 -9.2
6.9e-06 -0.032 -9.4
6.91e-06 -0.028 -9.2
6.92e-06 -0.028 -9.2
6.93e-06 -0.028 -9.2
6.94e-06 -0.024 -8.8
6.95e-06 -0.028 -9
6.96e-06 -0.024 -9
6.97e-06 -0.024 -8.8
6.98e-06 -0.016 -8.8
6.99e-06 -0.02 -8.8
7e-06 -0.016 -8.8
7.01e-06 -0.016 -8.6
7.02e-06 -0.016 -8.6
7.03e-06 -0.012 -8.8
7.04e-06 -0.012 -8.6
7.05e-06 -0.012 -8.6
7.06e-06 -0.008 -8.4
7.07e-06 -0.012 -8.4
7.08e-06 -0.008 -8.2
7.09e-06 -0.008 -8.2
7.1e-06 -0.008 -8
7.11e-06 0.004 -8
7.12e-06 0.004 -7.8
7.13e-06 0.004 -8
7.14e-06 0.004 -7.8
7.15e-06 0.004 -7.8
7.16e-06 0.008 -7.8
7.17e-06 0.008 -7.6
7.18e-06 0.008 -7.4
7.19e-06 0.012 -7.4
7.2e-06 0.012 -7.2
7.21e-06 0.012 -7.4
7.22e-06 0.02 -7.2
7.23e-06 0.02 -7
7.24e-06 0.02 -7
7.25e-06 0.02 -7
7.26e-06 0.024 -6.8
7.27e-06 0.02 -6.6
7.28e-06 0.024 -6.4
7.29e-06 0.028 -6.4
7.3e-06 0.024 -6.4
7.31e-06 0.028 -6.2
7.32e-06 0.028 -6.2
7.33e-06 0.028 -6
7.34e-06 0.036 -6
7.35e-06 0.036 -5.8
7.36e-06 0.036 -5.6
7.37e-06 0.036 -5.6
7.38e-06 0.036 -5.4
7.39e-06 0.04 -5.4
7.4e-06 0.036 -5.4
7.41e-06 0.04 -5
7.42e-06 0.044 -4.8
7.43e-06 0.044 -5
7.44e-06 0.044 -4.8
7.45e-06 0.044 -4.6
7.46e-06 0.044 -4.4
7.47e-06 0.048 -4.2
7.48e-06 0.048 -4.2
7.49e-06 0.052 -4
7.5e-06 0.052 -4
7.51e-06 0.052 -4
7.52e-06 0.052 -3.8
7.53e-06 0.052 -3.8
7.54e-06 0.056 -3.4
7.55e-06 0.056 -3.4
7.56e-06 0.056 -3.4
7.57e-06 0.056 -3.2
7.58e-06 0.06 -3.2
7.59e-06 0.06 -2.8
7.6e-06 0.06 -2.8
7.61e-06 0.06 -2.6
7.62e-06 0.068 -2.4
7.63e-06 0.064 -2.4
7.64e-06 0.06 -2.2
7.65e-06 0.068 -2
7.66e-06 0.068 -2
7.67e-06 0.068 -1.8
7.68e-06 0.068 -1.6
7.69e-06 0.068 -1.6
7.7e-06 0.068 -1.4
7.71e-06 0.068 -1.4
7.72e-06 0.068 -1
7.73e-06 0.072 -1
7.74e-06 0.076 -1
7.75e-06 0.072 -0.6
7.76e-06 0.068 -0.4
7.77e-06 0.072 0
7.78e-06 0.072 0
7.79e-06 0.076 0.2
7.8e-06 0.076 0.4
7.81e-06 0.076 0.4
7.82e-06 0.076 0.8
7.83e-06 0.08 0.8
7.84e-06 0.076 0.8
7.85e-06 0.076 1
7.86e-06 0.076 1
7.87e-06 0.076 1.2
7.88e-06 0.076 1.4
7.89e-06 0.08 1.4
7.9e-06 0.084 1.6
7.91e-06 0.084 1.8
7.92e-06 0.08 1.8
7.93e-06 0.084 2
7.94e-06 0.084 2.2
7.95e-06 0.084 2.4
7.96e-06 0.084 2.4
7.97e-06 0.084 2.6
7.98e-06 0.084 2.6
7.99e-06 0.084 3
8e-06 0.084 2.8
8.01e-06 0.084 3.2
8.02e-06 0.084 3.4
8.03e-06 0.084 3.2
8.04e-06 0.084 3.2
8.05e-06 0.084 3.6
8.06e-06 0.084 3.6
8.07e-06 0.084 3.6
8.08e-06 0.084 4
8.09e-06 0.084 4.2
8.1e-06 0.088 4.2
8.11e-06 0.088 4.2
8.12e-06 0.084 4.4
8.13e-06 0.084 4.8
8.14e-06 0.084 4.8
8.15e-06 0.084 4.8
8.16e-06 0.088 5
8.17e-06 0.084 5.2
8.18e-06 0.084 5.2
8.19e-06 0.084 5.4
8.2e-06 0.084 5.6
8.21e-06 0.084 5.6
8.22e-06 0.084 5.6
8.23e-06 0.084 5.8
8.24e-06 0.084 5.8
8.25e-06 0.08 5.8
8.26e-06 0.08 6
8.27e-06 0.08 6
8.28e-06 0.084 6.2
8.29e-06 0.084 6.4
8.3e-06 0.08 6.4
8.31e-06 0.076 6.4
8.32e-06 0.076 6.6
8.33e-06 0.076 6.6
8.34e-06 0.076 6.8
8.35e-06 0.076 6.8
8.36e-06 0.076 6.8
8.37e-06 0.076 7
8.38e-06 0.076 7.2
8.39e-06 0.076 7.2
8.4e-06 0.076 7.2
8.41e-06 0.072 7.2
8.42e-06 0.072 7.4
8.43e-06 0.072 7.4
8.44e-06 0.072 7.6
8.45e-06 0.072 7.6
8.46e-06 0.068 7.6
8.47e-06 0.068 7.8
8.48e-06 0.068 7.8
8.49e-06 0.068 8
8.5e-06 0.072 8
8.51e-06 0.068 8.2
8.52e-06 0.064 8
8.53e-06 0.064 8.2
8.54e-06 0.064 8.2
8.55e-06 0.06 8.2
8.56e-06 0.06 8.4
8.57e-06 0.06 8.2
8.58e-06 0.06 8.4
8.59e-06 0.06 8.4
8.6e-06 0.056 8.4
8.61e-06 0.056 8.4
8.62e-06 0.056 8.4
8.63e-06 0.052 8.6
8.64e-06 0.052 8.4
8.65e-06 0.056 8.8
8.66e-06 0.052 8.8
8.67e-06 0.052 8.8
8.68e-06 0.052 8.8
8.69e-06 0.052 8.8
8.7e-06 0.052 9
8.71e-06 0.044 8.8
8.72e-06 0.044 8.8
8.73e-06 0.044 9
8.74e-06 0.044 9
8.75e-06 0.044 9
8.76e-06 0.044 8.8
8.77e-06 0.04 9
8.78e-06 0.04 8.8
8.79e-06 0.036 9
8.8e-06 0.036 8.8
8.81e-06 0.036 8.8
8.82e-06 0.036 8.8
8.83e-06 0.032 9
8.84e-06 0.036 8.8
8.85e-06 0.028 8.8
8.86e-06 0.028 9
8.87e-06 0.028 8.8
8.88e-06 0.024 8.8
8.89e-06 0.024 8.8
8.9e-06 0.024 8.8
8.91e-06 0.024 8.8
8.92e-06 0.02 8.8
8.93e-06 0.02 8.6
8.94e-06 0.02 8.8
8.95e-06 0.016 8.4
8.96e-06 0.016 8.6
8.97e-06 0.02 8.6
8.98e-06 0.012 8.4
8.99e-06 0.008 8.6
9e-06 0.008 8.4
9.01e-06 0.008 8.2
9.02e-06 0.008 8.4
9.03e-06 0.004 8.2
9.04e-06 0.004 8.2
9.05e-06 0.004 8.2
9.06e-06 0.004 8.2
9.07e-06 0.004 8.2
9.08e-06 0 8
9.09e-06 -0.008 8
9.1e-06 -0.008 8
9.11e-06 -0.008 7.6
9.12e-06 -0.008 7.6
9.13e-06 -0.008 7.6
9.14e-06 -0.012 7.6
9.15e-06 -0.016 7.6
9.16e-06 -0.016 7.4
9.17e-06 -0.016 7.4
9.18e-06 -0.016 7.2
9.19e-06 -0.016 7.2
9.2e-06 -0.02 7.2
9.21e-06 -0.024 7
9.22e-06 -0.024 7
9.23e-06 -0.024 6.8
9.24e-06 -0.024 6.8
9.25e-06 -0.028 6.6
9.26e-06 -0.028 6.6
9.27e-06 -0.028 6.6
9.28e-06 -0.028 6.2
9.29e-06 -0.032 6.2
9.3e-06 -0.032 6
9.31e-06 -0.032 5.8
9.32e-06 -0.036 5.8
9.33e-06 -0.04 5.8
9.34e-06 -0.04 5.8
9.35e-06 -0.04 5.6
9.36e-06 -0.04 5.6
9.37e-06 -0.044 5.4
9.38e-06 -0.044 5.2
9.39e-06 -0.044 5.2
9.4e-06 -0.048 5.2
9.41e-06 -0.048 5
9.42e-06 -0.048 4.8
9.43e-06 -0.048 4.8
9.44e-06 -0.052 4.6
9.45e-06 -0.052 4.6
9.46e-06 -0.056 4.4
9.47e-06 -0.056 4.4
9.48e-06 -0.056 4.2
9.49e-06 -0.056 3.8
9.5e-06 -0.06 4
9.51e-06 -0.06 3.8
9.52e-06 -0.06 3.6
9.53e-06 -0.06 3.4
9.54e-06 -0.064 3.4
9.55e-06 -0.064 3.2
9.56e-06 -0.064 3
9.57e-06 -0.064 3.2
9.58e-06 -0.068 2.8
9.59e-06 -0.064 2.8
9.6e-06 -0.068 2.6
9.61e-06 -0.072 2.4
9.62e-06 -0.072 2.4
9.63e-06 -0.072 2.4
9.64e-06 -0.072 2
9.65e-06 -0.076 1.8
9.66e-06 -0.072 1.8
9.67e-06 -0.076 1.6
9.68e-06 -0.076 1.4
9.69e-06 -0.08 1.2
9.7e-06 -0.076 1.2
9.71e-06 -0.08 1
9.72e-06 -0.076 1
9.73e-06 -0.08 0.8
9.74e-06 -0.08 0.8
9.75e-06 -0.08 0.6
9.76e-06 -0.08 0.4
9.77e-06 -0.084 0.2
9.78e-06 -0.08 0.2
9.79e-06 -0.088 0
9.8e-06 -0.08 0
9.81e-06 -0.088 -0.4
9.82e-06 -0.088 -0.8
9.83e-06 -0.088 -0.8
9.84e-06 -0.092 -1
9.85e-06 -0.088 -1
9.86e-06 -0.092 -1.2
9.87e-06 -0.092 -1.6
9.88e-06 -0.088 -1.4
9.89e-06 -0.092 -1.6
9.9e-06 -0.092 -1.8
9.91e-06 -0.092 -1.8
9.92e-06 -0.096 -2
9.93e-06 -0.092 -2.2
9.94e-06 -0.096 -2.2
9.95e-06 -0.092 -2.2
9.96e-06 -0.092 -2.4
9.97e-06 -0.096 -2.8
9.98e-06 -0.092 -2.8
9.99e-06 -0.092 -3
1e-05 -0.096 -3.2
1.001e-05 -0.096 -3.4
1.002e-05 -0.096 -3.4
1.003e-05 -0.096 -3.6
1.004e-05 -0.096 -3.6
1.005e-05 -0.096 -3.8
1.006e-05 -0.096 -4
1.007e-05 -0.096 -4
1.008e-05 -0.096 -4.2
1.009e-05 -0.096 -4.2
1.01e-05 -0.096 -4.4
1.011e-05 -0.096 -4.6
1.012e-05 -0.096 -4.6
1.013e-05 -0.096 -4.8
1.014e-05 -0.096 -4.8
1.015e-05 -0.096 -5
1.016e-05 -0.096 -5
1.017e-05 -0.096 -5.4
1.018e-05 -0.096 -5.4
1.019e-05 -0.096 -5.6
1.02e-05 -0.096 -5.6
1.021e-05 -0.096 -5.8
1.022e-05 -0.096 -5.8
1.023e-05 -0.096 -6
1.024e-05 -0.096 -6.2
1.025e-05 -0.096 -6.2
1.026e-05 -0.092 -6.2
1.027e-05 -0.096 -6.4
1.028e-05 -0.096 -6.4
1.029e-05 -0.096 -6.6
1.03e-05 -0.092 -6.6
1.031e-05 -0.092 -6.8
1.032e-05 -0.096 -7
1.033e-05 -0.092 -7
1.034e-05 -0.092 -7.2
1.035e-05 -0.092 -7.2
1.036e-05 -0.092 -7.2
1.037e-05 -0.088 -7.4
1.038e-05 -0.092 -7.4
1.039e-05 -0.092 -7.4
1.04e-05 -0.088 -7.6
1.041e-05 -0.088 -7.6
1.042e-05 -0.088 -7.8
1.043e-05 -0.088 -7.8
1.044e-05 -0.088 -8
1.045e-05 -0.084 -8
1.046e-05 -0.088 -8
1.047e-05 -0.084 -8
1.048e-05 -0.08 -8.2
1.049e-05 -0.08 -8.2
1.05e-05 -0.08 -8.4
1.051e-05 -0.08 -8.4
1.052e-05 -0.08 -8.4
1.053e-05 -0.08 -8.4
1.054e-05 -0.08 -8.8
1.055e-05 -0.08 -8.6
1.056e-05 -0.076 -8.8
1.057e-05 -0.076 -8.8
1.058e-05 -0.076 -9
1.059e-05 -0.076 -8.8
1.06e-05 -0.076 -8.8
1.061e-05 -0.076 -9
1.062e-05 -0.076 -9.2
1.063e-05 -0.076 -9.2
1.064e-05 -0.072 -9
1.065e-05 -0.072 -9.2
1.066e-05 -0.068 -9.2
1.067e-05 -0.064 -9.2
1.068e-05 -0.064 -9.2
1.069e-05 -0.064 -9.2
1.07e-05 -0.064 -9.2
1.071e-05 -0.064 -9.4
1.072e-05 -0.064 -9.4
1.073e-05 -0.064 -9.6
1.074e-05 -0.06 -9.4
1.075e-05 -0.06 -9.6
1.076e-05 -0.06 -9.4
1.077e-05 -0.056 -9.6
1.078e-05 -0.056 -9.6
1.079e-05 -0.056 -9.4
1.08e-05 -0.056 -9.4
1.081e-05 -0.052 -9.6
1.082e-05 -0.052 -9.6
1.083e-05 -0.048 -9.4
1.084e-05 -0.048 -9.4
1.085e-05 -0.048 -9.4
1.086e-05 -0.048 -9.4
1.087e-05 -0.048 -9.6
1.088e-05 -0.044 -9.4
1.089e-05 -0.04 -9.4
1.09e-05 -0.04 -9.6
1.091e-05 -0.04 -9.6
1.092e-05 -0.04 -9.6
1.093e-05 -0.04 -9.4
1.094e-05 -0.036 -9.4
1.095e-05 -0.036 -9.4
1.096e-05 -0.032 -9.2
1.097e-05 -0.032 -9.2
1.098e-05 -0.032 -9.4
1.099e-05 -0.032 -9.2
1.1e-05 -0.028 -9
1.101e-05 -0.028 -9.2
1.102e-05 -0.024 -9
1.103e-05 -0.024 -9
1.104e-05 -0.024 -9
1.105e-05 -0.024 -9
1.106e-05 -0.02 -8.8
1.107e-05 -0.02 -8.8
1.108e-05 -0.016 -9
1.109e-05 -0.016 -8.6
1.11e-05 -0.016 -8.6
1.111e-05 -0.012 -8.6
1.112e-05 -0.012 -8.4
1.113e-05 -0.012 -8.6
1.114e-05 -0.008 -8.4
1.115e-05 -0.008 -8.2
1.116e-05 0 -8.2
1.117e-05 -0.008 -8
1.118e-05 0.004 -8.2
1.119e-05 0.004 -8
1.12e-05 0.004 -8
1.121e-05 0.004 -7.8
1.122e-05 0.004 -7.6
1.123e-05 0.004 -7.6
1.124e-05 0.008 -7.6
1.125e-05 0.012 -7.6
1.126e-05 0.008 -7.4
1.127e-05 0.012 -7.4
1.128e-05 0.012 -7.4
1.129e-05 0.012 -7.4
1.13e-05 0.016 -7.2
1.131e-05 0.02 -7
1.132e-05 0.02 -7
1.133e-05 0.02 -6.8
1.134e-05 0.024 -6.6
1.135e-05 0.024 -6.6
1.136e-05 0.024 -6.6
1.137e-05 0.028 -6.4
1.138e-05 0.028 -6.2
1.139e-05 0.028 -6.2
1.14e-05 0.028 -6
1.141e-05 0.028 -5.8
1.142e-05 0.036 -5.8
1.143e-05 0.036 -5.8
1.144e-05 0.036 -5.6
1.145e-05 0.036 -5.6
1.146e-05 0.036 -5.6
1.147e-05 0.036 -5.4
1.148e-05 0.04 -5.2
1.149e-05 0.04 -5.2
1.15e-05 0.04 -5
1.151e-05 0.044 -4.8
1.152e-05 0.044 -4.8
1.153e-05 0.044 -4.6
1.154e-05 0.044 -4.4
1.155e-05 0.044 -4.4
1.156e-05 0.048 -4.2
1.157e-05 0.052 -4
1.158e-05 0.052 -4
1.159e-05 0.052 -4
1.16e-05 0.052 -3.6
1.161e-05 0.052 -3.8
1.162e-05 0.056 -3.6
1.163e-05 0.056 -3.4
1.164e-05 0.056 -3.2
1.165e-05 0.056 -3.2
1.166e-05 0.06 -3.2
1.167e-05 0.06 -2.8
1.168e-05 0.06 -2.6
1.169e-05 0.064 -2.6
1.17e-05 0.064 -2.4
1.171e-05 0.068 -2.2
1.172e-05 0.064 -2
1.173e-05 0.068 -1.8
1.174e-05 0.068 -1.8
1.175e-05 0.068 -1.6
1.176e-05 0.068 -1.6
1.177e-05 0.068 -1.6
1.178e-05 0.068 -1.2
1.179e-05 0.068 -1.2
1.18e-05 0.072 -1
1.181e-05 0.072 -0.8
1.182e-05 0.072 -0.8
1.183e-05 0.072 -0.6
1.184e-05 0.072 -0.4
1.185e-05 0.072 -0.4
1.186e-05 0.076 0
1.187e-05 0.076 0.2
1.188e-05 0.076 0.4
1.189e-05 0.076 0.4
1.19e-05 0.076 0.6
1.191e-05 0.076 0.8
1.192e-05 0.076 0.8
1.193e-05 0.076 1
1.194e-05 0.076 1.2
1.195e-05 0.076 1.4
1.196e-05 0.084 1.6
1.197e-05 0.076 1.6
1.198e-05 0.084 1.8
1.199e-05 0.084 1.8
1.2e-05 0.084 1.8
1.201e-05 0.08 2.2
1.202e-05 0.084 2
1.203e-05 0.084 2.4
1.204e-05 0.084 2.4
1.205e-05 0.084 2.4
1.206e-05 0.084 2.8
1.207e-05 0.084 2.8
1.208e-05 0.084 3
1.209e-05 0.084 3.2
1.21e-05 0.088 3.2
1.211e-05 0.084 3.4
1.212e-05 0.084 3.4
1.213e-05 0.084 3.6
1.214e-05 0.084 3.6
1.215e-05 0.084 3.6
1.216e-05 0.084 4
1.217e-05 0.088 4.2
1.218e-05 0.084 4.2
1.219e-05 0.084 4.2
1.22e-05 0.084 4.4
1.221e-05 0.084 4.6
1.222e-05 0.088 4.8
1.223e-05 0.084 5
1.224e-05 0.084 5
1.225e-05 0.084 5.2
1.226e-05 0.084 5.2
1.227e-05 0.084 5.4
1.228e-05 0.084 5.4
1.229e-05 0.08 5.6
1.23e-05 0.084 5.6
1.231e-05 0.084 5.8
1.232e-05 0.084 6
1.233e-05 0.084 5.8
1.234e-05 0.08 6
1.235e-05 0.084 6
1.236e-05 0.084 6.2
1.237e-05 0.08 6.4
1.238e-05 0.076 6.4
1.239e-05 0.08 6.4
1.24e-05 0.076 6.6
1.241e-05 0.076 6.6
1.242e-05 0.076 6.8
1.243e-05 0.076 6.8
1.244e-05 0.076 7
1.245e-05 0.076 7.2
1.246e-05 0.076 7
1.247e-05 0.072 7.2
1.248e-05 0.076 7.4
1.249e-05 0.072 7.4
1.25e-05 0.068 7.4
1.251e-05 0.072 7.4
1.252e-05 0.072 7.6
1.253e-05 0.072 7.4
1.254e-05 0.068 7.6
1.255e-05 0.068 8
1.256e-05 0.068 7.8
1.257e-05 0.068 8
1.258e-05 0.068 8
1.259e-05 0.068 8
1.26e-05 0.068 8.2
1.261e-05 0.068 8.2
1.262e-05 0.068 8.2
1.263e-05 0.06 8.4
1.264e-05 0.06 8.4
1.265e-05 0.06 8.4
1.266e-05 0.06 8.6
1.267e-05 0.06 8.6
1.268e-05 0.056 8.4
1.269e-05 0.06 8.6
1.27e-05 0.056 8.6
1.271e-05 0.056 8.6
1.272e-05 0.052 8.6
1.273e-05 0.052 8.8
1.274e-05 0.052 8.8
1.275e-05 0.052 8.8
1.276e-05 0.052 8.8
1.277e-05 0.048 8.8
1.278e-05 0.048 8.8
1.279e-05 0.048 8.8
1.28e-05 0.044 9
1.281e-05 0.044 9
1.282e-05 0.044 9
1.283e-05 0.04 9
1.284e-05 0.044 9
1.285e-05 0.04 8.8
1.286e-05 0.036 8.8
1.287e-05 0.036 8.8
1.288e-05 0.036 9
1.289e-05 0.036 8.8
1.29e-05 0.036 8.8
1.291e-05 0.032 8.8
1.292e-05 0.028 8.8
1.293e-05 0.032 8.8
1.294e-05 0.028 8.8
1.295e-05 0.024 8.8
1.296e-05 0.024 8.8
1.297e-05 0.024 8.8
1.298e-05 0.024 9
1.299e-05 0.02 8.8
1.3e-05 0.024 8.8
1.301e-05 0.02 8.6
1.302e-05 0.02 8.8
1.303e-05 0.016 8.8
1.304e-05 0.016 8.6
1.305e-05 0.012 8.4
1.306e-05 0.012 8.4
1.307e-05 0.012 8.4
1.308e-05 0.008 8.4
1.309e-05 0.008 8.4
1.31e-05 0.008 8.4
1.311e-05 0.004 8.2
1.312e-05 0.004 8.2
1.313e-05 0.004 8.2
1.314e-05 0.004 8
1.315e-05 0 8
1.316e-05 0 7.8
1.317e-05 0 8
1.318e-05 -0.012 7.8
1.319e-05 -0.008 7.8
1.32e-05 -0.012 7.8
1.321e-05 -0.012 7.6
1.322e-05 -0.016 7.6
1.323e-05 -0.016 7.6
1.324e-05 -0.016 7.4
1.325e-05 -0.016 7.4
1.326e-05 -0.016 7.2
1.327e-05 -0.02 7.2
1.328e-05 -0.024 7.2
1.329e-05 -0.02 7
1.33e-05 -0.024 6.8
1.331e-05 -0.024 6.8
1.332e-05 -0.028 6.6
1.333e-05 -0.028 6.8
1.334e-05 -0.028 6.4
1.335e-05 -0.028 6.4
1.336e-05 -0.032 6.4
1.337e-05 -0.032 6.2
1.338e-05 -0.032 6.2
1.339e-05 -0.032 6
1.34e-05 -0.04 6
1.341e-05 -0.04 5.8
1.342e-05 -0.04 5.6
1.343e-05 -0.04 5.6
1.344e-05 -0.044 5.4
1.345e-05 -0.044 5.4
1.346e-05 -0.048 5.4
1.347e-05 -0.044 5.2
1.348e-05 -0.044 5
1.349e-05 -0.048 4.8
1.35e-05 -0.048 4.8
1.351e-05 -0.052 4.8
1.352e-05 -0.052 4.6
1.353e-05 -0.052 4.6
1.354e-05 -0.056 4.4
1.355e-05 -0.056 4.2
1.356e-05 -0.056 4
1.357e-05 -0.06 4
1.358e-05 -0.06 3.8
1.359e-05 -0.06 3.8
1.36e-05 -0.064 3.4
1.361e-05 -0.06 3.4
1.362e-05 -0.064 3.4
1.363e-05 -0.064 3.2
1.364e-05 -0.064 3
1.365e-05 -0.064 3
1.366e-05 -0.064 3
1.367e-05 -0.064 2.6
1.368e-05 -0.068 2.6
1.369e-05 -0.072 2.6
1.37e-05 -0.072 2.4
1.371e-05 -0.072 2.2
1.372e-05 -0.076 2
1.373e-05 -0.076 2
1.374e-05 -0.076 1.6
1.375e-05 -0.076 1.6
1.376e-05 -0.076 1.6
1.377e-05 -0.08 1.4
1.378e-05 -0.08 1.2
1.379e-05 -0.08 1.2
1.38e-05 -0.08 1
1.381e-05 -0.08 0.8
1.382e-05 -0.08 0.6
1.383e-05 -0.084 0.4
1.384e-05 -0.084 0.4
1.385e-05 -0.084 0.2
1.386e-05 -0.084 0.2
1.387e-05 -0.088 0
1.388e-05 -0.084 0
1.389e-05 -0.088 -0.6
1.39e-05 -0.088 -0.8
1.391e-05 -0.088 -0.8
1.392e-05 -0.088 -1
1.393e-05 -0.092 -1
1.394e-05 -0.088 -1.2
1.395e-05 -0.092 -1.4
1.396e-05 -0.092 -1.4
1.397e-05 -0.092 -1.8
1.398e-05 -0.092 -2
1.399e-05 -0.092 -2
1.4e-05 -0.092 -2.2
1.401e-05 -0.092 -2.2
1.402e-05 -0.096 -2.4
1.403e-05 -0.092 -2.6
1.404e-05 -0.096 -2.4
1.405e-05 -0.096 -2.8
1.406e-05 -0.096 -2.8
1.407e-05 -0.096 -3
1.408e-05 -0.096 -3.2
1.409e-05 -0.096 -3.2
1.41e-05 -0.096 -3.4
1.411e-05 -0.096 -3.6
1.412e-05 -0.096 -3.8
1.413e-05 -0.096 -4
1.414e-05 -0.096 -4
1.415e-05 -0.096 -4.2
1.416e-05 -0.096 -4.2
1.417e-05 -0.096 -4.2
1.418e-05 -0.096 -4.6
1.419e-05 -0.096 -4.6
1.42e-05 -0.096 -4.8
1.421e-05 -0.096 -4.8
1.422e-05 -0.096 -4.8
1.423e-05 -0.096 -5
1.424e-05 -0.096 -5
1.425e-05 -0.096 -5
1.426e-05 -0.096 -5.4
1.427e-05 -0.096 -5.4
1.428e-05 -0.096 -5.6
1.429e-05 -0.096 -5.8
1.43e-05 -0.096 -6
1.431e-05 -0.096 -6.2
1.432e-05 -0.096 -6.2
1.433e-05 -0.096 -6.2
1.434e-05 -0.096 -6.2
1.435e-05 -0.096 -6.4
1.436e-05 -0.096 -6.4
1.437e-05 -0.096 -6.6
1.438e-05 -0.096 -6.8
1.439e-05 -0.092 -6.8
1.44e-05 -0.092 -6.8
1.441e-05 -0.092 -7
1.442e-05 -0.092 -7
1.443e-05 -0.092 -7.2
1.444e-05 -0.092 -7.2
1.445e-05 -0.092 -7.2
1.446e-05 -0.092 -7.6
1.447e-05 -0.092 -7.6
1.448e-05 -0.092 -7.6
1.449e-05 -0.088 -7.8
1.45e-05 -0.088 -8
1.451e-05 -0.088 -7.8
1.452e-05 -0.088 -8
1.453e-05 -0.084 -8.2
1.454e-05 -0.088 -8
1.455e-05 -0.084 -8
1.456e-05 -0.084 -8.2
1.457e-05 -0.08 -8.2
1.458e-05 -0.084 -8.2
1.459e-05 -0.08 -8.6
1.46e-05 -0.08 -8.4
1.461e-05 -0.08 -8.6
1.462e-05 -0.08 -8.8
1.463e-05 -0.08 -8.8
1.464e-05 -0.08 -8.8
1.465e-05 -0.08 -8.8
1.466e-05 -0.076 -8.8
1.467e-05 -0.076 -8.8
1.468e-05 -0.076 -9
1.469e-05 -0.076 -9
1.47e-05 -0.072 -9
1.471e-05 -0.072 -9.2
1.472e-05 -0.072 -9
1.473e-05 -0.072 -9
1.474e-05 -0.072 -9.2
1.475e-05 -0.068 -9.2
1.476e-05 -0.064 -9.4
1.477e-05 -0.064 -9.2
1.478e-05 -0.064 -9.4
1.479e-05 -0.064 -9.4
1.48e-05 -0.064 -9.4
1.481e-05 -0.064 -9.4
1.482e-05 -0.06 -9.4
1.483e-05 -0.06 -9.6
1.484e-05 -0.06 -9.6
1.485e-05 -0.06 -9.4
1.486e-05 -0.06 -9.6
1.487e-05 -0.056 -9.6
1.488e-05 -0.056 -9.6
1.489e-05 -0.056 -9.6
1.49e-05 -0.048 -9.6
1.491e-05 -0.048 -9.6
1.492e-05 -0.048 -9.4
1.493e-05 -0.048 -9.4
1.494e-05 -0.044 -9.6
1.495e-05 -0.048 -9.4
1.496e-05 -0.044 -9.4
1.497e-05 -0.044 -9.4
1.498e-05 -0.04 -9.4
1.499e-05 -0.04 -9.4
1.5e-05 -0.04 -9.4
1.501e-05 -0.036 -9.4
1.502e-05 -0.032 -9.4
1.503e-05 -0.032 -9.4
1.504e-05 -0.032 -9.4
1.505e-05 -0.032 -9.4
1.506e-05 -0.032 -9.2
1.507e-05 -0.028 -9.2
1.508e-05 -0.028 -9
1.509e-05 -0.024 -9.2
1.51e-05 -0.028 -9
1.511e-05 -0.024 -9
1.512e-05 -0.024 -8.8
1.513e-05 -0.024 -9
1.514e-05 -0.016 -8.8
1.515e-05 -0.016 -8.8
1.516e-05 -0.016 -8.6
1.517e-05 -0.016 -8.8
1.518e-05 -0.016 -8.6
1.519e-05 -0.012 -8.6
1.52e-05 -0.012 -8.6
1.521e-05 -0.012 -8.4
1.522e-05 -0.008 -8.4
1.523e-05 -0.008 -8.2
1.524e-05 -0.008 -8.2
1.525e-05 -0.008 -8.2
1.526e-05 0.004 -8
1.527e-05 0.004 -8
1.528e-05 0.004 -7.8
1.529e-05 0.004 -7.8
1.53e-05 0.008 -7.8
1.531e-05 0.004 -7.6
1.532e-05 0.008 -7.4
1.533e-05 0.008 -7.4
1.534e-05 0.012 -7.6
1.535e-05 0.016 -7.4
1.536e-05 0.012 -7.2
1.537e-05 0.012 -7.4
1.538e-05 0.012 -7.2
1.539e-05 0.02 -7.2
1.54e-05 0.02 -7
1.541e-05 0.02 -6.8
1.542e-05 0.02 -6.6
1.543e-05 0.024 -6.6
1.544e-05 0.024 -6.4
1.545e-05 0.024 -6.4
1.546e-05 0.024 -6.2
1.547e-05 0.028 -6.2
1.548e-05 0.028 -6
1.549e-05 0.032 -5.8
1.55e-05 0.032 -5.8
1.551e-05 0.036 -5.6
1.552e-05 0.036 -5.6
1.553e-05 0.036 -5.6
1.554e-05 0.036 -5.4
1.555e-05 0.036 -5.4
1.556e-05 0.04 -5.2
1.557e-05 0.04 -5
1.558e-05 0.044 -5
1.559e-05 0.044 -4.8
1.56e-05 0.044 -4.8
1.561e-05 0.044 -4.6
1.562e-05 0.044 -4.6
1.563e-05 0.052 -4.4
1.564e-05 0.052 -4
1.565e-05 0.052 -4
1.566e-05 0.052 -3.8
1.567e-05 0.052 -3.8
1.568e-05 0.052 -3.6
1.569e-05 0.052 -3.4
1.57e-05 0.056 -3.6
1.571e-05 0.056 -3.4
1.572e-05 0.056 -3.2
1.573e-05 0.056 -3
1.574e-05 0.056 -2.8
1.575e-05 0.056 -2.8
1.576e-05 0.06 -2.6
1.577e-05 0.06 -2.6
1.578e-05 0.06 -2.4
1.579e-05 0.06 -2.2
1.58e-05 0.06 -2
1.581e-05 0.068 -2
1.582e-05 0.068 -1.8
1.583e-05 0.068 -1.6
1.584e-05 0.068 -1.6
1.585e-05 0.068 -1.4
1.586e-05 0.068 -1.2
1.587e-05 0.072 -1
1.588e-05 0.068 -1
1.589e-05 0.068 -0.8
1.59e-05 0.072 -0.8
1.591e-05 0.072 -0.8
1.592e-05 0.072 -0.4
1.593e-05 0.076 -0.4
1.594e-05 0.072 0.2
1.595e-05 0.076 0
1.596e-05 0.076 0.4
1.597e-05 0.076 0.4
1.598e-05 0.076 0.6
1.599e-05 0.076 0.8
1.6e-05 0.08 1
1.601e-05 0.076 1
1.602e-05 0.08 1.2
1.603e-05 0.084 1.2
1.604e-05 0.076 1.4
1.605e-05 0.076 1.6
1.606e-05 0.084 1.6
1.607e-05 0.08 1.8
1.608e-05 0.084 1.8
1.609e-05 0.084 2
1.61e-05 0.084 2.2
1.611e-05 0.084 2.4
1.612e-05 0.084 2.4
1.613e-05 0.084 2.6
1.614e-05 0.084 2.8
1.615e-05 0.084 3
1.616e-05 0.084 3
1.617e-05 0.084 3.2
1.618e-05 0.084 3.2
1.619e-05 0.084 3.4
1.62e-05 0.084 3.6
1.621e-05 0.084 3.4
1.622e-05 0.084 3.8
1.623e-05 0.084 4
1.624e-05 0.084 4
1.625e-05 0.084 4.2
1.626e-05 0.084 4.2
1.627e-05 0.084 4.4
1.628e-05 0.088 4.4
1.629e-05 0.084 4.6
1.63e-05 0.084 4.8
1.631e-05 0.084 4.8
1.632e-05 0.084 5
1.633e-05 0.084 5
1.634e-05 0.084 5.2
1.635e-05 0.084 5.4
1.636e-05 0.084 5.6
1.637e-05 0.084 5.6
1.638e-05 0.084 5.8
1.639e-05 0.084 5.8
1.64e-05 0.08 5.8
1.641e-05 0.084 5.8
1.642e-05 0.084 6
1.643e-05 0.076 6.2
1.644e-05 0.08 6.2
1.645e-05 0.08 6.4
1.646e-05 0.084 6.4
1.647e-05 0.076 6.4
1.648e-05 0.076 6.4
1.649e-05 0.076 6.6
1.65e-05 0.076 6.8
1.651e-05 0.076 6.8
1.652e-05 0.072 6.8
1.653e-05 0.076 7.2
1.654e-05 0.076 7.2
1.655e-05 0.072 7.2
1.656e-05 0.072 7.4
1.657e-05 0.068 7.4
1.658e-05 0.072 7.4
1.659e-05 0.068 7.6
1.66e-05 0.068 7.6
1.661e-05 0.068 7.6
1.662e-05 0.068 7.6
1.663e-05 0.068 7.8
1.664e-05 0.068 8
1.665e-05 0.068 8
1.666e-05 0.068 8
1.667e-05 0.068 8
1.668e-05 0.068 8.2
1.669e-05 0.064 8
1.67e-05 0.06 8.4
1.671e-05 0.06 8.4
1.672e-05 0.06 8.2
1.673e-05 0.06 8.4
1.674e-05 0.06 8.4
1.675e-05 0.056 8.4
1.676e-05 0.06 8.4
1.677e-05 0.056 8.6
1.678e-05 0.052 8.6
1.679e-05 0.056 8.4
1.68e-05 0.052 8.8
1.681e-05 0.052 8.6
1.682e-05 0.052 8.6
1.683e-05 0.052 8.8
1.684e-05 0.052 8.8
1.685e-05 0.052 8.8
1.686e-05 0.044 8.8
1.687e-05 0.044 8.8
1.688e-05 0.044 9
1.689e-05 0.044 8.8
1.69e-05 0.044 9
1.691e-05 0.044 9
1.692e-05 0.04 9
1.693e-05 0.04 9
1.694e-05 0.04 9
1.695e-05 0.036 9
1.696e-05 0.036 9
1.697e-05 0.036 8.8
1.698e-05 0.036 8.8
1.699e-05 0.032 8.8
1.7e-05 0.032 8.8
1.701e-05 0.028 8.8
1.702e-05 0.028 8.8
1.703e-05 0.024 8.8
1.704e-05 0.024 8.8
1.705e-05 0.024 8.8
1.706e-05 0.024 8.8
1.707e-05 0.02 8.8
1.708e-05 0.02 8.8
1.709e-05 0.02 8.8
1.71e-05 0.02 8.6
1.711e-05 0.02 8.8
1.712e-05 0.016 8.6
1.713e-05 0.012 8.6
1.714e-05 0.012 8.4
1.715e-05 0.012 8.2
1.716e-05 0.008 8.4
1.717e-05 0.008 8.4
1.718e-05 0.008 8.2
1.719e-05 0.004 8.2
1.72e-05 0.004 8.2
1.721e-05 0.004 8.2
1.722e-05 0.004 8
1.723e-05 0 8
1.724e-05 -0.008 8
1.725e-05 -0.008 8
1.726e-05 -0.008 7.8
1.727e-05 -0.008 7.8
1.728e-05 -0.012 8
1.729e-05 -0.012 7.6
1.73e-05 -0.012 7.4
1.731e-05 -0.016 7.6
1.732e-05 -0.016 7.4
1.733e-05 -0.016 7.2
1.734e-05 -0.016 7.4
1.735e-05 -0.024 7
1.736e-05 -0.024 7.2
1.737e-05 -0.024 6.8
1.738e-05 -0.024 7
1.739e-05 -0.024 6.8
1.74e-05 -0.028 6.6
1.741e-05 -0.028 6.6
1.742e-05 -0.028 6.6
1.743e-05 -0.032 6.4
1.744e-05 -0.032 6.4
1.745e-05 -0.032 6.4
1.746e-05 -0.036 6
1.747e-05 -0.032 6
1.748e-05 -0.04 5.8
1.749e-05 -0.04 5.8
1.75e-05 -0.04 5.6
1.751e-05 -0.04 5.6
1.752e-05 -0.044 5.4
1.753e-05 -0.044 5.2
1.754e-05 -0.044 5.2
1.755e-05 -0.044 5
1.756e-05 -0.048 5
1.757e-05 -0.048 5
1.758e-05 -0.048 4.8
1.759e-05 -0.052 4.8
1.76e-05 -0.048 4.6
1.761e-05 -0.056 4.6
1.762e-05 -0.056 4.4
1.763e-05 -0.056 4.2
1.764e-05 -0.06 4.2
1.765e-05 -0.06 4
1.766e-05 -0.06 3.8
1.767e-05 -0.06 3.8
1.768e-05 -0.064 3.4
1.769e-05 -0.06 3.4
1.77e-05 -0.064 3.2
1.771e-05 -0.064 3.2
1.772e-05 -0.064 3
1.773e-05 -0.064 2.8
1.774e-05 -0.072 2.8
1.775e-05 -0.068 2.8
1.776e-05 -0.072 2.6
1.777e-05 -0.072 2.6
1.778e-05 -0.072 2.4
1.779e-05 -0.076 2.2
1.78e-05 -0.076 2.2
1.781e-05 -0.076 1.8
1.782e-05 -0.076 1.8
1.783e-05 -0.08 1.6
1.784e-05 -0.08 1.4
1.785e-05 -0.076 1.4
1.786e-05 -0.08 1.2
1.787e-05 -0.08 1
1.788e-05 -0.08 0.8
1.789e-05 -0.08 0.8
1.79e-05 -0.08 0.6
1.791e-05 -0.08 0.4
1.792e-05 -0.08 0.2
1.793e-05 -0.088 0.2
1.794e-05 -0.084 0
1.795e-05 -0.084 0
1.796e-05 -0.088 0
1.797e-05 -0.088 -0.4
1.798e-05 -0.088 -0.8
1.799e-05 -0.088 -0.8
1.8e-05 -0.088 -0.8
1.801e-05 -0.088 -1
1.802e-05 -0.092 -1.2
1.803e-05 -0.088 -1.4
1.804e-05 -0.092 -1.6
1.805e-05 -0.088 -1.8
1.806e-05 -0.092 -1.8
1.807e-05 -0.092 -2
1.808e-05 -0.092 -2.2
1.809e-05 -0.092 -2.2
1.81e-05 -0.092 -2.4
1.811e-05 -0.096 -2.6
1.812e-05 -0.096 -2.6
1.813e-05 -0.092 -2.6
1.814e-05 -0.096 -3
1.815e-05 -0.092 -3
1.816e-05 -0.096 -3.2
1.817e-05 -0.096 -3.4
1.818e-05 -0.096 -3.4
1.819e-05 -0.096 -3.6
1.82e-05 -0.096 -3.8
1.821e-05 -0.096 -3.8
1.822e-05 -0.096 -4
1.823e-05 -0.096 -4.2
1.824e-05 -0.1 -4.2
1.825e-05 -0.096 -4.4
1.826e-05 -0.096 -4.4
1.827e-05 -0.096 -4.6
1.828e-05 -0.096 -4.6
1.829e-05 -0.096 -4.8
1.83e-05 -0.096 -4.8
1.831e-05 -0.096 -5
1.832e-05 -0.096 -5.2
1.833e-05 -0.096 -5.2
1.834e-05 -0.096 -5.4
1.835e-05 -0.096 -5.4
1.836e-05 -0.096 -5.6
1.837e-05 -0.096 -5.8
1.838e-05 -0.096 -5.8
1.839e-05 -0.096 -6.2
1.84e-05 -0.096 -6.2
1.841e-05 -0.096 -6.2
1.842e-05 -0.096 -6.4
1.843e-05 -0.096 -6.4
1.844e-05 -0.096 -6.6
1.845e-05 -0.096 -6.6
1.846e-05 -0.092 -6.8
1.847e-05 -0.092 -7
1.848e-05 -0.092 -7
1.849e-05 -0.092 -7
1.85e-05 -0.092 -7
1.851e-05 -0.092 -7.2
1.852e-05 -0.092 -7.2
1.853e-05 -0.092 -7.4
1.854e-05 -0.092 -7.4
1.855e-05 -0.092 -7.4
1.856e-05 -0.092 -7.6
1.857e-05 -0.092 -7.8
1.858e-05 -0.092 -7.8
1.859e-05 -0.088 -7.8
1.86e-05 -0.088 -8.2
1.861e-05 -0.08 -8
1.862e-05 -0.088 -8
1.863e-05 -0.084 -8.2
1.864e-05 -0.08 -8.4
1.865e-05 -0.084 -8.2
1.866e-05 -0.08 -8.2
1.867e-05 -0.08 -8.4
1.868e-05 -0.08 -8.4
1.869e-05 -0.08 -8.6
1.87e-05 -0.08 -8.6
1.871e-05 -0.08 -8.6
1.872e-05 -0.08 -8.8
1.873e-05 -0.076 -8.6
1.874e-05 -0.076 -8.8
1.875e-05 -0.076 -8.8
1.876e-05 -0.076 -9
1.877e-05 -0.076 -9
1.878e-05 -0.072 -9
1.879e-05 -0.072 -9.2
1.88e-05 -0.072 -9
1.881e-05 -0.072 -9.2
1.882e-05 -0.064 -9.4
1.883e-05 -0.068 -9.4
1.884e-05 -0.068 -9.2
1.885e-05 -0.064 -9.2
1.886e-05 -0.064 -9.2
1.887e-05 -0.064 -9.4
1.888e-05 -0.064 -9.2
1.889e-05 -0.064 -9.4
1.89e-05 -0.06 -9.4
1.891e-05 -0.06 -9.4
1.892e-05 -0.06 -9.6
1.893e-05 -0.056 -9.4
1.894e-05 -0.056 -9.6
1.895e-05 -0.056 -9.6
1.896e-05 -0.052 -9.4
1.897e-05 -0.048 -9.6
1.898e-05 -0.052 -9.6
1.899e-05 -0.048 -9.4
1.9e-05 -0.048 -9.6
1.901e-05 -0.048 -9.6
1.902e-05 -0.048 -9.4
1.903e-05 -0.044 -9.4
1.904e-05 -0.044 -9.4
1.905e-05 -0.044 -9.4
1.906e-05 -0.04 -9.4
1.907e-05 -0.04 -9.4
1.908e-05 -0.04 -9.4
1.909e-05 -0.032 -9.4
1.91e-05 -0.036 -9.4
1.911e-05 -0.032 -9.4
1.912e-05 -0.032 -9.4
1.913e-05 -0.032 -9.4
1.914e-05 -0.032 -9
1.915e-05 -0.028 -9.4
1.916e-05 -0.028 -9.2
1.917e-05 -0.028 -9
1.918e-05 -0.024 -9
1.919e-05 -0.024 -9
1.92e-05 -0.024 -8.8
1.921e-05 -0.02 -8.8
1.922e-05 -0.016 -8.8
1.923e-05 -0.016 -8.8
1.924e-05 -0.02 -8.8
1.925e-05 -0.016 -8.6
1.926e-05 -0.016 -8.6
1.927e-05 -0.012 -8.6
1.928e-05 -0.012 -8.6
1.929e-05 -0.012 -8.6
1.93e-05 -0.008 -8.2
1.931e-05 -0.008 -8.4
1.932e-05 -0.008 -8.2
1.933e-05 0 -8
1.934e-05 0 -8
1.935e-05 0.004 -8
1.936e-05 0.004 -8
1.937e-05 0.004 -7.8
1.938e-05 0.008 -7.8
1.939e-05 0.004 -7.8
1.94e-05 0.008 -7.4
1.941e-05 0.012 -7.4
1.942e-05 0.012 -7.4
1.943e-05 0.012 -7.4
1.944e-05 0.012 -7.2
1.945e-05 0.012 -7.2
1.946e-05 0.016 -7.2
1.947e-05 0.02 -7
1.948e-05 0.02 -7
1.949e-05 0.02 -6.8
1.95e-05 0.024 -6.8
1.951e-05 0.024 -6.6
1.952e-05 0.024 -6.4
1.953e-05 0.024 -6.4
1.954e-05 0.028 -6.4
1.955e-05 0.028 -6.2
1.956e-05 0.036 -6
1.957e-05 0.032 -6
1.958e-05 0.036 -5.8
1.959e-05 0.032 -5.6
1.96e-05 0.036 -5.6
1.961e-05 0.036 -5.6
1.962e-05 0.036 -5.4
1.963e-05 0.036 -5.4
1.964e-05 0.036 -5.2
1.965e-05 0.04 -5
1.966e-05 0.04 -5
1.967e-05 0.044 -4.8
1.968e-05 0.044 -4.8
1.969e-05 0.044 -4.8
1.97e-05 0.044 -4.4
1.971e-05 0.052 -4.4
1.972e-05 0.052 -4.2
1.973e-05 0.052 -4.2
1.974e-05 0.052 -4
1.975e-05 0.052 -3.8
1.976e-05 0.052 -3.6
1.977e-05 0.056 -3.4
1.978e-05 0.056 -3.4
1.979e-05 0.052 -3.4
1.98e-05 0.056 -3
1.981e-05 0.056 -3
1.982e-05 0.06 -3
1.983e-05 0.06 -2.6
1.984e-05 0.06 -2.6
1.985e-05 0.06 -2.4
1.986e-05 0.064 -2.4
1.987e-05 0.06 -2.4
1.988e-05 0.064 -2
1.989e-05 0.068 -2
1.99e-05 0.068 -1.8
1.991e-05 0.068 -1.6
1.992e-05 0.068 -1.4
1.993e-05 0.068 -1.4
1.994e-05 0.068 -1.4
1.995e-05 0.072 -1
1.996e-05 0.068 -1
1.997e-05 0.072 -0.8
1.998e-05 0.072 -0.6
1.999e-05 0.076 -0.6
2e-05 0.072 -0.4
2.001e-05 0.072 0
2.002e-05 0.076 0
2.003e-05 0.076 0.2
2.004e-05 0.076 0.4
2.005e-05 0.076 0.4
2.006e-05 0.076 0.6
2.007e-05 0.076 0.8
2.008e-05 0.076 1
2.009e-05 0.076 1.2
2.01e-05 0.08 1.2
2.011e-05 0.08 1.6
2.012e-05 0.076 1.6
2.013e-05 0.084 1.4
2.014e-05 0.084 1.8
2.015e-05 0.08 2
2.016e-05 0.08 2
2.017e-05 0.076 2
2.018e-05 0.084 2.4
2.019e-05 0.084 2.4
2.02e-05 0.08 2.6
2.021e-05 0.084 2.6
2.022e-05 0.084 2.6
2.023e-05 0.084 2.8
2.024e-05 0.084 3
2.025e-05 0.084 3.2
2.026e-05 0.084 3.4
2.027e-05 0.084 3.4
2.028e-05 0.088 3.6
2.029e-05 0.084 3.8
2.03e-05 0.084 4
2.031e-05 0.084 3.8
2.032e-05 0.084 4
2.033e-05 0.084 4.2
2.034e-05 0.084 4.2
2.035e-05 0.084 4.4
2.036e-05 0.084 4.6
2.037e-05 0.084 4.6
2.038e-05 0.088 4.8
2.039e-05 0.084 4.8
2.04e-05 0.088 5
2.041e-05 0.084 5.2
2.042e-05 0.084 5.2
2.043e-05 0.084 5.4
2.044e-05 0.084 5.6
2.045e-05 0.084 5.6
2.046e-05 0.084 5.8
2.047e-05 0.084 5.6
2.048e-05 0.084 6
2.049e-05 0.084 6
2.05e-05 0.08 6
2.051e-05 0.076 6.2
2.052e-05 0.076 6.2
2.053e-05 0.076 6.4
2.054e-05 0.076 6.4
2.055e-05 0.076 6.4
2.056e-05 0.076 6.6
2.057e-05 0.076 6.6
2.058e-05 0.076 6.6
2.059e-05 0.076 6.8
2.06e-05 0.076 7
2.061e-05 0.072 7.2
2.062e-05 0.076 7.2
2.063e-05 0.076 7.2
2.064e-05 0.076 7.4
2.065e-05 0.072 7.4
2.066e-05 0.072 7.4
2.067e-05 0.068 7.6
2.068e-05 0.068 7.6
2.069e-05 0.068 7.6
2.07e-05 0.068 7.6
2.071e-05 0.068 7.8
2.072e-05 0.068 7.8
2.073e-05 0.068 7.8
2.074e-05 0.068 8
2.075e-05 0.068 8
2.076e-05 0.068 8
2.077e-05 0.068 8.2
2.078e-05 0.068 8.2
2.079e-05 0.06 8.4
2.08e-05 0.06 8.4
2.081e-05 0.06 8.4
2.082e-05 0.06 8.6
2.083e-05 0.056 8.4
2.084e-05 0.056 8.6
2.085e-05 0.056 8.6
2.086e-05 0.056 8.6
2.087e-05 0.052 8.6
2.088e-05 0.052 8.6
2.089e-05 0.052 8.6
2.09e-05 0.052 8.8
2.091e-05 0.052 8.6
2.092e-05 0.048 8.8
2.093e-05 0.048 8.8
2.094e-05 0.044 9
2.095e-05 0.044 8.8
2.096e-05 0.044 8.8
2.097e-05 0.044 9
2.098e-05 0.044 8.8
2.099e-05 0.04 9
2.1e-05 0.04 9
2.101e-05 0.04 9
2.102e-05 0.04 9
2.103e-05 0.036 9
2.104e-05 0.036 9
2.105e-05 0.036 9
2.106e-05 0.032 9
2.107e-05 0.036 8.8
2.108e-05 0.028 8.8
2.109e-05 0.028 8.8
2.11e-05 0.028 8.8
2.111e-05 0.028 8.8
2.112e-05 0.024 9
2.113e-05 0.024 8.8
2.114e-05 0.02 8.8
2.115e-05 0.024 8.8
2.116e-05 0.02 8.8
2.117e-05 0.02 8.6
2.118e-05 0.02 8.6
2.119e-05 0.016 8.8
2.12e-05 0.012 8.6
2.121e-05 0.012 8.4
2.122e-05 0.012 8.4
2.123e-05 0.008 8.4
2.124e-05 0.008 8.4
2.125e-05 0.004 8.2
2.126e-05 0.004 8.2
2.127e-05 0.004 8.2
2.128e-05 0.004 8.2
2.129e-05 0.004 8.2
2.13e-05 0.004 8
2.131e-05 -0.008 8
2.132e-05 0 8
2.133e-05 -0.008 8
2.134e-05 -0.008 7.8
2.135e-05 -0.008 7.8
2.136e-05 -0.012 7.8
2.137e-05 -0.012 7.6
2.138e-05 -0.012 7.6
2.139e-05 -0.016 7.4
2.14e-05 -0.016 7.4
2.141e-05 -0.016 7.2
2.142e-05 -0.016 7.2
2.143e-05 -0.02 7
2.144e-05 -0.024 7
2.145e-05 -0.024 7
2.146e-05 -0.024 6.8
2.147e-05 -0.024 6.8
2.148e-05 -0.028 6.6
2.149e-05 -0.028 6.6
2.15e-05 -0.032 6.4
2.151e-05 -0.032 6.4
2.152e-05 -0.032 6.2
2.153e-05 -0.032 6.2
2.154e-05 -0.036 6.2
2.155e-05 -0.032 6
2.156e-05 -0.036 5.8
2.157e-05 -0.04 5.8
2.158e-05 -0.04 5.8
2.159e-05 -0.044 5.4
2.16e-05 -0.04 5.2
2.161e-05 -0.048 5.4
2.162e-05 -0.044 5.2
2.163e-05 -0.044 5
2.164e-05 -0.044 5
2.165e-05 -0.048 5
2.166e-05 -0.048 4.8
2.167e-05 -0.048 4.8
2.168e-05 -0.052 4.6
2.169e-05 -0.056 4.4
2.17e-05 -0.056 4.4
2.171e-05 -0.056 4.2
2.172e-05 -0.056 4.2
2.173e-05 -0.06 4
2.174e-05 -0.06 3.6
2.175e-05 -0.06 3.8
2.176e-05 -0.06 3.6
2.177e-05 -0.064 3.4
2.178e-05 -0.064 3.4
2.179e-05 -0.064 3.2
2.18e-05 -0.064 3
2.181e-05 -0.064 2.8
2.182e-05 -0.064 2.6
2.183e-05 -0.072 2.8
2.184e-05 -0.072 2.4
2.185e-05 -0.072 2.4
2.186e-05 -0.072 2.2
2.187e-05 -0.072 2
2.188e-05 -0.072 2
2.189e-05 -0.076 1.8
2.19e-05 -0.076 1.8
2.191e-05 -0.076 1.6
2.192e-05 -0.076 1.4
2.193e-05 -0.08 1.4
2.194e-05 -0.08 1
2.195e-05 -0.08 1
2.196e-05 -0.08 0.8
2.197e-05 -0.08 0.6
2.198e-05 -0.08 0.4
2.199e-05 -0.08 0.4
2.2e-05 -0.084 0.2
2.201e-05 -0.088 0.2
2.202e-05 -0.084 0
2.203e-05 -0.08 0
2.204e-05 -0.084 -0.4
2.205e-05 -0.088 -0.6
2.206e-05 -0.088 -0.8
2.207e-05 -0.088 -0.8
2.208e-05 -0.088 -1
2.209e-05 -0.088 -1
2.21e-05 -0.092 -1.2
2.211e-05 -0.092 -1.2
2.212e-05 -0.092 -1.6
2.213e-05 -0.088 -1.8
2.214e-05 -0.092 -1.8
2.215e-05 -0.092 -2.2
2.216e-05 -0.092 -2.2
2.217e-05 -0.092 -2.4
2.218e-05 -0.092 -2.4
2.219e-05 -0.096 -2.6
2.22e-05 -0.092 -2.6
2.221e-05 -0.092 -2.8
2.222e-05 -0.096 -3
2.223e-05 -0.092 -3
2.224e-05 -0.092 -3
2.225e-05 -0.096 -3.2
2.226e-05 -0.096 -3.4
2.227e-05 -0.096 -3.6
2.228e-05 -0.096 -3.6
2.229e-05 -0.096 -3.8
2.23e-05 -0.096 -4
2.231e-05 -0.096 -4.2
2.232e-05 -0.096 -4.2
2.233e-05 -0.096 -4.4
2.234e-05 -0.096 -4.6
2.235e-05 -0.096 -4.6
2.236e-05 -0.096 -4.8
2.237e-05 -0.096 -5
2.238e-05 -0.096 -5
2.239e-05 -0.096 -5
2.24e-05 -0.096 -5.2
2.241e-05 -0.096 -5.2
2.242e-05 -0.096 -5.4
2.243e-05 -0.096 -5.6
2.244e-05 -0.096 -5.6
2.245e-05 -0.096 -5.8
2.246e-05 -0.092 -6
2.247e-05 -0.096 -6
2.248e-05 -0.096 -6.2
2.249e-05 -0.096 -6.2
2.25e-05 -0.096 -6.4
2.251e-05 -0.096 -6.4
2.252e-05 -0.092 -6.6
2.253e-05 -0.092 -6.6
2.254e-05 -0.092 -6.6
2.255e-05 -0.092 -6.8
2.256e-05 -0.096 -7
2.257e-05 -0.096 -7.2
2.258e-05 -0.092 -7.2
2.259e-05 -0.092 -7.2
2.26e-05 -0.088 -7.4
2.261e-05 -0.092 -7.4
2.262e-05 -0.088 -7.4
2.263e-05 -0.088 -7.4
2.264e-05 -0.088 -7.6
2.265e-05 -0.088 -7.8
2.266e-05 -0.088 -7.8
2.267e-05 -0.088 -7.8
2.268e-05 -0.088 -8
2.269e-05 -0.088 -8.2
2.27e-05 -0.088 -8.2
2.271e-05 -0.08 -8.2
2.272e-05 -0.08 -8.2
2.273e-05 -0.08 -8.4
2.274e-05 -0.084 -8.4
2.275e-05 -0.08 -8.6
2.276e-05 -0.08 -8.6
2.277e-05 -0.08 -8.6
2.278e-05 -0.076 -8.8
2.279e-05 -0.08 -8.8
2.28e-05 -0.08 -8.6
2.281e-05 -0.08 -8.8
2.282e-05 -0.076 -8.8
2.283e-05 -0.076 -9
2.284e-05 -0.076 -9
2.285e-05 -0.076 -9
2.286e-05 -0.072 -9.2
2.287e-05 -0.072 -9.2
2.288e-05 -0.072 -9.2
2.289e-05 -0.072 -9.4
2.29e-05 -0.064 -9.4
2.291e-05 -0.064 -9.2
2.292e-05 -0.068 -9.2
2.293e-05 -0.064 -9.4
2.294e-05 -0.064 -9.4
2.295e-05 -0.064 -9.2
2.296e-05 -0.064 -9.4
2.297e-05 -0.06 -9.4
2.298e-05 -0.06 -9.4
2.299e-05 -0.06 -9.4
2.3e-05 -0.06 -9.4
2.301e-05 -0.056 -9.6
2.302e-05 -0.056 -9.6
2.303e-05 -0.056 -9.4
2.304e-05 -0.048 -9.6
2.305e-05 -0.048 -9.6
2.306e-05 -0.048 -9.6
2.307e-05 -0.048 -9.6
2.308e-05 -0.048 -9.6
2.309e-05 -0.048 -9.6
2.31e-05 -0.044 -9.4
2.311e-05 -0.044 -9.4
2.312e-05 -0.044 -9.4
2.313e-05 -0.04 -9.4
2.314e-05 -0.04 -9.4
2.315e-05 -0.04 -9.4
2.316e-05 -0.04 -9.4
2.317e-05 -0.036 -9.2
2.318e-05 -0.032 -9.4
2.319e-05 -0.032 -9.4
2.32e-05 -0.032 -9.2
2.321e-05 -0.032 -9.4
2.322e-05 -0.032 -9.2
2.323e-05 -0.028 -9.2
2.324e-05 -0.028 -9.2
2.325e-05 -0.028 -8.8
2.326e-05 -0.024 -9
2.327e-05 -0.024 -9.2
2.328e-05 -0.024 -9
2.329e-05 -0.024 -9
2.33e-05 -0.016 -8.8
2.331e-05 -0.016 -8.8
2.332e-05 -0.016 -8.6
2.333e-05 -0.016 -8.6
2.334e-05 -0.016 -8.6
2.335e-05 -0.012 -8.4
2.336e-05 -0.012 -8.4
2.337e-05 -0.012 -8.2
2.338e-05 -0.008 -8.4
2.339e-05 -0.008 -8.2
2.34e-05 0 -8.2
2.341e-05 0 -8.2
2.342e-05 0.004 -8.2
2.343e-05 0.004 -8
2.344e-05 0.004 -8
2.345e-05 0.004 -7.8
2.346e-05 0.004 -7.8
2.347e-05 0.008 -7.6
2.348e-05 0.008 -7.4
2.349e-05 0.008 -7.4
2.35e-05 0.012 -7.4
2.351e-05 0.012 -7.2
2.352e-05 0.016 -7.2
2.353e-05 0.016 -7.2
2.354e-05 0.016 -7
2.355e-05 0.02 -7
2.356e-05 0.02 -6.8
2.357e-05 0.024 -7
2.358e-05 0.024 -6.6
2.359e-05 0.028 -6.6
2.36e-05 0.024 -6.6
2.361e-05 0.028 -6.4
2.362e-05 0.028 -6.2
2.363e-05 0.028 -6
2.364e-05 0.028 -6
2.365e-05 0.032 -5.8
2.366e-05 0.036 -5.6
2.367e-05 0.036 -5.6
2.368e-05 0.036 -5.4
2.369e-05 0.036 -5.4
2.37e-05 0.04 -5.4
2.371e-05 0.036 -5.2
2.372e-05 0.04 -5
2.373e-05 0.04 -5
2.374e-05 0.04 -4.8
2.375e-05 0.044 -4.8
2.376e-05 0.044 -4.6
2.377e-05 0.044 -4.6
2.378e-05 0.052 -4.4
2.379e-05 0.048 -4.2
2.38e-05 0.052 -4.2
2.381e-05 0.052 -4
2.382e-05 0.052 -3.8
2.383e-05 0.052 -3.8
2.384e-05 0.052 -3.4
2.385e-05 0.052 -3.4
2.386e-05 0.056 -3.4
2.387e-05 0.056 -3.2
2.388e-05 0.056 -3
2.389e-05 0.056 -3
2.39e-05 0.06 -2.8
2.391e-05 0.06 -2.6
2.392e-05 0.06 -2.6
2.393e-05 0.06 -2.6
2.394e-05 0.06 -2.4
2.395e-05 0.068 -2.2
2.396e-05 0.068 -2
2.397e-05 0.064 -2
2.398e-05 0.068 -1.6
2.399e-05 0.068 -1.6
2.4e-05 0.068 -1.6
2.401e-05 0.068 -1.4
2.402e-05 0.068 -1.2
2.403e-05 0.068 -1
2.404e-05 0.072 -0.8
2.405e-05 0.072 -0.8
2.406e-05 0.072 -0.6
2.407e-05 0.076 0
2.408e-05 0.072 -0.4
2.409e-05 0.076 0
2.41e-05 0.076 0.2
2.411e-05 0.072 0.2
2.412e-05 0.076 0.4
2.413e-05 0.076 0.4
2.414e-05 0.076 0.6
2.415e-05 0.076 0.8
2.416e-05 0.076 1
2.417e-05 0.076 1.2
2.418e-05 0.08 1.2
2.419e-05 0.08 1.6
2.42e-05 0.076 1.6
2.421e-05 0.08 1.6
2.422e-05 0.084 1.8
2.423e-05 0.084 2
2.424e-05 0.08 2
2.425e-05 0.084 2.2
2.426e-05 0.08 2.4
2.427e-05 0.084 2.4
2.428e-05 0.084 2.6
2.429e-05 0.084 2.6
2.43e-05 0.084 2.8
2.431e-05 0.084 2.8
2.432e-05 0.084 3
2.433e-05 0.084 3.2
2.434e-05 0.084 3.4
2.435e-05 0.084 3.4
2.436e-05 0.084 3.6
2.437e-05 0.084 3.8
2.438e-05 0.084 4
2.439e-05 0.084 4
2.44e-05 0.084 4.2
2.441e-05 0.084 4.4
2.442e-05 0.084 4.2
2.443e-05 0.084 4.4
2.444e-05 0.088 4.6
2.445e-05 0.084 4.6
2.446e-05 0.084 4.8
2.447e-05 0.084 5
2.448e-05 0.084 5
2.449e-05 0.084 5.2
2.45e-05 0.084 5.2
2.451e-05 0.084 5.4
2.452e-05 0.088 5.6
2.453e-05 0.084 5.6
2.454e-05 0.084 5.8
2.455e-05 0.084 6
2.456e-05 0.084 6
2.457e-05 0.084 6
2.458e-05 0.08 6
2.459e-05 0.08 6.2
2.46e-05 0.076 6.4
2.461e-05 0.076 6.4
2.462e-05 0.076 6.6
2.463e-05 0.076 6.6
2.464e-05 0.076 6.6
2.465e-05 0.076 6.8
2.466e-05 0.076 6.8
2.467e-05 0.076 7
2.468e-05 0.076 7
2.469e-05 0.076 7
2.47e-05 0.072 7.2
2.471e-05 0.072 7.2
2.472e-05 0.072 7.4
2.473e-05 0.072 7.4
2.474e-05 0.072 7.6
2.475e-05 0.068 7.6
2.476e-05 0.072 7.6
2.477e-05 0.072 7.8
2.478e-05 0.068 7.8
2.479e-05 0.068 8
2.48e-05 0.068 8
2.481e-05 0.068 7.8
2.482e-05 0.068 8
2.483e-05 0.068 8
2.484e-05 0.068 8
2.485e-05 0.068 8.2
2.486e-05 0.064 8.2
2.487e-05 0.06 8.2
2.488e-05 0.06 8.4
2.489e-05 0.06 8.4
2.49e-05 0.06 8.6
2.491e-05 0.056 8.4
2.492e-05 0.056 8.6
2.493e-05 0.06 8.8
2.494e-05 0.056 8.6
2.495e-05 0.056 8.8
2.496e-05 0.052 8.8
2.497e-05 0.052 8.8
2.498e-05 0.052 8.8
2.499e-05 0.052 8.8
2.5e-05 0.048 8.8
2.501e-05 0.048 8.8
2.502e-05 0.048 8.8
2.503e-05 0.044 8.8
2.504e-05 0.044 8.8
2.505e-05 0.044 9
2.506e-05 0.044 9
2.507e-05 0.04 9
2.508e-05 0.04 9
2.509e-05 0.04 9
2.51e-05 0.036 8.8
2.511e-05 0.036 9.2
2.512e-05 0.036 9
2.513e-05 0.036 9
2.514e-05 0.032 8.8
2.515e-05 0.032 9
2.516e-05 0.028 8.8
2.517e-05 0.028 8.8
2.518e-05 0.028 8.8
2.519e-05 0.024 8.8
2.52e-05 0.024 8.8
2.521e-05 0.024 8.8
2.522e-05 0.02 8.8
2.523e-05 0.024 8.8
2.524e-05 0.02 8.6
2.525e-05 0.02 8.8
2.526e-05 0.02 8.8
2.527e-05 0.016 8.6
2.528e-05 0.012 8.6
2.529e-05 0.012 8.4
2.53e-05 0.012 8.6
2.531e-05 0.012 8.4
2.532e-05 0.008 8.4
2.533e-05 0.008 8.2
2.534e-05 0.008 8.2
2.535e-05 0.004 8.2
2.536e-05 0.004 8.2
2.537e-05 0.004 8
2.538e-05 0.004 8
2.539e-05 0.004 8
2.54e-05 0 8
2.541e-05 -0.008 7.8
2.542e-05 -0.008 7.8
2.543e-05 -0.008 7.8
2.544e-05 -0.012 7.6
2.545e-05 -0.016 7.6
2.546e-05 -0.012 7.6
2.547e-05 -0.012 7.4
2.548e-05 -0.016 7.4
2.549e-05 -0.016 7.4
2.55e-05 -0.016 7.2
2.551e-05 -0.016 7.2
2.552e-05 -0.024 7
2.553e-05 -0.024 6.8
2.554e-05 -0.028 6.6
2.555e-05 -0.028 6.6
2.556e-05 -0.028 6.6
2.557e-05 -0.028 6.4
2.558e-05 -0.028 6.4
2.559e-05 -0.032 6.4
2.56e-05 -0.032 6.2
2.561e-05 -0.032 6.2
2.562e-05 -0.032 6
2.563e-05 -0.04 6
2.564e-05 -0.04 6
2.565e-05 -0.04 5.8
2.566e-05 -0.04 5.6
2.567e-05 -0.04 5.6
2.568e-05 -0.04 5.4
2.569e-05 -0.044 5.4
2.57e-05 -0.044 5
2.571e-05 -0.048 5
2.572e-05 -0.048 5
2.573e-05 -0.048 4.8
2.574e-05 -0.048 4.8
2.575e-05 -0.048 4.6
2.576e-05 -0.052 4.6
2.577e-05 -0.052 4.6
2.578e-05 -0.056 4.2
2.579e-05 -0.056 4.2
2.58e-05 -0.056 4.2
2.581e-05 -0.06 3.8
2.582e-05 -0.06 3.8
2.583e-05 -0.06 3.6
2.584e-05 -0.064 3.4
2.585e-05 -0.064 3.4
2.586e-05 -0.064 3.4
2.587e-05 -0.064 3.2
2.588e-05 -0.064 3
2.589e-05 -0.068 3
2.59e-05 -0.064 2.6
2.591e-05 -0.072 2.6
2.592e-05 -0.072 2.4
2.593e-05 -0.072 2.4
2.594e-05 -0.072 2.4
2.595e-05 -0.072 2
2.596e-05 -0.072 2
2.597e-05 -0.072 2
2.598e-05 -0.076 1.8
2.599e-05 -0.076 1.6
2.6e-05 -0.076 1.4
2.601e-05 -0.08 1.4
2.602e-05 -0.08 1
2.603e-05 -0.08 1.2
2.604e-05 -0.08 1
2.605e-05 -0.08 0.6
2.606e-05 -0.08 0.4
2.607e-05 -0.08 0.4
2.608e-05 -0.08 0.2
2.609e-05 -0.084 0.2
2.61e-05 -0.088 0
2.611e-05 -0.088 -0.4
2.612e-05 -0.084 -0.4
2.613e-05 -0.088 -0.6
2.614e-05 -0.088 -0.8
2.615e-05 -0.088 -1
2.616e-05 -0.088 -1
2.617e-05 -0.088 -1
2.618e-05 -0.088 -1.4
2.619e-05 -0.092 -1.4
2.62e-05 -0.092 -1.6
2.621e-05 -0.092 -1.8
2.622e-05 -0.092 -1.8
2.623e-05 -0.092 -2
2.624e-05 -0.096 -2.2
2.625e-05 -0.092 -2.4
2.626e-05 -0.092 -2.6
2.627e-05 -0.092 -2.4
2.628e-05 -0.092 -2.8
2.629e-05 -0.096 -3
2.63e-05 -0.096 -3
2.631e-05 -0.092 -3.2
2.632e-05 -0.096 -3.2
2.633e-05 -0.096 -3.4
2.634e-05 -0.096 -3.4
2.635e-05 -0.096 -3.6
2.636e-05 -0.096 -3.8
2.637e-05 -0.096 -3.8
2.638e-05 -0.096 -4
2.639e-05 -0.096 -4.2
2.64e-05 -0.096 -4.2
2.641e-05 -0.096 -4.4
2.642e-05 -0.096 -4.4
2.643e-05 -0.096 -4.6
2.644e-05 -0.096 -4.8
2.645e-05 -0.096 -5
2.646e-05 -0.096 -5
2.647e-05 -0.096 -5
2.648e-05 -0.096 -5.2
2.649e-05 -0.096 -5.4
2.65e-05 -0.096 -5.4
2.651e-05 -0.096 -5.6
2.652e-05 -0.096 -5.6
2.653e-05 -0.096 -5.8
2.654e-05 -0.096 -5.8
2.655e-05 -0.096 -6
2.656e-05 -0.092 -6.2
2.657e-05 -0.096 -6.2
2.658e-05 -0.096 -6.4
2.659e-05 -0.096 -6.4
2.66e-05 -0.096 -6.6
2.661e-05 -0.092 -6.6
2.662e-05 -0.092 -6.8
2.663e-05 -0.096 -7
2.664e-05 -0.096 -7
2.665e-05 -0.092 -7
2.666e-05 -0.092 -7.2
2.667e-05 -0.096 -7.2
2.668e-05 -0.092 -7.2
2.669e-05 -0.092 -7.4
2.67e-05 -0.092 -7.4
2.671e-05 -0.088 -7.6
2.672e-05 -0.092 -7.8
2.673e-05 -0.088 -7.8
2.674e-05 -0.084 -7.8
2.675e-05 -0.088 -7.8
2.676e-05 -0.088 -8
2.677e-05 -0.088 -8
2.678e-05 -0.08 -8.2
2.679e-05 -0.088 -8.2
2.68e-05 -0.08 -8.4
2.681e-05 -0.08 -8.2
2.682e-05 -0.08 -8.4
2.683e-05 -0.08 -8.4
2.684e-05 -0.08 -8.6
2.685e-05 -0.08 -8.6
2.686e-05 -0.08 -8.8
2.687e-05 -0.08 -8.8
2.688e-05 -0.076 -8.8
2.689e-05 -0.076 -8.8
2.69e-05 -0.076 -8.8
2.691e-05 -0.076 -8.8
2.692e-05 -0.072 -9
2.693e-05 -0.076 -9
2.694e-05 -0.072 -9.2
2.695e-05 -0.072 -9
2.696e-05 -0.072 -9.2
2.697e-05 -0.072 -9.4
2.698e-05 -0.064 -9.2
2.699e-05 -0.064 -9.4
2.7e-05 -0.064 -9.4
2.701e-05 -0.064 -9.4
2.702e-05 -0.064 -9.4
2.703e-05 -0.064 -9.4
2.704e-05 -0.064 -9.4
2.705e-05 -0.06 -9.4
2.706e-05 -0.06 -9.4
2.707e-05 -0.06 -9.4
2.708e-05 -0.06 -9.4
2.709e-05 -0.056 -9.4
2.71e-05 -0.056 -9.6
2.711e-05 -0.056 -9.6
2.712e-05 -0.052 -9.6
2.713e-05 -0.048 -9.6
2.714e-05 -0.048 -9.6
2.715e-05 -0.048 -9.6
2.716e-05 -0.044 -9.6
2.717e-05 -0.048 -9.6
2.718e-05 -0.044 -9.6
2.719e-05 -0.044 -9.6
2.72e-05 -0.044 -9.6
2.721e-05 -0.04 -9.2
2.722e-05 -0.04 -9.4
2.723e-05 -0.04 -9.4
2.724e-05 -0.04 -9.2
2.725e-05 -0.036 -9.2
2.726e-05 -0.032 -9.2
2.727e-05 -0.032 -9.2
2.728e-05 -0.032 -9.2
2.729e-05 -0.032 -9.2
2.73e-05 -0.032 -9.2
2.731e-05 -0.028 -9.2
2.732e-05 -0.028 -9.2
2.733e-05 -0.028 -9.2
2.734e-05 -0.024 -9
2.735e-05 -0.024 -9
2.736e-05 -0.02 -9
2.737e-05 -0.02 -9
2.738e-05 -0.016 -8.8
2.739e-05 -0.016 -8.6
2.74e-05 -0.016 -8.8
2.741e-05 -0.016 -8.8
2.742e-05 -0.016 -8.6
2.743e-05 -0.012 -8.4
2.744e-05 -0.012 -8.4
2.745e-05 -0.008 -8.4
2.746e-05 -0.008 -8.2
2.747e-05 -0.008 -8.2
2.748e-05 -0.008 -8.2
2.749e-05 0 -8
2.75e-05 0 -8.2
2.751e-05 0.004 -8
2.752e-05 0.004 -8
2.753e-05 0.008 -7.8
2.754e-05 0.008 -7.8
2.755e-05 0.008 -7.6
2.756e-05 0.008 -7.4
2.757e-05 0.008 -7.4
2.758e-05 0.012 -7.4
2.759e-05 0.012 -7.2
2.76e-05 0.012 -7.2
2.761e-05 0.012 -7
2.762e-05 0.02 -7
2.763e-05 0.02 -6.8
2.764e-05 0.02 -6.6
2.765e-05 0.02 -6.8
2.766e-05 0.02 -6.6
2.767e-05 0.024 -6.6
2.768e-05 0.024 -6.4
2.769e-05 0.028 -6.2
2.77e-05 0.028 -6.4
2.771e-05 0.028 -6.2
2.772e-05 0.032 -6
2.773e-05 0.032 -6
2.774e-05 0.036 -5.8
2.775e-05 0.036 -5.6
2.776e-05 0.036 -5.4
2.777e-05 0.036 -5.4
2.778e-05 0.04 -5.4
2.779e-05 0.036 -5
2.78e-05 0.04 -5
2.781e-05 0.04 -5
2.782e-05 0.04 -4.8
2.783e-05 0.044 -4.8
2.784e-05 0.044 -4.6
2.785e-05 0.048 -4.4
2.786e-05 0.048 -4.4
2.787e-05 0.048 -4.2
2.788e-05 0.052 -4.2
2.789e-05 0.052 -4
2.79e-05 0.052 -3.8
2.791e-05 0.052 -3.8
2.792e-05 0.052 -3.4
2.793e-05 0.052 -3.4
2.794e-05 0.056 -3.4
2.795e-05 0.056 -3
2.796e-05 0.06 -3
2.797e-05 0.06 -3
2.798e-05 0.06 -2.8
2.799e-05 0.06 -2.6
2.8e-05 0.06 -2.6
2.801e-05 0.06 -2.4
2.802e-05 0.064 -2.2
2.803e-05 0.064 -2
2.804e-05 0.068 -2
2.805e-05 0.068 -1.8
2.806e-05 0.068 -1.8
2.807e-05 0.068 -1.6
2.808e-05 0.068 -1.6
2.809e-05 0.068 -1.4
2.81e-05 0.068 -1
2.811e-05 0.072 -1
2.812e-05 0.068 -0.8
2.813e-05 0.072 -0.6
2.814e-05 0.072 -0.6
2.815e-05 0.072 0
2.816e-05 0.076 0
2.817e-05 0.072 0
2.818e-05 0.076 0.2
2.819e-05 0.076 0.2
2.82e-05 0.076 0.4
2.821e-05 0.076 0.4
2.822e-05 0.076 0.8
2.823e-05 0.076 0.8
2.824e-05 0.076 1
2.825e-05 0.076 1.2
2.826e-05 0.084 1.2
2.827e-05 0.08 1.4
2.828e-05 0.084 1.6
2.829e-05 0.084 1.6
2.83e-05 0.084 1.8
2.831e-05 0.076 2
2.832e-05 0.08 2.2
2.833e-05 0.084 2.4
2.834e-05 0.088 2.4
2.835e-05 0.084 2.4
2.836e-05 0.084 2.6
2.837e-05 0.084 2.8
2.838e-05 0.084 2.8
2.839e-05 0.084 2.8
2.84e-05 0.084 3.2
2.841e-05 0.084 3.2
2.842e-05 0.084 3.4
2.843e-05 0.084 3.4
2.844e-05 0.084 3.4
2.845e-05 0.084 3.6
2.846e-05 0.084 3.8
2.847e-05 0.084 4
2.848e-05 0.084 4.2
2.849e-05 0.084 4.2
2.85e-05 0.084 4.4
2.851e-05 0.088 4.6
2.852e-05 0.084 4.8
2.853e-05 0.084 4.8
2.854e-05 0.084 4.8
2.855e-05 0.084 4.8
2.856e-05 0.084 5
2.857e-05 0.084 5
2.858e-05 0.084 5.2
2.859e-05 0.084 5.4
2.86e-05 0.084 5.6
2.861e-05 0.084 5.6
2.862e-05 0.08 5.8
2.863e-05 0.084 5.8
2.864e-05 0.084 5.8
2.865e-05 0.076 6
2.866e-05 0.084 6.2
2.867e-05 0.08 6.4
2.868e-05 0.084 6.4
2.869e-05 0.076 6.4
2.87e-05 0.076 6.6
2.871e-05 0.076 6.6
2.872e-05 0.076 6.6
2.873e-05 0.076 6.8
2.874e-05 0.076 6.8
2.875e-05 0.076 6.8
2.876e-05 0.072 7
2.877e-05 0.076 7.2
2.878e-05 0.072 7.2
2.879e-05 0.076 7
2.88e-05 0.072 7.4
2.881e-05 0.072 7.4
2.882e-05 0.072 7.4
2.883e-05 0.068 7.6
2.884e-05 0.072 8
2.885e-05 0.068 7.8
2.886e-05 0.068 7.8
2.887e-05 0.068 7.8
2.888e-05 0.068 8
2.889e-05 0.068 8
2.89e-05 0.068 8
2.891e-05 0.064 8
2.892e-05 0.064 8
2.893e-05 0.064 8.2
2.894e-05 0.06 8.2
2.895e-05 0.06 8.2
2.896e-05 0.06 8.4
2.897e-05 0.06 8.4
2.898e-05 0.06 8.4
2.899e-05 0.056 8.4
2.9e-05 0.056 8.6
2.901e-05 0.056 8.6
2.902e-05 0.056 8.6
2.903e-05 0.056 8.8
2.904e-05 0.052 8.8
2.905e-05 0.052 8.6
2.906e-05 0.052 8.8
2.907e-05 0.052 8.8
2.908e-05 0.052 9
2.909e-05 0.048 8.8
2.91e-05 0.044 8.8
2.911e-05 0.044 8.8
2.912e-05 0.044 9
2.913e-05 0.044 8.8
2.914e-05 0.04 9
2.915e-05 0.04 9
2.916e-05 0.04 9
2.917e-05 0.04 9
2.918e-05 0.04 9.2
2.919e-05 0.036 9
2.92e-05 0.036 9
2.921e-05 0.036 8.8
2.922e-05 0.036 8.8
2.923e-05 0.028 8.8
2.924e-05 0.032 8.8
2.925e-05 0.028 8.8
2.926e-05 0.028 8.8
2.927e-05 0.024 8.8
2.928e-05 0.024 8.8
2.929e-05 0.024 8.6
2.93e-05 0.02 8.8
2.931e-05 0.02 8.6
2.932e-05 0.02 8.6
2.933e-05 0.02 8.8
2.934e-05 0.02 8.8
2.935e-05 0.016 8.6
2.936e-05 0.012 8.6
2.937e-05 0.012 8.6
2.938e-05 0.012 8.6
2.939e-05 0.008 8.4
2.94e-05 0.008 8.4
2.941e-05 0.004 8.4
2.942e-05 0.008 8.2
2.943e-05 0.004 8.2
2.944e-05 0.004 8.2
2.945e-05 0 8
2.946e-05 -0.008 8
2.947e-05 0 8
2.948e-05 -0.008 8
2.949e-05 0 8
2.95e-05 -0.008 7.6
2.951e-05 -0.012 7.6
2.952e-05 -0.012 7.6
2.953e-05 -0.012 7.6
2.954e-05 -0.016 7.6
2.955e-05 -0.016 7.4
2.956e-05 -0.016 7.4
2.957e-05 -0.016 7.2
2.958e-05 -0.02 7.2
2.959e-05 -0.016 7.2
2.96e-05 -0.024 7
2.961e-05 -0.024 6.8
2.962e-05 -0.024 6.8
2.963e-05 -0.028 6.6
2.964e-05 -0.024 6.6
2.965e-05 -0.028 6.4
2.966e-05 -0.032 6.4
2.967e-05 -0.032 6.4
2.968e-05 -0.032 6.2
2.969e-05 -0.032 6
2.97e-05 -0.032 6
2.971e-05 -0.04 6
2.972e-05 -0.036 5.8
2.973e-05 -0.04 5.6
2.974e-05 -0.04 5.6
2.975e-05 -0.04 5.6
2.976e-05 -0.044 5.6
2.977e-05 -0.044 5.2
2.978e-05 -0.048 5
2.979e-05 -0.048 5
2.98e-05 -0.048 5
2.981e-05 -0.048 4.8
2.982e-05 -0.048 4.8
2.983e-05 -0.052 4.6
2.984e-05 -0.052 4.6
2.985e-05 -0.056 4.4
2.986e-05 -0.056 4.2
2.987e-05 -0.056 4.2
2.988e-05 -0.06 4.2
2.989e-05 -0.06 3.8
2.99e-05 -0.06 4
2.991e-05 -0.064 3.6
2.992e-05 -0.064 3.6
2.993e-05 -0.064 3.4
2.994e-05 -0.064 3.2
2.995e-05 -0.064 3.2
2.996e-05 -0.064 2.8
2.997e-05 -0.064 2.8
2.998e-05 -0.072 2.8
2.999e-05 -0.072 2.6
3e-05 -0.072 2.4
3.001e-05 -0.072 2.4
3.002e-05 -0.072 2.2
3.003e-05 -0.076 2
3.004e-05 -0.076 1.8
3.005e-05 -0.076 1.8
3.006e-05 -0.076 1.6
3.007e-05 -0.076 1.6
3.008e-05 -0.076 1.4
3.009e-05 -0.08 1.2
3.01e-05 -0.08 1
3.011e-05 -0.08 1
3.012e-05 -0.08 0.8
3.013e-05 -0.08 0.6
3.014e-05 -0.08 0.4
3.015e-05 -0.088 0.4
3.016e-05 -0.084 0.2
3.017e-05 -0.084 0
3.018e-05 -0.084 0
3.019e-05 -0.084 -0.4
3.02e-05 -0.088 -0.4
3.021e-05 -0.088 -0.8
3.022e-05 -0.088 -0.8
3.023e-05 -0.088 -0.8
3.024e-05 -0.088 -1.2
3.025e-05 -0.088 -1.2
3.026e-05 -0.088 -1.4
3.027e-05 -0.092 -1.4
3.028e-05 -0.092 -1.6
3.029e-05 -0.092 -1.8
3.03e-05 -0.092 -1.8
3.031e-05 -0.092 -2
3.032e-05 -0.092 -2.4
3.033e-05 -0.096 -2.4
3.034e-05 -0.096 -2.4
3.035e-05 -0.092 -2.6
3.036e-05 -0.092 -2.8
3.037e-05 -0.096 -3
3.038e-05 -0.092 -3
3.039e-05 -0.096 -3.2
3.04e-05 -0.096 -3.2
3.041e-05 -0.096 -3.4
3.042e-05 -0.096 -3.6
3.043e-05 -0.096 -3.6
3.044e-05 -0.096 -3.8
3.045e-05 -0.092 -4
3.046e-05 -0.096 -4
3.047e-05 -0.096 -4.2
3.048e-05 -0.096 -4.2
3.049e-05 -0.096 -4.4
3.05e-05 -0.096 -4.6
3.051e-05 -0.096 -4.6
3.052e-05 -0.096 -4.8
3.053e-05 -0.096 -4.8
3.054e-05 -0.096 -5.2
3.055e-05 -0.096 -5.2
3.056e-05 -0.096 -5.2
3.057e-05 -0.096 -5.4
3.058e-05 -0.096 -5.6
3.059e-05 -0.096 -5.6
3.06e-05 -0.096 -5.6
3.061e-05 -0.096 -5.8
3.062e-05 -0.096 -6
3.063e-05 -0.096 -6.2
3.064e-05 -0.096 -6
3.065e-05 -0.096 -6.2
3.066e-05 -0.096 -6.4
3.067e-05 -0.096 -6.6
3.068e-05 -0.092 -6.6
3.069e-05 -0.096 -6.8
3.07e-05 -0.092 -7
3.071e-05 -0.092 -7
3.072e-05 -0.096 -7
3.073e-05 -0.092 -7.2
3.074e-05 -0.092 -7.4
3.075e-05 -0.092 -7.4
3.076e-05 -0.092 -7.4
3.077e-05 -0.092 -7.4
3.078e-05 -0.092 -7.6
3.079e-05 -0.088 -7.4
3.08e-05 -0.088 -7.6
3.081e-05 -0.088 -7.8
3.082e-05 -0.088 -7.8
3.083e-05 -0.088 -8
3.084e-05 -0.084 -8
3.085e-05 -0.088 -8.2
3.086e-05 -0.088 -8.2
3.087e-05 -0.084 -8.2
3.088e-05 -0.08 -8.4
3.089e-05 -0.08 -8.4
3.09e-05 -0.08 -8.4
3.091e-05 -0.08 -8.6
3.092e-05 -0.08 -8.6
3.093e-05 -0.08 -8.6
3.094e-05 -0.08 -8.6
3.095e-05 -0.08 -8.8
3.096e-05 -0.08 -8.6
3.097e-05 -0.076 -8.8
3.098e-05 -0.076 -9
3.099e-05 -0.076 -9
3.1e-05 -0.076 -9
3.101e-05 -0.072 -9
3.102e-05 -0.072 -9
3.103e-05 -0.072 -9
3.104e-05 -0.072 -9.2
3.105e-05 -0.072 -9.4
3.106e-05 -0.064 -9.2
3.107e-05 -0.064 -9.4
3.108e-05 -0.064 -9.4
3.109e-05 -0.064 -9.4
3.11e-05 -0.064 -9.4
3.111e-05 -0.064 -9.4
3.112e-05 -0.064 -9.4
3.113e-05 -0.06 -9.4
3.114e-05 -0.06 -9.4
3.115e-05 -0.056 -9.4
3.116e-05 -0.056 -9.4
3.117e-05 -0.06 -9.4
3.118e-05 -0.056 -9.6
3.119e-05 -0.052 -9.6
3.12e-05 -0.048 -9.6
3.121e-05 -0.048 -9.6
3.122e-05 -0.048 -9.6
3.123e-05 -0.048 -9.6
3.124e-05 -0.048 -9.6
3.125e-05 -0.048 -9.6
3.126e-05 -0.044 -9.4
3.127e-05 -0.044 -9.6
3.128e-05 -0.044 -9.6
3.129e-05 -0.04 -9.4
3.13e-05 -0.04 -9.4
3.131e-05 -0.04 -9.4
3.132e-05 -0.036 -9.4
3.133e-05 -0.032 -9.2
3.134e-05 -0.032 -9.2
3.135e-05 -0.032 -9.2
3.136e-05 -0.032 -9
3.137e-05 -0.032 -9.2
3.138e-05 -0.028 -9.2
3.139e-05 -0.028 -9
3.14e-05 -0.028 -9
3.141e-05 -0.028 -9
3.142e-05 -0.024 -9
3.143e-05 -0.024 -8.8
3.144e-05 -0.024 -8.8
3.145e-05 -0.02 -9
3.146e-05 -0.016 -8.8
3.147e-05 -0.016 -8.6
3.148e-05 -0.016 -8.6
3.149e-05 -0.016 -8.6
3.15e-05 -0.016 -8.6
3.151e-05 -0.012 -8.6
3.152e-05 -0.012 -8.4
3.153e-05 -0.012 -8.2
3.154e-05 -0.008 -8.2
3.155e-05 -0.008 -8.2
3.156e-05 -0.008 -8.2
3.157e-05 0.004 -8.2
3.158e-05 0.004 -8
3.159e-05 0.004 -8
3.16e-05 0.004 -7.8
3.161e-05 0.004 -7.8
3.162e-05 0.008 -7.8
3.163e-05 0.008 -7.8
3.164e-05 0.008 -7.4
3.165e-05 0.012 -7.4
3.166e-05 0.012 -7.4
3.167e-05 0.012 -7.2
3.168e-05 0.016 -7.2
3.169e-05 0.012 -7.2
3.17e-05 0.02 -7
3.171e-05 0.02 -6.8
3.172e-05 0.02 -6.6
3.173e-05 0.02 -6.8
3.174e-05 0.024 -6.6
3.175e-05 0.02 -6.4
3.176e-05 0.024 -6.6
3.177e-05 0.028 -6.4
3.178e-05 0.028 -6.4
3.179e-05 0.028 -6.2
3.18e-05 0.028 -5.8
3.181e-05 0.032 -6
3.182e-05 0.036 -5.8
3.183e-05 0.036 -5.6
3.184e-05 0.036 -5.6
3.185e-05 0.04 -5.4
3.186e-05 0.036 -5.2
3.187e-05 0.04 -5.2
3.188e-05 0.04 -5
3.189e-05 0.04 -5
3.19e-05 0.044 -4.8
3.191e-05 0.044 -4.6
3.192e-05 0.044 -4.8
3.193e-05 0.044 -4.4
3.194e-05 0.048 -4.4
3.195e-05 0.048 -4.2
3.196e-05 0.052 -4.2
3.197e-05 0.052 -4
3.198e-05 0.052 -3.8
3.199e-05 0.052 -3.8
3.2e-05 0.052 -3.6
3.201e-05 0.056 -3.4
3.202e-05 0.056 -3.4
3.203e-05 0.056 -3.2
3.204e-05 0.056 -3
3.205e-05 0.06 -2.8
3.206e-05 0.06 -2.6
3.207e-05 0.06 -2.6
3.208e-05 0.06 -2.4
3.209e-05 0.064 -2.4
3.21e-05 0.068 -2.4
3.211e-05 0.06 -2
3.212e-05 0.068 -2
3.213e-05 0.068 -1.8
3.214e-05 0.068 -1.6
3.215e-05 0.068 -1.6
3.216e-05 0.068 -1.4
3.217e-05 0.068 -1.4
3.218e-05 0.068 -1
3.219e-05 0.068 -1
3.22e-05 0.072 -1
3.221e-05 0.076 -0.6
3.222e-05 0.072 -0.4
3.223e-05 0.072 0
3.224e-05 0.072 0
3.225e-05 0.072 0.2
3.226e-05 0.072 0.2
3.227e-05 0.076 0.2
3.228e-05 0.076 0.4
3.229e-05 0.076 0.8
3.23e-05 0.076 0.6
3.231e-05 0.076 0.8
3.232e-05 0.076 1
3.233e-05 0.076 1.2
3.234e-05 0.076 1.2
3.235e-05 0.08 1.4
3.236e-05 0.084 1.6
3.237e-05 0.084 1.6
3.238e-05 0.08 1.8
3.239e-05 0.084 2
3.24e-05 0.084 2.2
3.241e-05 0.084 2.4
3.242e-05 0.084 2.4
3.243e-05 0.084 2.6
3.244e-05 0.084 2.6
3.245e-05 0.084 2.6
3.246e-05 0.084 3
3.247e-05 0.084 3.2
3.248e-05 0.084 3.2
3.249e-05 0.088 3.4
3.25e-05 0.084 3.4
3.251e-05 0.088 3.6
3.252e-05 0.084 3.6
3.253e-05 0.084 3.8
3.254e-05 0.084 4
3.255e-05 0.084 4
3.256e-05 0.084 4.2
3.257e-05 0.084 4.4
3.258e-05 0.084 4.4
3.259e-05 0.084 4.8
3.26e-05 0.084 4.6
3.261e-05 0.084 4.8
3.262e-05 0.084 5
3.263e-05 0.084 5
3.264e-05 0.084 5
3.265e-05 0.084 5
3.266e-05 0.08 5.6
3.267e-05 0.084 5.6
3.268e-05 0.084 5.4
3.269e-05 0.084 5.6
3.27e-05 0.08 5.6
3.271e-05 0.08 5.8
3.272e-05 0.076 5.8
3.273e-05 0.08 6
3.274e-05 0.084 6.2
3.275e-05 0.084 6.2
3.276e-05 0.076 6.4
3.277e-05 0.08 6.6
3.278e-05 0.076 6.6
3.279e-05 0.076 6.6
3.28e-05 0.076 6.8
3.281e-05 0.076 6.8
3.282e-05 0.072 6.8
3.283e-05 0.076 7
3.284e-05 0.076 7
3.285e-05 0.076 7.2
3.286e-05 0.072 7
3.287e-05 0.072 7.4
3.288e-05 0.072 7.4
3.289e-05 0.072 7.4
3.29e-05 0.072 7.4
3.291e-05 0.072 7.6
3.292e-05 0.068 7.8
3.293e-05 0.068 7.8
3.294e-05 0.068 8
3.295e-05 0.068 8
3.296e-05 0.068 8
3.297e-05 0.068 8
3.298e-05 0.068 8
3.299e-05 0.068 8.2
3.3e-05 0.06 8
3.301e-05 0.068 8
3.302e-05 0.06 8.2
3.303e-05 0.06 8.4
3.304e-05 0.06 8.4
3.305e-05 0.06 8.2
3.306e-05 0.056 8.4
3.307e-05 0.056 8.6
3.308e-05 0.056 8.6
3.309e-05 0.056 8.6
3.31e-05 0.052 8.8
3.311e-05 0.056 8.6
3.312e-05 0.052 8.8
3.313e-05 0.052 8.6
3.314e-05 0.052 8.8
3.315e-05 0.048 8.8
3.316e-05 0.052 8.6
3.317e-05 0.044 8.8
3.318e-05 0.044 8.8
3.319e-05 0.044 9
3.32e-05 0.044 8.8
3.321e-05 0.044 8.8
3.322e-05 0.04 9
3.323e-05 0.04 8.8
3.324e-05 0.04 9
3.325e-05 0.04 9
3.326e-05 0.036 9
3.327e-05 0.036 9
3.328e-05 0.036 9
3.329e-05 0.032 9
3.33e-05 0.028 8.8
3.331e-05 0.028 8.8
3.332e-05 0.028 8.8
3.333e-05 0.028 9
3.334e-05 0.028 8.8
3.335e-05 0.024 8.8
3.336e-05 0.024 8.8
3.337e-05 0.02 8.8
3.338e-05 0.02 8.8
3.339e-05 0.02 8.8
3.34e-05 0.02 8.8
3.341e-05 0.02 8.6
3.342e-05 0.016 8.6
3.343e-05 0.016 8.4
3.344e-05 0.012 8.6
3.345e-05 0.012 8.4
3.346e-05 0.012 8.4
3.347e-05 0.008 8.4
3.348e-05 0.008 8.4
3.349e-05 0.008 8.2
3.35e-05 0.004 8.2
3.351e-05 0.004 8.2
3.352e-05 0.004 8.2
3.353e-05 0.004 8.2
3.354e-05 0.004 8
3.355e-05 -0.008 8
3.356e-05 -0.008 8
3.357e-05 -0.008 7.8
3.358e-05 -0.008 7.6
3.359e-05 -0.012 7.6
3.36e-05 -0.012 7.8
3.361e-05 -0.016 7.6
3.362e-05 -0.016 7.4
3.363e-05 -0.016 7.4
3.364e-05 -0.016 7.4
3.365e-05 -0.016 7.2
3.366e-05 -0.02 7.2
3.367e-05 -0.024 7
3.368e-05 -0.024 7
3.369e-05 -0.024 6.8
3.37e-05 -0.024 6.8
3.371e-05 -0.028 6.6
3.372e-05 -0.028 6.6
3.373e-05 -0.028 6.4
3.374e-05 -0.032 6.4
3.375e-05 -0.032 6.2
3.376e-05 -0.032 6
3.377e-05 -0.032 6
3.378e-05 -0.032 5.8
3.379e-05 -0.04 5.8
3.38e-05 -0.04 5.8
3.381e-05 -0.04 5.8
3.382e-05 -0.04 5.6
3.383e-05 -0.044 5.6
3.384e-05 -0.044 5.4
3.385e-05 -0.044 5.2
3.386e-05 -0.044 5.2
3.387e-05 -0.048 5
3.388e-05 -0.044 5
3.389e-05 -0.048 4.8
3.39e-05 -0.052 4.6
3.391e-05 -0.048 4.4
3.392e-05 -0.052 4.4
3.393e-05 -0.056 4.4
3.394e-05 -0.056 4.2
3.395e-05 -0.056 4
3.396e-05 -0.06 4
3.397e-05 -0.06 3.8
3.398e-05 -0.064 3.6
3.399e-05 -0.064 3.6
3.4e-05 -0.064 3.4
3.401e-05 -0.064 3.4
3.402e-05 -0.064 3.2
3.403e-05 -0.064 3.2
3.404e-05 -0.064 3.2
3.405e-05 -0.064 2.8
3.406e-05 -0.064 2.6
3.407e-05 -0.068 2.6
3.408e-05 -0.072 2.4
3.409e-05 -0.072 2.2
3.41e-05 -0.072 2
3.411e-05 -0.072 2
3.412e-05 -0.076 1.8
3.413e-05 -0.076 1.8
3.414e-05 -0.076 1.6
3.415e-05 -0.076 1.4
3.416e-05 -0.08 1.4
3.417e-05 -0.08 1.2
3.418e-05 -0.08 1
3.419e-05 -0.08 1
3.42e-05 -0.08 0.8
3.421e-05 -0.08 0.8
3.422e-05 -0.084 0.4
3.423e-05 -0.08 0.4
3.424e-05 -0.088 0.2
3.425e-05 -0.084 0
3.426e-05 -0.084 0
3.427e-05 -0.088 -0.4
3.428e-05 -0.088 -0.8
3.429e-05 -0.088 -0.8
3.43e-05 -0.088 -1
3.431e-05 -0.088 -1
3.432e-05 -0.088 -1.2
3.433e-05 -0.092 -1.4
3.434e-05 -0.088 -1.4
3.435e-05 -0.088 -1.6
3.436e-05 -0.092 -1.6
3.437e-05 -0.092 -1.8
3.438e-05 -0.092 -2
3.439e-05 -0.092 -2
3.44e-05 -0.096 -2.2
3.441e-05 -0.096 -2.2
3.442e-05 -0.096 -2.4
3.443e-05 -0.092 -2.8
3.444e-05 -0.092 -2.8
3.445e-05 -0.096 -3
3.446e-05 -0.096 -3
3.447e-05 -0.096 -3.2
3.448e-05 -0.096 -3.2
3.449e-05 -0.092 -3.4
3.45e-05 -0.096 -3.8
3.451e-05 -0.096 -3.6
3.452e-05 -0.096 -3.8
3.453e-05 -0.096 -4
3.454e-05 -0.096 -4
3.455e-05 -0.096 -4.2
3.456e-05 -0.096 -4.2
3.457e-05 -0.096 -4.6
3.458e-05 -0.096 -4.6
3.459e-05 -0.096 -4.6
3.46e-05 -0.096 -5
3.461e-05 -0.096 -5
3.462e-05 -0.096 -5
3.463e-05 -0.096 -5.2
3.464e-05 -0.1 -5.4
3.465e-05 -0.096 -5.6
3.466e-05 -0.096 -5.6
3.467e-05 -0.096 -5.6
3.468e-05 -0.096 -5.8
3.469e-05 -0.096 -5.8
3.47e-05 -0.096 -6
3.471e-05 -0.096 -6
3.472e-05 -0.096 -6.2
3.473e-05 -0.096 -6.4
3.474e-05 -0.096 -6.4
3.475e-05 -0.096 -6.4
3.476e-05 -0.092 -6.6
3.477e-05 -0.092 -6.8
3.478e-05 -0.092 -6.8
3.479e-05 -0.092 -7
3.48e-05 -0.092 -7.2
3.481e-05 -0.092 -7.2
3.482e-05 -0.092 -7.2
3.483e-05 -0.092 -7.4
3.484e-05 -0.092 -7.6
3.485e-05 -0.092 -7.4
3.486e-05 -0.088 -7.6
3.487e-05 -0.088 -7.6
3.488e-05 -0.088 -7.8
3.489e-05 -0.088 -7.8
3.49e-05 -0.088 -7.8
3.491e-05 -0.088 -8
3.492e-05 -0.088 -8
3.493e-05 -0.088 -8
3.494e-05 -0.088 -8.2
3.495e-05 -0.084 -8.2
3.496e-05 -0.08 -8.4
3.497e-05 -0.08 -8.4
3.498e-05 -0.08 -8.6
3.499e-05 -0.08 -8.6
3.5e-05 -0.08 -8.6
3.501e-05 -0.08 -8.8
3.502e-05 -0.08 -8.6
3.503e-05 -0.076 -8.8
3.504e-05 -0.076 -8.8
3.505e-05 -0.076 -8.8
3.506e-05 -0.076 -8.8
3.507e-05 -0.076 -8.8
3.508e-05 -0.072 -8.8
3.509e-05 -0.072 -9
3.51e-05 -0.076 -9
3.511e-05 -0.072 -9.2
3.512e-05 -0.064 -9.2
3.513e-05 -0.068 -9.2
3.514e-05 -0.068 -9.4
3.515e-05 -0.072 -9.4
3.516e-05 -0.064 -9.4
3.517e-05 -0.064 -9.6
3.518e-05 -0.064 -9.6
3.519e-05 -0.064 -9.4
3.52e-05 -0.064 -9.4
3.521e-05 -0.06 -9.4
3.522e-05 -0.056 -9.4
3.523e-05 -0.06 -9.6
3.524e-05 -0.06 -9.6
3.525e-05 -0.056 -9.4
3.526e-05 -0.056 -9.4
3.527e-05 -0.052 -9.4
3.528e-05 -0.048 -9.6
3.529e-05 -0.048 -9.6
3.53e-05 -0.052 -9.6
3.531e-05 -0.048 -9.6
3.532e-05 -0.048 -9.6
3.533e-05 -0.048 -9.6
3.534e-05 -0.044 -9.6
3.535e-05 -0.04 -9.6
3.536e-05 -0.04 -9.6
3.537e-05 -0.04 -9.4
3.538e-05 -0.04 -9.4
3.539e-05 -0.04 -9.6
3.54e-05 -0.04 -9.4
3.541e-05 -0.036 -9.4
3.542e-05 -0.032 -9.4
3.543e-05 -0.032 -9.4
3.544e-05 -0.032 -9.2
3.545e-05 -0.032 -9.2
3.546e-05 -0.028 -9
3.547e-05 -0.028 -9.2
3.548e-05 -0.028 -9
3.549e-05 -0.024 -9.2
3.55e-05 -0.024 -9
3.551e-05 -0.024 -9
3.552e-05 -0.024 -9
3.553e-05 -0.016 -8.8
3.554e-05 -0.016 -8.8
3.555e-05 -0.016 -8.8
3.556e-05 -0.016 -8.6
3.557e-05 -0.012 -8.6
3.558e-05 -0.012 -8.6
3.559e-05 -0.016 -8.6
3.56e-05 -0.012 -8.4
3.561e-05 -0.008 -8.2
3.562e-05 -0.008 -8.2
3.563e-05 -0.008 -8.2
3.564e-05 0 -8.2
3.565e-05 0.004 -8.2
3.566e-05 0.004 -8
3.567e-05 0.004 -8
3.568e-05 0.004 -7.8
3.569e-05 0.004 -7.8
3.57e-05 0.004 -7.8
3.571e-05 0.008 -7.6
3.572e-05 0.012 -7.6
3.573e-05 0.008 -7.4
3.574e-05 0.012 -7.4
3.575e-05 0.012 -7.2
3.576e-05 0.016 -7
3.577e-05 0.016 -7.2
3.578e-05 0.016 -7
3.579e-05 0.02 -6.6
3.58e-05 0.02 -6.8
3.581e-05 0.024 -6.6
3.582e-05 0.024 -6.6
3.583e-05 0.024 -6.4
3.584e-05 0.028 -6.4
3.585e-05 0.024 -6.4
3.586e-05 0.028 -6.2
3.587e-05 0.028 -6
3.588e-05 0.036 -6
3.589e-05 0.036 -6
3.59e-05 0.036 -5.8
3.591e-05 0.036 -5.6
3.592e-05 0.036 -5.6
3.593e-05 0.036 -5.4
3.594e-05 0.04 -5.2
3.595e-05 0.04 -5.2
3.596e-05 0.044 -5
3.597e-05 0.044 -4.8
3.598e-05 0.044 -4.8
3.599e-05 0.044 -4.8
3.6e-05 0.044 -4.6
3.601e-05 0.048 -4.4
3.602e-05 0.048 -4.4
3.603e-05 0.048 -4.2
3.604e-05 0.052 -4
3.605e-05 0.052 -4
3.606e-05 0.052 -4
3.607e-05 0.052 -3.8
3.608e-05 0.052 -3.6
3.609e-05 0.056 -3.4
3.61e-05 0.056 -3.4
3.611e-05 0.056 -3.2
3.612e-05 0.06 -3
3.613e-05 0.06 -3
3.614e-05 0.06 -2.6
3.615e-05 0.06 -2.6
3.616e-05 0.064 -2.4
3.617e-05 0.06 -2.2
3.618e-05 0.064 -2.2
3.619e-05 0.068 -2
3.62e-05 0.068 -2
3.621e-05 0.068 -1.8
3.622e-05 0.068 -1.8
3.623e-05 0.068 -1.6
3.624e-05 0.068 -1.4
3.625e-05 0.068 -1.4
3.626e-05 0.072 -1
3.627e-05 0.072 -1
3.628e-05 0.072 -0.8
3.629e-05 0.072 -0.8
3.63e-05 0.072 -0.6
3.631e-05 0.072 -0.4
3.632e-05 0.076 0
3.633e-05 0.076 0
3.634e-05 0.076 0.2
3.635e-05 0.072 0.4
3.636e-05 0.076 0.4
3.637e-05 0.076 0.8
3.638e-05 0.076 0.6
3.639e-05 0.076 0.8
3.64e-05 0.076 1
3.641e-05 0.076 1
3.642e-05 0.076 1.2
3.643e-05 0.084 1.4
3.644e-05 0.08 1.6
3.645e-05 0.08 1.8
3.646e-05 0.08 1.8
3.647e-05 0.084 2
3.648e-05 0.084 2.2
3.649e-05 0.08 2.2
3.65e-05 0.084 2.4
3.651e-05 0.084 2.6
3.652e-05 0.084 2.8
3.653e-05 0.084 2.8
3.654e-05 0.084 3
3.655e-05 0.084 3
3.656e-05 0.084 3.2
3.657e-05 0.084 3.2
3.658e-05 0.084 3.4
3.659e-05 0.084 3.4
3.66e-05 0.084 3.6
3.661e-05 0.084 3.8
3.662e-05 0.084 4
3.663e-05 0.084 4
3.664e-05 0.084 4.2
3.665e-05 0.084 4.4
3.666e-05 0.084 4.4
3.667e-05 0.084 4.6
3.668e-05 0.084 4.6
3.669e-05 0.084 4.8
3.67e-05 0.084 5
3.671e-05 0.084 5.2
3.672e-05 0.084 5.2
3.673e-05 0.084 5.2
3.674e-05 0.084 5.2
3.675e-05 0.084 5.4
3.676e-05 0.084 5.6
3.677e-05 0.084 5.6
3.678e-05 0.084 5.8
3.679e-05 0.08 5.8
3.68e-05 0.084 6
3.681e-05 0.08 6
3.682e-05 0.08 6.2
3.683e-05 0.08 6.2
3.684e-05 0.076 6.2
3.685e-05 0.084 6.6
3.686e-05 0.076 6.4
3.687e-05 0.076 6.6
3.688e-05 0.076 6.8
3.689e-05 0.076 6.8
3.69e-05 0.076 7
3.691e-05 0.076 7
3.692e-05 0.076 7.2
3.693e-05 0.072 7.2
3.694e-05 0.072 7.2
3.695e-05 0.072 7.4
3.696e-05 0.072 7.4
3.697e-05 0.072 7.4
3.698e-05 0.072 7.4
3.699e-05 0.072 7.6
3.7e-05 0.068 7.6
3.701e-05 0.068 7.6
3.702e-05 0.072 7.8
3.703e-05 0.068 8
3.704e-05 0.068 8
3.705e-05 0.068 8.2
3.706e-05 0.068 8.2
3.707e-05 0.068 8
3.708e-05 0.068 8.2
3.709e-05 0.06 8.2
3.71e-05 0.06 8.2
3.711e-05 0.06 8.2
3.712e-05 0.06 8.4
3.713e-05 0.06 8.4
3.714e-05 0.06 8.4
3.715e-05 0.056 8.6
3.716e-05 0.056 8.6
3.717e-05 0.056 8.6
3.718e-05 0.056 8.8
3.719e-05 0.052 8.6
3.72e-05 0.052 8.8
3.721e-05 0.052 8.8
3.722e-05 0.052 8.8
3.723e-05 0.052 8.8
3.724e-05 0.048 8.8
3.725e-05 0.044 8.8
3.726e-05 0.044 8.8
3.727e-05 0.044 8.8
3.728e-05 0.044 9
3.729e-05 0.04 9
3.73e-05 0.044 8.8
3.731e-05 0.04 9
3.732e-05 0.04 9
3.733e-05 0.036 8.8
3.734e-05 0.036 8.8
3.735e-05 0.036 9
3.736e-05 0.036 8.8
3.737e-05 0.036 8.8
3.738e-05 0.032 9
3.739e-05 0.028 9
3.74e-05 0.028 8.8
3.741e-05 0.028 8.8
3.742e-05 0.028 9
3.743e-05 0.024 8.8
3.744e-05 0.024 8.6
3.745e-05 0.02 8.8
3.746e-05 0.02 8.8
3.747e-05 0.02 8.6
3.748e-05 0.02 8.8
3.749e-05 0.016 8.6
3.75e-05 0.016 8.6
3.751e-05 0.012 8.8
3.752e-05 0.012 8.4
3.753e-05 0.012 8.4
3.754e-05 0.012 8.4
3.755e-05 0.008 8.4
3.756e-05 0.008 8.4
3.757e-05 0.004 8.2
3.758e-05 0.004 8.2
3.759e-05 0.004 8.2
3.76e-05 0.004 8.2
3.761e-05 0 8.2
3.762e-05 -0.008 8
3.763e-05 -0.008 8
3.764e-05 -0.008 7.8
3.765e-05 -0.008 7.8
3.766e-05 -0.012 7.6
3.767e-05 -0.012 7.6
3.768e-05 -0.012 7.4
3.769e-05 -0.016 7.6
3.77e-05 -0.016 7.4
3.771e-05 -0.016 7.4
3.772e-05 -0.02 7.4
3.773e-05 -0.016 7.2
3.774e-05 -0.02 7.2
3.775e-05 -0.024 7
3.776e-05 -0.024 7
3.777e-05 -0.024 6.8
3.778e-05 -0.028 6.8
3.779e-05 -0.024 6.6
3.78e-05 -0.028 6.6
3.781e-05 -0.032 6.4
3.782e-05 -0.032 6.4
3.783e-05 -0.032 6.2
3.784e-05 -0.032 6
3.785e-05 -0.032 6.2
3.786e-05 -0.036 6
3.787e-05 -0.036 5.8
3.788e-05 -0.04 5.8
3.789e-05 -0.04 5.6
3.79e-05 -0.04 5.6
3.791e-05 -0.044 5.4
3.792e-05 -0.04 5.4
3.793e-05 -0.044 5.2
3.794e-05 -0.048 5
3.795e-05 -0.048 5
3.796e-05 -0.048 5.2
3.797e-05 -0.048 4.8
3.798e-05 -0.048 4.6
3.799e-05 -0.052 4.6
3.8e-05 -0.052 4.4
3.801e-05 -0.056 4.2
3.802e-05 -0.056 4.2
3.803e-05 -0.056 4
3.804e-05 -0.056 4
3.805e-05 -0.06 3.6
3.806e-05 -0.06 3.6
3.807e-05 -0.06 3.6
3.808e-05 -0.06 3.4
3.809e-05 -0.064 3.4
3.81e-05 -0.064 3.2
3.811e-05 -0.064 3.2
3.812e-05 -0.064 3
3.813e-05 -0.064 2.6
3.814e-05 -0.068 2.8
3.815e-05 -0.068 2.6
3.816e-05 -0.072 2.4
3.817e-05 -0.072 2.4
3.818e-05 -0.072 2
3.819e-05 -0.072 2
3.82e-05 -0.076 1.8
3.821e-05 -0.076 1.6
3.822e-05 -0.076 1.6
3.823e-05 -0.076 1.4
3.824e-05 -0.08 1.2
3.825e-05 -0.08 1.2
3.826e-05 -0.08 1
3.827e-05 -0.08 1
3.828e-05 -0.08 0.8
3.829e-05 -0.08 0.6
3.83e-05 -0.08 0.4
3.831e-05 -0.08 0.2
3.832e-05 -0.08 0.4
3.833e-05 -0.084 0.2
3.834e-05 -0.088 0
3.835e-05 -0.088 -0.4
3.836e-05 -0.084 -0.6
3.837e-05 -0.088 -0.8
3.838e-05 -0.088 -0.8
3.839e-05 -0.088 -1
3.84e-05 -0.092 -1
3.841e-05 -0.092 -1.4
3.842e-05 -0.088 -1.4
3.843e-05 -0.092 -1.6
3.844e-05 -0.092 -1.8
3.845e-05 -0.092 -1.8
3.846e-05 -0.092 -2
3.847e-05 -0.092 -2
3.848e-05 -0.092 -2
3.849e-05 -0.092 -2.4
3.85e-05 -0.096 -2.4
3.851e-05 -0.096 -2.6
3.852e-05 -0.096 -2.8
3.853e-05 -0.092 -3
3.854e-05 -0.096 -3.2
3.855e-05 -0.092 -3.4
3.856e-05 -0.096 -3.2
3.857e-05 -0.092 -3.6
3.858e-05 -0.096 -3.8
3.859e-05 -0.096 -3.8
3.86e-05 -0.096 -3.8
3.861e-05 -0.096 -4
3.862e-05 -0.096 -4
3.863e-05 -0.096 -4.2
3.864e-05 -0.096 -4.2
3.865e-05 -0.096 -4.4
3.866e-05 -0.096 -4.6
3.867e-05 -0.096 -4.6
3.868e-05 -0.096 -4.8
3.869e-05 -0.096 -5
3.87e-05 -0.096 -5.2
3.871e-05 -0.096 -5
3.872e-05 -0.096 -5.4
3.873e-05 -0.096 -5.4
3.874e-05 -0.096 -5.4
3.875e-05 -0.096 -5.8
3.876e-05 -0.096 -5.8
3.877e-05 -0.096 -6
3.878e-05 -0.096 -6
3.879e-05 -0.096 -6.2
3.88e-05 -0.096 -6.2
3.881e-05 -0.096 -6.2
3.882e-05 -0.092 -6.4
3.883e-05 -0.092 -6.6
3.884e-05 -0.092 -6.6
3.885e-05 -0.092 -6.8
3.886e-05 -0.096 -7
3.887e-05 -0.096 -7
3.888e-05 -0.092 -7
3.889e-05 -0.092 -7.2
3.89e-05 -0.092 -7.4
3.891e-05 -0.092 -7.2
3.892e-05 -0.088 -7.4
3.893e-05 -0.088 -7.4
3.894e-05 -0.092 -7.6
3.895e-05 -0.088 -7.6
3.896e-05 -0.088 -7.8
3.897e-05 -0.088 -7.8
3.898e-05 -0.088 -7.8
3.899e-05 -0.088 -8
3.9e-05 -0.088 -8
3.901e-05 -0.084 -8
3.902e-05 -0.088 -8.2
3.903e-05 -0.088 -8.2
3.904e-05 -0.08 -8.4
3.905e-05 -0.08 -8.4
3.906e-05 -0.08 -8.4
3.907e-05 -0.08 -8.6
3.908e-05 -0.08 -8.6
3.909e-05 -0.08 -8.6
3.91e-05 -0.08 -8.8
3.911e-05 -0.076 -8.8
3.912e-05 -0.076 -8.8
3.913e-05 -0.076 -9
3.914e-05 -0.076 -9
3.915e-05 -0.072 -9
3.916e-05 -0.072 -9
3.917e-05 -0.076 -9
3.918e-05 -0.072 -9
3.919e-05 -0.072 -9.2
3.92e-05 -0.072 -9
3.921e-05 -0.068 -9
3.922e-05 -0.064 -9.4
3.923e-05 -0.064 -9.2
3.924e-05 -0.064 -9.4
3.925e-05 -0.064 -9.4
3.926e-05 -0.064 -9.4
3.927e-05 -0.064 -9.4
3.928e-05 -0.06 -9.4
3.929e-05 -0.06 -9.4
3.93e-05 -0.06 -9.4
3.931e-05 -0.06 -9.4
3.932e-05 -0.056 -9.4
3.933e-05 -0.056 -9.6
3.934e-05 -0.056 -9.4
3.935e-05 -0.056 -9.4
3.936e-05 -0.048 -9.6
3.937e-05 -0.048 -9.6
3.938e-05 -0.048 -9.4
3.939e-05 -0.048 -9.4
3.94e-05 -0.048 -9.6
3.941e-05 -0.048 -9.6
3.942e-05 -0.044 -9.4
3.943e-05 -0.04 -9.6
3.944e-05 -0.04 -9.4
3.945e-05 -0.04 -9.4
3.946e-05 -0.04 -9.4
3.947e-05 -0.04 -9.4
3.948e-05 -0.04 -9.4
3.949e-05 -0.036 -9.2
3.95e-05 -0.032 -9.4
3.951e-05 -0.032 -9.2
3.952e-05 -0.032 -9
3.953e-05 -0.032 -9.2
3.954e-05 -0.028 -9
3.955e-05 -0.028 -9.2
3.956e-05 -0.028 -9
3.957e-05 -0.024 -9
3.958e-05 -0.024 -9
3.959e-05 -0.024 -8.8
3.96e-05 -0.02 -9
3.961e-05 -0.016 -8.8
3.962e-05 -0.016 -8.8
3.963e-05 -0.016 -8.8
3.964e-05 -0.016 -8.6
3.965e-05 -0.016 -8.6
3.966e-05 -0.012 -8.6
3.967e-05 -0.008 -8.6
3.968e-05 -0.012 -8.4
3.969e-05 -0.008 -8.2
3.97e-05 -0.008 -8.2
3.971e-05 -0.008 -8.2
3.972e-05 0 -8
3.973e-05 0.004 -8.2
3.974e-05 0 -8
3.975e-05 0.004 -8
3.976e-05 0.004 -7.8
3.977e-05 0.008 -7.8
3.978e-05 0.008 -7.8
3.979e-05 0.008 -7.6
3.98e-05 0.012 -7.4
3.981e-05 0.012 -7.4
3.982e-05 0.012 -7.4
3.983e-05 0.012 -7.4
3.984e-05 0.02 -7.2
3.985e-05 0.016 -7
3.986e-05 0.02 -6.8
3.987e-05 0.02 -7
3.988e-05 0.02 -6.8
3.989e-05 0.024 -6.6
3.99e-05 0.024 -6.6
3.991e-05 0.024 -6.6
3.992e-05 0.028 -6.4
3.993e-05 0.028 -6.2
3.994e-05 0.028 -6
3.995e-05 0.028 -6.2
3.996e-05 0.032 -6
3.997e-05 0.036 -5.8
3.998e-05 0.036 -5.8
3.999e-05 0.036 -5.6
