0 -0.152 -4.2
1e-08 -0.152 -4.2
2e-08 -0.152 -4.2
3e-08 -0.152 -4
4e-08 -0.152 -4
5e-08 -0.152 -3.8
6e-08 -0.152 -3.6
7e-08 -0.152 -3.4
8e-08 -0.156 -3.2
9e-08 -0.152 -3.2
1e-07 -0.156 -3.2
1.1e-07 -0.152 -3
1.2e-07 -0.152 -2.8
1.3e-07 -0.152 -2.8
1.4e-07 -0.152 -2.6
1.5e-07 -0.152 -2.4
1.6e-07 -0.152 -2.4
1.7e-07 -0.152 -2.2
1.8e-07 -0.152 -2
1.9e-07 -0.152 -1.8
2e-07 -0.152 -1.6
2.1e-07 -0.152 -1.6
2.2e-07 -0.152 -1.4
2.3e-07 -0.148 -1
2.4e-07 -0.144 -1
2.5e-07 -0.144 -0.8
2.6e-07 -0.144 -0.8
2.7e-07 -0.144 -0.6
2.8e-07 -0.144 -0.4
2.9e-07 -0.144 -0.4
3e-07 -0.144 0
3.1e-07 -0.144 0.2
3.2e-07 -0.144 0.2
3.3e-07 -0.144 0.4
3.4e-07 -0.14 0.6
3.5e-07 -0.14 0.8
3.6e-07 -0.14 0.8
3.7e-07 -0.136 1
3.8e-07 -0.136 1.2
3.9e-07 -0.136 1.4
4e-07 -0.132 1.4
4.1e-07 -0.132 1.6
4.2e-07 -0.132 1.8
4.3e-07 -0.128 1.8
4.4e-07 -0.128 2
4.5e-07 -0.128 2.2
4.6e-07 -0.128 2.2
4.7e-07 -0.124 2.4
4.8e-07 -0.124 2.4
4.9e-07 -0.124 2.6
5e-07 -0.12 2.8
5.1e-07 -0.12 3
5.2e-07 -0.12 3.2
5.3e-07 -0.116 3.2
5.4e-07 -0.116 3.2
5.5e-07 -0.112 3.4
5.6e-07 -0.112 3.6
5.7e-07 -0.112 3.6
5.8e-07 -0.108 4
5.9e-07 -0.108 4
6e-07 -0.108 4.2
6.1e-07 -0.104 4.2
6.2e-07 -0.104 4.4
6.3e-07 -0.104 4.6
6.4e-07 -0.096 4.6
6.5e-07 -0.096 4.8
6.6e-07 -0.096 4.8
6.7e-07 -0.096 5
6.8e-07 -0.092 5
6.9e-07 -0.092 5.2
7e-07 -0.088 5.2
7.1e-07 -0.088 5.6
7.2e-07 -0.084 5.4
7.3e-07 -0.08 5.6
7.4e-07 -0.08 5.8
7.5e-07 -0.08 5.8
7.6e-07 -0.076 6
7.7e-07 -0.076 6
7.8e-07 -0.076 6.2
7.9e-07 -0.072 6.4
8e-07 -0.072 6.4
8.1e-07 -0.064 6.6
8.2e-07 -0.064 6.4
8.3e-07 -0.064 6.6
8.4e-07 -0.06 6.8
8.5e-07 -0.06 6.8
8.6e-07 -0.056 6.8
8.7e-07 -0.056 7
8.8e-07 -0.048 7
8.9e-07 -0.048 7.2
9e-07 -0.048 7.4
9.1e-07 -0.044 7.4
9.2e-07 -0.044 7.4
9.3e-07 -0.04 7.6
9.4e-07 -0.04 7.6
9.5e-07 -0.04 7.8
9.6e-07 -0.032 7.8
9.7e-07 -0.032 8
9.8e-07 -0.028 7.8
9.9e-07 -0.028 8
1e-06 -0.024 8
1.01e-06 -0.024 8
1.02e-06 -0.016 8
1.03e-06 -0.016 8
1.04e-06 -0.016 8.2
1.05e-06 -0.016 8.2
1.06e-06 -0.012 8.4
1.07e-06 -0.008 8.4
1.08e-06 -0.008 8.4
1.09e-06 -0.008 8.6
1.1e-06 0.004 8.4
1.11e-06 0.004 8.6
1.12e-06 0.008 8.8
1.13e-06 0.008 8.8
1.14e-06 0.008 8.8
1.15e-06 0.012 8.8
1.16e-06 0.016 8.8
1.17e-06 0.016 8.8
1.18e-06 0.02 8.8
1.19e-06 0.02 8.8
1.2e-06 0.024 8.8
1.21e-06 0.024 8.8
1.22e-06 0.028 8.8
1.23e-06 0.032 9
1.24e-06 0.036 9
1.25e-06 0.036 9
1.26e-06 0.04 9
1.27e-06 0.04 9
1.28e-06 0.044 8.8
1.29e-06 0.044 9
1.3e-06 0.044 9
1.31e-06 0.052 9
1.32e-06 0.052 9
1.33e-06 0.052 8.8
1.34e-06 0.052 8.8
1.35e-06 0.056 8.8
1.36e-06 0.056 8.8
1.37e-06 0.06 8.8
1.38e-06 0.068 8.8
1.39e-06 0.068 8.8
1.4e-06 0.068 8.8
1.41e-06 0.068 8.6
1.42e-06 0.072 8.8
1.43e-06 0.076 8.6
1.44e-06 0.072 8.6
1.45e-06 0.076 8.6
1.46e-06 0.076 8.6
1.47e-06 0.08 8.4
1.48e-06 0.084 8.4
1.49e-06 0.084 8.4
1.5e-06 0.088 8.6
1.51e-06 0.088 8.2
1.52e-06 0.092 8.2
1.53e-06 0.092 8.2
1.54e-06 0.092 8
1.55e-06 0.096 8
1.56e-06 0.1 7.8
1.57e-06 0.1 8
1.58e-06 0.1 8
1.59e-06 0.1 7.8
1.6e-06 0.104 7.8
1.61e-06 0.104 7.6
1.62e-06 0.104 7.6
1.63e-06 0.108 7.6
1.64e-06 0.108 7.4
1.65e-06 0.108 7.4
1.66e-06 0.108 7.2
1.67e-06 0.112 7.2
1.68e-06 0.116 7.2
1.69e-06 0.116 7.2
1.7e-06 0.116 6.8
1.71e-06 0.116 6.8
1.72e-06 0.116 6.6
1.73e-06 0.12 6.6
1.74e-06 0.12 6.4
1.75e-06 0.124 6.4
1.76e-06 0.124 6.2
1.77e-06 0.124 6
1.78e-06 0.124 6.2
1.79e-06 0.128 6
1.8e-06 0.128 6
1.81e-06 0.132 5.8
1.82e-06 0.132 5.6
1.83e-06 0.132 5.6
1.84e-06 0.132 5.6
1.85e-06 0.132 5.2
1.86e-06 0.132 5.2
1.87e-06 0.136 5.2
1.88e-06 0.136 4.8
1.89e-06 0.132 4.8
1.9e-06 0.136 4.6
1.91e-06 0.136 4.6
1.92e-06 0.136 4.4
1.93e-06 0.136 4.4
1.94e-06 0.136 4.2
1.95e-06 0.14 4
1.96e-06 0.136 4
1.97e-06 0.14 3.8
1.98e-06 0.14 3.6
1.99e-06 0.14 3.6
2e-06 0.14 3.4
2.01e-06 0.14 3.2
2.02e-06 0.14 3.2
2.03e-06 0.14 3.2
2.04e-06 0.14 2.8
2.05e-06 0.14 2.8
2.06e-06 0.14 2.6
2.07e-06 0.14 2.4
2.08e-06 0.14 2.4
2.09e-06 0.14 2
2.1e-06 0.14 2
2.11e-06 0.14 2
2.12e-06 0.14 1.8
2.13e-06 0.14 1.6
2.14e-06 0.136 1.4
2.15e-06 0.14 1.4
2.16e-06 0.136 1.2
2.17e-06 0.136 1
2.18e-06 0.136 1
2.19e-06 0.14 0.8
2.2e-06 0.136 0.8
2.21e-06 0.136 0.6
2.22e-06 0.136 0.4
2.23e-06 0.136 0.2
2.24e-06 0.132 0.2
2.25e-06 0.132 -0.4
2.26e-06 0.132 -0.4
2.27e-06 0.132 -0.6
2.28e-06 0.132 -0.6
2.29e-06 0.132 -1
2.3e-06 0.132 -1.2
2.31e-06 0.132 -1.2
2.32e-06 0.132 -1.2
2.33e-06 0.128 -1.4
2.34e-06 0.124 -1.6
2.35e-06 0.124 -1.8
2.36e-06 0.124 -1.8
2.37e-06 0.124 -2
2.38e-06 0.124 -2.2
2.39e-06 0.116 -2.2
2.4e-06 0.12 -2.6
2.41e-06 0.12 -2.6
2.42e-06 0.116 -2.8
2.43e-06 0.116 -3
2.44e-06 0.116 -3
2.45e-06 0.108 -3.2
2.46e-06 0.112 -3.4
2.47e-06 0.108 -3.4
2.48e-06 0.108 -3.4
2.49e-06 0.108 -3.8
2.5e-06 0.104 -4
2.51e-06 0.104 -4
2.52e-06 0.104 -4.2
2.53e-06 0.1 -4.2
2.54e-06 0.1 -4.2
2.55e-06 0.1 -4.4
2.56e-06 0.1 -4.6
2.57e-06 0.096 -4.6
2.58e-06 0.092 -4.8
2.59e-06 0.088 -5
2.6e-06 0.088 -5.2
2.61e-06 0.088 -5
2.62e-06 0.084 -5.4
2.63e-06 0.084 -5.6
2.64e-06 0.084 -5.6
2.65e-06 0.076 -5.8
2.66e-06 0.076 -5.8
2.67e-06 0.076 -6.2
2.68e-06 0.076 -6
2.69e-06 0.072 -6.2
2.7e-06 0.072 -6.2
2.71e-06 0.068 -6.4
2.72e-06 0.068 -6.4
2.73e-06 0.068 -6.6
2.74e-06 0.068 -6.6
2.75e-06 0.06 -6.8
2.76e-06 0.06 -7
2.77e-06 0.056 -7
2.78e-06 0.052 -7.2
2.79e-06 0.052 -7.2
2.8e-06 0.052 -7.4
2.81e-06 0.048 -7.4
2.82e-06 0.048 -7.6
2.83e-06 0.044 -7.6
2.84e-06 0.04 -7.6
2.85e-06 0.04 -7.8
2.86e-06 0.04 -7.8
2.87e-06 0.036 -8
2.88e-06 0.036 -8
2.89e-06 0.028 -8
2.9e-06 0.028 -8.2
2.91e-06 0.024 -8.2
2.92e-06 0.024 -8.2
2.93e-06 0.02 -8.4
2.94e-06 0.02 -8.6
2.95e-06 0.02 -8.6
2.96e-06 0.012 -8.6
2.97e-06 0.012 -8.8
2.98e-06 0.008 -8.8
2.99e-06 0.008 -8.8
3e-06 0.004 -8.8
3.01e-06 0.004 -9
3.02e-06 0.004 -9
3.03e-06 0 -9
3.04e-06 -0.008 -9
3.05e-06 -0.008 -9
3.06e-06 -0.012 -9
3.07e-06 -0.012 -9.2
3.08e-06 -0.016 -9.2
3.09e-06 -0.016 -9.2
3.1e-06 -0.02 -9.2
3.11e-06 -0.024 -9.4
3.12e-06 -0.024 -9.2
3.13e-06 -0.024 -9.4
3.14e-06 -0.028 -9.4
3.15e-06 -0.032 -9.6
3.16e-06 -0.036 -9.6
3.17e-06 -0.032 -9.6
3.18e-06 -0.04 -9.6
3.19e-06 -0.04 -9.6
3.2e-06 -0.044 -9.6
3.21e-06 -0.044 -9.6
3.22e-06 -0.048 -9.6
3.23e-06 -0.048 -9.6
3.24e-06 -0.052 -9.6
3.25e-06 -0.056 -9.6
3.26e-06 -0.056 -9.4
3.27e-06 -0.06 -9.6
3.28e-06 -0.064 -9.6
3.29e-06 -0.064 -9.4
3.3e-06 -0.064 -9.6
3.31e-06 -0.064 -9.6
3.32e-06 -0.072 -9.6
3.33e-06 -0.072 -9.4
3.34e-06 -0.076 -9.6
3.35e-06 -0.08 -9.4
3.36e-06 -0.08 -9.4
3.37e-06 -0.08 -9.4
3.38e-06 -0.08 -9.4
3.39e-06 -0.08 -9.4
3.4e-06 -0.088 -9.2
3.41e-06 -0.088 -9.4
3.42e-06 -0.092 -9
3.43e-06 -0.092 -9
3.44e-06 -0.096 -9
3.45e-06 -0.092 -8.8
3.46e-06 -0.096 -9
3.47e-06 -0.096 -8.8
3.48e-06 -0.096 -8.8
3.49e-06 -0.104 -8.8
3.5e-06 -0.104 -8.8
3.51e-06 -0.104 -8.6
3.52e-06 -0.108 -8.6
3.53e-06 -0.108 -8.6
3.54e-06 -0.112 -8.6
3.55e-06 -0.112 -8.4
3.56e-06 -0.112 -8.4
3.57e-06 -0.116 -8.4
3.58e-06 -0.12 -8.2
3.59e-06 -0.12 -8.2
3.6e-06 -0.12 -8
3.61e-06 -0.12 -8
3.62e-06 -0.124 -7.8
3.63e-06 -0.124 -7.8
3.64e-06 -0.128 -7.8
3.65e-06 -0.128 -7.4
3.66e-06 -0.128 -7.6
3.67e-06 -0.128 -7.4
3.68e-06 -0.128 -7.4
3.69e-06 -0.128 -7.2
3.7e-06 -0.132 -7.2
3.71e-06 -0.136 -7.2
3.72e-06 -0.136 -7.2
3.73e-06 -0.136 -7
3.74e-06 -0.136 -6.8
3.75e-06 -0.14 -6.8
3.76e-06 -0.14 -6.6
3.77e-06 -0.14 -6.4
3.78e-06 -0.14 -6.4
3.79e-06 -0.144 -6.2
3.8e-06 -0.144 -6
3.81e-06 -0.144 -5.8
3.82e-06 -0.144 -6
3.83e-06 -0.144 -5.8
3.84e-06 -0.144 -5.6
3.85e-06 -0.148 -5.6
3.86e-06 -0.148 -5.4
3.87e-06 -0.152 -5.4
3.88e-06 -0.144 -5.2
3.89e-06 -0.148 -5.2
3.9e-06 -0.148 -5
3.91e-06 -0.148 -4.8
3.92e-06 -0.152 -4.8
3.93e-06 -0.148 -4.6
3.94e-06 -0.152 -4.4
3.95e-06 -0.152 -4.2
3.96e-06 -0.152 -4.2
3.97e-06 -0.152 -4
3.98e-06 -0.152 -3.8
3.99e-06 -0.152 -3.8
4e-06 -0.152 -3.6
4.01e-06 -0.152 -3.4
4.02e-06 -0.152 -3.6
4.03e-06 -0.152 -3.2
4.04e-06 -0.152 -3.2
4.05e-06 -0.156 -3.2
4.06e-06 -0.152 -3
4.07e-06 -0.152 -2.8
4.08e-06 -0.152 -2.6
4.09e-06 -0.152 -2.4
4.1e-06 -0.152 -2.2
4.11e-06 -0.152 -2
4.12e-06 -0.148 -2.2
4.13e-06 -0.152 -1.8
4.14e-06 -0.148 -1.6
4.15e-06 -0.152 -1.6
4.16e-06 -0.148 -1.4
4.17e-06 -0.148 -1.2
4.18e-06 -0.144 -1
4.19e-06 -0.144 -1
4.2e-06 -0.144 -1
4.21e-06 -0.144 -0.6
4.22e-06 -0.144 -0.6
4.23e-06 -0.144 -0.4
4.24e-06 -0.144 0
4.25e-06 -0.144 0
4.26e-06 -0.144 0.2
4.27e-06 -0.14 0.4
4.28e-06 -0.14 0.6
4.29e-06 -0.14 0.8
4.3e-06 -0.14 0.8
4.31e-06 -0.136 1
4.32e-06 -0.136 1
4.33e-06 -0.136 1.2
4.34e-06 -0.136 1.6
4.35e-06 -0.136 1.6
4.36e-06 -0.132 1.8
4.37e-06 -0.128 1.8
4.38e-06 -0.128 2
4.39e-06 -0.128 2.2
4.4e-06 -0.128 2.2
4.41e-06 -0.128 2.4
4.42e-06 -0.124 2.4
4.43e-06 -0.124 2.6
4.44e-06 -0.124 2.8
4.45e-06 -0.12 2.8
4.46e-06 -0.12 3
4.47e-06 -0.12 3.2
4.48e-06 -0.116 3.4
4.49e-06 -0.112 3.4
4.5e-06 -0.112 3.6
4.51e-06 -0.112 3.6
4.52e-06 -0.108 4
4.53e-06 -0.108 4
4.54e-06 -0.108 4
4.55e-06 -0.104 4.2
4.56e-06 -0.104 4.4
4.57e-06 -0.104 4.2
4.58e-06 -0.104 4.4
4.59e-06 -0.096 4.8
4.6e-06 -0.096 4.8
4.61e-06 -0.096 4.8
4.62e-06 -0.092 4.8
4.63e-06 -0.092 5.2
4.64e-06 -0.092 5.4
4.65e-06 -0.088 5.2
4.66e-06 -0.088 5.6
4.67e-06 -0.084 5.6
4.68e-06 -0.08 5.6
4.69e-06 -0.08 5.8
4.7e-06 -0.08 6
4.71e-06 -0.076 6
4.72e-06 -0.076 6
4.73e-06 -0.072 6.2
4.74e-06 -0.072 6.4
4.75e-06 -0.064 6.4
4.76e-06 -0.064 6.4
4.77e-06 -0.064 6.4
4.78e-06 -0.064 6.6
4.79e-06 -0.06 6.6
4.8e-06 -0.06 6.8
4.81e-06 -0.056 7
4.82e-06 -0.056 7.2
4.83e-06 -0.048 7.2
4.84e-06 -0.048 7.2
4.85e-06 -0.044 7.4
4.86e-06 -0.044 7.4
4.87e-06 -0.044 7.4
4.88e-06 -0.04 7.6
4.89e-06 -0.036 7.6
4.9e-06 -0.032 7.8
4.91e-06 -0.032 7.8
4.92e-06 -0.028 8
4.93e-06 -0.032 8
4.94e-06 -0.024 8
4.95e-06 -0.024 8
4.96e-06 -0.024 8
4.97e-06 -0.02 8
4.98e-06 -0.016 8
4.99e-06 -0.016 8.2
5e-06 -0.016 8.4
5.01e-06 -0.012 8.4
5.02e-06 -0.008 8.4
5.03e-06 0 8.4
5.04e-06 0.004 8.6
5.05e-06 0.004 8.8
5.06e-06 0.008 8.6
5.07e-06 0.008 8.8
5.08e-06 0.008 8.6
5.09e-06 0.012 8.8
5.1e-06 0.016 8.8
5.11e-06 0.012 8.8
5.12e-06 0.02 8.8
5.13e-06 0.024 8.8
5.14e-06 0.024 8.6
5.15e-06 0.024 8.8
5.16e-06 0.028 8.8
5.17e-06 0.028 8.8
5.18e-06 0.036 9
5.19e-06 0.036 8.8
5.2e-06 0.036 9
5.21e-06 0.04 9
5.22e-06 0.04 9
5.23e-06 0.044 9
5.24e-06 0.044 9
5.25e-06 0.052 9
5.26e-06 0.052 8.8
5.27e-06 0.052 8.8
5.28e-06 0.052 8.8
5.29e-06 0.052 8.8
5.3e-06 0.06 8.8
5.31e-06 0.06 8.8
5.32e-06 0.06 8.8
5.33e-06 0.064 8.8
5.34e-06 0.068 8.8
5.35e-06 0.068 8.8
5.36e-06 0.072 8.8
5.37e-06 0.072 8.6
5.38e-06 0.076 8.8
5.39e-06 0.076 8.6
5.4e-06 0.076 8.6
5.41e-06 0.08 8.4
5.42e-06 0.084 8.4
5.43e-06 0.084 8.4
5.44e-06 0.088 8.2
5.45e-06 0.088 8.4
5.46e-06 0.092 8.2
5.47e-06 0.092 8.2
5.48e-06 0.092 8
5.49e-06 0.092 8
5.5e-06 0.096 8
5.51e-06 0.092 7.8
5.52e-06 0.1 7.8
5.53e-06 0.1 7.8
5.54e-06 0.1 7.6
5.55e-06 0.104 7.6
5.56e-06 0.104 7.6
5.57e-06 0.108 7.4
5.58e-06 0.108 7.4
5.59e-06 0.108 7.4
5.6e-06 0.108 7.4
5.61e-06 0.116 7.2
5.62e-06 0.112 7
5.63e-06 0.116 7
5.64e-06 0.116 6.8
5.65e-06 0.116 6.8
5.66e-06 0.116 6.6
5.67e-06 0.12 6.4
5.68e-06 0.12 6.4
5.69e-06 0.124 6.4
5.7e-06 0.124 6.2
5.71e-06 0.124 6.2
5.72e-06 0.124 6
5.73e-06 0.128 6
5.74e-06 0.132 5.8
5.75e-06 0.132 5.8
5.76e-06 0.128 5.8
5.77e-06 0.132 5.6
5.78e-06 0.132 5.4
5.79e-06 0.132 5.4
5.8e-06 0.132 5
5.81e-06 0.132 5.2
5.82e-06 0.132 5
5.83e-06 0.132 4.8
5.84e-06 0.136 4.8
5.85e-06 0.136 4.6
5.86e-06 0.136 4.6
5.87e-06 0.136 4.4
5.88e-06 0.136 4.2
5.89e-06 0.136 4
5.9e-06 0.14 4
5.91e-06 0.136 4
5.92e-06 0.136 3.8
5.93e-06 0.14 3.6
5.94e-06 0.14 3.6
5.95e-06 0.14 3.4
5.96e-06 0.14 3
5.97e-06 0.14 3.2
5.98e-06 0.14 2.8
5.99e-06 0.14 2.8
6e-06 0.14 2.6
6.01e-06 0.14 2.4
6.02e-06 0.14 2.4
6.03e-06 0.14 2.2
6.04e-06 0.136 2
6.05e-06 0.14 1.8
6.06e-06 0.14 2
6.07e-06 0.14 1.6
6.08e-06 0.136 1.6
6.09e-06 0.14 1.6
6.1e-06 0.14 1.4
6.11e-06 0.136 1
6.12e-06 0.136 1
6.13e-06 0.136 1
6.14e-06 0.136 0.8
6.15e-06 0.136 0.4
6.16e-06 0.136 0.4
6.17e-06 0.132 0.2
6.18e-06 0.132 0
6.19e-06 0.132 0
6.2e-06 0.132 -0.4
6.21e-06 0.132 -0.6
6.22e-06 0.132 -0.8
6.23e-06 0.132 -0.8
6.24e-06 0.132 -1
6.25e-06 0.132 -1.2
6.26e-06 0.124 -1.4
6.27e-06 0.132 -1.4
6.28e-06 0.124 -1.6
6.29e-06 0.124 -1.8
6.3e-06 0.12 -1.8
6.31e-06 0.12 -2
6.32e-06 0.12 -2.2
6.33e-06 0.12 -2.4
6.34e-06 0.12 -2.4
6.35e-06 0.116 -2.6
6.36e-06 0.116 -2.8
6.37e-06 0.116 -3
6.38e-06 0.116 -3.2
6.39e-06 0.116 -3.2
6.4e-06 0.108 -3.2
6.41e-06 0.108 -3.4
6.42e-06 0.108 -3.6
6.43e-06 0.108 -3.8
6.44e-06 0.104 -3.8
6.45e-06 0.104 -4
6.46e-06 0.104 -4
6.47e-06 0.104 -4
6.48e-06 0.1 -4.4
6.49e-06 0.1 -4.4
6.5e-06 0.1 -4.6
6.51e-06 0.092 -4.8
6.52e-06 0.092 -4.8
6.53e-06 0.092 -5
6.54e-06 0.088 -5
6.55e-06 0.088 -5.4
6.56e-06 0.088 -5.4
6.57e-06 0.084 -5.4
6.58e-06 0.084 -5.6
6.59e-06 0.08 -6
6.6e-06 0.08 -5.8
6.61e-06 0.076 -6
6.62e-06 0.076 -6
6.63e-06 0.072 -6.2
6.64e-06 0.068 -6.4
6.65e-06 0.072 -6.4
6.66e-06 0.068 -6.6
6.67e-06 0.068 -6.6
6.68e-06 0.064 -6.6
6.69e-06 0.06 -6.8
6.7e-06 0.06 -7
6.71e-06 0.056 -7
6.72e-06 0.056 -7.2
6.73e-06 0.052 -7.2
6.74e-06 0.052 -7.4
6.75e-06 0.052 -7.6
6.76e-06 0.044 -7.4
6.77e-06 0.044 -7.4
6.78e-06 0.04 -7.8
6.79e-06 0.04 -7.8
6.8e-06 0.04 -7.8
6.81e-06 0.036 -8
6.82e-06 0.032 -8
6.83e-06 0.032 -8
6.84e-06 0.028 -8
6.85e-06 0.028 -8.2
6.86e-06 0.024 -8.4
6.87e-06 0.02 -8.4
6.88e-06 0.02 -8.6
6.89e-06 0.016 -8.6
6.9e-06 0.012 -8.6
6.91e-06 0.012 -8.6
6.92e-06 0.012 -8.6
6.93e-06 0.008 -8.8
6.94e-06 0.004 -8.8
6.95e-06 0.004 -8.8
6.96e-06 0.004 -9
6.97e-06 0 -9
6.98e-06 -0.008 -9
6.99e-06 -0.012 -9.2
7e-06 -0.012 -9
7.01e-06 -0.012 -9.2
7.02e-06 -0.016 -9.2
7.03e-06 -0.016 -9
7.04e-06 -0.024 -9.4
7.05e-06 -0.024 -9.4
7.06e-06 -0.024 -9.4
7.07e-06 -0.028 -9.4
7.08e-06 -0.028 -9.4
7.09e-06 -0.032 -9.6
7.1e-06 -0.032 -9.4
7.11e-06 -0.032 -9.6
7.12e-06 -0.04 -9.6
7.13e-06 -0.044 -9.6
7.14e-06 -0.044 -9.6
7.15e-06 -0.048 -9.4
7.16e-06 -0.048 -9.4
7.17e-06 -0.048 -9.6
7.18e-06 -0.052 -9.4
7.19e-06 -0.056 -9.6
7.2e-06 -0.056 -9.6
7.21e-06 -0.06 -9.4
7.22e-06 -0.06 -9.6
7.23e-06 -0.064 -9.4
7.24e-06 -0.064 -9.6
7.25e-06 -0.068 -9.6
7.26e-06 -0.068 -9.4
7.27e-06 -0.072 -9.6
7.28e-06 -0.076 -9.4
7.29e-06 -0.076 -9.6
7.3e-06 -0.08 -9.4
7.31e-06 -0.08 -9.4
7.32e-06 -0.08 -9.2
7.33e-06 -0.08 -9.4
7.34e-06 -0.088 -9.2
7.35e-06 -0.088 -9
7.36e-06 -0.092 -9
7.37e-06 -0.092 -9.2
7.38e-06 -0.092 -9
7.39e-06 -0.096 -9
7.4e-06 -0.096 -8.8
7.41e-06 -0.096 -9
7.42e-06 -0.096 -9
7.43e-06 -0.104 -8.8
7.44e-06 -0.104 -8.8
7.45e-06 -0.104 -8.8
7.46e-06 -0.108 -8.6
7.47e-06 -0.108 -8.6
7.48e-06 -0.112 -8.6
7.49e-06 -0.112 -8.4
7.5e-06 -0.112 -8.2
7.51e-06 -0.12 -8.2
7.52e-06 -0.116 -8.2
7.53e-06 -0.12 -8.2
7.54e-06 -0.12 -8.2
7.55e-06 -0.12 -8
7.56e-06 -0.124 -7.8
7.57e-06 -0.124 -7.8
7.58e-06 -0.124 -7.6
7.59e-06 -0.128 -7.6
7.6e-06 -0.128 -7.6
7.61e-06 -0.128 -7.4
7.62e-06 -0.128 -7.4
7.63e-06 -0.132 -7.4
7.64e-06 -0.128 -7.2
7.65e-06 -0.136 -7.2
7.66e-06 -0.136 -7
7.67e-06 -0.136 -7
7.68e-06 -0.136 -6.8
7.69e-06 -0.14 -6.6
7.7e-06 -0.14 -6.6
7.71e-06 -0.14 -6.4
7.72e-06 -0.14 -6.4
7.73e-06 -0.14 -6.2
7.74e-06 -0.14 -6.2
7.75e-06 -0.144 -6
7.76e-06 -0.144 -5.8
7.77e-06 -0.144 -5.8
7.78e-06 -0.144 -5.6
7.79e-06 -0.148 -5.6
7.8e-06 -0.144 -5.6
7.81e-06 -0.148 -5.4
7.82e-06 -0.148 -5.2
7.83e-06 -0.148 -5.2
7.84e-06 -0.152 -5
7.85e-06 -0.152 -4.8
7.86e-06 -0.152 -4.8
7.87e-06 -0.152 -4.6
7.88e-06 -0.152 -4.4
7.89e-06 -0.152 -4.2
7.9e-06 -0.152 -4.2
7.91e-06 -0.152 -4
7.92e-06 -0.152 -3.8
7.93e-06 -0.152 -3.8
7.94e-06 -0.152 -3.6
7.95e-06 -0.152 -3.6
7.96e-06 -0.152 -3.4
7.97e-06 -0.152 -3.4
7.98e-06 -0.152 -3.4
7.99e-06 -0.152 -3
8e-06 -0.152 -3
8.01e-06 -0.152 -2.8
8.02e-06 -0.152 -2.6
8.03e-06 -0.152 -2.4
8.04e-06 -0.152 -2.2
8.05e-06 -0.152 -2
8.06e-06 -0.152 -1.8
8.07e-06 -0.152 -1.8
8.08e-06 -0.152 -1.8
8.09e-06 -0.152 -1.6
8.1e-06 -0.152 -1.4
8.11e-06 -0.148 -1.4
8.12e-06 -0.148 -1
8.13e-06 -0.148 -1
8.14e-06 -0.144 -1
8.15e-06 -0.144 -0.8
8.16e-06 -0.144 -0.6
8.17e-06 -0.144 -0.4
8.18e-06 -0.144 0
8.19e-06 -0.144 0
8.2e-06 -0.144 0.2
8.21e-06 -0.14 0.4
8.22e-06 -0.144 0.4
8.23e-06 -0.14 0.6
8.24e-06 -0.14 0.8
8.25e-06 -0.14 1
8.26e-06 -0.136 1.2
8.27e-06 -0.136 1.2
8.28e-06 -0.136 1.4
8.29e-06 -0.136 1.6
8.3e-06 -0.136 1.6
8.31e-06 -0.128 1.8
8.32e-06 -0.128 2
8.33e-06 -0.128 2
8.34e-06 -0.128 2.2
8.35e-06 -0.128 2.4
8.36e-06 -0.128 2.6
8.37e-06 -0.124 2.6
8.38e-06 -0.128 2.6
8.39e-06 -0.12 2.8
8.4e-06 -0.12 3.2
8.41e-06 -0.12 3.2
8.42e-06 -0.12 3.4
8.43e-06 -0.116 3.4
8.44e-06 -0.116 3.6
8.45e-06 -0.112 3.8
8.46e-06 -0.112 3.8
8.47e-06 -0.112 4
8.48e-06 -0.108 4
8.49e-06 -0.108 4.2
8.5e-06 -0.104 4.4
8.51e-06 -0.104 4.4
8.52e-06 -0.104 4.6
8.53e-06 -0.096 4.8
8.54e-06 -0.096 4.8
8.55e-06 -0.096 4.8
8.56e-06 -0.092 5
8.57e-06 -0.092 5.2
8.58e-06 -0.092 5.2
8.59e-06 -0.088 5.4
8.6e-06 -0.088 5.6
8.61e-06 -0.08 5.6
8.62e-06 -0.08 5.8
8.63e-06 -0.08 6
8.64e-06 -0.08 6
8.65e-06 -0.076 6
8.66e-06 -0.076 6.2
8.67e-06 -0.072 6.2
8.68e-06 -0.072 6.4
8.69e-06 -0.064 6.4
8.7e-06 -0.064 6.6
8.71e-06 -0.064 6.6
8.72e-06 -0.064 6.6
8.73e-06 -0.06 6.8
8.74e-06 -0.06 6.8
8.75e-06 -0.056 7
8.76e-06 -0.056 7.2
8.77e-06 -0.048 7.2
8.78e-06 -0.048 7.4
8.79e-06 -0.048 7.4
8.8e-06 -0.044 7.4
8.81e-06 -0.044 7.6
8.82e-06 -0.04 7.6
8.83e-06 -0.04 7.6
8.84e-06 -0.032 7.6
8.85e-06 -0.032 7.8
8.86e-06 -0.032 7.8
8.87e-06 -0.028 8
8.88e-06 -0.028 8
8.89e-06 -0.024 8
8.9e-06 -0.024 8.2
8.91e-06 -0.02 8.2
8.92e-06 -0.016 8.2
8.93e-06 -0.016 8.4
8.94e-06 -0.012 8.4
8.95e-06 -0.012 8.4
8.96e-06 -0.008 8.6
8.97e-06 0 8.6
8.98e-06 0.004 8.6
8.99e-06 0.004 8.6
9e-06 0.004 8.8
9.01e-06 0.008 8.6
9.02e-06 0.008 8.6
9.03e-06 0.012 8.8
9.04e-06 0.012 8.8
9.05e-06 0.016 8.8
9.06e-06 0.02 8.8
9.07e-06 0.02 8.8
9.08e-06 0.024 9
9.09e-06 0.024 8.8
9.1e-06 0.028 9
9.11e-06 0.028 9
9.12e-06 0.036 8.8
9.13e-06 0.036 9
9.14e-06 0.036 9
9.15e-06 0.04 9
9.16e-06 0.04 9
9.17e-06 0.044 9
9.18e-06 0.044 9
9.19e-06 0.048 8.8
9.2e-06 0.048 8.8
9.21e-06 0.052 9
9.22e-06 0.052 8.8
9.23e-06 0.056 8.8
9.24e-06 0.056 8.8
9.25e-06 0.06 8.8
9.26e-06 0.06 9
9.27e-06 0.064 8.6
9.28e-06 0.068 8.8
9.29e-06 0.068 8.8
9.3e-06 0.072 8.8
9.31e-06 0.072 8.8
9.32e-06 0.072 8.6
9.33e-06 0.072 8.6
9.34e-06 0.076 8.6
9.35e-06 0.084 8.6
9.36e-06 0.08 8.6
9.37e-06 0.084 8.4
9.38e-06 0.084 8.4
9.39e-06 0.084 8.2
9.4e-06 0.088 8.2
9.41e-06 0.092 8.2
9.42e-06 0.092 8.2
9.43e-06 0.092 8
9.44e-06 0.096 8.2
9.45e-06 0.1 8
9.46e-06 0.1 8
9.47e-06 0.1 7.8
9.48e-06 0.104 7.8
9.49e-06 0.104 7.8
9.5e-06 0.104 7.6
9.51e-06 0.108 7.6
9.52e-06 0.108 7.4
9.53e-06 0.108 7.4
9.54e-06 0.108 7.4
9.55e-06 0.112 7.2
9.56e-06 0.112 7
9.57e-06 0.116 7
9.58e-06 0.116 6.8
9.59e-06 0.116 6.8
9.6e-06 0.116 6.8
9.61e-06 0.12 6.6
9.62e-06 0.12 6.4
9.63e-06 0.124 6.4
9.64e-06 0.124 6.4
9.65e-06 0.124 6.2
9.66e-06 0.124 6
9.67e-06 0.132 6
9.68e-06 0.128 6
9.69e-06 0.132 5.8
9.7e-06 0.124 5.6
9.71e-06 0.128 5.6
9.72e-06 0.132 5.6
9.73e-06 0.132 5.2
9.74e-06 0.132 5.2
9.75e-06 0.132 5
9.76e-06 0.132 5
9.77e-06 0.136 4.8
9.78e-06 0.136 4.8
9.79e-06 0.136 4.6
9.8e-06 0.136 4.4
9.81e-06 0.136 4.4
9.82e-06 0.136 4.2
9.83e-06 0.14 4.2
9.84e-06 0.136 4
9.85e-06 0.14 4
9.86e-06 0.14 3.8
9.87e-06 0.136 3.6
9.88e-06 0.14 3.4
9.89e-06 0.14 3.4
9.9e-06 0.14 3.2
9.91e-06 0.14 3
9.92e-06 0.14 2.8
9.93e-06 0.14 2.6
9.94e-06 0.14 2.6
9.95e-06 0.14 2.6
9.96e-06 0.14 2.2
9.97e-06 0.14 2.4
9.98e-06 0.14 2
9.99e-06 0.14 2
1e-05 0.136 1.8
1.001e-05 0.14 1.6
1.002e-05 0.14 1.6
1.003e-05 0.136 1.4
1.004e-05 0.136 1.4
1.005e-05 0.136 1.2
1.006e-05 0.136 1
1.007e-05 0.14 0.8
1.008e-05 0.136 0.8
1.009e-05 0.136 0.4
1.01e-05 0.136 0.2
1.011e-05 0.132 0.2
1.012e-05 0.132 0
1.013e-05 0.132 0
1.014e-05 0.132 -0.6
1.015e-05 0.132 -0.6
1.016e-05 0.132 -0.8
1.017e-05 0.132 -0.8
1.018e-05 0.132 -1
1.019e-05 0.132 -1.2
1.02e-05 0.132 -1
1.021e-05 0.128 -1.4
1.022e-05 0.128 -1.4
1.023e-05 0.124 -1.6
1.024e-05 0.124 -1.8
1.025e-05 0.124 -2
1.026e-05 0.124 -2.2
1.027e-05 0.12 -2.2
1.028e-05 0.12 -2.4
1.029e-05 0.12 -2.6
1.03e-05 0.116 -2.8
1.031e-05 0.116 -3
1.032e-05 0.116 -3
1.033e-05 0.116 -3.2
1.034e-05 0.112 -3.4
1.035e-05 0.108 -3.4
1.036e-05 0.108 -3.6
1.037e-05 0.108 -3.6
1.038e-05 0.104 -3.8
1.039e-05 0.108 -3.8
1.04e-05 0.104 -4.2
1.041e-05 0.104 -4.2
1.042e-05 0.1 -4.2
1.043e-05 0.1 -4.4
1.044e-05 0.1 -4.8
1.045e-05 0.096 -4.6
1.046e-05 0.092 -4.8
1.047e-05 0.092 -5
1.048e-05 0.092 -5.2
1.049e-05 0.088 -5.2
1.05e-05 0.084 -5.4
1.051e-05 0.084 -5.6
1.052e-05 0.084 -5.6
1.053e-05 0.084 -5.6
1.054e-05 0.08 -5.8
1.055e-05 0.076 -6
1.056e-05 0.076 -5.8
1.057e-05 0.076 -6.2
1.058e-05 0.072 -6.2
1.059e-05 0.068 -6.4
1.06e-05 0.068 -6.4
1.061e-05 0.068 -6.6
1.062e-05 0.064 -6.6
1.063e-05 0.06 -6.6
1.064e-05 0.06 -7
1.065e-05 0.056 -7
1.066e-05 0.056 -7.2
1.067e-05 0.052 -7.2
1.068e-05 0.052 -7.4
1.069e-05 0.052 -7.4
1.07e-05 0.052 -7.4
1.071e-05 0.044 -7.6
1.072e-05 0.04 -7.6
1.073e-05 0.04 -7.6
1.074e-05 0.036 -7.8
1.075e-05 0.036 -8
1.076e-05 0.036 -7.8
1.077e-05 0.028 -8
1.078e-05 0.028 -8.2
1.079e-05 0.028 -8.2
1.08e-05 0.024 -8.2
1.081e-05 0.024 -8.4
1.082e-05 0.02 -8.6
1.083e-05 0.02 -8.6
1.084e-05 0.012 -8.6
1.085e-05 0.012 -8.8
1.086e-05 0.008 -8.6
1.087e-05 0.008 -8.8
1.088e-05 0.008 -8.8
1.089e-05 0.004 -8.8
1.09e-05 0.004 -8.8
1.091e-05 0 -8.8
1.092e-05 -0.008 -9
1.093e-05 0 -9
1.094e-05 -0.012 -9
1.095e-05 -0.016 -9
1.096e-05 -0.016 -9.2
1.097e-05 -0.02 -9.2
1.098e-05 -0.02 -9.4
1.099e-05 -0.02 -9.2
1.1e-05 -0.024 -9.4
1.101e-05 -0.028 -9.4
1.102e-05 -0.032 -9.4
1.103e-05 -0.032 -9.4
1.104e-05 -0.032 -9.4
1.105e-05 -0.032 -9.6
1.106e-05 -0.04 -9.4
1.107e-05 -0.04 -9.6
1.108e-05 -0.044 -9.6
1.109e-05 -0.044 -9.6
1.11e-05 -0.048 -9.6
1.111e-05 -0.048 -9.6
1.112e-05 -0.048 -9.6
1.113e-05 -0.056 -9.4
1.114e-05 -0.056 -9.6
1.115e-05 -0.06 -9.6
1.116e-05 -0.06 -9.6
1.117e-05 -0.064 -9.6
1.118e-05 -0.064 -9.6
1.119e-05 -0.068 -9.6
1.12e-05 -0.072 -9.4
1.121e-05 -0.072 -9.6
1.122e-05 -0.072 -9.6
1.123e-05 -0.076 -9.4
1.124e-05 -0.08 -9.4
1.125e-05 -0.08 -9.4
1.126e-05 -0.08 -9.4
1.127e-05 -0.08 -9.2
1.128e-05 -0.084 -9.4
1.129e-05 -0.088 -9
1.13e-05 -0.088 -9.2
1.131e-05 -0.088 -9.2
1.132e-05 -0.096 -9
1.133e-05 -0.096 -9
1.134e-05 -0.096 -8.8
1.135e-05 -0.096 -9
1.136e-05 -0.096 -8.8
1.137e-05 -0.104 -8.8
1.138e-05 -0.104 -9
1.139e-05 -0.104 -8.6
1.14e-05 -0.108 -8.8
1.141e-05 -0.108 -8.6
1.142e-05 -0.112 -8.4
1.143e-05 -0.112 -8.4
1.144e-05 -0.112 -8.4
1.145e-05 -0.112 -8.2
1.146e-05 -0.116 -8.2
1.147e-05 -0.12 -8
1.148e-05 -0.12 -8
1.149e-05 -0.12 -8
1.15e-05 -0.124 -7.8
1.151e-05 -0.124 -7.8
1.152e-05 -0.124 -7.6
1.153e-05 -0.128 -7.8
1.154e-05 -0.128 -7.6
1.155e-05 -0.128 -7.6
1.156e-05 -0.128 -7.4
1.157e-05 -0.132 -7.4
1.158e-05 -0.128 -7.2
1.159e-05 -0.132 -7.2
1.16e-05 -0.136 -7
1.161e-05 -0.136 -7
1.162e-05 -0.136 -6.8
1.163e-05 -0.136 -6.6
1.164e-05 -0.14 -6.6
1.165e-05 -0.14 -6.4
1.166e-05 -0.14 -6.2
1.167e-05 -0.14 -6.2
1.168e-05 -0.14 -6.2
1.169e-05 -0.144 -6
1.17e-05 -0.144 -5.8
1.171e-05 -0.144 -6
1.172e-05 -0.144 -5.6
1.173e-05 -0.144 -5.6
1.174e-05 -0.144 -5.4
1.175e-05 -0.144 -5.4
1.176e-05 -0.144 -5.2
1.177e-05 -0.152 -5.2
1.178e-05 -0.148 -5
1.179e-05 -0.152 -4.8
1.18e-05 -0.152 -4.6
1.181e-05 -0.152 -4.6
1.182e-05 -0.152 -4.4
1.183e-05 -0.152 -4.2
1.184e-05 -0.152 -4
1.185e-05 -0.156 -4.2
1.186e-05 -0.152 -4
1.187e-05 -0.152 -3.8
1.188e-05 -0.152 -3.8
1.189e-05 -0.156 -3.6
1.19e-05 -0.156 -3.4
1.191e-05 -0.152 -3.2
1.192e-05 -0.152 -3.2
1.193e-05 -0.152 -3.2
1.194e-05 -0.152 -2.8
1.195e-05 -0.152 -2.6
1.196e-05 -0.156 -2.6
1.197e-05 -0.152 -2.4
1.198e-05 -0.152 -2.2
1.199e-05 -0.152 -2.2
1.2e-05 -0.152 -1.8
1.201e-05 -0.152 -1.8
1.202e-05 -0.152 -1.8
1.203e-05 -0.148 -1.6
1.204e-05 -0.144 -1.4
1.205e-05 -0.148 -1.4
1.206e-05 -0.148 -1.2
1.207e-05 -0.152 -1
1.208e-05 -0.144 -0.8
1.209e-05 -0.148 -0.8
1.21e-05 -0.144 -0.6
1.211e-05 -0.144 -0.4
1.212e-05 -0.144 0
1.213e-05 -0.144 0.2
1.214e-05 -0.144 0.2
1.215e-05 -0.144 0.4
1.216e-05 -0.14 0.6
1.217e-05 -0.14 0.8
1.218e-05 -0.14 0.8
1.219e-05 -0.136 1
1.22e-05 -0.136 1.2
1.221e-05 -0.136 1.2
1.222e-05 -0.136 1.4
1.223e-05 -0.132 1.6
1.224e-05 -0.132 1.6
1.225e-05 -0.132 1.8
1.226e-05 -0.128 1.8
1.227e-05 -0.128 2
1.228e-05 -0.128 2.2
1.229e-05 -0.128 2.4
1.23e-05 -0.124 2.4
1.231e-05 -0.128 2.6
1.232e-05 -0.124 2.8
1.233e-05 -0.12 3
1.234e-05 -0.12 3.2
1.235e-05 -0.12 3.2
1.236e-05 -0.12 3.4
1.237e-05 -0.12 3.6
1.238e-05 -0.112 3.4
1.239e-05 -0.112 3.8
1.24e-05 -0.108 3.8
1.241e-05 -0.108 4
1.242e-05 -0.108 4
1.243e-05 -0.108 4.2
1.244e-05 -0.108 4.4
1.245e-05 -0.104 4.4
1.246e-05 -0.096 4.6
1.247e-05 -0.096 4.8
1.248e-05 -0.096 5
1.249e-05 -0.096 4.8
1.25e-05 -0.096 5
1.251e-05 -0.092 5.4
1.252e-05 -0.092 5.6
1.253e-05 -0.088 5.4
1.254e-05 -0.088 5.6
1.255e-05 -0.084 5.6
1.256e-05 -0.08 5.6
1.257e-05 -0.08 5.8
1.258e-05 -0.08 6
1.259e-05 -0.08 6
1.26e-05 -0.076 6
1.261e-05 -0.072 6.2
1.262e-05 -0.072 6.4
1.263e-05 -0.064 6.4
1.264e-05 -0.064 6.4
1.265e-05 -0.064 6.6
1.266e-05 -0.06 6.6
1.267e-05 -0.06 6.6
1.268e-05 -0.06 7
1.269e-05 -0.056 7.2
1.27e-05 -0.056 7.2
1.271e-05 -0.048 7.2
1.272e-05 -0.048 7.4
1.273e-05 -0.048 7.4
1.274e-05 -0.044 7.4
1.275e-05 -0.044 7.4
1.276e-05 -0.04 7.6
1.277e-05 -0.032 7.6
1.278e-05 -0.032 7.6
1.279e-05 -0.032 7.8
1.28e-05 -0.032 7.8
1.281e-05 -0.032 8
1.282e-05 -0.028 8
1.283e-05 -0.024 8
1.284e-05 -0.024 8.2
1.285e-05 -0.02 8.2
1.286e-05 -0.016 8.2
1.287e-05 -0.016 8.2
1.288e-05 -0.016 8.4
1.289e-05 -0.012 8.6
1.29e-05 -0.008 8.4
1.291e-05 -0.008 8.6
1.292e-05 0.004 8.4
1.293e-05 0.004 8.6
1.294e-05 0.004 8.4
1.295e-05 0.004 8.6
1.296e-05 0.008 8.8
1.297e-05 0.012 8.8
1.298e-05 0.012 8.8
1.299e-05 0.02 8.8
1.3e-05 0.02 8.8
1.301e-05 0.02 8.8
1.302e-05 0.024 9
1.303e-05 0.024 8.8
1.304e-05 0.028 9
1.305e-05 0.028 8.8
1.306e-05 0.036 9
1.307e-05 0.032 9
1.308e-05 0.04 9
1.309e-05 0.036 9
1.31e-05 0.04 9
1.311e-05 0.044 9
1.312e-05 0.044 9
1.313e-05 0.048 9
1.314e-05 0.052 8.8
1.315e-05 0.052 8.8
1.316e-05 0.052 8.8
1.317e-05 0.056 8.8
1.318e-05 0.06 8.8
1.319e-05 0.06 8.8
1.32e-05 0.06 8.8
1.321e-05 0.068 8.8
1.322e-05 0.068 9
1.323e-05 0.068 8.8
1.324e-05 0.068 8.8
1.325e-05 0.068 8.8
1.326e-05 0.072 8.8
1.327e-05 0.076 8.6
1.328e-05 0.076 8.6
1.329e-05 0.076 8.6
1.33e-05 0.084 8.4
1.331e-05 0.084 8.2
1.332e-05 0.084 8.2
1.333e-05 0.088 8.2
1.334e-05 0.088 8.2
1.335e-05 0.088 8.2
1.336e-05 0.092 8
1.337e-05 0.092 8
1.338e-05 0.1 8
1.339e-05 0.096 8
1.34e-05 0.1 8
1.341e-05 0.1 7.8
1.342e-05 0.104 7.8
1.343e-05 0.104 7.8
1.344e-05 0.108 7.6
1.345e-05 0.104 7.6
1.346e-05 0.108 7.4
1.347e-05 0.108 7.4
1.348e-05 0.108 7.2
1.349e-05 0.108 7.2
1.35e-05 0.112 7
1.351e-05 0.116 6.8
1.352e-05 0.116 6.8
1.353e-05 0.116 6.6
1.354e-05 0.12 6.6
1.355e-05 0.12 6.6
1.356e-05 0.12 6.4
1.357e-05 0.12 6.4
1.358e-05 0.124 6.4
1.359e-05 0.124 6.2
1.36e-05 0.124 6.2
1.361e-05 0.128 6
1.362e-05 0.132 6
1.363e-05 0.128 6
1.364e-05 0.128 5.8
1.365e-05 0.132 5.6
1.366e-05 0.132 5.2
1.367e-05 0.132 5.4
1.368e-05 0.132 5.2
1.369e-05 0.136 5
1.37e-05 0.132 5
1.371e-05 0.136 4.8
1.372e-05 0.136 4.8
1.373e-05 0.136 4.6
1.374e-05 0.136 4.4
1.375e-05 0.136 4.4
1.376e-05 0.14 4.2
1.377e-05 0.136 4.2
1.378e-05 0.14 4.2
1.379e-05 0.14 4
1.38e-05 0.14 3.8
1.381e-05 0.14 3.6
1.382e-05 0.14 3.4
1.383e-05 0.136 3.4
1.384e-05 0.14 3.2
1.385e-05 0.14 3.2
1.386e-05 0.14 2.8
1.387e-05 0.14 2.6
1.388e-05 0.14 2.6
1.389e-05 0.14 2.4
1.39e-05 0.136 2.4
1.391e-05 0.14 2.4
1.392e-05 0.136 2
1.393e-05 0.14 2
1.394e-05 0.14 1.8
1.395e-05 0.14 1.8
1.396e-05 0.14 1.6
1.397e-05 0.14 1.4
1.398e-05 0.14 1.2
1.399e-05 0.14 1.2
1.4e-05 0.14 1
1.401e-05 0.136 0.8
1.402e-05 0.136 0.4
1.403e-05 0.136 0.4
1.404e-05 0.136 0.2
1.405e-05 0.136 0.2
1.406e-05 0.132 0.2
1.407e-05 0.132 0
1.408e-05 0.132 -0.4
1.409e-05 0.132 -0.6
1.41e-05 0.132 -0.8
1.411e-05 0.132 -0.8
1.412e-05 0.132 -1
1.413e-05 0.132 -1
1.414e-05 0.132 -1.2
1.415e-05 0.128 -1.4
1.416e-05 0.124 -1.6
1.417e-05 0.124 -1.8
1.418e-05 0.128 -1.8
1.419e-05 0.12 -2.2
1.42e-05 0.12 -2
1.421e-05 0.12 -2.2
1.422e-05 0.12 -2.6
1.423e-05 0.116 -2.6
1.424e-05 0.116 -2.8
1.425e-05 0.116 -3
1.426e-05 0.116 -3
1.427e-05 0.116 -3.2
1.428e-05 0.116 -3.2
1.429e-05 0.112 -3.4
1.43e-05 0.108 -3.4
1.431e-05 0.108 -3.6
1.432e-05 0.104 -3.8
1.433e-05 0.104 -4
1.434e-05 0.104 -4
1.435e-05 0.104 -4.2
1.436e-05 0.1 -4.4
1.437e-05 0.1 -4.6
1.438e-05 0.1 -4.6
1.439e-05 0.096 -4.8
1.44e-05 0.092 -5
1.441e-05 0.092 -4.8
1.442e-05 0.088 -5.2
1.443e-05 0.088 -5.4
1.444e-05 0.088 -5.4
1.445e-05 0.084 -5.6
1.446e-05 0.084 -5.6
1.447e-05 0.084 -5.6
1.448e-05 0.084 -5.6
1.449e-05 0.076 -5.8
1.45e-05 0.076 -6
1.451e-05 0.076 -6
1.452e-05 0.068 -6.2
1.453e-05 0.072 -6.4
1.454e-05 0.068 -6.6
1.455e-05 0.068 -6.6
1.456e-05 0.064 -6.8
1.457e-05 0.06 -6.8
1.458e-05 0.06 -7
1.459e-05 0.056 -7
1.46e-05 0.056 -7.2
1.461e-05 0.052 -7.2
1.462e-05 0.052 -7.4
1.463e-05 0.052 -7.4
1.464e-05 0.048 -7.4
1.465e-05 0.04 -7.6
1.466e-05 0.044 -7.6
1.467e-05 0.04 -7.6
1.468e-05 0.04 -7.8
1.469e-05 0.036 -8
1.47e-05 0.036 -8
1.471e-05 0.036 -8
1.472e-05 0.028 -8.2
1.473e-05 0.028 -8.2
1.474e-05 0.024 -8.4
1.475e-05 0.024 -8.2
1.476e-05 0.02 -8.6
1.477e-05 0.02 -8.6
1.478e-05 0.02 -8.6
1.479e-05 0.016 -8.6
1.48e-05 0.012 -8.8
1.481e-05 0.012 -8.6
1.482e-05 0.008 -8.8
1.483e-05 0.004 -8.8
1.484e-05 0.004 -8.8
1.485e-05 0 -8.8
1.486e-05 0.004 -9
1.487e-05 -0.008 -8.8
1.488e-05 -0.012 -9.2
1.489e-05 -0.012 -9.2
1.49e-05 -0.016 -9.2
1.491e-05 -0.016 -9.4
1.492e-05 -0.016 -9.4
1.493e-05 -0.024 -9.4
1.494e-05 -0.024 -9.2
1.495e-05 -0.028 -9.4
1.496e-05 -0.032 -9.4
1.497e-05 -0.028 -9.4
1.498e-05 -0.032 -9.4
1.499e-05 -0.036 -9.4
1.5e-05 -0.04 -9.6
1.501e-05 -0.04 -9.4
1.502e-05 -0.044 -9.4
1.503e-05 -0.044 -9.6
1.504e-05 -0.048 -9.6
1.505e-05 -0.048 -9.4
1.506e-05 -0.048 -9.6
1.507e-05 -0.056 -9.6
1.508e-05 -0.056 -9.6
1.509e-05 -0.056 -9.6
1.51e-05 -0.06 -9.6
1.511e-05 -0.06 -9.6
1.512e-05 -0.064 -9.6
1.513e-05 -0.068 -9.6
1.514e-05 -0.072 -9.6
1.515e-05 -0.072 -9.4
1.516e-05 -0.072 -9.4
1.517e-05 -0.076 -9.4
1.518e-05 -0.076 -9.4
1.519e-05 -0.08 -9.4
1.52e-05 -0.08 -9.2
1.521e-05 -0.08 -9.2
1.522e-05 -0.084 -9.2
1.523e-05 -0.084 -9.2
1.524e-05 -0.088 -9.2
1.525e-05 -0.092 -9
1.526e-05 -0.092 -9
1.527e-05 -0.096 -9
1.528e-05 -0.096 -9
1.529e-05 -0.096 -9
1.53e-05 -0.096 -8.8
1.531e-05 -0.1 -8.8
1.532e-05 -0.104 -8.8
1.533e-05 -0.108 -8.8
1.534e-05 -0.108 -8.6
1.535e-05 -0.104 -8.4
1.536e-05 -0.112 -8.4
1.537e-05 -0.112 -8.4
1.538e-05 -0.112 -8.2
1.539e-05 -0.112 -8.2
1.54e-05 -0.12 -8.2
1.541e-05 -0.116 -8.2
1.542e-05 -0.12 -8
1.543e-05 -0.12 -8
1.544e-05 -0.124 -8
1.545e-05 -0.124 -7.8
1.546e-05 -0.128 -7.8
1.547e-05 -0.124 -7.6
1.548e-05 -0.128 -7.6
1.549e-05 -0.128 -7.4
1.55e-05 -0.128 -7.4
1.551e-05 -0.132 -7.4
1.552e-05 -0.128 -7.2
1.553e-05 -0.132 -7
1.554e-05 -0.136 -7
1.555e-05 -0.136 -7
1.556e-05 -0.136 -6.8
1.557e-05 -0.14 -6.6
1.558e-05 -0.136 -6.6
1.559e-05 -0.14 -6.6
1.56e-05 -0.14 -6.4
1.561e-05 -0.14 -6.4
1.562e-05 -0.144 -6.2
1.563e-05 -0.144 -6.2
1.564e-05 -0.144 -6.2
1.565e-05 -0.144 -5.8
1.566e-05 -0.144 -5.8
1.567e-05 -0.144 -5.8
1.568e-05 -0.144 -5.6
1.569e-05 -0.144 -5.4
1.57e-05 -0.144 -5.2
1.571e-05 -0.152 -5.2
1.572e-05 -0.152 -5
1.573e-05 -0.148 -4.8
1.574e-05 -0.152 -4.8
1.575e-05 -0.152 -4.6
1.576e-05 -0.152 -4.6
1.577e-05 -0.148 -4.2
1.578e-05 -0.152 -4.2
1.579e-05 -0.152 -4
1.58e-05 -0.152 -3.8
1.581e-05 -0.152 -4
1.582e-05 -0.152 -3.8
1.583e-05 -0.152 -3.6
1.584e-05 -0.152 -3.6
1.585e-05 -0.152 -3.4
1.586e-05 -0.152 -3.2
1.587e-05 -0.152 -3.2
1.588e-05 -0.152 -2.8
1.589e-05 -0.152 -2.8
1.59e-05 -0.152 -2.6
1.591e-05 -0.152 -2.4
1.592e-05 -0.152 -2.2
1.593e-05 -0.152 -2.2
1.594e-05 -0.148 -2
1.595e-05 -0.152 -1.8
1.596e-05 -0.152 -1.8
1.597e-05 -0.148 -1.6
1.598e-05 -0.152 -1.6
1.599e-05 -0.152 -1.4
1.6e-05 -0.152 -1.2
1.601e-05 -0.148 -1
1.602e-05 -0.144 -1
1.603e-05 -0.144 -0.8
1.604e-05 -0.144 -0.6
1.605e-05 -0.144 -0.4
1.606e-05 -0.144 0
1.607e-05 -0.144 0.2
1.608e-05 -0.144 0.2
1.609e-05 -0.144 0.4
1.61e-05 -0.14 0.4
1.611e-05 -0.14 0.6
1.612e-05 -0.14 0.8
1.613e-05 -0.14 1
1.614e-05 -0.136 1
1.615e-05 -0.136 1.2
1.616e-05 -0.136 1.4
1.617e-05 -0.136 1.6
1.618e-05 -0.136 1.4
1.619e-05 -0.132 1.8
1.62e-05 -0.128 1.8
1.621e-05 -0.128 2
1.622e-05 -0.128 2.2
1.623e-05 -0.128 2.4
1.624e-05 -0.124 2.4
1.625e-05 -0.124 2.6
1.626e-05 -0.124 2.6
1.627e-05 -0.124 2.8
1.628e-05 -0.12 3
1.629e-05 -0.12 3.2
1.63e-05 -0.116 3.2
1.631e-05 -0.116 3.4
1.632e-05 -0.112 3.4
1.633e-05 -0.112 3.6
1.634e-05 -0.112 3.8
1.635e-05 -0.108 3.8
1.636e-05 -0.108 4
1.637e-05 -0.108 4
1.638e-05 -0.104 4.2
1.639e-05 -0.104 4.4
1.64e-05 -0.1 4.4
1.641e-05 -0.096 4.8
1.642e-05 -0.096 4.8
1.643e-05 -0.096 5
1.644e-05 -0.092 5.2
1.645e-05 -0.092 5
1.646e-05 -0.088 5.2
1.647e-05 -0.088 5.6
1.648e-05 -0.088 5.4
1.649e-05 -0.08 5.6
1.65e-05 -0.08 5.6
1.651e-05 -0.08 5.8
1.652e-05 -0.08 5.8
1.653e-05 -0.08 6
1.654e-05 -0.076 6
1.655e-05 -0.076 6
1.656e-05 -0.072 6.2
1.657e-05 -0.068 6.4
1.658e-05 -0.068 6.4
1.659e-05 -0.064 6.6
1.66e-05 -0.064 6.8
1.661e-05 -0.06 6.8
1.662e-05 -0.056 7
1.663e-05 -0.056 7.2
1.664e-05 -0.056 7.2
1.665e-05 -0.048 7.2
1.666e-05 -0.048 7.2
1.667e-05 -0.048 7.4
1.668e-05 -0.044 7.2
1.669e-05 -0.044 7.4
1.67e-05 -0.04 7.6
1.671e-05 -0.04 7.6
1.672e-05 -0.036 7.8
1.673e-05 -0.032 7.6
1.674e-05 -0.032 8
1.675e-05 -0.028 7.6
1.676e-05 -0.028 8
1.677e-05 -0.024 8.2
1.678e-05 -0.024 8.2
1.679e-05 -0.02 8.2
1.68e-05 -0.016 8.4
1.681e-05 -0.016 8.4
1.682e-05 -0.012 8.4
1.683e-05 -0.012 8.4
1.684e-05 -0.008 8.6
1.685e-05 -0.008 8.4
1.686e-05 0.004 8.4
1.687e-05 0.004 8.6
1.688e-05 0.004 8.6
1.689e-05 0.008 8.6
1.69e-05 0.008 8.6
1.691e-05 0.012 8.8
1.692e-05 0.012 8.8
1.693e-05 0.012 8.8
1.694e-05 0.02 8.8
1.695e-05 0.02 8.8
1.696e-05 0.024 8.8
1.697e-05 0.028 9
1.698e-05 0.028 9
1.699e-05 0.032 9
1.7e-05 0.036 9
1.701e-05 0.032 8.8
1.702e-05 0.036 9
1.703e-05 0.04 9
1.704e-05 0.04 8.8
1.705e-05 0.044 9
1.706e-05 0.044 9
1.707e-05 0.044 9
1.708e-05 0.052 9
1.709e-05 0.052 8.8
1.71e-05 0.056 8.8
1.711e-05 0.056 8.8
1.712e-05 0.056 8.8
1.713e-05 0.06 8.8
1.714e-05 0.06 8.8
1.715e-05 0.06 9
1.716e-05 0.068 8.8
1.717e-05 0.068 8.8
1.718e-05 0.068 8.8
1.719e-05 0.072 8.6
1.72e-05 0.072 8.8
1.721e-05 0.076 8.8
1.722e-05 0.076 8.4
1.723e-05 0.08 8.6
1.724e-05 0.084 8.6
1.725e-05 0.084 8.4
1.726e-05 0.084 8.4
1.727e-05 0.084 8.4
1.728e-05 0.088 8.2
1.729e-05 0.092 8.2
1.73e-05 0.092 8.2
1.731e-05 0.092 8.2
1.732e-05 0.096 8
1.733e-05 0.1 8
1.734e-05 0.1 8
1.735e-05 0.1 8
1.736e-05 0.1 7.8
1.737e-05 0.104 7.6
1.738e-05 0.104 7.6
1.739e-05 0.108 7.6
1.74e-05 0.108 7.4
1.741e-05 0.108 7.4
1.742e-05 0.108 7.2
1.743e-05 0.112 7
1.744e-05 0.116 7.2
1.745e-05 0.116 6.8
1.746e-05 0.116 6.8
1.747e-05 0.116 6.8
1.748e-05 0.116 6.8
1.749e-05 0.12 6.6
1.75e-05 0.12 6.6
1.751e-05 0.124 6.6
1.752e-05 0.124 6.4
1.753e-05 0.124 6.2
1.754e-05 0.124 6
1.755e-05 0.124 6
1.756e-05 0.132 6
1.757e-05 0.128 5.8
1.758e-05 0.132 5.6
1.759e-05 0.132 5.6
1.76e-05 0.132 5.6
1.761e-05 0.132 5.4
1.762e-05 0.132 5.2
1.763e-05 0.132 5
1.764e-05 0.136 4.8
1.765e-05 0.136 5
1.766e-05 0.136 4.8
1.767e-05 0.136 4.6
1.768e-05 0.136 4.8
1.769e-05 0.136 4.4
1.77e-05 0.136 4.4
1.771e-05 0.136 4.2
1.772e-05 0.14 4
1.773e-05 0.14 4
1.774e-05 0.14 3.8
1.775e-05 0.14 3.6
1.776e-05 0.14 3.6
1.777e-05 0.14 3.4
1.778e-05 0.14 3.2
1.779e-05 0.14 3.2
1.78e-05 0.14 2.8
1.781e-05 0.14 2.8
1.782e-05 0.14 2.6
1.783e-05 0.14 2.6
1.784e-05 0.14 2.4
1.785e-05 0.14 2.2
1.786e-05 0.14 2.4
1.787e-05 0.14 2
1.788e-05 0.14 2
1.789e-05 0.14 1.8
1.79e-05 0.14 1.6
1.791e-05 0.14 1.4
1.792e-05 0.136 1.4
1.793e-05 0.14 1.2
1.794e-05 0.136 1
1.795e-05 0.136 0.8
1.796e-05 0.136 0.6
1.797e-05 0.136 0.4
1.798e-05 0.136 0.2
1.799e-05 0.136 0.2
1.8e-05 0.136 0
1.801e-05 0.136 0
1.802e-05 0.132 0
1.803e-05 0.132 -0.6
1.804e-05 0.132 -0.6
1.805e-05 0.132 -0.8
1.806e-05 0.132 -0.8
1.807e-05 0.132 -1
1.808e-05 0.128 -1.2
1.809e-05 0.128 -1.4
1.81e-05 0.124 -1.4
1.811e-05 0.124 -1.6
1.812e-05 0.124 -1.8
1.813e-05 0.124 -2
1.814e-05 0.124 -2.2
1.815e-05 0.12 -2.4
1.816e-05 0.12 -2.4
1.817e-05 0.116 -2.6
1.818e-05 0.116 -2.6
1.819e-05 0.116 -2.8
1.82e-05 0.116 -3
1.821e-05 0.112 -3
1.822e-05 0.116 -3.2
1.823e-05 0.116 -3.2
1.824e-05 0.108 -3.4
1.825e-05 0.108 -3.6
1.826e-05 0.104 -3.8
1.827e-05 0.104 -4
1.828e-05 0.104 -4.2
1.829e-05 0.1 -4
1.83e-05 0.1 -4.2
1.831e-05 0.1 -4.6
1.832e-05 0.1 -4.6
1.833e-05 0.092 -4.8
1.834e-05 0.096 -4.8
1.835e-05 0.092 -4.8
1.836e-05 0.092 -5
1.837e-05 0.092 -5
1.838e-05 0.088 -5.4
1.839e-05 0.088 -5.4
1.84e-05 0.084 -5.6
1.841e-05 0.08 -5.6
1.842e-05 0.08 -5.8
1.843e-05 0.076 -5.8
1.844e-05 0.076 -6
1.845e-05 0.076 -6.2
1.846e-05 0.072 -6.4
1.847e-05 0.068 -6.4
1.848e-05 0.068 -6.6
1.849e-05 0.068 -6.6
1.85e-05 0.064 -6.6
1.851e-05 0.064 -6.8
1.852e-05 0.06 -7
1.853e-05 0.056 -7
1.854e-05 0.056 -7.2
1.855e-05 0.052 -7.2
1.856e-05 0.052 -7.4
1.857e-05 0.052 -7.2
1.858e-05 0.052 -7.4
1.859e-05 0.044 -7.4
1.86e-05 0.044 -7.6
1.861e-05 0.044 -7.8
1.862e-05 0.04 -7.8
1.863e-05 0.036 -7.8
1.864e-05 0.036 -8
1.865e-05 0.032 -8.2
1.866e-05 0.028 -8.2
1.867e-05 0.028 -8.2
1.868e-05 0.024 -8.2
1.869e-05 0.02 -8.4
1.87e-05 0.02 -8.4
1.871e-05 0.02 -8.6
1.872e-05 0.016 -8.6
1.873e-05 0.012 -8.6
1.874e-05 0.012 -8.6
1.875e-05 0.012 -8.6
1.876e-05 0.008 -8.8
1.877e-05 0.004 -8.8
1.878e-05 0.004 -8.8
1.879e-05 0.004 -9
1.88e-05 -0.008 -9
1.881e-05 -0.008 -9
1.882e-05 -0.008 -9
1.883e-05 -0.012 -9.2
1.884e-05 -0.016 -9.2
1.885e-05 -0.016 -9.4
1.886e-05 -0.016 -9.2
1.887e-05 -0.02 -9.4
1.888e-05 -0.024 -9.4
1.889e-05 -0.024 -9.4
1.89e-05 -0.028 -9.4
1.891e-05 -0.032 -9.4
1.892e-05 -0.032 -9.4
1.893e-05 -0.032 -9.4
1.894e-05 -0.04 -9.4
1.895e-05 -0.04 -9.6
1.896e-05 -0.044 -9.4
1.897e-05 -0.044 -9.6
1.898e-05 -0.044 -9.6
1.899e-05 -0.048 -9.6
1.9e-05 -0.052 -9.6
1.901e-05 -0.056 -9.6
1.902e-05 -0.056 -9.6
1.903e-05 -0.06 -9.6
1.904e-05 -0.06 -9.4
1.905e-05 -0.064 -9.6
1.906e-05 -0.064 -9.6
1.907e-05 -0.064 -9.6
1.908e-05 -0.068 -9.4
1.909e-05 -0.068 -9.4
1.91e-05 -0.076 -9.4
1.911e-05 -0.072 -9.4
1.912e-05 -0.076 -9.4
1.913e-05 -0.08 -9.4
1.914e-05 -0.08 -9.4
1.915e-05 -0.08 -9.2
1.916e-05 -0.084 -9.2
1.917e-05 -0.088 -9.2
1.918e-05 -0.088 -9.2
1.919e-05 -0.088 -9.2
1.92e-05 -0.096 -9.2
1.921e-05 -0.092 -9
1.922e-05 -0.096 -9
1.923e-05 -0.096 -9
1.924e-05 -0.096 -8.8
1.925e-05 -0.104 -8.8
1.926e-05 -0.104 -8.8
1.927e-05 -0.108 -8.6
1.928e-05 -0.108 -8.6
1.929e-05 -0.108 -8.6
1.93e-05 -0.108 -8.6
1.931e-05 -0.112 -8.4
1.932e-05 -0.112 -8.4
1.933e-05 -0.112 -8.2
1.934e-05 -0.12 -8.2
1.935e-05 -0.12 -8.2
1.936e-05 -0.12 -8.2
1.937e-05 -0.12 -8
1.938e-05 -0.124 -8
1.939e-05 -0.124 -7.8
1.94e-05 -0.124 -7.8
1.941e-05 -0.124 -7.8
1.942e-05 -0.128 -7.8
1.943e-05 -0.128 -7.6
1.944e-05 -0.128 -7.4
1.945e-05 -0.128 -7.4
1.946e-05 -0.132 -7.2
1.947e-05 -0.132 -7.2
1.948e-05 -0.132 -7
1.949e-05 -0.132 -6.8
1.95e-05 -0.136 -6.8
1.951e-05 -0.14 -6.6
1.952e-05 -0.14 -6.6
1.953e-05 -0.14 -6.6
1.954e-05 -0.14 -6.4
1.955e-05 -0.144 -6.2
1.956e-05 -0.144 -6.2
1.957e-05 -0.144 -6.2
1.958e-05 -0.144 -6
1.959e-05 -0.144 -6
1.96e-05 -0.144 -5.8
1.961e-05 -0.144 -5.6
1.962e-05 -0.144 -5.4
1.963e-05 -0.144 -5.4
1.964e-05 -0.148 -5.2
1.965e-05 -0.148 -5
1.966e-05 -0.148 -5
1.967e-05 -0.144 -4.8
1.968e-05 -0.152 -4.8
1.969e-05 -0.152 -4.6
1.97e-05 -0.152 -4.6
1.971e-05 -0.152 -4.2
1.972e-05 -0.152 -4.2
1.973e-05 -0.152 -4.2
1.974e-05 -0.152 -4
1.975e-05 -0.152 -3.8
1.976e-05 -0.152 -3.8
1.977e-05 -0.152 -3.8
1.978e-05 -0.152 -3.4
1.979e-05 -0.156 -3.4
1.98e-05 -0.152 -3.4
1.981e-05 -0.152 -3.2
1.982e-05 -0.152 -2.8
1.983e-05 -0.152 -2.8
1.984e-05 -0.152 -2.4
1.985e-05 -0.152 -2.4
1.986e-05 -0.152 -2.2
1.987e-05 -0.152 -2.2
1.988e-05 -0.152 -2
1.989e-05 -0.152 -1.8
1.99e-05 -0.152 -1.8
1.991e-05 -0.152 -1.6
1.992e-05 -0.152 -1.6
1.993e-05 -0.152 -1.4
1.994e-05 -0.144 -1.2
1.995e-05 -0.144 -1
1.996e-05 -0.144 -1
1.997e-05 -0.144 -0.8
1.998e-05 -0.148 -0.6
1.999e-05 -0.144 -0.6
2e-05 -0.144 0
2.001e-05 -0.144 0.2
2.002e-05 -0.144 0.2
2.003e-05 -0.144 0.2
2.004e-05 -0.14 0.4
2.005e-05 -0.14 0.6
2.006e-05 -0.14 0.8
2.007e-05 -0.136 1
2.008e-05 -0.14 1
2.009e-05 -0.14 1.2
2.01e-05 -0.136 1.2
2.011e-05 -0.132 1.6
2.012e-05 -0.128 1.6
2.013e-05 -0.128 1.6
2.014e-05 -0.128 1.8
2.015e-05 -0.128 2
2.016e-05 -0.128 2
2.017e-05 -0.128 2.4
2.018e-05 -0.124 2.4
2.019e-05 -0.124 2.6
2.02e-05 -0.12 2.8
2.021e-05 -0.124 2.8
2.022e-05 -0.12 3
2.023e-05 -0.12 3.2
2.024e-05 -0.116 3.2
2.025e-05 -0.12 3.4
2.026e-05 -0.112 3.4
2.027e-05 -0.112 3.4
2.028e-05 -0.112 3.6
2.029e-05 -0.108 3.8
2.03e-05 -0.108 4
2.031e-05 -0.108 4.2
2.032e-05 -0.108 4.4
2.033e-05 -0.104 4.4
2.034e-05 -0.1 4.6
2.035e-05 -0.096 4.8
2.036e-05 -0.096 5
2.037e-05 -0.096 4.8
2.038e-05 -0.092 5.2
2.039e-05 -0.092 5.2
2.04e-05 -0.092 5.2
2.041e-05 -0.088 5.2
2.042e-05 -0.088 5.4
2.043e-05 -0.084 5.6
2.044e-05 -0.084 5.6
2.045e-05 -0.08 5.8
2.046e-05 -0.08 5.8
2.047e-05 -0.076 6
2.048e-05 -0.076 6
2.049e-05 -0.072 6
2.05e-05 -0.072 6.4
2.051e-05 -0.072 6.4
2.052e-05 -0.064 6.4
2.053e-05 -0.064 6.6
2.054e-05 -0.064 6.6
2.055e-05 -0.06 6.8
2.056e-05 -0.06 7
2.057e-05 -0.056 7
2.058e-05 -0.056 7.2
2.059e-05 -0.048 7.2
2.06e-05 -0.048 7.4
2.061e-05 -0.048 7.2
2.062e-05 -0.044 7.4
2.063e-05 -0.04 7.4
2.064e-05 -0.044 7.4
2.065e-05 -0.04 7.6
2.066e-05 -0.036 7.6
2.067e-05 -0.032 7.6
2.068e-05 -0.032 8
2.069e-05 -0.028 7.6
2.07e-05 -0.028 8
2.071e-05 -0.024 8
2.072e-05 -0.024 8.2
2.073e-05 -0.016 8.2
2.074e-05 -0.016 8.2
2.075e-05 -0.016 8.2
2.076e-05 -0.016 8.4
2.077e-05 -0.012 8.4
2.078e-05 -0.008 8.4
2.079e-05 -0.008 8.4
2.08e-05 -0.008 8.4
2.081e-05 0.004 8.6
2.082e-05 0.004 8.6
2.083e-05 0.004 8.6
2.084e-05 0.008 8.6
2.085e-05 0.012 8.6
2.086e-05 0.012 8.8
2.087e-05 0.012 8.8
2.088e-05 0.02 8.8
2.089e-05 0.02 8.8
2.09e-05 0.02 8.8
2.091e-05 0.024 9
2.092e-05 0.028 8.8
2.093e-05 0.028 9
2.094e-05 0.032 9
2.095e-05 0.032 8.8
2.096e-05 0.036 9
2.097e-05 0.04 9
2.098e-05 0.04 9
2.099e-05 0.044 9
2.1e-05 0.044 8.8
2.101e-05 0.048 8.8
2.102e-05 0.048 8.8
2.103e-05 0.052 8.8
2.104e-05 0.052 8.8
2.105e-05 0.052 9
2.106e-05 0.056 9
2.107e-05 0.06 8.8
2.108e-05 0.06 8.8
2.109e-05 0.064 8.8
2.11e-05 0.068 8.8
2.111e-05 0.068 8.8
2.112e-05 0.068 8.8
2.113e-05 0.068 8.8
2.114e-05 0.072 8.6
2.115e-05 0.076 8.6
2.116e-05 0.076 8.6
2.117e-05 0.08 8.6
2.118e-05 0.08 8.4
2.119e-05 0.084 8.4
2.12e-05 0.084 8.4
2.121e-05 0.084 8.4
2.122e-05 0.088 8.2
2.123e-05 0.088 8.4
2.124e-05 0.092 8.2
2.125e-05 0.092 8
2.126e-05 0.096 8.2
2.127e-05 0.096 8
2.128e-05 0.1 8
2.129e-05 0.1 7.8
2.13e-05 0.1 7.6
2.131e-05 0.104 7.6
2.132e-05 0.104 7.6
2.133e-05 0.104 7.4
2.134e-05 0.104 7.4
2.135e-05 0.108 7.2
2.136e-05 0.108 7.4
2.137e-05 0.108 7.2
2.138e-05 0.116 7
2.139e-05 0.116 7
2.14e-05 0.116 6.8
2.141e-05 0.116 6.8
2.142e-05 0.12 6.6
2.143e-05 0.116 6.6
2.144e-05 0.12 6.6
2.145e-05 0.124 6.4
2.146e-05 0.12 6.4
2.147e-05 0.124 6.4
2.148e-05 0.124 6
2.149e-05 0.124 6
2.15e-05 0.124 5.8
2.151e-05 0.128 5.8
2.152e-05 0.128 5.6
2.153e-05 0.132 5.4
2.154e-05 0.132 5.6
2.155e-05 0.132 5.4
2.156e-05 0.132 5.2
2.157e-05 0.132 5.2
2.158e-05 0.132 5
2.159e-05 0.132 5
2.16e-05 0.136 4.8
2.161e-05 0.136 4.8
2.162e-05 0.132 4.8
2.163e-05 0.14 4.6
2.164e-05 0.136 4.4
2.165e-05 0.14 4.2
2.166e-05 0.136 4.2
2.167e-05 0.14 4
2.168e-05 0.14 3.6
2.169e-05 0.14 3.6
2.17e-05 0.136 3.4
2.171e-05 0.14 3.2
2.172e-05 0.14 3.2
2.173e-05 0.14 3
2.174e-05 0.14 3
2.175e-05 0.14 2.8
2.176e-05 0.14 2.6
2.177e-05 0.14 2.6
2.178e-05 0.136 2.4
2.179e-05 0.14 2.4
2.18e-05 0.14 2.2
2.181e-05 0.14 2.2
2.182e-05 0.14 2
2.183e-05 0.14 1.8
2.184e-05 0.136 1.6
2.185e-05 0.14 1.4
2.186e-05 0.14 1.2
2.187e-05 0.14 1.2
2.188e-05 0.136 1
2.189e-05 0.136 0.8
2.19e-05 0.136 0.6
2.191e-05 0.136 0.6
2.192e-05 0.136 0.4
2.193e-05 0.136 0.2
2.194e-05 0.136 0.2
2.195e-05 0.132 0
2.196e-05 0.132 0
2.197e-05 0.132 -0.4
2.198e-05 0.132 -0.8
2.199e-05 0.132 -0.6
2.2e-05 0.132 -0.8
2.201e-05 0.132 -1
2.202e-05 0.132 -1.2
2.203e-05 0.128 -1.4
2.204e-05 0.132 -1.6
2.205e-05 0.124 -1.6
2.206e-05 0.12 -1.8
2.207e-05 0.124 -2
2.208e-05 0.12 -2.2
2.209e-05 0.12 -2.2
2.21e-05 0.12 -2.4
2.211e-05 0.116 -2.4
2.212e-05 0.116 -2.6
2.213e-05 0.116 -2.8
2.214e-05 0.116 -3
2.215e-05 0.116 -3
2.216e-05 0.116 -3.2
2.217e-05 0.108 -3.4
2.218e-05 0.108 -3.4
2.219e-05 0.108 -3.6
2.22e-05 0.104 -3.8
2.221e-05 0.104 -4
2.222e-05 0.104 -4
2.223e-05 0.1 -4.2
2.224e-05 0.1 -4.4
2.225e-05 0.1 -4.4
2.226e-05 0.1 -4.8
2.227e-05 0.096 -4.6
2.228e-05 0.092 -4.8
2.229e-05 0.092 -5
2.23e-05 0.092 -5.2
2.231e-05 0.088 -5.2
2.232e-05 0.088 -5.2
2.233e-05 0.088 -5.4
2.234e-05 0.084 -5.6
2.235e-05 0.084 -5.6
2.236e-05 0.076 -5.6
2.237e-05 0.08 -5.8
2.238e-05 0.076 -6
2.239e-05 0.072 -6.2
2.24e-05 0.072 -6.4
2.241e-05 0.068 -6.4
2.242e-05 0.068 -6.4
2.243e-05 0.068 -6.6
2.244e-05 0.064 -6.6
2.245e-05 0.064 -6.8
2.246e-05 0.06 -7
2.247e-05 0.056 -7
2.248e-05 0.056 -7
2.249e-05 0.052 -7.2
2.25e-05 0.052 -7.2
2.251e-05 0.052 -7.2
2.252e-05 0.044 -7.4
2.253e-05 0.048 -7.6
2.254e-05 0.044 -7.6
2.255e-05 0.044 -7.8
2.256e-05 0.04 -7.6
2.257e-05 0.04 -8
2.258e-05 0.036 -8
2.259e-05 0.032 -8.2
2.26e-05 0.032 -8.2
2.261e-05 0.028 -8.2
2.262e-05 0.024 -8.4
2.263e-05 0.024 -8.4
2.264e-05 0.02 -8.4
2.265e-05 0.02 -8.6
2.266e-05 0.02 -8.4
2.267e-05 0.012 -8.8
2.268e-05 0.012 -8.6
2.269e-05 0.008 -8.6
2.27e-05 0.008 -8.6
2.271e-05 0.004 -8.8
2.272e-05 0.004 -8.8
2.273e-05 -0.008 -8.8
2.274e-05 0 -9
2.275e-05 -0.008 -9.2
2.276e-05 -0.012 -9.2
2.277e-05 -0.012 -9.4
2.278e-05 -0.012 -9
2.279e-05 -0.016 -9.2
2.28e-05 -0.024 -9.4
2.281e-05 -0.024 -9.2
2.282e-05 -0.024 -9.4
2.283e-05 -0.028 -9.4
2.284e-05 -0.028 -9.4
2.285e-05 -0.032 -9.4
2.286e-05 -0.032 -9.4
2.287e-05 -0.032 -9.4
2.288e-05 -0.04 -9.4
2.289e-05 -0.04 -9.4
2.29e-05 -0.04 -9.6
2.291e-05 -0.044 -9.4
2.292e-05 -0.044 -9.6
2.293e-05 -0.048 -9.6
2.294e-05 -0.048 -9.6
2.295e-05 -0.052 -9.8
2.296e-05 -0.056 -9.6
2.297e-05 -0.06 -9.6
2.298e-05 -0.064 -9.6
2.299e-05 -0.064 -9.6
2.3e-05 -0.064 -9.6
2.301e-05 -0.068 -9.6
2.302e-05 -0.072 -9.4
2.303e-05 -0.068 -9.4
2.304e-05 -0.072 -9.4
2.305e-05 -0.076 -9.4
2.306e-05 -0.08 -9.4
2.307e-05 -0.08 -9.2
2.308e-05 -0.08 -9.2
2.309e-05 -0.08 -9.4
2.31e-05 -0.084 -9.4
2.311e-05 -0.088 -9.2
2.312e-05 -0.088 -9.2
2.313e-05 -0.092 -9.2
2.314e-05 -0.092 -9.2
2.315e-05 -0.096 -9.2
2.316e-05 -0.096 -9
2.317e-05 -0.096 -8.8
2.318e-05 -0.1 -9
2.319e-05 -0.1 -8.8
2.32e-05 -0.104 -8.8
2.321e-05 -0.104 -8.8
2.322e-05 -0.104 -8.6
2.323e-05 -0.108 -8.6
2.324e-05 -0.108 -8.6
2.325e-05 -0.112 -8.4
2.326e-05 -0.112 -8.2
2.327e-05 -0.112 -8.4
2.328e-05 -0.116 -8.4
2.329e-05 -0.116 -8.2
2.33e-05 -0.12 -8.2
2.331e-05 -0.12 -8
2.332e-05 -0.124 -8
2.333e-05 -0.124 -8
2.334e-05 -0.124 -7.8
2.335e-05 -0.128 -7.8
2.336e-05 -0.128 -7.6
2.337e-05 -0.128 -7.4
2.338e-05 -0.128 -7.4
2.339e-05 -0.128 -7.2
2.34e-05 -0.128 -7.2
2.341e-05 -0.136 -7.2
2.342e-05 -0.136 -7
2.343e-05 -0.136 -7
2.344e-05 -0.14 -6.8
2.345e-05 -0.136 -6.8
2.346e-05 -0.14 -6.6
2.347e-05 -0.14 -6.4
2.348e-05 -0.14 -6.4
2.349e-05 -0.144 -6.4
2.35e-05 -0.144 -6.2
2.351e-05 -0.144 -6.2
2.352e-05 -0.144 -5.8
2.353e-05 -0.144 -5.8
2.354e-05 -0.144 -5.8
2.355e-05 -0.144 -5.6
2.356e-05 -0.144 -5.4
2.357e-05 -0.144 -5.4
2.358e-05 -0.148 -5.2
2.359e-05 -0.152 -5
2.36e-05 -0.148 -4.8
2.361e-05 -0.152 -5
2.362e-05 -0.152 -4.8
2.363e-05 -0.152 -4.6
2.364e-05 -0.152 -4.6
2.365e-05 -0.152 -4.4
2.366e-05 -0.152 -4.4
2.367e-05 -0.152 -4.2
2.368e-05 -0.152 -4
2.369e-05 -0.152 -4
2.37e-05 -0.152 -3.8
2.371e-05 -0.152 -3.8
2.372e-05 -0.152 -3.4
2.373e-05 -0.152 -3.2
2.374e-05 -0.152 -3.2
2.375e-05 -0.152 -3
2.376e-05 -0.152 -3
2.377e-05 -0.152 -2.6
2.378e-05 -0.152 -2.6
2.379e-05 -0.152 -2.4
2.38e-05 -0.156 -2.4
2.381e-05 -0.152 -2.4
2.382e-05 -0.152 -2
2.383e-05 -0.152 -1.8
2.384e-05 -0.152 -1.8
2.385e-05 -0.152 -1.6
2.386e-05 -0.152 -1.6
2.387e-05 -0.148 -1.4
2.388e-05 -0.144 -1.4
2.389e-05 -0.148 -1
2.39e-05 -0.144 -0.8
2.391e-05 -0.152 -0.8
2.392e-05 -0.144 -0.8
2.393e-05 -0.144 0
2.394e-05 -0.144 0
2.395e-05 -0.144 0
2.396e-05 -0.144 0.2
2.397e-05 -0.144 0.4
2.398e-05 -0.14 0.4
2.399e-05 -0.14 0.6
2.4e-05 -0.14 0.8
2.401e-05 -0.14 0.8
2.402e-05 -0.136 1
2.403e-05 -0.14 1.2
2.404e-05 -0.14 1.4
2.405e-05 -0.136 1.6
2.406e-05 -0.136 1.6
2.407e-05 -0.128 1.8
2.408e-05 -0.128 1.8
2.409e-05 -0.128 2
2.41e-05 -0.128 2.2
2.411e-05 -0.128 2.2
2.412e-05 -0.128 2.4
2.413e-05 -0.124 2.6
2.414e-05 -0.124 2.6
2.415e-05 -0.12 2.8
2.416e-05 -0.12 2.8
2.417e-05 -0.12 3.2
2.418e-05 -0.12 3.2
2.419e-05 -0.112 3.2
2.42e-05 -0.112 3.6
2.421e-05 -0.112 3.4
2.422e-05 -0.112 3.6
2.423e-05 -0.108 4
2.424e-05 -0.108 4
2.425e-05 -0.104 4.2
2.426e-05 -0.104 4.2
2.427e-05 -0.104 4.4
2.428e-05 -0.1 4.8
2.429e-05 -0.1 4.8
2.43e-05 -0.096 4.8
2.431e-05 -0.096 5
2.432e-05 -0.096 5
2.433e-05 -0.092 5
2.434e-05 -0.092 5.2
2.435e-05 -0.088 5.4
2.436e-05 -0.088 5.4
2.437e-05 -0.084 5.4
2.438e-05 -0.084 5.6
2.439e-05 -0.08 5.8
2.44e-05 -0.08 5.8
2.441e-05 -0.076 6
2.442e-05 -0.076 6.2
2.443e-05 -0.076 6
2.444e-05 -0.072 6.4
2.445e-05 -0.072 6.4
2.446e-05 -0.064 6.6
2.447e-05 -0.064 6.6
2.448e-05 -0.064 6.8
2.449e-05 -0.06 6.8
2.45e-05 -0.06 6.8
2.451e-05 -0.06 7
2.452e-05 -0.056 7
2.453e-05 -0.052 7
2.454e-05 -0.052 7.2
2.455e-05 -0.048 7.2
2.456e-05 -0.044 7.4
2.457e-05 -0.044 7.4
2.458e-05 -0.04 7.6
2.459e-05 -0.04 7.6
2.46e-05 -0.036 7.6
2.461e-05 -0.032 7.8
2.462e-05 -0.032 7.8
2.463e-05 -0.032 8
2.464e-05 -0.028 8
2.465e-05 -0.024 8
2.466e-05 -0.024 8
2.467e-05 -0.02 8.2
2.468e-05 -0.016 8.4
2.469e-05 -0.016 8.2
2.47e-05 -0.016 8.2
2.471e-05 -0.012 8.4
2.472e-05 -0.008 8.4
2.473e-05 -0.008 8.4
2.474e-05 0 8.4
2.475e-05 0.004 8.6
2.476e-05 0.004 8.6
2.477e-05 0.004 8.8
2.478e-05 0.008 8.8
2.479e-05 0.008 8.8
2.48e-05 0.012 8.6
2.481e-05 0.012 8.8
2.482e-05 0.02 8.8
2.483e-05 0.02 8.8
2.484e-05 0.02 9
2.485e-05 0.024 8.8
2.486e-05 0.028 8.8
2.487e-05 0.028 9
2.488e-05 0.028 8.8
2.489e-05 0.032 9
2.49e-05 0.036 9
2.491e-05 0.04 9
2.492e-05 0.04 9
2.493e-05 0.044 9
2.494e-05 0.044 9
2.495e-05 0.044 8.8
2.496e-05 0.052 8.8
2.497e-05 0.052 9
2.498e-05 0.052 8.8
2.499e-05 0.052 9
2.5e-05 0.056 8.8
2.501e-05 0.056 8.8
2.502e-05 0.06 9
2.503e-05 0.06 8.8
2.504e-05 0.068 8.8
2.505e-05 0.068 8.8
2.506e-05 0.068 8.8
2.507e-05 0.068 8.6
2.508e-05 0.072 8.6
2.509e-05 0.076 8.6
2.51e-05 0.072 8.6
2.511e-05 0.076 8.4
2.512e-05 0.08 8.4
2.513e-05 0.08 8.4
2.514e-05 0.08 8.2
2.515e-05 0.088 8.4
2.516e-05 0.084 8.4
2.517e-05 0.088 8.4
2.518e-05 0.092 8.2
2.519e-05 0.092 8.2
2.52e-05 0.092 8
2.521e-05 0.1 8
2.522e-05 0.1 8
2.523e-05 0.1 7.8
2.524e-05 0.1 7.8
2.525e-05 0.104 7.6
2.526e-05 0.104 7.6
2.527e-05 0.104 7.6
2.528e-05 0.108 7.4
2.529e-05 0.108 7.4
2.53e-05 0.108 7.4
2.531e-05 0.112 7.2
2.532e-05 0.116 7.2
2.533e-05 0.116 6.8
2.534e-05 0.116 7
2.535e-05 0.116 7
2.536e-05 0.116 6.8
2.537e-05 0.12 6.6
2.538e-05 0.12 6.6
2.539e-05 0.124 6.6
2.54e-05 0.124 6.4
2.541e-05 0.124 6.2
2.542e-05 0.12 6.2
2.543e-05 0.124 6
2.544e-05 0.124 5.8
2.545e-05 0.128 5.8
2.546e-05 0.132 5.6
2.547e-05 0.132 5.6
2.548e-05 0.132 5.4
2.549e-05 0.132 5.4
2.55e-05 0.132 5.2
2.551e-05 0.132 5.2
2.552e-05 0.132 5
2.553e-05 0.132 5
2.554e-05 0.136 4.8
2.555e-05 0.136 4.8
2.556e-05 0.136 4.6
2.557e-05 0.132 4.6
2.558e-05 0.136 4.2
2.559e-05 0.136 4.2
2.56e-05 0.136 4.2
2.561e-05 0.136 3.8
2.562e-05 0.14 3.6
2.563e-05 0.14 3.6
2.564e-05 0.136 3.4
2.565e-05 0.14 3.4
2.566e-05 0.14 3.2
2.567e-05 0.14 3.2
2.568e-05 0.14 2.8
2.569e-05 0.14 2.8
2.57e-05 0.14 2.8
2.571e-05 0.136 2.6
2.572e-05 0.14 2.6
2.573e-05 0.14 2.4
2.574e-05 0.14 2.2
2.575e-05 0.14 2.2
2.576e-05 0.136 2
2.577e-05 0.14 1.6
2.578e-05 0.14 1.6
2.579e-05 0.14 1.6
2.58e-05 0.136 1.4
2.581e-05 0.136 1
2.582e-05 0.136 1
2.583e-05 0.136 1
2.584e-05 0.136 0.8
2.585e-05 0.136 0.6
2.586e-05 0.136 0.4
2.587e-05 0.136 0.2
2.588e-05 0.132 0.2
2.589e-05 0.132 0.2
2.59e-05 0.136 0
2.591e-05 0.132 -0.4
2.592e-05 0.132 -0.8
2.593e-05 0.132 -0.8
2.594e-05 0.132 -0.8
2.595e-05 0.132 -1.2
2.596e-05 0.128 -1.2
2.597e-05 0.124 -1.4
2.598e-05 0.128 -1.6
2.599e-05 0.124 -1.6
2.6e-05 0.124 -1.8
2.601e-05 0.124 -2
2.602e-05 0.12 -2
2.603e-05 0.12 -2.2
2.604e-05 0.12 -2.4
2.605e-05 0.116 -2.4
2.606e-05 0.116 -2.4
2.607e-05 0.116 -2.8
2.608e-05 0.116 -3
2.609e-05 0.116 -3
2.61e-05 0.112 -3.2
2.611e-05 0.108 -3.2
2.612e-05 0.108 -3.6
2.613e-05 0.108 -3.6
2.614e-05 0.108 -3.8
2.615e-05 0.104 -4
2.616e-05 0.104 -4
2.617e-05 0.1 -4
2.618e-05 0.1 -4.2
2.619e-05 0.1 -4.6
2.62e-05 0.1 -4.4
2.621e-05 0.1 -4.8
2.622e-05 0.092 -4.8
2.623e-05 0.092 -4.8
2.624e-05 0.092 -5
2.625e-05 0.088 -5.2
2.626e-05 0.088 -5.2
2.627e-05 0.084 -5.4
2.628e-05 0.084 -5.6
2.629e-05 0.084 -5.6
2.63e-05 0.076 -5.8
2.631e-05 0.076 -5.8
2.632e-05 0.076 -6.2
2.633e-05 0.076 -6
2.634e-05 0.072 -6.2
2.635e-05 0.068 -6.4
2.636e-05 0.068 -6.4
2.637e-05 0.068 -6.6
2.638e-05 0.064 -6.6
2.639e-05 0.064 -6.8
2.64e-05 0.06 -7
2.641e-05 0.06 -7
2.642e-05 0.056 -7
2.643e-05 0.052 -7.2
2.644e-05 0.052 -7.2
2.645e-05 0.052 -7.4
2.646e-05 0.048 -7.4
2.647e-05 0.044 -7.4
2.648e-05 0.044 -7.6
2.649e-05 0.04 -7.6
2.65e-05 0.04 -7.8
2.651e-05 0.036 -8
2.652e-05 0.036 -8
2.653e-05 0.032 -8.2
2.654e-05 0.032 -8.2
2.655e-05 0.028 -8.2
2.656e-05 0.028 -8.2
2.657e-05 0.024 -8.4
2.658e-05 0.02 -8.4
2.659e-05 0.02 -8.4
2.66e-05 0.02 -8.6
2.661e-05 0.012 -8.6
2.662e-05 0.012 -8.4
2.663e-05 0.012 -8.6
2.664e-05 0.008 -8.8
2.665e-05 0.004 -8.8
2.666e-05 0.004 -8.8
2.667e-05 0 -9
2.668e-05 0 -9
2.669e-05 -0.008 -9.2
2.67e-05 -0.012 -9.2
2.671e-05 -0.012 -9.2
2.672e-05 -0.016 -9.4
2.673e-05 -0.016 -9.4
2.674e-05 -0.02 -9.4
2.675e-05 -0.024 -9.2
2.676e-05 -0.024 -9.4
2.677e-05 -0.028 -9.2
2.678e-05 -0.028 -9.4
2.679e-05 -0.028 -9.4
2.68e-05 -0.032 -9.4
2.681e-05 -0.032 -9.4
2.682e-05 -0.04 -9.4
2.683e-05 -0.04 -9.6
2.684e-05 -0.04 -9.6
2.685e-05 -0.044 -9.6
2.686e-05 -0.048 -9.6
2.687e-05 -0.048 -9.6
2.688e-05 -0.048 -9.6
2.689e-05 -0.056 -9.6
2.69e-05 -0.056 -9.6
2.691e-05 -0.06 -9.6
2.692e-05 -0.06 -9.6
2.693e-05 -0.06 -9.6
2.694e-05 -0.064 -9.4
2.695e-05 -0.064 -9.6
2.696e-05 -0.064 -9.4
2.697e-05 -0.072 -9.4
2.698e-05 -0.072 -9.4
2.699e-05 -0.072 -9.4
2.7e-05 -0.076 -9.4
2.701e-05 -0.08 -9.4
2.702e-05 -0.08 -9.4
2.703e-05 -0.08 -9.4
2.704e-05 -0.08 -9.4
2.705e-05 -0.088 -9.2
2.706e-05 -0.088 -9.2
2.707e-05 -0.092 -9
2.708e-05 -0.092 -9.2
2.709e-05 -0.096 -9
2.71e-05 -0.096 -9
2.711e-05 -0.096 -9
2.712e-05 -0.1 -8.8
2.713e-05 -0.104 -8.8
2.714e-05 -0.104 -8.8
2.715e-05 -0.104 -8.6
2.716e-05 -0.104 -8.6
2.717e-05 -0.108 -8.6
2.718e-05 -0.108 -8.6
2.719e-05 -0.108 -8.6
2.72e-05 -0.112 -8.4
2.721e-05 -0.112 -8.4
2.722e-05 -0.116 -8.2
2.723e-05 -0.112 -8.2
2.724e-05 -0.12 -8
2.725e-05 -0.12 -8
2.726e-05 -0.12 -8
2.727e-05 -0.12 -8
2.728e-05 -0.124 -7.8
2.729e-05 -0.124 -7.8
2.73e-05 -0.128 -7.6
2.731e-05 -0.128 -7.6
2.732e-05 -0.128 -7.6
2.733e-05 -0.128 -7.2
2.734e-05 -0.128 -7.2
2.735e-05 -0.132 -7.2
2.736e-05 -0.128 -7
2.737e-05 -0.136 -7
2.738e-05 -0.14 -7
2.739e-05 -0.136 -6.8
2.74e-05 -0.136 -6.6
2.741e-05 -0.14 -6.6
2.742e-05 -0.14 -6.6
2.743e-05 -0.14 -6.4
2.744e-05 -0.14 -6.2
2.745e-05 -0.14 -6.2
2.746e-05 -0.144 -6.2
2.747e-05 -0.144 -6
2.748e-05 -0.144 -5.6
2.749e-05 -0.144 -5.6
2.75e-05 -0.144 -5.4
2.751e-05 -0.144 -5.2
2.752e-05 -0.144 -5.2
2.753e-05 -0.148 -5.2
2.754e-05 -0.152 -5
2.755e-05 -0.148 -4.8
2.756e-05 -0.148 -4.8
2.757e-05 -0.152 -4.8
2.758e-05 -0.152 -4.6
2.759e-05 -0.152 -4.6
2.76e-05 -0.152 -4.2
2.761e-05 -0.152 -4.2
2.762e-05 -0.152 -4
2.763e-05 -0.152 -3.8
2.764e-05 -0.152 -3.8
2.765e-05 -0.152 -3.6
2.766e-05 -0.152 -3.4
2.767e-05 -0.152 -3.4
2.768e-05 -0.152 -3.2
2.769e-05 -0.152 -3
2.77e-05 -0.152 -2.8
2.771e-05 -0.152 -2.8
2.772e-05 -0.152 -2.6
2.773e-05 -0.152 -2.6
2.774e-05 -0.152 -2.4
2.775e-05 -0.156 -2.2
2.776e-05 -0.152 -2
2.777e-05 -0.152 -2.2
2.778e-05 -0.152 -1.8
2.779e-05 -0.152 -1.6
2.78e-05 -0.152 -1.6
2.781e-05 -0.152 -1.4
2.782e-05 -0.152 -1
2.783e-05 -0.148 -1
2.784e-05 -0.152 -1
2.785e-05 -0.144 -0.8
2.786e-05 -0.144 -0.6
2.787e-05 -0.144 -0.4
2.788e-05 -0.144 -0.4
2.789e-05 -0.144 0
2.79e-05 -0.144 0
2.791e-05 -0.14 0.2
2.792e-05 -0.14 0.4
2.793e-05 -0.144 0.6
2.794e-05 -0.14 0.8
2.795e-05 -0.14 0.8
2.796e-05 -0.136 1
2.797e-05 -0.136 1
2.798e-05 -0.136 1.2
2.799e-05 -0.136 1.4
2.8e-05 -0.136 1.6
2.801e-05 -0.136 1.6
2.802e-05 -0.132 1.8
2.803e-05 -0.132 2
2.804e-05 -0.128 2.2
2.805e-05 -0.128 2.4
2.806e-05 -0.128 2.4
2.807e-05 -0.124 2.6
2.808e-05 -0.124 2.6
2.809e-05 -0.124 2.6
2.81e-05 -0.12 3
2.811e-05 -0.12 3
2.812e-05 -0.12 3.2
2.813e-05 -0.116 3.2
2.814e-05 -0.112 3.4
2.815e-05 -0.112 3.4
2.816e-05 -0.112 3.6
2.817e-05 -0.108 3.8
2.818e-05 -0.108 4
2.819e-05 -0.104 4.2
2.82e-05 -0.104 4.4
2.821e-05 -0.104 4.4
2.822e-05 -0.104 4.6
2.823e-05 -0.104 4.6
2.824e-05 -0.096 4.8
2.825e-05 -0.096 4.8
2.826e-05 -0.096 5
2.827e-05 -0.092 5.2
2.828e-05 -0.092 5.2
2.829e-05 -0.092 5.4
2.83e-05 -0.088 5.4
2.831e-05 -0.088 5.4
2.832e-05 -0.084 5.6
2.833e-05 -0.08 5.6
2.834e-05 -0.08 5.8
2.835e-05 -0.076 5.8
2.836e-05 -0.076 6.2
2.837e-05 -0.076 6.2
2.838e-05 -0.072 6.2
2.839e-05 -0.072 6.4
2.84e-05 -0.064 6.4
2.841e-05 -0.064 6.6
2.842e-05 -0.064 6.6
2.843e-05 -0.064 6.6
2.844e-05 -0.056 6.8
2.845e-05 -0.06 6.8
2.846e-05 -0.06 7
2.847e-05 -0.052 7.2
2.848e-05 -0.048 7
2.849e-05 -0.048 7.2
2.85e-05 -0.044 7.4
2.851e-05 -0.04 7.4
2.852e-05 -0.04 7.4
2.853e-05 -0.04 7.6
2.854e-05 -0.04 7.8
2.855e-05 -0.036 7.6
2.856e-05 -0.032 8
2.857e-05 -0.032 8
2.858e-05 -0.028 8
2.859e-05 -0.028 8
2.86e-05 -0.024 8.2
2.861e-05 -0.024 8
2.862e-05 -0.016 8.2
2.863e-05 -0.016 8.2
2.864e-05 -0.016 8.2
2.865e-05 -0.012 8.4
2.866e-05 -0.008 8.4
2.867e-05 -0.008 8.4
2.868e-05 -0.008 8.6
2.869e-05 0 8.4
2.87e-05 0.004 8.4
2.871e-05 0.008 8.6
2.872e-05 0.008 8.8
2.873e-05 0.012 8.8
2.874e-05 0.012 8.8
2.875e-05 0.012 8.8
2.876e-05 0.016 8.8
2.877e-05 0.02 8.8
2.878e-05 0.02 8.8
2.879e-05 0.024 8.8
2.88e-05 0.024 8.8
2.881e-05 0.028 8.8
2.882e-05 0.032 8.8
2.883e-05 0.036 8.8
2.884e-05 0.036 9
2.885e-05 0.036 8.8
2.886e-05 0.04 9
2.887e-05 0.04 9
2.888e-05 0.044 9
2.889e-05 0.044 9
2.89e-05 0.044 9.2
2.891e-05 0.052 8.8
2.892e-05 0.052 8.8
2.893e-05 0.052 9
2.894e-05 0.056 9
2.895e-05 0.06 8.8
2.896e-05 0.06 8.8
2.897e-05 0.06 8.8
2.898e-05 0.068 8.8
2.899e-05 0.068 8.6
2.9e-05 0.068 8.8
2.901e-05 0.068 8.8
2.902e-05 0.072 8.8
2.903e-05 0.072 8.6
2.904e-05 0.076 8.6
2.905e-05 0.076 8.6
2.906e-05 0.08 8.4
2.907e-05 0.08 8.4
2.908e-05 0.084 8.4
2.909e-05 0.088 8.4
2.91e-05 0.088 8.4
2.911e-05 0.088 8.4
2.912e-05 0.088 8.2
2.913e-05 0.092 8.2
2.914e-05 0.092 8
2.915e-05 0.1 8.2
2.916e-05 0.1 7.8
2.917e-05 0.1 7.8
2.918e-05 0.1 7.8
2.919e-05 0.1 7.8
2.92e-05 0.104 7.6
2.921e-05 0.104 7.4
2.922e-05 0.108 7.4
2.923e-05 0.108 7.4
2.924e-05 0.108 7.2
2.925e-05 0.108 7.2
2.926e-05 0.116 7.2
2.927e-05 0.116 7
2.928e-05 0.116 7.2
2.929e-05 0.116 6.8
2.93e-05 0.116 6.6
2.931e-05 0.116 6.8
2.932e-05 0.12 6.6
2.933e-05 0.12 6.4
2.934e-05 0.124 6.4
2.935e-05 0.124 6.4
2.936e-05 0.124 6.2
2.937e-05 0.124 6
2.938e-05 0.128 5.8
2.939e-05 0.128 5.8
2.94e-05 0.128 5.6
2.941e-05 0.132 5.6
2.942e-05 0.128 5.6
2.943e-05 0.132 5.4
2.944e-05 0.132 5.4
2.945e-05 0.132 5.2
2.946e-05 0.136 5.2
2.947e-05 0.132 5
2.948e-05 0.132 5
2.949e-05 0.136 4.8
2.95e-05 0.136 4.8
2.951e-05 0.136 4.4
2.952e-05 0.136 4.2
2.953e-05 0.136 4.2
2.954e-05 0.136 4
2.955e-05 0.136 4
2.956e-05 0.14 3.8
2.957e-05 0.136 3.6
2.958e-05 0.136 3.6
2.959e-05 0.14 3.4
2.96e-05 0.14 3.4
2.961e-05 0.14 3.2
2.962e-05 0.136 3.2
2.963e-05 0.14 2.8
2.964e-05 0.14 2.8
2.965e-05 0.14 2.6
2.966e-05 0.14 2.6
2.967e-05 0.14 2.4
2.968e-05 0.14 2.4
2.969e-05 0.14 2
2.97e-05 0.136 1.8
2.971e-05 0.14 1.8
2.972e-05 0.136 1.6
2.973e-05 0.136 1.6
2.974e-05 0.136 1.4
2.975e-05 0.136 1.2
2.976e-05 0.14 1.2
2.977e-05 0.136 0.8
2.978e-05 0.136 0.8
2.979e-05 0.136 0.8
2.98e-05 0.136 0.6
2.981e-05 0.132 0.4
2.982e-05 0.132 0.2
2.983e-05 0.132 0
2.984e-05 0.132 0
2.985e-05 0.132 -0.4
2.986e-05 0.132 -0.6
2.987e-05 0.132 -0.6
2.988e-05 0.132 -0.8
2.989e-05 0.132 -1
2.99e-05 0.132 -1.2
2.991e-05 0.128 -1.4
2.992e-05 0.124 -1.6
2.993e-05 0.128 -1.8
2.994e-05 0.124 -1.8
2.995e-05 0.12 -1.8
2.996e-05 0.12 -2
2.997e-05 0.12 -2.2
2.998e-05 0.116 -2.2
2.999e-05 0.116 -2.4
3e-05 0.116 -2.6
3.001e-05 0.116 -2.8
3.002e-05 0.116 -2.8
3.003e-05 0.116 -3
3.004e-05 0.108 -3.2
3.005e-05 0.112 -3.4
3.006e-05 0.108 -3.4
3.007e-05 0.108 -3.6
3.008e-05 0.108 -3.8
3.009e-05 0.108 -3.8
3.01e-05 0.104 -4
3.011e-05 0.1 -4.2
3.012e-05 0.1 -4.2
3.013e-05 0.1 -4.4
3.014e-05 0.1 -4.6
3.015e-05 0.092 -4.8
3.016e-05 0.092 -4.8
3.017e-05 0.092 -4.8
3.018e-05 0.092 -5
3.019e-05 0.088 -5
3.02e-05 0.088 -5.2
3.021e-05 0.088 -5.4
3.022e-05 0.084 -5.6
3.023e-05 0.084 -5.6
3.024e-05 0.08 -5.8
3.025e-05 0.076 -6
3.026e-05 0.076 -6
3.027e-05 0.072 -6.2
3.028e-05 0.072 -6.2
3.029e-05 0.072 -6.4
3.03e-05 0.068 -6.4
3.031e-05 0.068 -6.6
3.032e-05 0.068 -6.6
3.033e-05 0.06 -6.6
3.034e-05 0.06 -7
3.035e-05 0.06 -6.8
3.036e-05 0.056 -7
3.037e-05 0.052 -7
3.038e-05 0.052 -7.2
3.039e-05 0.052 -7.2
3.04e-05 0.052 -7.4
3.041e-05 0.044 -7.6
3.042e-05 0.044 -7.6
3.043e-05 0.044 -7.8
3.044e-05 0.04 -7.8
3.045e-05 0.036 -8
3.046e-05 0.032 -8
3.047e-05 0.032 -8
3.048e-05 0.032 -8.2
3.049e-05 0.028 -8.2
3.05e-05 0.024 -8.2
3.051e-05 0.024 -8.2
3.052e-05 0.024 -8.2
3.053e-05 0.02 -8.4
3.054e-05 0.02 -8.6
3.055e-05 0.012 -8.6
3.056e-05 0.012 -8.6
3.057e-05 0.012 -8.6
3.058e-05 0.008 -8.8
3.059e-05 0.008 -8.8
3.06e-05 0.004 -8.8
3.061e-05 0.004 -9
3.062e-05 -0.008 -9
3.063e-05 0 -9
3.064e-05 -0.012 -9.2
3.065e-05 -0.012 -9.2
3.066e-05 -0.012 -9.4
3.067e-05 -0.016 -9.2
3.068e-05 -0.016 -9.2
3.069e-05 -0.02 -9.4
3.07e-05 -0.024 -9.2
3.071e-05 -0.024 -9.4
3.072e-05 -0.028 -9.4
3.073e-05 -0.028 -9.4
3.074e-05 -0.032 -9.6
3.075e-05 -0.032 -9.6
3.076e-05 -0.036 -9.6
3.077e-05 -0.04 -9.4
3.078e-05 -0.04 -9.6
3.079e-05 -0.044 -9.6
3.08e-05 -0.044 -9.6
3.081e-05 -0.048 -9.6
3.082e-05 -0.048 -9.6
3.083e-05 -0.052 -9.6
3.084e-05 -0.056 -9.6
3.085e-05 -0.056 -9.6
3.086e-05 -0.06 -9.6
3.087e-05 -0.06 -9.4
3.088e-05 -0.064 -9.6
3.089e-05 -0.064 -9.6
3.09e-05 -0.068 -9.6
3.091e-05 -0.072 -9.4
3.092e-05 -0.072 -9.6
3.093e-05 -0.072 -9.4
3.094e-05 -0.076 -9.4
3.095e-05 -0.08 -9.4
3.096e-05 -0.08 -9.4
3.097e-05 -0.08 -9.4
3.098e-05 -0.08 -9.4
3.099e-05 -0.088 -9.2
3.1e-05 -0.088 -9.2
3.101e-05 -0.092 -9.2
3.102e-05 -0.092 -9
3.103e-05 -0.092 -8.8
3.104e-05 -0.096 -9
3.105e-05 -0.096 -9
3.106e-05 -0.096 -8.8
3.107e-05 -0.1 -8.8
3.108e-05 -0.104 -8.8
3.109e-05 -0.104 -8.8
3.11e-05 -0.104 -8.6
3.111e-05 -0.104 -8.6
3.112e-05 -0.108 -8.6
3.113e-05 -0.108 -8.4
3.114e-05 -0.112 -8.4
3.115e-05 -0.116 -8.4
3.116e-05 -0.112 -8.2
3.117e-05 -0.12 -8.2
3.118e-05 -0.12 -8
3.119e-05 -0.124 -8.2
3.12e-05 -0.12 -8
3.121e-05 -0.124 -7.8
3.122e-05 -0.124 -8
3.123e-05 -0.124 -7.6
3.124e-05 -0.128 -7.6
3.125e-05 -0.128 -7.4
3.126e-05 -0.128 -7.6
3.127e-05 -0.128 -7.4
3.128e-05 -0.128 -7.2
3.129e-05 -0.132 -7.2
3.13e-05 -0.136 -7.2
3.131e-05 -0.136 -7
3.132e-05 -0.136 -7
3.133e-05 -0.136 -6.8
3.134e-05 -0.14 -6.6
3.135e-05 -0.14 -6.6
3.136e-05 -0.14 -6.6
3.137e-05 -0.144 -6.4
3.138e-05 -0.144 -6.2
3.139e-05 -0.144 -6.2
3.14e-05 -0.144 -6
3.141e-05 -0.144 -5.8
3.142e-05 -0.144 -5.6
3.143e-05 -0.144 -5.6
3.144e-05 -0.148 -5.4
3.145e-05 -0.144 -5.4
3.146e-05 -0.144 -5.2
3.147e-05 -0.148 -5.2
3.148e-05 -0.148 -5
3.149e-05 -0.152 -5
3.15e-05 -0.152 -4.8
3.151e-05 -0.152 -4.8
3.152e-05 -0.152 -4.8
3.153e-05 -0.152 -4.6
3.154e-05 -0.152 -4.2
3.155e-05 -0.152 -4.2
3.156e-05 -0.152 -4.2
3.157e-05 -0.152 -4
3.158e-05 -0.152 -3.8
3.159e-05 -0.152 -3.8
3.16e-05 -0.148 -3.4
3.161e-05 -0.152 -3.4
3.162e-05 -0.152 -3.2
3.163e-05 -0.152 -3.2
3.164e-05 -0.152 -3
3.165e-05 -0.152 -2.8
3.166e-05 -0.156 -2.6
3.167e-05 -0.156 -2.6
3.168e-05 -0.152 -2.6
3.169e-05 -0.152 -2.4
3.17e-05 -0.156 -2.2
3.171e-05 -0.152 -2
3.172e-05 -0.152 -1.8
3.173e-05 -0.152 -1.8
3.174e-05 -0.152 -1.4
3.175e-05 -0.144 -1.6
3.176e-05 -0.144 -1.2
3.177e-05 -0.148 -1
3.178e-05 -0.144 -1
3.179e-05 -0.144 -0.8
3.18e-05 -0.148 -0.6
3.181e-05 -0.148 -0.4
3.182e-05 -0.144 -0.4
3.183e-05 -0.144 0
3.184e-05 -0.144 0.2
3.185e-05 -0.144 0.2
3.186e-05 -0.14 0.2
3.187e-05 -0.14 0.4
3.188e-05 -0.14 0.8
3.189e-05 -0.14 0.8
3.19e-05 -0.14 1
3.191e-05 -0.136 1
3.192e-05 -0.136 1.2
3.193e-05 -0.136 1.2
3.194e-05 -0.136 1.6
3.195e-05 -0.132 1.6
3.196e-05 -0.128 1.8
3.197e-05 -0.128 2
3.198e-05 -0.128 2
3.199e-05 -0.128 2.2
3.2e-05 -0.128 2.4
3.201e-05 -0.124 2.4
3.202e-05 -0.124 2.6
3.203e-05 -0.124 2.6
3.204e-05 -0.12 2.8
3.205e-05 -0.12 3
3.206e-05 -0.12 3.2
3.207e-05 -0.116 3.2
3.208e-05 -0.116 3.4
3.209e-05 -0.112 3.4
3.21e-05 -0.112 3.6
3.211e-05 -0.112 3.8
3.212e-05 -0.108 4
3.213e-05 -0.108 4
3.214e-05 -0.108 4.2
3.215e-05 -0.104 4.4
3.216e-05 -0.104 4.4
3.217e-05 -0.1 4.6
3.218e-05 -0.096 4.8
3.219e-05 -0.096 4.8
3.22e-05 -0.092 5
3.221e-05 -0.092 4.8
3.222e-05 -0.092 5.2
3.223e-05 -0.092 5.2
3.224e-05 -0.088 5.2
3.225e-05 -0.084 5.6
3.226e-05 -0.08 5.6
3.227e-05 -0.08 5.6
3.228e-05 -0.08 5.8
3.229e-05 -0.08 6
3.23e-05 -0.076 6
3.231e-05 -0.076 6.2
3.232e-05 -0.072 6.4
3.233e-05 -0.072 6.4
3.234e-05 -0.064 6.6
3.235e-05 -0.064 6.6
3.236e-05 -0.064 6.4
3.237e-05 -0.064 6.8
3.238e-05 -0.064 6.8
3.239e-05 -0.06 6.8
3.24e-05 -0.056 7
3.241e-05 -0.048 7.2
3.242e-05 -0.048 7.2
3.243e-05 -0.048 7.2
3.244e-05 -0.048 7.2
3.245e-05 -0.044 7.4
3.246e-05 -0.04 7.6
3.247e-05 -0.04 7.4
3.248e-05 -0.04 8
3.249e-05 -0.032 7.6
3.25e-05 -0.032 8
3.251e-05 -0.028 8
3.252e-05 -0.028 8
3.253e-05 -0.028 8
3.254e-05 -0.024 8
3.255e-05 -0.02 8
3.256e-05 -0.016 8.2
3.257e-05 -0.016 8.2
3.258e-05 -0.016 8.2
3.259e-05 -0.012 8.2
3.26e-05 -0.008 8.4
3.261e-05 -0.008 8.4
3.262e-05 0.004 8.4
3.263e-05 0 8.6
3.264e-05 0.004 8.4
3.265e-05 0.004 8.6
3.266e-05 0.008 8.8
3.267e-05 0.012 8.8
3.268e-05 0.012 8.8
3.269e-05 0.016 8.8
3.27e-05 0.02 8.8
3.271e-05 0.02 8.8
3.272e-05 0.02 8.8
3.273e-05 0.024 8.8
3.274e-05 0.028 8.8
3.275e-05 0.028 9
3.276e-05 0.028 8.8
3.277e-05 0.036 8.8
3.278e-05 0.036 9
3.279e-05 0.036 8.8
3.28e-05 0.04 9
3.281e-05 0.044 9
3.282e-05 0.044 9
3.283e-05 0.044 9
3.284e-05 0.048 8.8
3.285e-05 0.052 9
3.286e-05 0.052 9
3.287e-05 0.052 8.8
3.288e-05 0.056 8.8
3.289e-05 0.056 9
3.29e-05 0.06 8.8
3.291e-05 0.06 8.8
3.292e-05 0.064 8.8
3.293e-05 0.068 8.8
3.294e-05 0.068 8.8
3.295e-05 0.072 8.6
3.296e-05 0.072 8.8
3.297e-05 0.072 8.6
3.298e-05 0.076 8.6
3.299e-05 0.076 8.6
3.3e-05 0.076 8.4
3.301e-05 0.084 8.6
3.302e-05 0.084 8.4
3.303e-05 0.088 8.4
3.304e-05 0.088 8.4
3.305e-05 0.088 8.2
3.306e-05 0.092 8.2
3.307e-05 0.092 8
3.308e-05 0.092 8
3.309e-05 0.096 8
3.31e-05 0.1 7.8
3.311e-05 0.1 8
3.312e-05 0.1 7.8
3.313e-05 0.104 7.6
3.314e-05 0.104 7.6
3.315e-05 0.104 7.6
3.316e-05 0.104 7.6
3.317e-05 0.104 7.4
3.318e-05 0.108 7.4
3.319e-05 0.112 7.4
3.32e-05 0.116 7.4
3.321e-05 0.116 7.2
3.322e-05 0.116 7.2
3.323e-05 0.116 6.8
3.324e-05 0.116 6.6
3.325e-05 0.12 6.6
3.326e-05 0.12 6.6
3.327e-05 0.12 6.6
3.328e-05 0.12 6.4
3.329e-05 0.12 6.4
3.33e-05 0.124 6.2
3.331e-05 0.124 6
3.332e-05 0.128 5.8
3.333e-05 0.132 5.8
3.334e-05 0.132 5.8
3.335e-05 0.128 5.6
3.336e-05 0.132 5.6
3.337e-05 0.132 5.4
3.338e-05 0.132 5.2
3.339e-05 0.132 5.2
3.34e-05 0.132 5
3.341e-05 0.132 5
3.342e-05 0.132 5
3.343e-05 0.136 4.8
3.344e-05 0.136 4.6
3.345e-05 0.136 4.4
3.346e-05 0.136 4.4
3.347e-05 0.14 4.2
3.348e-05 0.14 4.2
3.349e-05 0.136 4
3.35e-05 0.14 4
3.351e-05 0.136 3.6
3.352e-05 0.14 3.6
3.353e-05 0.14 3.6
3.354e-05 0.14 3.4
3.355e-05 0.14 3.2
3.356e-05 0.136 3.2
3.357e-05 0.14 3.2
3.358e-05 0.14 2.8
3.359e-05 0.14 2.6
3.36e-05 0.14 2.6
3.361e-05 0.14 2.4
3.362e-05 0.14 2.2
3.363e-05 0.14 2
3.364e-05 0.14 2
3.365e-05 0.14 1.8
3.366e-05 0.14 1.6
3.367e-05 0.14 1.4
3.368e-05 0.14 1.4
3.369e-05 0.14 1.2
3.37e-05 0.14 1.2
3.371e-05 0.136 1
3.372e-05 0.136 0.8
3.373e-05 0.136 0.8
3.374e-05 0.136 0.8
3.375e-05 0.136 0.4
3.376e-05 0.136 0.2
3.377e-05 0.136 0.2
3.378e-05 0.132 -0.4
3.379e-05 0.132 0
3.38e-05 0.132 -0.6
3.381e-05 0.132 -0.8
3.382e-05 0.132 -1
3.383e-05 0.128 -1
3.384e-05 0.132 -1.2
3.385e-05 0.132 -1.4
3.386e-05 0.124 -1.6
3.387e-05 0.128 -1.6
3.388e-05 0.124 -1.6
3.389e-05 0.12 -1.8
3.39e-05 0.124 -1.8
3.391e-05 0.12 -2.2
3.392e-05 0.12 -2.2
3.393e-05 0.12 -2.2
3.394e-05 0.116 -2.6
3.395e-05 0.116 -2.8
3.396e-05 0.116 -3
3.397e-05 0.116 -3
3.398e-05 0.112 -3.2
3.399e-05 0.112 -3.4
3.4e-05 0.112 -3.4
3.401e-05 0.108 -3.4
3.402e-05 0.108 -3.8
3.403e-05 0.104 -3.8
3.404e-05 0.104 -4
3.405e-05 0.1 -4
3.406e-05 0.1 -4.4
3.407e-05 0.1 -4.2
3.408e-05 0.1 -4.4
3.409e-05 0.1 -4.6
3.41e-05 0.096 -4.6
3.411e-05 0.092 -4.8
3.412e-05 0.092 -5
3.413e-05 0.088 -5
3.414e-05 0.092 -5.2
3.415e-05 0.088 -5.4
3.416e-05 0.084 -5.6
3.417e-05 0.084 -5.6
3.418e-05 0.08 -5.8
3.419e-05 0.076 -5.8
3.42e-05 0.076 -6
3.421e-05 0.076 -6.2
3.422e-05 0.072 -6.4
3.423e-05 0.072 -6.4
3.424e-05 0.068 -6.4
3.425e-05 0.068 -6.4
3.426e-05 0.064 -6.6
3.427e-05 0.064 -6.8
3.428e-05 0.06 -6.6
3.429e-05 0.056 -7
3.43e-05 0.056 -7
3.431e-05 0.052 -7.2
3.432e-05 0.052 -7.2
3.433e-05 0.052 -7.2
3.434e-05 0.052 -7.4
3.435e-05 0.048 -7.4
3.436e-05 0.044 -7.6
3.437e-05 0.044 -7.8
3.438e-05 0.04 -7.6
3.439e-05 0.036 -8
3.44e-05 0.036 -8
3.441e-05 0.036 -8
3.442e-05 0.028 -8
3.443e-05 0.028 -8.2
3.444e-05 0.024 -8.4
3.445e-05 0.024 -8.2
3.446e-05 0.02 -8.2
3.447e-05 0.02 -8.4
3.448e-05 0.02 -8.6
3.449e-05 0.02 -8.6
3.45e-05 0.012 -8.8
3.451e-05 0.012 -8.6
3.452e-05 0.008 -8.8
3.453e-05 0.004 -9
3.454e-05 0.004 -8.8
3.455e-05 0.004 -9
3.456e-05 0 -9
3.457e-05 -0.008 -9
3.458e-05 -0.008 -9
3.459e-05 -0.012 -9.2
3.46e-05 -0.016 -9.2
3.461e-05 -0.016 -9.2
3.462e-05 -0.016 -9.4
3.463e-05 -0.02 -9.4
3.464e-05 -0.024 -9.2
3.465e-05 -0.024 -9.2
3.466e-05 -0.024 -9.4
3.467e-05 -0.028 -9.4
3.468e-05 -0.032 -9.4
3.469e-05 -0.036 -9.4
3.47e-05 -0.04 -9.4
3.471e-05 -0.04 -9.6
3.472e-05 -0.04 -9.6
3.473e-05 -0.044 -9.6
3.474e-05 -0.048 -9.6
3.475e-05 -0.048 -9.6
3.476e-05 -0.048 -9.6
3.477e-05 -0.048 -9.6
3.478e-05 -0.056 -9.6
3.479e-05 -0.056 -9.6
3.48e-05 -0.056 -9.6
3.481e-05 -0.06 -9.4
3.482e-05 -0.064 -9.4
3.483e-05 -0.064 -9.4
3.484e-05 -0.064 -9.6
3.485e-05 -0.068 -9.6
3.486e-05 -0.072 -9.4
3.487e-05 -0.076 -9.6
3.488e-05 -0.076 -9.6
3.489e-05 -0.076 -9.4
3.49e-05 -0.08 -9.4
3.491e-05 -0.08 -9.4
3.492e-05 -0.084 -9.2
3.493e-05 -0.08 -9.4
3.494e-05 -0.088 -9.2
3.495e-05 -0.088 -9.2
3.496e-05 -0.088 -9.2
3.497e-05 -0.092 -9
3.498e-05 -0.096 -9
3.499e-05 -0.096 -9
3.5e-05 -0.096 -9
3.501e-05 -0.096 -8.8
3.502e-05 -0.104 -8.8
3.503e-05 -0.104 -8.8
3.504e-05 -0.108 -8.6
3.505e-05 -0.108 -8.8
3.506e-05 -0.108 -8.6
3.507e-05 -0.112 -8.6
3.508e-05 -0.112 -8.6
3.509e-05 -0.12 -8.4
3.51e-05 -0.112 -8.4
3.511e-05 -0.12 -8.2
3.512e-05 -0.12 -8.2
3.513e-05 -0.12 -8.2
3.514e-05 -0.12 -8
3.515e-05 -0.124 -7.8
3.516e-05 -0.124 -7.8
3.517e-05 -0.128 -7.6
3.518e-05 -0.124 -7.6
3.519e-05 -0.128 -7.4
3.52e-05 -0.128 -7.4
3.521e-05 -0.132 -7.4
3.522e-05 -0.132 -7.2
3.523e-05 -0.136 -7.4
3.524e-05 -0.136 -7.2
3.525e-05 -0.136 -7
3.526e-05 -0.136 -7
3.527e-05 -0.14 -6.8
3.528e-05 -0.14 -6.8
3.529e-05 -0.14 -6.6
3.53e-05 -0.14 -6.6
3.531e-05 -0.14 -6.4
3.532e-05 -0.144 -6.2
3.533e-05 -0.144 -6.2
3.534e-05 -0.144 -5.8
3.535e-05 -0.144 -5.8
3.536e-05 -0.144 -5.6
3.537e-05 -0.144 -5.6
3.538e-05 -0.144 -5.6
3.539e-05 -0.144 -5.4
3.54e-05 -0.152 -5.4
3.541e-05 -0.144 -5.4
3.542e-05 -0.148 -5
3.543e-05 -0.148 -5
3.544e-05 -0.152 -5
3.545e-05 -0.152 -4.6
3.546e-05 -0.152 -4.6
3.547e-05 -0.152 -4.4
3.548e-05 -0.152 -4.2
3.549e-05 -0.148 -4
3.55e-05 -0.152 -4
3.551e-05 -0.152 -4
3.552e-05 -0.152 -3.8
3.553e-05 -0.152 -3.6
3.554e-05 -0.152 -3.4
3.555e-05 -0.152 -3.4
3.556e-05 -0.152 -3.4
3.557e-05 -0.156 -3.2
3.558e-05 -0.152 -3.2
3.559e-05 -0.156 -2.8
3.56e-05 -0.152 -2.6
3.561e-05 -0.156 -2.6
3.562e-05 -0.152 -2.4
3.563e-05 -0.152 -2.4
3.564e-05 -0.152 -2.2
3.565e-05 -0.152 -2.2
3.566e-05 -0.152 -1.8
3.567e-05 -0.152 -1.8
3.568e-05 -0.152 -1.6
3.569e-05 -0.152 -1.4
3.57e-05 -0.152 -1.2
3.571e-05 -0.148 -1
3.572e-05 -0.148 -1
3.573e-05 -0.144 -0.8
3.574e-05 -0.144 -0.8
3.575e-05 -0.144 -0.6
3.576e-05 -0.144 -0.4
3.577e-05 -0.144 0
3.578e-05 -0.144 0
3.579e-05 -0.144 0.2
3.58e-05 -0.144 0.4
3.581e-05 -0.14 0.4
3.582e-05 -0.14 0.6
3.583e-05 -0.14 0.8
3.584e-05 -0.14 1
3.585e-05 -0.14 1
3.586e-05 -0.136 1.2
3.587e-05 -0.136 1.4
3.588e-05 -0.136 1.6
3.589e-05 -0.132 1.6
3.59e-05 -0.128 2
3.591e-05 -0.128 2
3.592e-05 -0.128 2.2
3.593e-05 -0.128 2.4
3.594e-05 -0.128 2.2
3.595e-05 -0.128 2.4
3.596e-05 -0.128 2.6
3.597e-05 -0.124 2.6
3.598e-05 -0.12 2.8
3.599e-05 -0.12 3
3.6e-05 -0.12 3.2
3.601e-05 -0.116 3.4
3.602e-05 -0.12 3.4
3.603e-05 -0.112 3.6
3.604e-05 -0.112 3.8
3.605e-05 -0.108 3.6
3.606e-05 -0.108 4
3.607e-05 -0.108 4.2
3.608e-05 -0.108 4.2
3.609e-05 -0.104 4.4
3.61e-05 -0.1 4.6
3.611e-05 -0.096 4.6
3.612e-05 -0.096 4.6
3.613e-05 -0.096 4.8
3.614e-05 -0.096 5
3.615e-05 -0.092 5
3.616e-05 -0.092 5
3.617e-05 -0.088 5.4
3.618e-05 -0.088 5.4
3.619e-05 -0.088 5.4
3.62e-05 -0.08 5.6
3.621e-05 -0.08 5.8
3.622e-05 -0.08 5.8
3.623e-05 -0.076 6
3.624e-05 -0.076 6
3.625e-05 -0.076 6
3.626e-05 -0.076 6.2
3.627e-05 -0.072 6.4
3.628e-05 -0.064 6.4
3.629e-05 -0.064 6.4
3.63e-05 -0.064 6.6
3.631e-05 -0.064 6.8
3.632e-05 -0.06 6.6
3.633e-05 -0.06 6.8
3.634e-05 -0.056 6.8
3.635e-05 -0.052 7.2
3.636e-05 -0.056 7.2
3.637e-05 -0.048 7.2
3.638e-05 -0.048 7.4
3.639e-05 -0.044 7.4
3.64e-05 -0.04 7.4
3.641e-05 -0.04 7.6
3.642e-05 -0.036 7.6
3.643e-05 -0.032 7.8
3.644e-05 -0.032 8
3.645e-05 -0.032 8
3.646e-05 -0.028 8
3.647e-05 -0.028 8
3.648e-05 -0.024 8
3.649e-05 -0.024 8.2
3.65e-05 -0.016 8
3.651e-05 -0.016 8.2
3.652e-05 -0.016 8.2
3.653e-05 -0.012 8.2
3.654e-05 -0.012 8.4
3.655e-05 -0.008 8.2
3.656e-05 -0.008 8.4
3.657e-05 0.004 8.6
3.658e-05 0.004 8.6
3.659e-05 0.004 8.8
3.66e-05 0.008 8.6
3.661e-05 0.008 8.8
3.662e-05 0.012 8.8
3.663e-05 0.016 8.8
3.664e-05 0.016 8.8
3.665e-05 0.02 8.8
3.666e-05 0.02 8.8
3.667e-05 0.024 8.8
3.668e-05 0.024 8.8
3.669e-05 0.028 8.8
3.67e-05 0.028 8.8
3.671e-05 0.036 9
3.672e-05 0.036 9
3.673e-05 0.036 9
3.674e-05 0.04 9.2
3.675e-05 0.044 9
3.676e-05 0.044 9
3.677e-05 0.044 9
3.678e-05 0.044 9
3.679e-05 0.052 8.8
3.68e-05 0.052 8.8
3.681e-05 0.052 9
3.682e-05 0.056 8.8
3.683e-05 0.056 8.8
3.684e-05 0.06 8.8
3.685e-05 0.06 8.8
3.686e-05 0.064 8.8
3.687e-05 0.068 8.8
3.688e-05 0.068 8.8
3.689e-05 0.068 8.6
3.69e-05 0.072 8.6
3.691e-05 0.072 8.6
3.692e-05 0.076 8.8
3.693e-05 0.076 8.6
3.694e-05 0.08 8.4
3.695e-05 0.08 8.4
3.696e-05 0.084 8.4
3.697e-05 0.084 8.4
3.698e-05 0.084 8.4
3.699e-05 0.088 8.4
3.7e-05 0.092 8.2
3.701e-05 0.092 8.2
3.702e-05 0.092 8.2
3.703e-05 0.092 8
3.704e-05 0.1 8
3.705e-05 0.1 8
3.706e-05 0.1 7.6
3.707e-05 0.104 7.8
3.708e-05 0.104 7.6
3.709e-05 0.108 7.6
3.71e-05 0.108 7.6
3.711e-05 0.108 7.4
3.712e-05 0.108 7.4
3.713e-05 0.108 7.2
3.714e-05 0.116 7.2
3.715e-05 0.116 7.2
3.716e-05 0.116 7
3.717e-05 0.116 7
3.718e-05 0.116 6.8
3.719e-05 0.12 6.6
3.72e-05 0.12 6.6
3.721e-05 0.12 6.4
3.722e-05 0.12 6.4
3.723e-05 0.124 6.2
3.724e-05 0.124 6
3.725e-05 0.128 6
3.726e-05 0.124 6
3.727e-05 0.124 5.8
3.728e-05 0.132 5.8
3.729e-05 0.132 5.6
3.73e-05 0.132 5.6
3.731e-05 0.132 5.6
3.732e-05 0.132 5.4
3.733e-05 0.132 5.2
3.734e-05 0.132 5.2
3.735e-05 0.136 5
3.736e-05 0.136 4.8
3.737e-05 0.136 4.8
3.738e-05 0.136 4.6
3.739e-05 0.136 4.4
3.74e-05 0.136 4.4
3.741e-05 0.136 4.2
3.742e-05 0.136 4.2
3.743e-05 0.14 4
3.744e-05 0.14 4
3.745e-05 0.14 3.8
3.746e-05 0.14 3.6
3.747e-05 0.14 3.4
3.748e-05 0.14 3.4
3.749e-05 0.14 3.2
3.75e-05 0.14 3.2
3.751e-05 0.14 3
3.752e-05 0.136 2.8
3.753e-05 0.14 2.6
3.754e-05 0.136 2.6
3.755e-05 0.14 2.4
3.756e-05 0.14 2.2
3.757e-05 0.14 2
3.758e-05 0.14 2
3.759e-05 0.14 1.8
3.76e-05 0.14 1.8
3.761e-05 0.14 1.4
3.762e-05 0.14 1.6
3.763e-05 0.136 1.4
3.764e-05 0.136 1
3.765e-05 0.14 1
3.766e-05 0.136 1
3.767e-05 0.136 0.8
3.768e-05 0.136 0.4
3.769e-05 0.136 0.4
3.77e-05 0.136 0.2
3.771e-05 0.136 0.2
3.772e-05 0.136 0
3.773e-05 0.132 0
3.774e-05 0.132 -0.6
3.775e-05 0.132 -0.6
3.776e-05 0.132 -0.8
3.777e-05 0.132 -1
3.778e-05 0.132 -1.2
3.779e-05 0.132 -1.4
3.78e-05 0.124 -1.4
3.781e-05 0.124 -1.6
3.782e-05 0.124 -1.6
3.783e-05 0.128 -1.8
3.784e-05 0.124 -2
3.785e-05 0.12 -2
3.786e-05 0.12 -2.2
3.787e-05 0.12 -2.4
3.788e-05 0.116 -2.4
3.789e-05 0.116 -2.6
3.79e-05 0.116 -3
3.791e-05 0.116 -3.2
3.792e-05 0.116 -3.2
3.793e-05 0.112 -3.2
3.794e-05 0.112 -3.4
3.795e-05 0.108 -3.4
3.796e-05 0.108 -3.6
3.797e-05 0.104 -3.8
3.798e-05 0.108 -4
3.799e-05 0.104 -4.2
3.8e-05 0.1 -4.2
3.801e-05 0.1 -4.4
3.802e-05 0.1 -4.4
3.803e-05 0.096 -4.6
3.804e-05 0.1 -4.6
3.805e-05 0.092 -4.8
3.806e-05 0.092 -4.8
3.807e-05 0.092 -5
3.808e-05 0.088 -5.2
3.809e-05 0.088 -5.4
3.81e-05 0.084 -5.6
3.811e-05 0.084 -5.6
3.812e-05 0.084 -5.6
3.813e-05 0.08 -5.8
3.814e-05 0.08 -6
3.815e-05 0.076 -6
3.816e-05 0.072 -6.2
3.817e-05 0.072 -6.2
3.818e-05 0.068 -6.4
3.819e-05 0.068 -6.4
3.82e-05 0.068 -6.6
3.821e-05 0.06 -6.6
3.822e-05 0.06 -6.8
3.823e-05 0.06 -6.8
3.824e-05 0.06 -7
3.825e-05 0.056 -7.2
3.826e-05 0.052 -7.2
3.827e-05 0.052 -7.2
3.828e-05 0.052 -7.4
3.829e-05 0.052 -7.6
3.83e-05 0.044 -7.4
3.831e-05 0.04 -7.6
3.832e-05 0.04 -7.8
3.833e-05 0.036 -7.8
3.834e-05 0.036 -8
3.835e-05 0.036 -8
3.836e-05 0.036 -8
3.837e-05 0.028 -8.2
3.838e-05 0.028 -8.2
3.839e-05 0.024 -8.2
3.84e-05 0.024 -8.2
3.841e-05 0.02 -8.4
3.842e-05 0.016 -8.6
3.843e-05 0.02 -8.6
3.844e-05 0.012 -8.6
3.845e-05 0.012 -8.8
3.846e-05 0.008 -8.8
3.847e-05 0.008 -8.8
3.848e-05 0.004 -9
3.849e-05 0.004 -8.8
3.85e-05 0.004 -9
3.851e-05 -0.008 -9
3.852e-05 -0.008 -9
3.853e-05 -0.012 -9.2
3.854e-05 -0.012 -9
3.855e-05 -0.016 -9.2
3.856e-05 -0.016 -9.2
3.857e-05 -0.02 -9.2
3.858e-05 -0.02 -9.4
3.859e-05 -0.024 -9.4
3.86e-05 -0.028 -9.4
3.861e-05 -0.028 -9.6
3.862e-05 -0.032 -9.4
3.863e-05 -0.032 -9.6
3.864e-05 -0.036 -9.6
3.865e-05 -0.04 -9.6
3.866e-05 -0.04 -9.6
3.867e-05 -0.044 -9.6
3.868e-05 -0.048 -9.6
3.869e-05 -0.048 -9.6
3.87e-05 -0.048 -9.6
3.871e-05 -0.052 -9.6
3.872e-05 -0.056 -9.6
3.873e-05 -0.056 -9.4
3.874e-05 -0.06 -9.4
3.875e-05 -0.06 -9.4
3.876e-05 -0.064 -9.6
3.877e-05 -0.064 -9.6
3.878e-05 -0.064 -9.6
3.879e-05 -0.068 -9.4
3.88e-05 -0.076 -9.4
3.881e-05 -0.076 -9.6
3.882e-05 -0.076 -9.4
3.883e-05 -0.076 -9.4
3.884e-05 -0.08 -9.4
3.885e-05 -0.08 -9.4
3.886e-05 -0.084 -9.2
3.887e-05 -0.084 -9
3.888e-05 -0.088 -9.2
3.889e-05 -0.092 -9.2
3.89e-05 -0.092 -9
3.891e-05 -0.092 -9
3.892e-05 -0.092 -9
3.893e-05 -0.096 -9
3.894e-05 -0.096 -8.8
3.895e-05 -0.1 -8.8
3.896e-05 -0.104 -8.8
3.897e-05 -0.104 -8.8
3.898e-05 -0.104 -8.8
3.899e-05 -0.104 -8.8
3.9e-05 -0.108 -8.6
3.901e-05 -0.108 -8.4
3.902e-05 -0.112 -8.6
3.903e-05 -0.112 -8.4
3.904e-05 -0.112 -8.2
3.905e-05 -0.12 -8.2
3.906e-05 -0.12 -8.2
3.907e-05 -0.12 -8
3.908e-05 -0.12 -8
3.909e-05 -0.12 -8
3.91e-05 -0.124 -7.8
3.911e-05 -0.124 -7.8
3.912e-05 -0.128 -7.6
3.913e-05 -0.128 -7.6
3.914e-05 -0.128 -7.4
3.915e-05 -0.128 -7.4
3.916e-05 -0.128 -7.2
3.917e-05 -0.128 -7.2
3.918e-05 -0.136 -7.2
3.919e-05 -0.136 -7
3.92e-05 -0.136 -7
3.921e-05 -0.136 -6.8
3.922e-05 -0.14 -6.6
3.923e-05 -0.14 -6.6
3.924e-05 -0.14 -6.6
3.925e-05 -0.14 -6.4
3.926e-05 -0.144 -6.4
3.927e-05 -0.144 -6.2
3.928e-05 -0.144 -5.8
3.929e-05 -0.144 -6
3.93e-05 -0.144 -5.8
3.931e-05 -0.144 -5.6
3.932e-05 -0.144 -5.6
3.933e-05 -0.144 -5.4
3.934e-05 -0.144 -5.4
3.935e-05 -0.144 -5.2
3.936e-05 -0.144 -5
3.937e-05 -0.148 -5.2
3.938e-05 -0.152 -4.8
3.939e-05 -0.148 -4.8
3.94e-05 -0.148 -4.6
3.941e-05 -0.152 -4.6
3.942e-05 -0.152 -4.4
3.943e-05 -0.152 -4.2
3.944e-05 -0.152 -4
3.945e-05 -0.152 -3.8
3.946e-05 -0.152 -3.8
3.947e-05 -0.152 -3.6
3.948e-05 -0.152 -3.6
3.949e-05 -0.156 -3.4
3.95e-05 -0.152 -3.2
3.951e-05 -0.152 -3.2
3.952e-05 -0.152 -3.2
3.953e-05 -0.152 -3
3.954e-05 -0.152 -2.8
3.955e-05 -0.156 -2.6
3.956e-05 -0.152 -2.4
3.957e-05 -0.152 -2.4
3.958e-05 -0.156 -2.2
3.959e-05 -0.152 -2
3.96e-05 -0.152 -1.8
3.961e-05 -0.152 -1.8
3.962e-05 -0.152 -1.6
3.963e-05 -0.148 -1.6
3.964e-05 -0.152 -1.4
3.965e-05 -0.152 -1
3.966e-05 -0.148 -1
3.967e-05 -0.144 -1
3.968e-05 -0.144 -0.8
3.969e-05 -0.144 -0.6
3.97e-05 -0.144 -0.4
3.971e-05 -0.144 0
3.972e-05 -0.144 0
3.973e-05 -0.144 0
3.974e-05 -0.144 0.2
3.975e-05 -0.14 0.4
3.976e-05 -0.14 0.6
3.977e-05 -0.14 0.6
3.978e-05 -0.136 1
3.979e-05 -0.136 1
3.98e-05 -0.136 1.2
3.981e-05 -0.136 1.4
3.982e-05 -0.136 1.4
3.983e-05 -0.136 1.6
3.984e-05 -0.128 1.8
3.985e-05 -0.128 1.8
3.986e-05 -0.128 2
3.987e-05 -0.128 2
3.988e-05 -0.128 2.2
3.989e-05 -0.128 2.6
3.99e-05 -0.124 2.4
3.991e-05 -0.124 2.8
3.992e-05 -0.124 2.8
3.993e-05 -0.124 2.8
3.994e-05 -0.12 3.2
3.995e-05 -0.12 3.2
3.996e-05 -0.116 3.4
3.997e-05 -0.112 3.4
3.998e-05 -0.112 3.6
3.999e-05 -0.112 4
